AD,0,0,0,0,0,0,0,0,Activity
AAACAAAGACAGAATCAGAATCAAGGTCAACAACAACCAACTTGGTTTCAATCTGGTTCTCAATTTATCTTAAATTCTCAACAATTGGTTCAAGCTTTGTCTTTGTGTCAACAATTGTTG,0.06217969605431527,0.30267252937521577,0.06134991862177224,0.34902342887393667,0.05347355016242671,0.05323851974286521,0.11806235716946813,0.0,689.8272099343469
AAACAAAGAGATAATGAAGATAATGGTGAAGAAGATCCAACTTGGTTTGATTCTGGTTCTCAATTTATCTTAAATTCTCAACAATTGGTTGAAGCTTTGTCTTTGTGTGATGATTTGTTG,0.020764862768774456,0.1421333894014484,0.441014858234782,0.2941940347121754,0.059279376380167656,0.034274909321864076,0.00792601331249341,0.00041255586829445364,440.7075366408414
AAACAAATTGATATTTATAAATATGATCCATGGGATTTGCCAAGAGTTTCTTCTGTTGGTGAGAAAGAATGGTACTTCTTCTGTATGAGAGGTAGGAAATATAGAAATTCTGTTAGACCA,0.0023503450688424905,0.0,0.0023189801149979,0.0,0.18797712389912236,0.2595964299835918,0.32354335905955905,0.22421376187388647,2765.021782356127
AAACAAATTGTCTTGGATCCATCTAATATTGAATTGGATACTCCACCAGAATTTAGATTGTCTCAATTGGAATTTGGTTCTCAAGATTCATTCTTGGCTTGGGGTACTGGTAAGACTGAT,0.09817997179200004,0.09558226328515376,0.0,0.09184967809979105,0.2532996450471135,0.08406210866705568,0.09320855224565684,0.283817780863229,2438.398107949126
AAACAAGAATTGATGGAAGAAGATGATGAGAAAGATAGAGATAATGAGAATCAAGGTGAAGAAGATCCAACTTGGTTTGATTCTGGTTCTCAATTTATCTTAAATTCTCAACAATTGGTT,0.0772137075321055,0.15034147571751355,0.15236660756405368,0.28894097450914863,0.13280512208803066,0.198332112589148,0.0,0.0,610.4777451482684
AAACAAGATTTGGAGAAATGTCATGAATTGGGTTTGTCTGATGCTGACTTTAGATTGGATCAAATTGAATTTGATCAAGATTCTTGTACTGCTGCTTGGGCTGGTGGTAATATGTTGGAT,0.3068850724661094,0.48436194339822364,0.15185879885690845,0.03773235030150153,0.012759997382921457,0.002907585908123093,0.001983968043287335,0.0015102836429250826,256.70001221679536
AAACAAGATTTGGAGAAATGTCATGAATTGGGTTTGTCTGATGCTGACTTTAGATTGGATCAAATTGAGTTCTCTCAAGATTCTTGTACTGCTGCTTGGGCTGGTGGTAATATGTTGGAT,0.0417427667173928,0.12191492966871163,0.08237143323835672,0.1952567115271676,0.17949057904940258,0.17870167040254487,0.03962908912521611,0.16089282027120771,1665.1102435897772
AAACAAGATTTGGAGAAATGTCATGAATTGGGTTTGTCTGATGCTGACTTTAGATTGGCTCAAATTGAATTTGCTCAAGATTCTTGTACTGCTGCTTGGGCTGGTGGTAATATGTTGGAT,0.2770265207014489,0.2261972958170406,0.06171959817455958,0.025080468456937233,0.046110658844518974,0.09946731227968127,0.16967681708324536,0.09472132864256799,1339.9987656649387
AAACAAGATTTGGAGAAATGTCATGAATTGGGTTTGTCTGATGCTGACTTTAGATTGGCTCAAATTGAGTTCTCTCAAGATTCTTGTACTGCTGCTTGGGCTGGTGGTAATATGTTGGAT,0.032778007805099874,0.06382149260803038,0.2263841361927973,0.21465219305831215,0.2536970908885462,0.08419400832094416,0.12447307112626994,0.0,832.8652114531998
AAACAAGATTTGGAGAAATGTCATGAATTGGGTTTGTCTGATGCTGACTTTAGATTGTCTCAAATTGAATTTGATCAAGATTCTTGTACTGCTGCTTGGGCTGGTGGTAATATGTTGGAT,0.08634494498227503,0.35291496992713073,0.3392833855170786,0.15774901158114948,0.03993652067225245,0.01807589299338341,0.003193573408330389,0.002501700918399955,364.5700961372941
AAACAAGATTTGGAGAAATGTCATGAATTGGGTTTGTCTGATGCTGACTTTAGATTGTCTCAAATTGAATTTGCTCAAGATTCTTGTACTGCTGCTTGGGCTGGTGGTAATATGTTGGAT,0.0009238483537230525,0.12456753473502874,0.3892189354287002,0.3210807309209427,0.1509540306534313,0.00751452738484408,0.003069739997952057,0.0026706525253777807,465.8950955720687
AAACAAGATTTGGAGAAATGTCATGAATTGGGTTTGTCTGATGCTGACTTTAGATTGTCTCAAATTGAGTTCTCTCAAGATTCTTGTACTGCTGCTTGGGCTGGTGGTAATATGTTGGAT,0.03029002309702093,0.0920247386545554,0.40758058715838935,0.3126844762739872,0.13249028991298767,0.012520077558234232,0.011403346117423854,0.0010064612274013366,468.01338074392027
AAACAAGTTATCTTGGATCCATCTAATATTGAATTGGATACTCCACCAGAATTTAGATTGTCTCAATTGGAATTTGGTTCTCAAGATTCATTCTTGGCTTGGGGTACTGGTAAGACTGAT,0.3150551913186442,0.5496788324575391,0.12365850706778873,0.011607469156027938,0.0,0.0,0.0,0.0,222.80931466675838
AAACCAGAGAAGACTAATTGGGTTATGCATCAATATCATTTGGGTACTGGTGAAGATGAGAAAGATGGTGAATATGTTATTTCTAAAGTCTTCTATCAACAACAACAAATTAAACAATCT,0.06994583861624608,0.3858726122547204,0.18403312889746234,0.239931930055487,0.10025384885101532,0.01996264132506884,0.0,0.0,383.4920188999827
AAACCATCTTCTACTACTAATGATTCTTCTTCTATTTGGATTTCTCCAGACTTTATCTTGGATTCTTCTAAAGATTATCCACAAATTAAAGAAGTTGCTTCTGAATGCTTTCCAAATTAT,0.8527972391081516,0.0,0.0,0.0,0.0,0.0,0.1472027608918483,0.0,506.0579531414609
AAACCATCTTTGGCTGATTATGCTCAATTGGGTCCAGAAGATTTGAAGAAAGATTTGGAAGAATGTCAACATTTGGTCTTGGATCCAGCTAATATTGATATGGATACTCCACCAGACTTT,0.3640106486290953,0.1949086821013473,0.08978824716088205,0.06810810859125316,0.06260867425959232,0.046750119412110734,0.10367360554737422,0.07015191429834478,988.9842374946288
AAACCATCTTTGGCTGATTATGCTCAATTGGGTCCAGAAGATTTGAAGAAAGATTTGGAAGAATGTCAACATTTGGTCTTGGATCCAGCTAATATTGATATGGATGCTCCACCAGACTTT,0.17821252696172957,0.2984152973605692,0.3024350152680557,0.10670209289178201,0.030651988043609968,0.04272417020985834,0.0236864035074972,0.01717250575689811,501.00904320744667
AAACCATTGGATGGTGAATACTTTACTTTGCAAATTAGAGGTAGAGAAAGATTTGAAATGTTTAGAGAATTGAATGAAGCTTTGGAATTGAAAGATGCTCAAGCTGGTAAAGAACCAGGT,0.008347598569304933,0.012559495628911722,0.013477420294298922,0.0039046876236697443,0.03132568176595384,0.09843711583288488,0.3555403431113474,0.47640765717362865,4119.203341138621
AAAGAAAGAGAGAATGAGAATCAAGGTGAAGAAGAACCAACTTGGTTTGAATCTGGTTCTCAATTTATCTTAAATTCTCAACAATTGGTTGAAGCTTTGTCTTTGTGTGAAGAATTGTTG,0.04967245674273455,0.2956757970297576,0.5678110639518472,0.07833472860658924,0.0,0.008505953669071253,0.0,0.0,314.7105994701491
AAAGAAATTGGTGATTATGTTGTTTCTAAGATTACTTATCAACAACAGAAATTGGGTGAGAATCCAGATGAAGGTGAATCTTCTTCTGGTGTTAGAGGTGGTCCAACTACTCCTAAGACT,0.01252991019320219,0.011036634783169375,0.018396876011861494,0.03070054524177687,0.1348223248361618,0.1756097995961551,0.2978110475732333,0.31909286176443985,3169.916226911905
AAAGAAGAAGAATTGGAACAAGATATGGATAAAGATAGAGATAATGAGAATCAAGGTGAAGAAGATCCAACTTGGTTTGATTCTGGTTCTCAATTTATCTTAAATTCTCAACAATTGGTT,0.06636542774879749,0.06460948880242277,0.13095958488221876,0.12417284430669757,0.11414642576175608,0.0568223609900204,0.3150248124298805,0.1278990550782065,1924.0068414255675
AAAGAATGTCCTAAATGTTCTCATGTTATTGATAATTCTGATGTTGTTCATCATTGGCCAGGTTTGCCTAAAGGTGTTAAATTTGATCCATCTGATCAAGAATTGATTTGGCATTTGTTG,0.1687824673504973,0.09037419206551651,0.15820358942097948,0.21316496904919732,0.14515023885805248,0.15173787835922706,0.04005900882595176,0.032527656070578094,831.6033038551728
AAAGAGAAATCTCCACAATCTCCACCAAATGTCTTTCAAACTAGAGTCTTGGGTGCTAAAGATTCTGAAGATAAAGTCTTGAATGAATCTGTTGCTTCTGCTACTCCTAAAGATAATCAA,0.17344667898697855,0.0844287578936735,0.34226412531102446,0.0,0.14916138672043008,0.0,0.0,0.2506990510878934,1868.0653600916407
AAAGATAAGAAGAAGAAGAAGACTTCTGTTATGACTACTGATTGGAGAGCTTTGGATAAATTTGTTGCTTCTCAATTGATGTCTCAAGAAGATGGTGTTTCTGGATTTGGTGGTCATCAT,0.08995839813386908,0.0875782212828338,0.08875791866266033,0.04207910106387901,0.19340698091146263,0.15404552479327033,0.17080656878085512,0.17336728637116977,1988.621420209589
AAAGATAATCAGAATGATGAAAGAGGTGAAGAAGATCCAACTTGGTTTGATTCTGGTTCTCAATTTATCTTAAATTCTCAACAATTGGTTGAAGCTTTGTCTTTGTGTGATGATTTGTTG,0.015496002550512882,0.10748774573257691,0.1681813214504833,0.25550743399708264,0.32482894908881005,0.07297258744239933,0.031261619514161995,0.02426434022397286,793.6955224805491
AAAGATAATGAAGAGAATGATAGAGGTCAAGAAGATCCAACTTGGTTTGATTCTGGTTCTCAATTTATCTTAAATTCTCAACAATTGGTTGAAGCTTTGTCTTTGTGTGATGATTTGTTG,0.08461587914908066,0.16475411616671892,0.29220343138697946,0.11874022450993145,0.14553662193085573,0.07244847496043032,0.040165644013364435,0.08153560788263908,1039.6588551716136
AAAGATAGAAATGATGAGAATCAAGGTGAAGAAGATCCAACTTGGTTTGATTCTGGTTCTCAATTTATCTTAAATTCTCAACAATTGGTTGAAGCTTTGTCTTTGTGTGATGATTTGTTG,0.12196992191946085,0.11874276369190699,0.060171127063136626,0.0,0.05244609697328138,0.1218363591262684,0.2701857192286194,0.25464801199732634,2591.8680482602026
AAAGATAGAGAGAATGATAATCAAGGTGAAGAAGATCCAACTTGGTTTGATTCTGGTTCTCAATTTATCTTAAATTCTCAACAATTGGTTGAAGCTTTGTCTTTGTGTGATGATTTGTTG,0.07067983597210305,0.137619487305404,0.06973662562295205,0.13224530550766925,0.1215670707372024,0.060516375627444684,0.06710090727951327,0.34053439194771135,2645.475444712712
AAAGATAGAGATAATCAAGAAGGTAATGAAGATGAACCAACTTGGTTTGATTCTGGTTCTCAATTTATCTTAAATTCTCAACAATTGGTTGAAGCTTTGTCTTTGTGTGATGATTTGTTG,0.2949243443766757,0.14356052369384434,0.024249052444283773,0.0,0.0845434159588632,0.14730069418377945,0.16332786159373436,0.1420941077488191,1678.271132614449
AAAGATAGAGATAATCAAGAGAATGAAGGTGAAGATCCAACTTGGTTTGATTCTGGTTCTCAATTTATCTTAAATTCTCAACAATTGGTTGAAGCTTTGTCTTTGTGTGATGATTTGTTG,0.03553349964321442,0.166950426302433,0.355166065173441,0.3172483754112226,0.05292333706441919,0.06680037518028671,0.005377921224982966,0.0,461.6698680006716
AAAGATAGAGATAATGAAACTGAAGAACCAGGTGATAATCAATGGTTTGATTCTGGTTCTCAATTTATCTTAAATTCTCAACAATTGGTTGAAGCTTTGTCTTTGTGTGATGATTTGTTG,0.15050082637140022,0.43955633766142105,0.0742462092636274,0.07039853548364956,0.12942831823153025,0.06442972324191071,0.07144004974646072,0.0,558.2170869733045
AAAGATAGAGATAATGAAACTGAAGAAGATCAAGGTAATCCATGGTTTGATTCTGGTTCTCAATTTATCTTAAATTCTCAACAATTGGTTGAAGCTTTGTCTTTGTGTGATGATTTGTTG,0.08053342547018459,0.21952733761211357,0.2902492135468909,0.3061968630358536,0.07552983995056367,0.02680062362729914,0.000577023038325266,0.0005856737187692486,408.13741163788467
AAAGATAGAGATAATGAACAAGAAGATGGTAATGAACCAACTTGGTTTGATTCTGGTTCTCAATTTATCTTAAATTCTCAACAATTGGTTGAAGCTTTGTCTTTGTGTGATGATTTGTTG,0.08990560622742441,0.0,0.08870583125519796,0.0,0.30926956865701294,0.0,0.5121189938603646,0.0,1609.8934660185816
AAAGATAGAGATAATGAACAAGAAGGTAATGAAGATCCAACTTGGTTTGATTCTGGTTCTCAATTTATCTTAAATTCTCAACAATTGGTTGAAGCTTTGTCTTTGTGTGATGATTTGTTG,0.17895956905434277,0.21778067785286886,0.13242853810929903,0.02790348260529526,0.14107718583042844,0.10215062852619682,0.09910705671706374,0.100592861304505,1280.217009783112
AAAGATAGAGATAATGAACAAGAGAATGGTGAAGATCCAACTTGGTTTGATTCTGGTTCTCAATTTATCTTAAATTCTCAACAATTGGTTGAAGCTTTGTCTTTGTGTGATGATTTGTTG,0.011568870624486478,0.040856197549355586,0.29984908033903024,0.33947482122341816,0.18512385453521576,0.1000142406258222,0.014128458592539809,0.008984476510131782,648.3991753532221
AAAGATAGAGATAATGAACAATGGGAAGGTCCAGATAATGAAACATTTGATTCTGGTTCTCAATTTATCTTAAATTCTCAACAATTGGTTGAAGCTTTGTCTTTGTGTGATGATTTGTTG,0.008281152328586096,0.00806204430219521,0.008170641763984599,0.8521934545022349,0.0,0.02836143112401131,0.05503280799224145,0.0398984679867464,852.3982650488404
AAAGATAGAGATAATGAACAGAATGAAGGTGAACCAACTGATTGGTTTGATTCTGGTTCTCAATTTATCTTAAATTCTCAACAATTGGTTGAAGCTTTGTCTTTGTGTGATGATTTGTTG,0.09056771083914643,0.22331264262747852,0.28895559501942447,0.19242018254363383,0.15213401350910066,0.048555875896767846,0.0016071354031967136,0.0024468441612517165,458.73772470964894
AAAGATAGAGATAATGAACAGAATGGTGAAGAAGATCCAACTTGGTTTGATTCTGGTTCTCAATTTATCTTAAATTCTCAACAATTGGTTGAAGCTTTGTCTTTGTGTGATGATTTGTTG,0.03060216679271706,0.08937742525556552,0.18116271659576227,0.2862904844810934,0.15790426183233858,0.07860511538422617,0.058105204356184034,0.117952625302113,1354.0781426376118
AAAGATAGAGATAATGAACCAAATGAAGATACTCAATGGTTTGAAGGTGATTCTGGTTCTCAATTTATCTTAAATTCTCAACAATTGGTTGAAGCTTTGTCTTTGTGTGATGATTTGTTG,0.23225401523752087,0.11305444495592985,0.13749277502374885,0.021727910639600004,0.03994695221211742,0.09942843693527793,0.13229619107688917,0.22379927391891583,2048.9306135211878
AAAGATAGAGATAATGAACCAGGTGAAGATGAAACTAATCAATGGTTTGATTCTGGTTCTCAATTTATCTTAAATTCTCAACAATTGGTTGAAGCTTTGTCTTTGTGTGATGATTTGTTG,0.01479392601867685,0.09949918548320648,0.31982041642093334,0.30514654720301476,0.13756065717513843,0.09570980941929294,0.01941206798360826,0.008057390296128838,617.8197206344585
AAAGATAGAGATAATGAAGAACAAGGTAATGATGAACCAACTTGGTTTGATTCTGGTTCTCAATTTATCTTAAATTCTCAACAATTGGTTGAAGCTTTGTCTTTGTGTGATGATTTGTTG,0.012121672606278442,0.001528180528572298,0.114092387949447,0.2656359691990916,0.32225786604654205,0.21235119960542792,0.05621476292033765,0.015797961144303044,954.0541413179864
AAAGATAGAGATAATGAAGAACAGAATGGTGAAGATCCAACTTGGTTTGATTCTGGTTCTCAATTTATCTTAAATTCTCAACAATTGGTTGAAGCTTTGTCTTTGTGTGATGATTTGTTG,0.01327146328723907,0.12490919114256345,0.35813263065113293,0.2777152815456759,0.13953287691255023,0.07053878360596086,0.012674226577300609,0.003225546277577108,542.0682999704013
AAAGATAGAGATAATGAAGAACCAACTAATCAAGAAGATGGTTGGTTTGATTCTGGTTCTCAATTTATCTTAAATTCTCAACAATTGGTTGAAGCTTTGTCTTTGTGTGATGATTTGTTG,0.006721961637139409,0.007225785558469866,0.010086559355309548,0.04008952903831462,0.12043291982840935,0.1968816869637646,0.289165790533879,0.32939576708471374,3230.884998475253
AAAGATAGAGATAATGAAGAAGAGAATGATGGTCAACCAACTTGGTTTGATTCTGGTTCTCAATTTATCTTAAATTCTCAACAATTGGTTGAAGCTTTGTCTTTGTGTGATGATTTGTTG,0.11340474445689772,0.4416168366977677,0.11189137749525412,0.2586012288493233,0.05485853108573761,0.006068601478677672,0.0067289004160453235,0.006829779520296577,394.86673330159385
AAAGATAGAGATAATGAAGAAGATCAAGAAGGTAATCCAACTTGGTTTGATTCTGGTTCTCAATTTATCTTAAATTCTCAACAATTGGTTGAAGCTTTGTCTTTGTGTGATGATTTGTTG,0.023637577558590108,0.1626192598221442,0.42057589076312224,0.28747564347843196,0.0833445578697096,0.021587833875156375,0.0,0.0007592366328456496,419.0008561316862
AAAGATAGAGATAATGAAGAAGATGGTCAGAATGAACCAACTTGGTTTGATTCTGGTTCTCAATTTATCTTAAATTCTCAACAATTGGTTGAAGCTTTGTCTTTGTGTGATGATTTGTTG,0.0060760692093490285,0.012009861022828774,0.06539983748361138,0.13091128928732754,0.21336735302980647,0.22661779131205026,0.1832778857789007,0.1623399128761259,2070.341781493039
AAAGATAGAGATAATGAAGAAGGTCAGAATCCAGAAACTGATTGGTTTGATTCTGGTTCTCAATTTATCTTAAATTCTCAACAATTGGTTGAAGCTTTGTCTTTGTGTGATGATTTGTTG,0.014449292796671202,0.45170649147394615,0.41422964013490454,0.06984121252961531,0.04832396376442209,0.0006873081020192187,0.0007620911984215804,0.0,320.41957628275134
AAAGATAGAGATAATGAAGAAGGTCAGAATGAAGATCCAACTTGGTTTGATTCTGGTTCTCAATTTATCTTAAATTCTCAACAATTGGTTGAAGCTTTGTCTTTGTGTGATGATTTGTTG,0.08144331345185904,0.022653838331167374,0.022958990380738977,0.06530754829172229,0.15008561764017864,0.2689667128599992,0.2540493509197681,0.1345346281245664,2053.47223929111
AAAGATAGAGATAATGAAGATGAACCAAATCAAGAAACTGGTTGGTTTGATTCTGGTTCTCAATTTATCTTAAATTCTCAACAATTGGTTGAAGCTTTGTCTTTGTGTGATGATTTGTTG,0.1410279583088855,0.1372965503616691,0.18552795236325087,0.08795665305468724,0.24256360456787565,0.16099831550940302,0.04462896583422853,0.0,680.5315189482804
AAAGATAGAGATAATGAAGGTCAAGAGAATGAAGATCCAACTTGGTTTGATTCTGGTTCTCAATTTATCTTAAATTCTCAACAATTGGTTGAAGCTTTGTCTTTGTGTGATGATTTGTTG,0.05357406449745353,0.0,0.3171547664966352,0.2505990014446871,0.04607284382360452,0.22935170734525254,0.0,0.10324761639236708,1238.7727118571174
AAAGATAGAGATAATGAAGGTGAACAGAATGAAGATCCAACTTGGTTTGATTCTGGTTCTCAATTTATCTTAAATTCTCAACAATTGGTTGAAGCTTTGTCTTTGTGTGATGATTTGTTG,0.016817741937724128,0.18505535741994522,0.46559523590421537,0.26218873099478174,0.042627762127777066,0.023399060824850663,0.0036764189830604177,0.0006396918076454278,405.65395138775546
AAAGATAGAGATAATGAAGGTGAGAATACTCAAGATGAACCATGGTTTGATTCTGGTTCTCAATTTATCTTAAATTCTCAACAATTGGTTGAAGCTTTGTCTTTGTGTGATGATTTGTTG,0.10235694665469137,0.09964872107460043,0.30297303200805503,0.14363600482736558,0.04401267349900966,0.08763845227765478,0.1457610340861867,0.07397313557243644,1209.9736317598758
AAAGATAGAGATAATGAATGGCCAGATCAGAATGGTACTGAATTTGAAGATTCTGGTTCTCAATTTATCTTAAATTCTCAACAATTGGTTGAAGCTTTGTCTTTGTGTGATGATTTGTTG,0.098331972262297,0.2871907260892841,0.0,0.18398375624600646,0.0845639330038728,0.25257675634510574,0.09335285605343399,0.0,823.3917348565072
AAAGATAGAGATAATGAATTTAATCCAGATGAATGGACTGAACAAGGTGATTCTGGTTCTCAATTTATCTTAAATTCTCAACAATTGGTTGAAGCTTTGTCTTTGTGTGATGATTTGTTG,0.008500084847334142,0.012998284559953131,0.04584967188428045,0.12415669098823295,0.26770923320714046,0.261760809383502,0.1338728865284534,0.1451523386011037,1913.9815763062381
AAAGATAGAGATAATGAGAATCAAACTCCAGATGAAGAAGGTTGGTTTGATTCTGGTTCTCAATTTATCTTAAATTCTCAACAATTGGTTGAAGCTTTGTCTTTGTGTGATGATTTGTTG,0.39117333411151123,0.21761338272819544,0.11027234077818306,0.10455767873042172,0.07208632478981492,0.02392316209824529,0.026526140489139306,0.053847636274489095,695.3225431949145
AAAGATAGAGATAATGAGAATCAAACTGAACCAGATGGTGAATGGTTTGATTCTGGTTCTCAATTTATCTTAAATTCTCAACAATTGGTTGAAGCTTTGTCTTTGTGTGATGATTTGTTG,0.08262374908675604,0.12065645560911074,0.24456344776615033,0.15459293007527258,0.17763777694969068,0.14148560948713512,0.07844003102588444,0.0,730.4273804554828
AAAGATAGAGATAATGAGAATCAAACTGAAGAACCAGATGGTTGGTTTGATTCTGGTTCTCAATTTATCTTAAATTCTCAACAATTGGTTGAAGCTTTGTCTTTGTGTGATGATTTGTTG,0.002890027947541345,0.0,0.02281168814224259,0.0,0.25847932170691246,0.37240535682477166,0.31278056029795315,0.03063304508057876,1721.9749530785098
AAAGATAGAGATAATGAGAATCAAACTGATTCATTTCCAGAATGGGATGAAGGTGGTTCTCAATTTATCTTAAATTCTCAACAATTGGTTGAAGCTTTGTCTTTGTGTGATGATTTGTTG,0.009209578682226,0.0092432018117379,0.004590177761777649,0.014122770063457217,0.050051710783748454,0.07503210080779016,0.30538260078004603,0.5323678593092166,4328.873980017369
AAAGATAGAGATAATGAGAATCAAACTGATTGGGGTTTTCCAGAAGAAGATTCTGGTTCTCAATTTATCTTAAATTCTCAACAATTGGTTGAAGCTTTGTCTTTGTGTGATGATTTGTTG,0.03674055705690534,0.2861476151405851,0.3469667799611497,0.22096065372606596,0.06319259003973797,0.03595133820861584,0.004982881465344906,0.005057584401595163,437.8928740219604
AAAGATAGAGATAATGAGAATCAACCAGGTGATGACTTCTCTTGGGAAACTGAAGGTTCTCAATTTATCTTAAATTCTCAACAATTGGTTGAAGCTTTGTCTTTGTGTGATGATTTGTTG,0.2853706497789521,0.18521342036923638,0.09385414238589952,0.08899032339255136,0.08180474079786089,0.08144518728975379,0.0,0.18332153598574583,1499.5544614073215
AAAGATAGAGATAATGAGAATCAAGAACCATTTGAATGGACTGGTGATGATTCTGGTTCTCAATTTATCTTAAATTCTCAACAATTGGTTGAAGCTTTGTCTTTGTGTGATGATTTGTTG,0.23138966763338778,0.6013235788430384,0.13178397278436677,0.0,0.011324715862019526,0.013959450434528545,0.0035719198553924975,0.006646694587266543,299.257198309955
AAAGATAGAGATAATGAGAATCAAGAAGAACCAGATACTGGTTGGTTTGATTCTGGTTCTCAATTTATCTTAAATTCTCAACAATTGGTTGAAGCTTTGTCTTTGTGTGATGATTTGTTG,0.002621888383670719,0.20292508427988076,0.47857645016656525,0.28207641498259584,0.0011273911654540011,0.03142820751294705,0.0012445635088864729,0.0,390.09659332716035
AAAGATAGAGATAATGAGAATCAAGAAGAACCAGATACTTGGTTTGGTGATTCTGGTTCTCAATTTATCTTAAATTCTCAACAATTGGTTGAAGCTTTGTCTTTGTGTGATGATTTGTTG,0.02443837657614524,0.07137531112083235,0.4581327616142795,0.2972148061442313,0.021016615368966318,0.10462120888273378,0.02320092029281146,0.0,534.8296550190788
AAAGATAGAGATAATGAGAATCAAGAAGAAGGTGATCCAACTTGGTTTGATTCTGGTTCTCAATTTATCTTAAATTCTCAACAATTGGTTGAAGCTTTGTCTTTGTGTGATGATTTGTTG,0.04772873282342157,0.0,0.0470918010290597,0.0,0.08209190300939631,0.0,0.3171836581386517,0.5059039049994708,4124.430263845151
AAAGATAGAGATAATGAGAATCAAGAAGATCCAACTGAAGGTTGGTTTGATTCTGGTTCTCAATTTATCTTAAATTCTCAACAATTGGTTGAAGCTTTGTCTTTGTGTGATGATTTGTTG,0.028168704479832298,0.0,0.08337839377707264,0.31622984505744883,0.2180217426002544,0.19294531491701122,0.10696944051943004,0.05428655864895068,1239.176619319357
AAAGATAGAGATAATGAGAATCAAGAAGATGAACCATGGTCTGATGGTACATTTGGTTCTCAATTTATCTTAAATTCTCAACAATTGGTTGAAGCTTTGTCTTTGTGTGATGATTTGTTG,0.19721408901367696,0.0,0.06486076688381387,0.18449842938461458,0.0565336605076477,0.056285180092412505,0.18722799960010528,0.25337987451772914,2356.0488556999703
AAAGATAGAGATAATGAGAATCAAGAAGGTGATGAACCAACTTGGTTTGATTCTGGTTCTCAATTTATCTTAAATTCTCAACAATTGGTTGAAGCTTTGTCTTTGTGTGATGATTTGTTG,0.0007149778968741063,0.020881816627590886,0.01763591597137927,0.016053088256854427,0.13650105688564657,0.16855001114903342,0.3158563693481368,0.3238067638644844,3231.6108497157115
AAAGATAGAGATAATGAGAATCAAGAATGGGAATTTCCAGATGGTACTGATTCTGGTTCTCAATTTATCTTAAATTCTCAACAATTGGTTGAAGCTTTGTCTTTGTGTGATGATTTGTTG,0.005430075184948732,0.17818287022938056,0.3986693455424008,0.30151076552108824,0.09367025963252236,0.01887049920166875,0.0018194537955126993,0.0018467308924779323,435.49455924995067
AAAGATAGAGATAATGAGAATCAAGACTTCTGGGAAGATTCTACTCCAGGTGAAGGTTCTCAATTTATCTTAAATTCTCAACAATTGGTTGAAGCTTTGTCTTTGTGTGATGATTTGTTG,0.5086607530441073,0.14856068442336234,0.2509363810502227,0.0,0.0,0.04355174962531844,0.04829043185698903,0.0,377.1066801426502
AAAGATAGAGATAATGAGAATCAAGATACTGAACCATCATTTGATGGTTGGGAAGGTTCTCAATTTATCTTAAATTCTCAACAATTGGTTGAAGCTTTGTCTTTGTGTGATGATTTGTTG,0.24492243257360227,0.4503906676301077,0.13425221361569267,0.025458967717596016,0.02340326650946155,0.06990120885897218,0.051671243094567526,0.0,446.6734732945738
AAAGATAGAGATAATGAGAATCAAGATGAAGAAGGTCCAACTTGGTTTGATTCTGGTTCTCAATTTATCTTAAATTCTCAACAATTGGTTGAAGCTTTGTCTTTGTGTGATGATTTGTTG,0.08358277334404235,0.0406856434263335,0.1649347509952379,0.35187144677236865,0.2515794973857907,0.10734588807622701,0.0,0.0,588.0383750780964
AAAGATAGAGATAATGAGAATCAAGATGGTCCAGAAACTGAATGGTTTGATTCTGGTTCTCAATTTATCTTAAATTCTCAACAATTGGTTGAAGCTTTGTCTTTGTGTGATGATTTGTTG,0.13634977031054007,0.0,0.1345302058945725,0.06377921221313702,0.29314658743133326,0.17511487831024175,0.0,0.19707934584017534,1814.4137714832664
AAAGATAGAGATAATGAGAATCAAGATGGTGAAGAACCAACTTGGTTTGATTCTGGTTCTCAATTTATCTTAAATTCTCAACAATTGGTTGAAGCTTTGTCTTTGTGTGATGATTTGTTG,0.02174818713902265,0.02117275968973378,0.059009393556020286,0.1525945631919615,0.28054642826763915,0.20482979175341812,0.12388170419261149,0.136217172209593,1785.5542679485063
AAAGATAGAGATAATGAGAATCAAGCTGCTGCTGCTCCAACTTGGTTTGATTCTGGTTCTCAATTTATCTTAAATTCTCAACAAGCTGCTGCTGCTTTGTCTTTGTGTGATGATTTGTTG,0.009222089389107872,0.008978085447980908,0.03942909611337544,0.050326978475992115,0.12160637088310158,0.1776598219558893,0.27286795936342767,0.31990959837112515,3118.4668011877793
AAAGATAGAGATAATGAGAATCAAGCTGCTGCTGCTCCAACTTGGTTTGATTCTGGTTCTCAATTTATCTTAAATTCTCAACAATTGGTTGAAGCTGCTGCTGCTGCTGATGATTTGTTG,0.014159374283283462,0.013784736499670828,0.041911259549540794,0.026492856868390677,0.06088418399024858,0.0969865309947766,0.3091752760964414,0.4366057817176477,3788.423953048483
AAAGATAGAGATAATGAGAATCAAGCTGCTGCTGCTCCAACTTGGTTTGATTCTGGTTCTCAATTTATCTTAAATTCTCAACAATTGGTTGAAGCTTTGTCTTTGTGTGCTGCTGCTGCT,0.014362766541008013,0.06991373637457525,0.39679074043286,0.3695094338664502,0.11734163361129667,0.018446192533355565,0.013635496640454332,0.0,480.03823266645446
AAAGATAGAGATAATGAGAATCAAGCTGCTGCTGCTCCAACTTGGTTTGATTCTGGTTCTCAATTTATCTTGGCTGCTGCTGCTTTGGTTGAAGCTTTGTCTTTGTGTGATGATTTGTTG,0.12319900437689281,0.2398786525986859,0.34440564828283765,0.057627786440016045,0.07063279021450075,0.10548351058344159,0.038986908858914544,0.0197856986447108,642.193093426062
AAAGATAGAGATAATGAGAATCAAGCTGCTGCTGCTCCAACTTGGTTTGATTCTGGTTCTGCTGCTGCTGCTAATTCTCAACAATTGGTTGAAGCTTTGTCTTTGTGTGATGATTTGTTG,0.08622498072518758,0.16788717004100287,0.08507432307216979,0.32266200852237314,0.29660845096669514,0.0,0.0,0.04154306667257142,730.6408903264814
AAAGATAGAGATAATGAGAATCAAGCTGCTGCTGCTGCTGCTGCTGCTGATTCTGGTTCTCAATTTATCTTAAATTCTCAACAATTGGTTGAAGCTTTGTCTTTGTGTGATGATTTGTTG,0.017026285454131658,0.0,0.10079443548224445,0.12742793135123512,0.2782043617872313,0.24782562413293058,0.06465658477323827,0.16406477701898856,1861.8668779697252
AAAGATAGAGATAATGAGAATCAAGGTCCAGAAACTGAAGATTGGTTTGATTCTGGTTCTCAATTTATCTTAAATTCTCAACAATTGGTTGAAGCTTTGTCTTTGTGTGATGATTTGTTG,0.02037864101713644,0.3028396029185898,0.4764637289773103,0.15411656737172677,0.036520479133478216,0.009680980581758484,0.0,0.0,348.44081313333913
AAAGATAGAGATAATGAGAATCAAGGTGAAACTCCAGAAGATTGGTTTGATTCTGGTTCTCAATTTATCTTAAATTCTCAACAATTGGTTGAAGCTTTGTCTTTGTGTGATGATTTGTTG,0.07693922934801319,0.07490352199406368,0.15182497692492009,0.14395692563107526,0.13233302833791868,0.19762708442963337,0.0,0.2224152333343758,1934.9179360982328
AAAGATAGAGATAATGAGAATCAAGGTGAAACTCCAGATGAATGGTTTGATTCTGGTTCTCAATTTATCTTAAATTCTCAACAATTGGTTGAAGCTTTGTCTTTGTGTGATGATTTGTTG,0.16675389865324988,0.054113939105855755,0.21937146177757064,0.3640051408836636,0.047801900675238956,0.09518359731549567,0.05277006158892542,0.0,589.3022109674639
AAAGATAGAGATAATGAGAATCAAGGTGAAACTGATTCTGAATGGCCATTTGATGGTTCTCAATTTATCTTAAATTCTCAACAATTGGTTGAAGCTTTGTCTTTGTGTGATGATTTGTTG,0.002946071189312048,0.09883990188662402,0.2439439386085049,0.28091213374816404,0.18397647880788554,0.14339093611704415,0.03485360930523324,0.011136930337232056,739.770193312064
AAAGATAGAGATAATGAGAATCAAGGTGAAACTTCATTTGATTGGGGTGATTCTCCAGAACAATTTATCTTAAATTCTCAACAATTGGTTGAAGCTTTGTCTTTGTGTGATGATTTGTTG,0.07145809705326543,0.06956741300426636,0.0705045009428008,0.46795514039357294,0.06145282752671417,0.12236545213841812,0.06783976050304004,0.06885680843792215,1104.4369430152342
AAAGATAGAGATAATGAGAATCAAGGTGAAACTTCTGATCCATGGGGTTCTGAATTTGATCAATTTATCTTAAATTCTCAACAATTGGTTGAAGCTTTGTCTTTGTGTGATGATTTGTTG,0.012596409231649694,0.08729888263656845,0.4578787135511637,0.3119906121995372,0.09309696787239718,0.030219634004394345,0.0034336517443009536,0.003485128759988371,469.29604750994747
AAAGATAGAGATAATGAGAATCAAGGTGAAACTTGGTCATTTCCAGAAGATGATGGTTCTCAATTTATCTTAAATTCTCAACAATTGGTTGAAGCTTTGTCTTTGTGTGATGATTTGTTG,0.02025714942932009,0.33525993776463525,0.41972324577073894,0.15160832665499085,0.0,0.0346885146844388,0.03846282569587599,0.0,441.5801434246596
AAAGATAGAGATAATGAGAATCAAGGTGAACCAACTGATGAATGGTTTGATTCTGGTTCTCAATTTATCTTAAATTCTCAACAATTGGTTGAAGCTTTGTCTTTGTGTGATGATTTGTTG,0.2520609446755612,0.044616682716151566,0.15826187642645603,0.08574871120457252,0.09853109341588005,0.0980980231567511,0.15228031756785013,0.11040235083677732,1447.9805198171177
AAAGATAGAGATAATGAGAATCAAGGTGAACCAGACTTTACTGAATGGGATTCTGGTTCTCAATTTATCTTAAATTCTCAACAATTGGTTGAAGCTTTGTCTTTGTGTGATGATTTGTTG,0.061941877845896734,0.18090894003879993,0.24446109622704038,0.11589617387740535,0.15980709085104622,0.0,0.11761080497405074,0.11937401618576074,1376.531537674666
AAAGATAGAGATAATGAGAATCAAGGTGAACCAGATTGGTTTACTGAAGATTCTGGTTCTCAATTTATCTTAAATTCTCAACAATTGGTTGAAGCTTTGTCTTTGTGTGATGATTTGTTG,0.21488390860113013,0.19018033879075372,0.3662100064297327,0.12792752137191962,0.10079822480646383,0.0,0.0,0.0,337.6697183498683
AAAGATAGAGATAATGAGAATCAAGGTGAACCATCTGATACTTGGGACTTTGAAGGTTCTCAATTTATCTTAAATTCTCAACAATTGGTTGAAGCTTTGTCTTTGTGTGATGATTTGTTG,0.09782697207874896,0.47923254721857517,0.2957254095249515,0.11732013132816457,0.008502463705330391,0.0008910624341906956,0.0,0.0005014137100387828,293.4123935488511
AAAGATAGAGATAATGAGAATCAAGGTGAAGAACCAACTGATTGGTTTGATTCTGGTTCTCAATTTATCTTAAATTCTCAACAATTGGTTGAAGCTTTGTCTTTGTGTGATGATTTGTTG,0.009344754204222865,0.030325015729798666,0.1721076010098744,0.2593530562370883,0.2102842317278683,0.15335284926262716,0.09019434865163974,0.07503814317688036,1273.9415830340888
AAAGATAGAGATAATGAGAATCAAGGTGAAGAACCATCTGATGATTCTTGGGGTTTTACTCAATTTATCTTAAATTCTCAACAATTGGTTGAAGCTTTGTCTTTGTGTGATGATTTGTTG,0.16754241559225655,0.2718491186182126,0.3857153781791294,0.052246626473581484,0.024013969009757146,0.07172526376201747,0.0,0.02690722836504541,529.3136949925746
AAAGATAGAGATAATGAGAATCAAGGTGAAGAAGACTTCTCTGATCCATCTTGGACTGGTCAATTTATCTTAAATTCTCAACAATTGGTTGAAGCTTTGTCTTTGTGTGATGATTTGTTG,0.024091945463530672,0.2684759046532644,0.451955347926245,0.21216319391624908,0.025553051146996575,0.01196402307255752,0.0056417676442328205,0.00015476617692395268,370.97366174722936
AAAGATAGAGATAATGAGAATCAAGGTGAAGAAGACTTTACTCCATGGGATTCTGGTTCTCAATTTATCTTAAATTCTCAACAATTGGTTGAAGCTTTGTCTTTGTGTGATGATTTGTTG,0.28008170357831325,0.0,0.055268812208303986,0.0,0.14451948764230213,0.14388428620697177,0.10635981911397929,0.2698858912501297,2358.940456180627
AAAGATAGAGATAATGAGAATCAAGGTGAAGAAGACTTTACTGATTCTGGTTCTTGGCCACAATTTATCTTAAATTCTCAACAATTGGTTGAAGCTTTGTCTTTGTGTGATGATTTGTTG,0.05386944972479101,0.05244413735960026,0.05315057111132696,0.1511884203975123,0.09265374084700188,0.18449300621896733,0.2045669122723093,0.20763376206849096,2284.62407176306
AAAGATAGAGATAATGAGAATCAAGGTGAAGAAGACTTTACTTCTGGTCCATCTGATTGGCAATTTATCTTAAATTCTCAACAATTGGTTGAAGCTTTGTCTTTGTGTGATGATTTGTTG,0.07251287130534025,0.07059427936436069,0.1430903988249692,0.2713500020797429,0.2494396664647964,0.12417165652366627,0.06884112543712427,0.0,747.1142142435027
AAAGATAGAGATAATGAGAATCAAGGTGAAGAAGACTTTCCAACTTGGGATTCTGGTTCTCAATTTATCTTAAATTCTCAACAATTGGTTGAAGCTTTGTCTTTGTGTGATGATTTGTTG,0.06904742694414909,0.22406841982395162,0.454173338765978,0.10765915937646284,0.07917291940570068,0.0,0.04370077103835755,0.022177964645400235,581.2117941835484
AAAGATAGAGATAATGAGAATCAAGGTGAAGAAGATACTCCATGGTTTGATTCTGGTTCTCAATTTATCTTAAATTCTCAACAATTGGTTGAAGCTTTGTCTTTGTGTGATGATTTGTTG,0.01792959579814639,0.026182804622395334,0.04422582100500683,0.06709423816124177,0.25441626155909286,0.23027094062523107,0.19574974219496485,0.1641305960339209,2118.1464222062295
AAAGATAGAGATAATGAGAATCAAGGTGAAGAAGATACTCCATTCTCTTGGGATGGTTCTCAATTTATCTTAAATTCTCAACAATTGGTTGAAGCTTTGTCTTTGTGTGATGATTTGTTG,0.406295215353744,0.3680870872750367,0.16790798996806036,0.052771684134376357,0.00016388716064789729,0.0011421678321107884,0.0027138049237140785,0.0009181633523096753,242.17804939472347
AAAGATAGAGATAATGAGAATCAAGGTGAAGAAGATACTGGTTCATTCTCTGACTTTCAACCATGGATCTTAAATTCTCAACAATTGGTTGAAGCTTTGTCTTTGTGTGATGATTTGTTG,0.0011552758526837848,0.1259673884062611,0.4536638396463521,0.28460745257398035,0.08411793085594321,0.050117039213523604,0.0,0.00037107345125590816,453.6451416040427
AAAGATAGAGATAATGAGAATCAAGGTGAAGAAGATACTTGGTTTCCAGATTCTGGTTCTCAATTTATCTTAAATTCTCAACAATTGGTTGAAGCTTTGTCTTTGTGTGATGATTTGTTG,0.4854803797683858,0.27363092221581253,0.07563185162372088,0.04780824631123624,0.04394793780262092,0.0,0.024257773768312372,0.04924288850991117,593.8729814669155
AAAGATAGAGATAATGAGAATCAAGGTGAAGAAGATCCAACATTCTCTTGGTCTGATCAATTTGGTATCTTAAATTCTCAACAATTGGTTGAAGCTTTGTCTTTGTGTGATGATTTGTTG,0.0503654955335636,0.1430126046711529,0.3023013742607774,0.2748556322436101,0.1371594974797486,0.06827832257552213,0.015938399777923884,0.008088673457701447,566.3638063412284
AAAGATAGAGATAATGAGAATCAAGGTGAAGAAGATCCAACATTCTGGTCTCAATCTGACTTTGGTATCTTAAATTCTCAACAATTGGTTGAAGCTTTGTCTTTGTGTGATGATTTGTTG,0.041853247418424104,0.44979769932224073,0.37714685387436164,0.09957739497475493,0.019074838854585312,0.006461375226053572,0.000983569577600824,0.005105020751978959,344.2615392926482
AAAGATAGAGATAATGAGAATCAAGGTGAAGAAGATCCAACATTCTGGTCTGATGGTTCTCAATTTATCTTAAATTCTCAACAATTGGTTGAAGCTTTGTCTTTGTGTGATGATTTGTTG,0.06890204775192925,0.0,0.06798256168318728,0.0,0.2073913301599925,0.2949711290290515,0.29435912439412454,0.0663938069817149,1780.8825005010294
AAAGATAGAGATAATGAGAATCAAGGTGAAGAAGATCCAACATTTCAATCTTGGGATGGTATTTCTTTGTTTAATTCTCAACAATTGGTTGAAGCTTTGTCTTTGTGTGATGATTTGTTG,0.05386911184563671,0.0,0.053150237741112306,0.10079164807718019,0.04632657985279936,0.23061481130587733,0.2557070364884893,0.2595405746889048,2737.3400855055706
AAAGATAGAGATAATGAGAATCAAGGTGAAGAAGATCCAACATTTGATTCTTGGGGTTCTCAATTTATCTTAAATTCTCAACAATTGGTTGAAGCTTTGTCTTTGTGTGATGATTTGTTG,0.07329264254111101,0.27191053861012804,0.25771066993916153,0.12088006071822653,0.13372010053721406,0.09363017989359358,0.025642552359102126,0.023213255401463073,664.3413482320017
AAAGATAGAGATAATGAGAATCAAGGTGAAGAAGATCCAACATTTGATTGGTCTGGTTCTCAATTTATCTTAAATTCTCAACAATTGGTTGAAGCTTTGTCTTTGTGTGATGATTTGTTG,0.009346712302139246,0.030509789851186377,0.06346893508938285,0.04140574180262719,0.03900805764276017,0.07531948003903023,0.29856496334571303,0.44237631992716087,3768.675305269167
AAAGATAGAGATAATGAGAATCAAGGTGAAGAAGATCCAACATTTGGTGATTCTTGGTCTCAATTTATCTTAAATTCTCAACAATTGGTTGAAGCTTTGTCTTTGTGTGATGATTTGTTG,0.02599919079313292,0.008437095856491396,0.017101490685934164,0.04864571178047318,0.1267003811091825,0.1855051461291634,0.35378538763616285,0.23382559600945957,2789.741499426772
AAAGATAGAGATAATGAGAATCAAGGTGAAGAAGATCCAACTATGATGGATTCTGGTTCTCAAATGATTATGAACTCTCAACAAATGGTTGAAGCTATGTCTATGTGTGATGATATGATG,0.17701581658079518,0.2584983282828877,0.0,0.08280123468543565,0.2283461824710663,0.0,0.16805248246591034,0.0852859555139048,1282.0529007279858
AAAGATAGAGATAATGAGAATCAAGGTGAAGAAGATCCAACTATTGACTTTGGTTTGTCTTCTCAATTCTGGAACTCTCAACAATTGGTTGAAGCTTTGTCTTTGTGTGATGATTTGTTG,0.009662959517200427,0.11288748902599602,0.39725037381165623,0.2772244102848043,0.12187987646000968,0.04412515713224516,0.018347336031319415,0.018622397736768763,614.2587667550599
AAAGATAGAGATAATGAGAATCAAGGTGAAGAAGATCCAACTATTGATGATTTGTGGCAATTTAATGGTTTGTGGGTTCAAGATGAATCTGCTCAATTGTCTTTGTGTGATGATTTGTTG,0.7297966954875669,0.18419589374521173,0.04972296886590256,0.016144345059574152,0.007743004813781905,0.007387765078947257,0.003442844966794207,0.0015664819822211874,209.4282291352775
AAAGATAGAGATAATGAGAATCAAGGTGAAGAAGATCCAACTATTGATGCTTTGTGGCAATTTAATGGTTTGTGGGTTCAAGCTGAATCTGCTCAATTGTCTTTGTGTGATGATTTGTTG,0.6947739418095709,0.17076204116155771,0.0114488902233496,0.017737230003703405,0.018443389636721055,0.031402238757496204,0.024983112772368612,0.030449155635232518,469.73049871767694
AAAGATAGAGATAATGAGAATCAAGGTGAAGAAGATCCAACTATTGATTCTTTGTGGCAATTTAATGGTTTGTGGGTTCAATCTGAATCTGCTCAATTGTCTTTGTGTGATGATTTGTTG,0.7701736343884465,0.16950924362426137,0.022218505643155348,0.008361673022843656,0.017269678261321336,0.008149649843426266,0.002975393045256554,0.0013422221712889675,204.7741726309888
AAAGATAGAGATAATGAGAATCAAGGTGAAGAAGATCCAACTATTTGGTTCTCTTCATTTGATCAAGGTTTAAATTCTCAACAATTGGTTGAAGCTTTGTCTTTGTGTGATGATTTGTTG,0.01501454856885171,0.02712868817012623,0.1758242530822916,0.3366389879893227,0.20812833403253636,0.1541028251090442,0.06323824622706999,0.0199241168207573,891.6910676645577
AAAGATAGAGATAATGAGAATCAAGGTGAAGAAGATCCAACTGACTTCTGGTCTGGTTCTCAATTTATCTTAAATTCTCAACAATTGGTTGAAGCTTTGTCTTTGTGTGATGATTTGTTG,0.010851270942693588,0.08451328858968689,0.2141292516758297,0.030454859322170888,0.6345705948608583,0.004645452124863511,0.005150904182049517,0.01568437830184772,719.0203291257553
AAAGATAGAGATAATGAGAATCAAGGTGAAGAAGATCCAACTGATGATGCTTTGCAATGGGACTTCTTTAATATTCAAGGTCAAGAATTGGTTTCTTTGTCTTTGTGTGATGATTTGTTG,0.7827750399543659,0.12381810079579672,0.0,0.021633250411538643,0.03471408242876372,0.008336443378440563,0.013672672098677407,0.01505041093241699,323.5029707807746
AAAGATAGAGATAATGAGAATCAAGGTGAAGAAGATCCAACTGATGCTGCTTTGCAATGGGCATTCTTTAATATTCAAGGTCAAGAATTGGTTTCTTTGTCTTTGTGTGATGATTTGTTG,0.6573581996328146,0.27316978461536334,0.021366803258080738,0.007188857614286012,0.018523513347288984,0.004485915632127215,0.010390152543293597,0.007516773356745605,266.4686051071235
AAAGATAGAGATAATGAGAATCAAGGTGAAGAAGATCCAACTGATGGTTCTTCTTGGTTTCAATTTATCTTAAATTCTCAACAATTGGTTGAAGCTTTGTCTTTGTGTGATGATTTGTTG,0.0071167970582125695,0.0,0.18958926463174824,0.17310621689078873,0.5079875840004782,0.11882192117815513,0.003378216240617185,0.0,712.4312038889132
AAAGATAGAGATAATGAGAATCAAGGTGAAGAAGATCCAACTGATTCTGCTTTGCAATGGTCATTCTTTAATATTCAAGGTCAAGAATTGGTTTCTTTGTCTTTGTGTGATGATTTGTTG,0.6618979142729398,0.29518954544806786,0.014942049231493558,0.01308972735613564,0.010758728677360089,0.002395980271674156,0.0012502008385332386,0.000475853903795595,195.74758874778092
AAAGATAGAGATAATGAGAATCAAGGTGAAGAAGATCCAACTGATTCTTGGTTTGGTTCTCAATTTATCTTAAATTCTCAACAATTGGTTGAAGCTTTGTCTTTGTGTGATGATTTGTTG,0.05060970303561389,0.0985412782676651,0.39947460148338787,0.14203971077915686,0.13057062026886201,0.12999672780107224,0.0,0.04876735836424217,820.2270081607574
AAAGATAGAGATAATGAGAATCAAGGTGAAGAAGATCCAACTGATTGGTCTGGTTCATTTCAATTTATCTTAAATTCTCAACAATTGGTTGAAGCTTTGTCTTTGTGTGATGATTTGTTG,0.15612753965181236,0.482238263789764,0.2895285651512091,0.054552901330506186,0.012402191368537242,0.0021474226872686534,0.0011905373474067511,0.0018125786734957245,286.42971619433337
AAAGATAGAGATAATGAGAATCAAGGTGAAGAAGATCCAACTGATTGGTTCTCTGGTTCTCAATTTATCTTAAATTCTCAACAATTGGTTGAAGCTTTGTCTTTGTGTGATGATTTGTTG,0.116501665142072,0.396967163427775,0.05747348515119551,0.0,0.10018958004456958,0.04987461014866466,0.1106025123444337,0.16839098374128947,1633.0334624256848
AAAGATAGAGATAATGAGAATCAAGGTGAAGAAGATCCAACTGCATTTGATTCTGGTGATCAAGCTATCTTAAATTCTCAACAAGCTGTTGAAGCTTTGTCTGCTTGTGATGATTTGGCT,0.00601425005548182,0.01618768796752207,0.05375497652281093,0.08654838898450036,0.13310704445626872,0.23626780093970715,0.22318263675134978,0.24493721432235907,2625.4259445515277
AAAGATAGAGATAATGAGAATCAAGGTGAAGAAGATCCAACTGCATTTGATTCTGGTGATCAAGCTATCTTGAATGATCAACAAGCTGTTGAAGCTTTGTCTGCTTGTGATGATTTGGCT,0.008261741435274325,0.03753468597534742,0.01307634839044428,0.0911384269363794,0.17555187568554265,0.19231725436921382,0.233504604944025,0.24861506226377317,2642.6889436705233
AAAGATAGAGATAATGAGAATCAAGGTGAAGAAGATCCAACTGCATTTGATTCTGGTGCTCAAGCTATCTTAAATTCTCAACAAGCTGTTGAAGCTTTGTCTGCTTGTGATGATTTGGCT,0.011425342856576362,0.011624081835781798,0.04163854214811089,0.1281678365989102,0.2162520101601927,0.21353892581430375,0.19465629642345642,0.18269696416266787,2205.1428061871375
AAAGATAGAGATAATGAGAATCAAGGTGAAGAAGATCCAACTGCATTTGATTCTGGTGCTCAAGCTATCTTGAATGCTCAACAAGCTGTTGAAGCTTTGTCTGCTTGTGATGATTTGGCT,0.01168429415507952,0.0085974922747058,0.029759278745024494,0.07244920462001811,0.23099422557939342,0.24963824757602043,0.1878011576551942,0.2090760993945641,2384.2222529486276
AAAGATAGAGATAATGAGAATCAAGGTGAAGAAGATCCAACTGCATTTGATTCTGGTTCTCAAGCTATCTTAAATTCTCAACAAGCTGTTGAAGCTTTGTCTGCTTGTGATGATTTGGCT,0.01489746905577035,0.013872723928084576,0.06007280426583288,0.1549726409131507,0.21668292067052722,0.1751077598521878,0.16295338609074222,0.20144029522370435,2210.1228141891465
AAAGATAGAGATAATGAGAATCAAGGTGAAGAAGATCCAACTGCATTTGATTCTGGTTCTCAAGCTATCTTAAATTCTCAACAATTGGTTGAAGCTTTGTCTTTGTGTGATGATTTGTTG,0.30865436913985944,0.15024389718577497,0.0456803143885841,0.07218835963217345,0.09290324781938931,0.07928135437082254,0.11721016564466781,0.1338382918187284,1465.5099614046926
AAAGATAGAGATAATGAGAATCAAGGTGAAGAAGATCCAACTGCATTTGATTCTGGTTCTCAAGCTATCTTGAATGATCAACAAGCTGTTGAAGCTTTGTCTGCTTGTGATGATTTGGCT,0.007619434996865486,0.012341176998811935,0.03279870074340855,0.056583720977857466,0.15819003216011607,0.18878585643180865,0.22680276069655408,0.31687831699457775,3024.75119362587
AAAGATAGAGATAATGAGAATCAAGGTGAAGAAGATCCAACTGCATTTGATTCTGGTTCTCAAGCTATCTTGAATGCTCAACAAGCTGTTGAAGCTTTGTCTGCTTGTGATGATTTGGCT,0.006166599382192064,0.013366148433181447,0.05958029092547827,0.10841364333373264,0.2432457426178994,0.20740917669706743,0.19297259179509985,0.16884580681534897,2121.355531859352
AAAGATAGAGATAATGAGAATCAAGGTGAAGAAGATCCAACTGCATTTGATTCTGGTTCTCAATTTATCTTAAATTCTCAACAAGCTGTTGAAGCTTTGTCTTTGTGTGATGATTTGTTG,0.013868169013864654,0.13527200041202506,0.28787138706861004,0.3680124727635478,0.12660337504471186,0.05411797094557802,0.009114883923709996,0.005139740827952545,535.4799132161932
AAAGATAGAGATAATGAGAATCAAGGTGAAGAAGATCCAACTGCATTTGATTCTGGTTCTCAATTTATCTTAAATTCTCAACAATTGGTTGAAGCTTTGTCTTTGTGTGATGATGCTTTG,0.045003765395872274,0.006359955529167096,0.024350140743729362,0.07130191550953484,0.2284697315723387,0.3107452822052367,0.2053554749595537,0.10841373408456723,1873.1931562843245
AAAGATAGAGATAATGAGAATCAAGGTGAAGAAGATCCAACTGCATTTGATTCTGGTTCTCAATTTATCTTAAATTCTCAACAATTGGTTGAAGCTTTGTCTTTGTGTGATGATTTGGCT,0.0168193822751126,0.03274872859648663,0.03318986097793976,0.07867464308704877,0.10125080970201888,0.15840909160887728,0.30338667464852265,0.2755208091039936,2891.70744853061
AAAGATAGAGATAATGAGAATCAAGGTGAAGAAGATCCAACTGCATTTGATTCTGGTTCTCAATTTATCTTAAATTCTCAACAATTGGTTGAAGCTTTGTCTTTGTGTGATGATTTGTTG,0.05494300325811953,0.4279142890136829,0.27104899127980464,0.051400474770815247,0.14175032818901334,0.0,0.0,0.05294291348856438,670.5373661213255
AAAGATAGAGATAATGAGAATCAAGGTGAAGAAGATCCAACTGCTGCTGATTCTGGTGATCAAGCTATTGCTAATGATCAACAAGCTGTTGAAGCTGCTTCTGCTTGTGATGATGCTGCT,0.0027690720832184617,0.017419055462018603,0.016182552710733024,0.011557759098706485,0.12346425182066514,0.1541079327856376,0.31202521736318706,0.3624741586758336,3434.500493100677
AAAGATAGAGATAATGAGAATCAAGGTGAAGAAGATCCAACTGCTGCTGATTCTGGTGATCAAGCTATTGCTAATTCTCAACAAGCTGTTGAAGCTGCTTCTGCTTGTGATGATGCTGCT,0.007216174498983178,0.01703802814806975,0.029011659198669847,0.04170595503549298,0.15640843503285293,0.18113571231321252,0.2495413494947058,0.3179426862780129,3071.253301365168
AAAGATAGAGATAATGAGAATCAAGGTGAAGAAGATCCAACTGCTGCTGATTCTGGTGATCAATTTATCTTGAATGATCAACAAGCTGTTGAAGCTTTGTCTTTGTGTGATGATTTGTTG,0.0013751562718771764,0.06998799936138304,0.23487802909271724,0.339633653089392,0.19559097290787927,0.11231227409431856,0.025167604642087595,0.02105431054034507,762.6248309146371
AAAGATAGAGATAATGAGAATCAAGGTGAAGAAGATCCAACTGCTGCTGATTCTGGTGATCAATTTATCTTGAATGATCAACAATTGGTTGAAGCTTTGTCTTTGTGTGATGATTTGTTG,0.3648861880248455,0.42771678842106414,0.1536520487346346,0.02246486666216981,0.010753144965303763,0.01009759329185909,0.007554109771115866,0.002875260129007155,276.327459946414
