AD,0,0,0,0,0,0,0,0,Activity
AAACAAAGACAGAATCAGAATCAAGGTCAACAACAACCAACTTGGTTTCAATCTGGTTCTCAATTTATCTTAAATTCTCAACAATTGGTTCAAGCTTTGTCTTTGTGTCAACAATTGTTG,0.18187122707042766,0.19498394761206722,0.15767558472214782,0.14408680665340123,0.11311242034086262,0.0956499214607583,0.05392105891974191,0.05869903322059315,925.7038108532315
AAACAAAGAGATAATGAAGATAATGGTGAAGAAGATCCAACTTGGTTTGATTCTGGTTCTCAATTTATCTTAAATTCTCAACAATTGGTTGAAGCTTTGTCTTTGTGTGATGATTTGTTG,0.0009437344157658844,0.0007193283915426013,0.0226681795370193,0.10624363456333615,0.31215724044088466,0.36727164289256015,0.15553189157451433,0.03446434818437684,1424.5481728311456
AAACAAAGATCTATTCCATTGTCTCCAATTGTTCCAGAATCTTCTGATCCAGCTGCTTTGAAGAGAGCTAGAAATACTGAAGCTGCTAGAAGATCTAGAGCTAGGAAATTGCAAAGAATG,0.10003841898979521,0.12581376900819244,0.24896492890414745,0.1111392897268495,0.12322313008167977,0.06877181628775009,0.1623657815350671,0.059682865466518485,1170.1931287022194
AAACAAATTGATATTTATAAATATGATCCATGGGATTTGCCAAGAGTTTCTTCTGTTGGTGAGAAAGAATGGTACTTCTTCTGTATGAGAGGTAGGAAATATAGAAATTCTGTTAGACCA,0.4573544620061094,0.1825268974779579,0.21110234318562127,0.1031437940151574,0.0448513921830592,0.0005926117749143026,0.00011992438494394819,0.0003085749722365708,267.61141215824927
AAACAAATTGTCTTGGATCCATCTAATATTGAATTGGATACTCCACCAGAATTTAGATTGTCTCAATTGGAATTTGGTTCTCAAGATTCATTCTTGGCTTGGGGTACTGGTAAGACTGAT,0.07761398380865303,0.04969316643469653,0.017559762771886204,0.07054895698549156,0.06257562613628904,0.07114139667206038,0.31410739930710163,0.3367597078838217,3163.539742746486
AAACAACAACCATGCTTTGGTGATTATGCTCATTTGGGTGGTACTGATGACTTTAAGAGAGATTTGGAAGATTGTCAGAAATTGGTCTTGGATCCATGTAATATTGATTTGGATACTCCA,0.14688205461322595,0.1431633309962917,0.09138609109717939,0.11218692357770212,0.09046157818685747,0.11780377386480112,0.10642616388738897,0.19169008377655328,1865.1225812491002
AAACAAGAATTGATGGAAGAAGATGATGAGAAAGATAGAGATAATGAGAATCAAGGTGAAGAAGATCCAACTTGGTTTGATTCTGGTTCTCAATTTATCTTAAATTCTCAACAATTGGTT,0.1666153394592694,0.18626180749029989,0.09214543452783958,0.09255199488403588,0.14594118347813903,0.10181367991060722,0.1373574118168145,0.07731314843299451,1243.306954088792
AAACAAGATTTGGAGAAATGTCATGAATTGGGTTTGTCTGATGCTGACTTTAGATTGGATCAAATTGAATTTGATCAAGATTCTTGTACTGCTGCTTGGGCTGGTGGTAATATGTTGGAT,0.0016766354452837878,0.0006397084828287036,0.0026065397256180827,0.011253520892276866,0.05065502318304694,0.12388310298516068,0.40926189376745503,0.40002357551832984,3818.736163602661
AAACAAGATTTGGAGAAATGTCATGAATTGGGTTTGTCTGATGCTGACTTTAGATTGGATCAAATTGAGTTCTCTCAAGATTCTTGTACTGCTGCTTGGGCTGGTGGTAATATGTTGGAT,0.08304810738186523,0.09748277182512961,0.12630521239636694,0.16914998818892568,0.10456840276308743,0.10572547733800206,0.11553422029167953,0.19818581981494354,1943.4214973915766
AAACAAGATTTGGAGAAATGTCATGAATTGGGTTTGTCTGATGCTGACTTTAGATTGGCTCAAATTGAATTTGCTCAAGATTCTTGTACTGCTGCTTGGGCTGGTGGTAATATGTTGGAT,0.19159025760901977,0.13944592281474466,0.19021650131766188,0.1200113261491814,0.06025349266975003,0.08780633235286861,0.14744491844502539,0.06323124864174831,1132.6108176503508
AAACAAGATTTGGAGAAATGTCATGAATTGGGTTTGTCTGATGCTGACTTTAGATTGGCTCAAATTGAGTTCTCTCAAGATTCTTGTACTGCTGCTTGGGCTGGTGGTAATATGTTGGAT,0.06781408513048276,0.11111637343472806,0.09885009196634467,0.21740725568367464,0.21956600857846476,0.15095698037380442,0.08805166688945451,0.04623753794304623,1072.4130150373248
AAACAAGATTTGGAGAAATGTCATGAATTGGGTTTGTCTGATGCTGACTTTAGATTGTCTCAAATTGAATTTGATCAAGATTCTTGTACTGCTGCTTGGGCTGGTGGTAATATGTTGGAT,0.001919905792495907,0.004573990665347287,0.013794686807182396,0.0661789573380379,0.17867026971562028,0.2945651837016927,0.33029723092038626,0.1099997750592373,2133.7288522264844
AAACAAGATTTGGAGAAATGTCATGAATTGGGTTTGTCTGATGCTGACTTTAGATTGTCTCAAATTGAATTTGCTCAAGATTCTTGTACTGCTGCTTGGGCTGGTGGTAATATGTTGGAT,0.11064487377625505,0.09647943047662018,0.04130417105470808,0.18028662838864923,0.1344705468264687,0.17241007092960697,0.1983936080189845,0.06601067052870734,1413.1524443466421
AAACAAGATTTGGAGAAATGTCATGAATTGGGTTTGTCTGATGCTGACTTTAGATTGTCTCAAATTGAGTTCTCTCAAGATTCTTGTACTGCTGCTTGGGCTGGTGGTAATATGTTGGAT,0.0024148299032241667,0.0023862313540349827,0.014273205314037534,0.09715547205591518,0.3184399967530253,0.40419107353969297,0.16093337876788294,0.0002058123121868605,1269.4423543821438
AAACAAGATTTGGTTATTCCATCTAATATTGAATTGGATACTCCACCAGAATTTAGATTGTCTCAATTGGAATTTGGTTCTCAAGATTCATTCTTGGCTTGGGGTACTGGTAAGACTGAT,0.09983047779393829,0.1506627009900099,0.18633557030452177,0.27727068528147475,0.1475603962022657,0.045752577513667576,0.09258759191412202,0.0,662.7815460773013
AAACAAGTTATCTTGGATCCATCTAATATTGAATTGGATACTCCACCAGAATTTAGATTGTCTCAATTGGAATTTGGTTCTCAAGATTCATTCTTGGCTTGGGGTACTGGTAAGACTGAT,0.002871776851637759,0.00016854614535262948,2.9779047511465926e-05,0.004945192320015165,0.011920816649768502,0.08673382929210974,0.4606503004371569,0.4326797592564479,4074.9639148130896
AAACAGAAATATTTGTGTGCTTCTAGAAATGATTGTACTATTGATAAATTTAGAAGGAAGAATTGTCCATCTTGTAGATTGAGGAAATGTTATGAAGCTGGTATGACTTTGGGTGCTAGA,0.12916586674960656,0.11262925100553034,0.11786654324935782,0.18176526832849568,0.19516401473778347,0.20521649365406786,0.047917857648769456,0.010274704626388798,793.2397565681866
AAACCAAATTCTGTTGTTAAGAAATCTCATCATGTTGGTAAAGATGATGAATCTAGATTGGATCATTTGGGTGTTGTTGCTTATAATAGGAAACAAAGATCTATTCCATTGTCTCCAATT,0.11153292565440263,0.26183712273090176,0.18504748599870402,0.10325774723652498,0.07327017677187789,0.08519306827423648,0.06896067035288345,0.11090080298046884,1246.2668794161293
AAACCAGAGAAGACTAATTGGGTTATGCATCAATATCATTTGGGTACTGGTGAAGATGAGAAAGATGGTGAATATGTTATTTCTAAAGTCTTCTATCAACAACAACAAATTAAACAATCT,0.009840813382517499,0.0026055459687407616,0.00966740721193131,0.06674768101599275,0.2107865281665008,0.28342237809672527,0.34585935776355375,0.07107028839403792,1935.913063091481
AAACCAGATTATTCTAAATGGGTTATTTGTAGAGTTTATGAACAGAATTGTTCTGAAGAAGAAGATGATGATGGTACTGAATTGTCTTGTTTGGATGAAGTCTTCTTGTCTTTGGATGAT,0.017538972587869798,0.027048689729188318,0.13003730435244365,0.298432067209165,0.2773423730173733,0.22164213392371138,0.02317503456305714,0.0047834246171914955,804.1717376786867
AAACCAGTCTTGTTGGATGGTAAACAATTGGGTTCTAAGAAGATTATGGTCTTGTATATGTCTCCAGCTAAAGGTGGTAAAGCTGAGAAGACTAATTGGGTTATGCATCAATATCATTTG,0.5303808266852065,0.22842468163571436,0.15637816092496876,0.0710021413114701,0.005621544460639126,0.004774348491986784,0.0025304323678074932,0.0008878641222069044,240.7050185300614
AAACCATCTTCTACTACTAATGATTCTTCTTCTATTTGGATTTCTCCAGACTTTATCTTGGATTCTTCTAAAGATTATCCACAAATTAAAGAAGTTGCTTCTGAATGCTTTCCAAATTAT,0.21265787189374666,0.1640360810110195,0.08820669847240512,0.07875189377494828,0.048896036044580274,0.025989780496475514,0.14463470985919258,0.23682692844763206,2090.9535190481756
AAACCATCTTTGGCTGATTATGCTCAATTGGGTCCAGAAGATTTGAAGAAAGATTTGGAAGAATGTCAACATTTGGTCTTGGATCCAGCTAATATTGATATGGATACTCCACCAGACTTT,0.3051253047697362,0.18513364936430868,0.07245832618280397,0.0750422290637588,0.06885628526349977,0.0661836989510376,0.11881171346200178,0.10838879294285314,1289.3486327649432
AAACCATCTTTGGCTGATTATGCTCAATTGGGTCCAGAAGATTTGAAGAAAGATTTGGAAGAATGTCAACATTTGGTCTTGGATCCAGCTAATATTGATATGGATGATCCACCAGACTTT,0.10182062460586103,0.09333798907802529,0.10699123432715933,0.2161834741039458,0.2341143023051317,0.18458468347614912,0.04406889661649088,0.018898795487236743,844.6300609510013
AAACCATCTTTGGCTGATTATGCTCAATTGGGTCCAGAAGATTTGAAGAAAGATTTGGAAGAATGTCAACATTTGGTCTTGGATCCAGCTAATATTGATATGGATGCTCCACCAGACTTT,0.01900192231449518,0.02093907149268395,0.01801522059355449,0.06534199612996287,0.14355539663669117,0.2761880529942919,0.3457523166124364,0.11120602322588416,2136.506249129588
AAACCATTGGATGGTGAATACTTTACTTTGCAAATTAGAGGTAGAGAAAGATTTGAAATGTTTAGAGAATTGAATGAAGCTTTGGAATTGAAAGATGCTCAAGCTGGTAAAGAACCAGGT,0.4450677507839797,0.3042580096906482,0.15479123598503203,0.04847060407534507,0.004472741509237849,0.027383357008484502,0.014670061538151265,0.0008862394091215098,296.21661059199687
AAAGAAAGAGAGAATGAGAATCAAGGTGAAGAAGAACCAACTTGGTTTGAATCTGGTTCTCAATTTATCTTAAATTCTCAACAATTGGTTGAAGCTTTGTCTTTGTGTGAAGAATTGTTG,0.043400610642333054,0.1309991371069388,0.05400540138517814,0.24108303036019002,0.17106896793641105,0.23868740446009407,0.12075544810885487,0.0,943.019436470966
AAAGAAATGGATGATTTGGAAGAACAAGAGAAAGATAGAGATAATGAGAATCAAGGTGAAGAAGATCCAACTTGGTTTGATTCTGGTTCTCAATTTATCTTAAATTCTCAACAATTGGTT,0.32366208438214333,0.2936135008773004,0.13204846147435406,0.07073657618708148,0.020914013638095443,0.04863449414912372,0.07873568558420412,0.031655183707697446,682.5964955407412
AAAGAAGAAGAATTGGAACAAGATATGGATAAAGATAGAGATAATGAGAATCAAGGTGAAGAAGATCCAACTTGGTTTGATTCTGGTTCTCAATTTATCTTAAATTCTCAACAATTGGTT,0.1525676976699487,0.11370515753977213,0.26719220451565684,0.15694216324241966,0.12806842492894577,0.09840900501314793,0.0628882795149763,0.020227067575132474,738.667560398241
AAAGAATGTCCTAAATGTTCTCATGTTATTGATAATTCTGATGTTGTTCATCATTGGCCAGGTTTGCCTAAAGGTGTTAAATTTGATCCATCTGATCAAGAATTGATTTGGCATTTGTTG,0.0682678481853907,0.046995611569073496,0.08494886335443137,0.0958020168877047,0.15224620383314885,0.19101743899340307,0.18494612454496087,0.17577589263188695,2070.9740589469848
AAAGAATTGCAAGAAGATGAAGATATGGAGAAAGATAGAGATAATGAGAATCAAGGTGAAGAAGATCCAACTTGGTTTGATTCTGGTTCTCAATTTATCTTAAATTCTCAACAATTGGTT,0.012389258543310433,0.03739537657530967,0.01541653148639339,0.02294007656675521,0.01220845537155988,0.02649747632560286,0.20299697678230846,0.6701558483487601,4858.819675748675
AAAGACTTTAGAGATTTGGAAGAATGTCAGAAGATTGTCTTGGATCCATCTAATATTGAATTGGATACTCCACCAGAATTTAGATTGTCTCAATTGGAATTTGGTTCTCAAGATTCATTT,0.26966080008765503,0.16278725852116535,0.02237009960773405,0.07988906686466296,0.05314509874534592,0.19773803641608456,0.1500578460535073,0.06435179370384492,1232.931547192067
AAAGAGAAATCTCCACAATCTCCACCAAATGTCTTTCAAACTAGAGTCTTGGGTGCTAAAGATTCTGAAGATAAAGTCTTGAATGAATCTGTTGCTTCTGCTACTCCTAAAGATAATCAA,0.052636935658885005,0.11526427981802095,0.14255575649778815,0.18575317003586747,0.18001516480065338,0.1674465099000136,0.11199430086678394,0.04433388242198741,1112.1158892433637
AAAGATAAGAAATATCCAACTGGTACTAGAACTAATAGAGCTACTGTTGCTGGATTCTGGAAAGCTACTGGTAGAGATAAGATTATTTGTTCTTGTGTTAGAAGAATTGGTTTGAGGAAA,0.07375506935277586,0.22262014979696793,0.022944217060756722,0.14339391488485906,0.19986648442663316,0.18591181082041636,0.08550500325321522,0.06600335040437558,1190.2753811909488
AAAGATAAGAAGAAGAAGAAGACTTCTGTTATGACTACTGATTGGAGAGCTTTGGATAAATTTGTTGCTTCTCAATTGATGTCTCAAGAAGATGGTGTTTCTGGATTTGGTGGTCATCAT,0.19043492199531076,0.28740160665020387,0.0,0.05289168447350668,0.09382790092880798,0.2618305167651539,0.0,0.1136133691870168,1273.6518268984082
AAAGATAATAGACAAGATAATGGTGAAGAAGAAGATCCAACTTGGTTTGATTCTGGTTCTCAATTTATCTTAAATTCTCAACAATTGGTTGAAGCTTTGTCTTTGTGTGATGATTTGTTG,0.0005549287053097338,0.0010838109868678792,0.03789756191155652,0.0545064688019118,0.24623448078563195,0.46275240706932524,0.19069948343714424,0.00627085830225247,1395.6377478476181
AAAGATAATAGAGAAGATAATCAAGGTGAAGAAGATCCAACTTGGTTTGATTCTGGTTCTCAATTTATCTTAAATTCTCAACAATTGGTTGAAGCTTTGTCTTTGTGTGATGATTTGTTG,0.03192623439683761,0.0642434763806474,0.0529697340751766,0.08276091443147052,0.11535449763425071,0.13656420796103733,0.3257091972022339,0.19047173791834582,2408.2491846915837
AAAGATAATAGAGAGAATGAACAAGATGGTGAAGATCCAACTTGGTTTGATTCTGGTTCTCAATTTATCTTAAATTCTCAACAATTGGTTGAAGCTTTGTCTTTGTGTGATGATTTGTTG,0.035739196960669004,0.0712110398952203,0.16916780021445482,0.20397488765217595,0.2513572413867122,0.20939901061657165,0.047444635348952116,0.011706187925243909,854.6755530807623
AAAGATAATCAGAATGATGAAAGAGGTGAAGAAGATCCAACTTGGTTTGATTCTGGTTCTCAATTTATCTTAAATTCTCAACAATTGGTTGAAGCTTTGTCTTTGTGTGATGATTTGTTG,0.2556209169984583,0.2952485789339539,0.22439691287447672,0.13347471388427243,0.04477112625793514,0.03232046693281418,0.007898215289018344,0.006269068829070937,385.19038750473305
AAAGATAATGAAGAGAATGATAGAGGTCAAGAAGATCCAACTTGGTTTGATTCTGGTTCTCAATTTATCTTAAATTCTCAACAATTGGTTGAAGCTTTGTCTTTGTGTGATGATTTGTTG,0.05785961356124216,0.07828768987817994,0.10178944484159788,0.22387196026191913,0.2359251179116238,0.17007594425582573,0.1036227698703482,0.02856745941926329,1034.0791876267115
AAAGATAATGATGGTCAGAATGAAGAAAGAGAAGATCCAACTTGGTTTGATTCTGGTTCTCAATTTATCTTAAATTCTCAACAATTGGTTGAAGCTTTGTCTTTGTGTGATGATTTGTTG,0.038898467345013024,0.09784166592671585,0.04840317477438022,0.08642975520492373,0.09582700226642846,0.12479090826624767,0.2525341809583612,0.2552748452579298,2608.562014653944
AAAGATAGAAATGATGAGAATCAAGGTGAAGAAGATCCAACTTGGTTTGATTCTGGTTCTCAATTTATCTTAAATTCTCAACAATTGGTTGAAGCTTTGTCTTTGTGTGATGATTTGTTG,0.32710086846690883,0.29009899903225034,0.1959758891562061,0.08883061441862852,0.023876096890655542,0.03109269565329674,0.031460498764222154,0.011564337617831835,440.28179073338003
AAAGATAGAGAAGATAATAATCAAGGTGAAGAAGATCCAACTTGGTTTGATTCTGGTTCTCAATTTATCTTAAATTCTCAACAATTGGTTGAAGCTTTGTCTTTGTGTGATGATTTGTTG,0.14452058146420838,0.08179063260491015,0.14611487406722254,0.16055746319303452,0.14241151420884207,0.18214397489288825,0.06701767293661212,0.07544328663228209,1178.6561610127014
AAAGATAGAGAGAATGATAATCAAGGTGAAGAAGATCCAACTTGGTTTGATTCTGGTTCTCAATTTATCTTAAATTCTCAACAATTGGTTGAAGCTTTGTCTTTGTGTGATGATTTGTTG,0.10218309014112367,0.12095155233717883,0.07479481097799995,0.1001664234870922,0.13030713476901148,0.06611405097091573,0.21183774585498105,0.19364519146169704,2088.1055355257
AAAGATAGAGATAAAGAGAAGAAAGGTGAAGAAGATCCAACTTGGTTTGATTCTGGTTCTAAATTTATCTTGAAATCTAAGAAATTGGTTGAAGCTTTGTCTTTGTGTGATGATTTGTTG,0.06665598003147584,0.07925763799507932,0.13572513937814729,0.20196145236146218,0.2567617295882476,0.17773739996226087,0.06743996219666647,0.014460698486660515,879.4001939166466
AAAGATAGAGATAATAATCAAGAAGGTGAAGAAGATCCAACTTGGTTTGATTCTGGTTCTCAATTTATCTTAAATTCTCAACAATTGGTTGAAGCTTTGTCTTTGTGTGATGATTTGTTG,0.16802021742663772,0.21734885267069123,0.05973582365155332,0.10666557801702287,0.0709578031002327,0.11000588471221216,0.06678430275656268,0.20048153766508728,1800.0119912733373
AAAGATAGAGATAATAATGAACAAGGTGAAGAAGATCCAACTTGGTTTGATTCTGGTTCTCAATTTATCTTAAATTCTCAACAATTGGTTGAAGCTTTGTCTTTGTGTGATGATTTGTTG,0.11101796120346713,0.0930814932080464,0.06907241012306502,0.10278099054070171,0.09116484655209106,0.33919887577521535,0.17160567117023556,0.02207775142717784,1229.336475385543
AAAGATAGAGATAATAATGAAGAAGGTCAAGAAGATCCAACTTGGTTTGATTCTGGTTCTCAATTTATCTTAAATTCTCAACAATTGGTTGAAGCTTTGTCTTTGTGTGATGATTTGTTG,0.04787544470253107,0.07924514118875299,0.12875594423523748,0.23677236441860464,0.24349301864787704,0.19959637583133116,0.045834314947768864,0.0184273960278967,879.8957229429982
AAAGATAGAGATAATCAAGAAGGTAATGAAGATGAACCAACTTGGTTTGATTCTGGTTCTCAATTTATCTTAAATTCTCAACAATTGGTTGAAGCTTTGTCTTTGTGTGATGATTTGTTG,0.013566013662578839,0.08871906311609022,0.03376164538707038,0.1054996666956806,0.05347214985968364,0.06217340689581468,0.2705081468098833,0.37229990757319836,3279.305043861429
AAAGATAGAGATAATCAAGAGAATGAAGGTGAAGATCCAACTTGGTTTGATTCTGGTTCTCAATTTATCTTAAATTCTCAACAATTGGTTGAAGCTTTGTCTTTGTGTGATGATTTGTTG,0.00018712854238469356,0.02062651136540351,0.02403557950035305,0.07948460042490418,0.24944907571325034,0.3452377480682619,0.2358764792700295,0.04510287711541282,1613.8502379898216
AAAGATAGAGATAATCAAGAGAATGGTGAAGAAGATCCAACTTGGTTTGATTCTGGTTCTCAATTTATCTTAAATTCTCAACAATTGGTTGAAGCTTTGTCTTTGTGTGATGATTTGTTG,0.09557044412010202,0.11218162690388525,0.07928183680487182,0.07963164091591052,0.07063179958277754,0.0803003530613627,0.20681880698650024,0.27558349162459,2557.5432629810143
AAAGATAGAGATAATCAGAATGAAGGTGAAGAAGATCCAACTTGGTTTGATTCTGGTTCTCAATTTATCTTAAATTCTCAACAATTGGTTGAAGCTTTGTCTTTGTGTGATGATTTGTTG,0.09954096076066044,0.10015051073746216,0.10321954500532259,0.11058663051038935,0.1471324582710663,0.12165304286833319,0.1692516464417176,0.14846520540504834,1788.450779676693
AAAGATAGAGATAATGAAACTGAAGAACCAGGTGATAATCAATGGTTTGATTCTGGTTCTCAATTTATCTTAAATTCTCAACAATTGGTTGAAGCTTTGTCTTTGTGTGATGATTTGTTG,0.17565143872302805,0.1371158220636251,0.07536940237766405,0.0471034319490918,0.04476415395971049,0.08050152862286059,0.24436140275495558,0.19513281954906433,2124.224948029623
AAAGATAGAGATAATGAAACTGAAGAAGATCAAGGTAATCCATGGTTTGATTCTGGTTCTCAATTTATCTTAAATTCTCAACAATTGGTTGAAGCTTTGTCTTTGTGTGATGATTTGTTG,0.0003977288369015668,0.007660289426019505,0.00480772159975656,0.10992926301802362,0.2712677876469034,0.4324467540433405,0.1562703582081701,0.017220097220884772,1371.4428491292338
AAAGATAGAGATAATGAACAAACTGAATGGTTTCCAAATGAAGGTGATGATTCTGGTTCTCAATTTATCTTAAATTCTCAACAATTGGTTGAAGCTTTGTCTTTGTGTGATGATTTGTTG,0.22697198179758302,0.30605328320693564,0.2673185494928972,0.10610625935703767,0.04503026117205002,0.03507932571155284,0.005301845665084669,0.00813849359685893,393.6747713132896
AAAGATAGAGATAATGAACAAGAAGATGGTAATGAACCAACTTGGTTTGATTCTGGTTCTCAATTTATCTTAAATTCTCAACAATTGGTTGAAGCTTTGTCTTTGTGTGATGATTTGTTG,0.14228629185642694,0.13014327050041824,0.2575323062246076,0.1437047665784885,0.1402098308015273,0.05928199248048208,0.09597320589860582,0.030868335659443646,840.9263752590249
AAAGATAGAGATAATGAACAAGAAGGTAATGAAGATCCAACTTGGTTTGATTCTGGTTCTCAATTTATCTTAAATTCTCAACAATTGGTTGAAGCTTTGTCTTTGTGTGATGATTTGTTG,0.12496344406148122,0.17786007173590682,0.16308309433659443,0.16930505732698467,0.14116024102394326,0.07822391935392153,0.10176332046633205,0.04364085169483609,953.5855406548671
AAAGATAGAGATAATGAACAAGAGAATGGTGAAGATCCAACTTGGTTTGATTCTGGTTCTCAATTTATCTTAAATTCTCAACAATTGGTTGAAGCTTTGTCTTTGTGTGATGATTTGTTG,0.006577807730549805,0.022208741118238756,0.07597173588033056,0.20629074599855146,0.3381952853277574,0.2928549751512357,0.05124181021376824,0.0066588985795680055,968.052024332399
AAAGATAGAGATAATGAACAATGGGAAGGTCCAGATAATGAAACATTTGATTCTGGTTCTCAATTTATCTTAAATTCTCAACAATTGGTTGAAGCTTTGTCTTTGTGTGATGATTTGTTG,0.001188988980388479,0.0004984457852708965,0.00016439048559735434,0.00025684680411197945,0.0002603638709129473,0.00015136579443428245,0.2527998506501154,0.7446797476291688,5390.065068170527
AAAGATAGAGATAATGAACAGAATGAAGGTGAACCAACTGATTGGTTTGATTCTGGTTCTCAATTTATCTTAAATTCTCAACAATTGGTTGAAGCTTTGTCTTTGTGTGATGATTTGTTG,0.002699671634940426,0.002598107571223432,0.029795771365232683,0.018517069188393884,0.228436559894033,0.4708069142622469,0.24700585194436556,0.00014005413956391356,1480.3929422294452
AAAGATAGAGATAATGAACAGAATGGTGAAGAAGATCCAACTTGGTTTGATTCTGGTTCTCAATTTATCTTAAATTCTCAACAATTGGTTGAAGCTTTGTCTTTGTGTGATGATTTGTTG,0.06299557524718241,0.14260800499348425,0.17384508349889846,0.26809132921558876,0.1807219761027417,0.1289883660600947,0.030626076053772384,0.012123588828237301,702.6591138929884
AAAGATAGAGATAATGAACCAAATGAAGATACTCAATGGTTTGAAGGTGATTCTGGTTCTCAATTTATCTTAAATTCTCAACAATTGGTTGAAGCTTTGTCTTTGTGTGATGATTTGTTG,0.24312209097616244,0.13641760377334985,0.127992675553961,0.13505019761834453,0.059893519598988566,0.047140716073914846,0.06070699746143154,0.1896761989438473,1649.323060474528
AAAGATAGAGATAATGAACCAGGTGAAGATGAAACTAATCAATGGTTTGATTCTGGTTCTCAATTTATCTTAAATTCTCAACAATTGGTTGAAGCTTTGTCTTTGTGTGATGATTTGTTG,0.1757467491976422,0.20629344594532106,0.13364380709671914,0.1844015275291165,0.10583343316009101,0.10739361289428404,0.06338733230665322,0.023300091870172894,748.8828914950425
AAAGATAGAGATAATGAACCATTTGAAACTTGGGGTGATCAAGAGAATGATTCTGGTTCTCAATTTATCTTAAATTCTCAACAATTGGTTGAAGCTTTGTCTTTGTGTGATGATTTGTTG,0.11565048672341322,0.11635868514706381,0.14390928752963272,0.0642418836722906,0.17094410463622897,0.15900879095945689,0.16088974488611255,0.06899701644580122,1328.3056517846724
AAAGATAGAGATAATGAAGAACAAGGTAATGATGAACCAACTTGGTTTGATTCTGGTTCTCAATTTATCTTAAATTCTCAACAATTGGTTGAAGCTTTGTCTTTGTGTGATGATTTGTTG,0.0796362029449298,0.11654380211913652,0.11711231611165564,0.26541935951863427,0.19975207287255162,0.0862667870436164,0.10071606691470193,0.034553392474773834,959.5969614942908
AAAGATAGAGATAATGAAGAACAGAATGGTGAAGATCCAACTTGGTTTGATTCTGGTTCTCAATTTATCTTAAATTCTCAACAATTGGTTGAAGCTTTGTCTTTGTGTGATGATTTGTTG,0.006832362111888526,0.004667099559955732,0.017032087044764808,0.07977664555562598,0.3573035104363016,0.39616578437818506,0.1339282039247875,0.004294306988490833,1238.3518361685296
AAAGATAGAGATAATGAAGAACCAACTAATCAAGAAGATGGTTGGTTTGATTCTGGTTCTCAATTTATCTTAAATTCTCAACAATTGGTTGAAGCTTTGTCTTTGTGTGATGATTTGTTG,0.3915027464869657,0.282246339991579,0.21232232359268746,0.06197426837119708,0.0188212071998545,0.014719115241256036,0.008405937286354713,0.010008061830105474,344.3556127739412
AAAGATAGAGATAATGAAGAAGAGAATGATGGTCAACCAACTTGGTTTGATTCTGGTTCTCAATTTATCTTAAATTCTCAACAATTGGTTGAAGCTTTGTCTTTGTGTGATGATTTGTTG,0.11621960183868689,0.0016354025916235804,0.009101798432084762,0.012640730692506803,0.08649330756956367,0.2398731448255625,0.45451717325088725,0.0795188407990845,2104.389380730292
AAAGATAGAGATAATGAAGAAGATAATGAAGGTCAACCAACTTGGTTTGATTCTGGTTCTCAATTTATCTTAAATTCTCAACAATTGGTTGAAGCTTTGTCTTTGTGTGATGATTTGTTG,0.18914895067679346,0.2904689223613787,0.17342820505811984,0.17695837253500005,0.04904963089901507,0.03649998938709025,0.0369317566997418,0.04751417238286077,724.9557175123048
AAAGATAGAGATAATGAAGAAGATCAAGAAGGTAATCCAACTTGGTTTGATTCTGGTTCTCAATTTATCTTAAATTCTCAACAATTGGTTGAAGCTTTGTCTTTGTGTGATGATTTGTTG,0.007607748281911736,0.008520512963079124,0.03929658859725767,0.132472723892389,0.2939160115570029,0.3231968529642448,0.16304396832371787,0.031945593420396906,1374.729024967129
AAAGATAGAGATAATGAAGAAGATGGTCAGAATGAACCAACTTGGTTTGATTCTGGTTCTCAATTTATCTTAAATTCTCAACAATTGGTTGAAGCTTTGTCTTTGTGTGATGATTTGTTG,0.21461585442213665,0.16410685936772262,0.1068226017113698,0.20028198413157142,0.14380901719630967,0.02360616612985586,0.09554163699892766,0.05121588004210631,919.3396003921446
AAAGATAGAGATAATGAAGAAGATGGTGAACAAACTCCAAATTGGTTTGATTCTGGTTCTCAATTTATCTTAAATTCTCAACAATTGGTTGAAGCTTTGTCTTTGTGTGATGATTTGTTG,0.02977798362911954,0.02291084240342758,0.037054132062447294,0.09340893064530799,0.09320850219564655,0.11881205200009914,0.20144555538391923,0.4033820016800327,3387.994587340861
AAAGATAGAGATAATGAAGAAGATGGTGAACAGAATCCAACTTGGTTTGATTCTGGTTCTCAATTTATCTTAAATTCTCAACAATTGGTTGAAGCTTTGTCTTTGTGTGATGATTTGTTG,0.13059190948578425,0.2377562346304086,0.18571610952160708,0.15890062697454335,0.09191865064117168,0.08550089244773992,0.05767486896142449,0.05194070733732067,881.268108560314
AAAGATAGAGATAATGAAGAAGGTCAGAATCCAGAAACTGATTGGTTTGATTCTGGTTCTCAATTTATCTTAAATTCTCAACAATTGGTTGAAGCTTTGTCTTTGTGTGATGATTTGTTG,0.0010583666924296796,0.001403662899421933,0.0004190374914713932,0.0017637142358155693,0.11130815381643903,0.16187518545203095,0.409675894427111,0.3124959849852805,3357.0675402544603
AAAGATAGAGATAATGAAGAAGGTCAGAATGAAGATCCAACTTGGTTTGATTCTGGTTCTCAATTTATCTTAAATTCTCAACAATTGGTTGAAGCTTTGTCTTTGTGTGATGATTTGTTG,0.25955867117148773,0.24482635043073403,0.1345753935654968,0.10513157018731376,0.039964186040433614,0.012391295812727667,0.07773482800887334,0.1258177047829331,1240.4681740738156
AAAGATAGAGATAATGAAGAAGGTGAAGATACTAATCCACAATGGTTTGATTCTGGTTCTCAATTTATCTTAAATTCTCAACAATTGGTTGAAGCTTTGTCTTTGTGTGATGATTTGTTG,0.3002187846676345,0.26652106524803937,0.19777564466120284,0.0980979073356352,0.03480441518334242,0.03237437167038373,0.049136004061162045,0.02107180717259989,552.3233325146566
AAAGATAGAGATAATGAAGATCAAGAAGAAGGTAATCCAACTTGGTTTGATTCTGGTTCTCAATTTATCTTAAATTCTCAACAATTGGTTGAAGCTTTGTCTTTGTGTGATGATTTGTTG,0.1406255536908683,0.14148668967282957,0.1859236095914066,0.18552338562585416,0.1212516626029248,0.06444907094328807,0.09781718217884376,0.06292284569398471,1040.7546755541089
AAAGATAGAGATAATGAAGATGAACCAAATCAAGAAACTGGTTGGTTTGATTCTGGTTCTCAATTTATCTTAAATTCTCAACAATTGGTTGAAGCTTTGTCTTTGTGTGATGATTTGTTG,0.06858215200352179,0.17564176591490493,0.10085632373266512,0.15238488849744358,0.1720251156906282,0.13715513643899346,0.10408318360106937,0.08927143412077357,1316.4786514925681
AAAGATAGAGATAATGAAGATGAAGAAGGTCAGAATCCAACTTGGTTTGATTCTGGTTCTCAATTTATCTTAAATTCTCAACAATTGGTTGAAGCTTTGTCTTTGTGTGATGATTTGTTG,0.23338655420921298,0.1112285000552042,0.0764246737753821,0.15011210451572513,0.036312729094592926,0.1125912504569207,0.25063086384633027,0.02931332404663175,1175.9694483831452
AAAGATAGAGATAATGAAGATGAAGGTAATCAAGAACCAACTTGGTTTGATTCTGGTTCTCAATTTATCTTAAATTCTCAACAATTGGTTGAAGCTTTGTCTTTGTGTGATGATTTGTTG,0.08107376082794694,0.08972724737139712,0.06053031416634244,0.06304913851522537,0.6590975114573975,0.018578161742657813,0.003759585473473951,0.024184280445558853,783.8749924474023
AAAGATAGAGATAATGAAGATGGTAATGAAGAACAACCAACTTGGTTTGATTCTGGTTCTCAATTTATCTTAAATTCTCAACAATTGGTTGAAGCTTTGTCTTTGTGTGATGATTTGTTG,0.11361789622272046,0.1389206728710725,0.10401256385066586,0.13104077483515206,0.1912773842081174,0.24971565107761673,0.06661289419352387,0.004802162741131129,839.464633709263
AAAGATAGAGATAATGAAGGTAATCAAGAAGAAGATCCAACTTGGTTTGATTCTGGTTCTCAATTTATCTTAAATTCTCAACAATTGGTTGAAGCTTTGTCTTTGTGTGATGATTTGTTG,0.14422249451535765,0.03627641418961544,0.22432845960571393,0.04005657467634103,0.035529444351140964,0.09914633795225201,0.33439721421015384,0.08604306049942514,1699.7938086712666
AAAGATAGAGATAATGAAGGTCAAGAGAATGAAGATCCAACTTGGTTTGATTCTGGTTCTCAATTTATCTTAAATTCTCAACAATTGGTTGAAGCTTTGTCTTTGTGTGATGATTTGTTG,0.0545701750147171,0.06100482384329308,0.075449122891542,0.18187683949775935,0.32264281706112713,0.20563497028233307,0.08435167974409975,0.014469571665128472,976.7251084339927
AAAGATAGAGATAATGAAGGTGAACAGAATGAAGATCCAACTTGGTTTGATTCTGGTTCTCAATTTATCTTAAATTCTCAACAATTGGTTGAAGCTTTGTCTTTGTGTGATGATTTGTTG,0.00034738730950467417,0.006177906249469894,0.016169242457854942,0.07310870353109457,0.2788686501013921,0.4577374667235602,0.1495541985642531,0.018036445062870627,1385.2365464202096
AAAGATAGAGATAATGAAGGTGAGAATACTCAAGATGAACCATGGTTTGATTCTGGTTCTCAATTTATCTTAAATTCTCAACAATTGGTTGAAGCTTTGTCTTTGTGTGATGATTTGTTG,0.18901936648122705,0.1836190249569139,0.09732645602949143,0.15930587180286482,0.1413013756858478,0.10156396290550423,0.04231515972101902,0.08554878241713179,1081.9719462055068
AAAGATAGAGATAATGAAGGTGAGAATCAAGAAGATCCAACTTGGTTTGATTCTGGTTCTCAATTTATCTTAAATTCTCAACAATTGGTTGAAGCTTTGTCTTTGTGTGATGATTTGTTG,0.36077767326311716,0.20899247764922765,0.14964415451780622,0.09109358084776144,0.043092442295299314,0.05511512725015954,0.04562762529854141,0.04565691887808734,712.859779066335
AAAGATAGAGATAATGAAGGTGAGAATGAAACTCCAGATCAATGGTTTGATTCTGGTTCTCAATTTATCTTAAATTCTCAACAATTGGTTGAAGCTTTGTCTTTGTGTGATGATTTGTTG,0.08481833141468699,0.11636962603362477,0.14392281892342554,0.20559335731074077,0.1595628328367595,0.1272189936943628,0.04290796610813981,0.11960607367825993,1355.8038466066882
AAAGATAGAGATAATGAATGGCCAGATCAGAATGGTACTGAATTTGAAGATTCTGGTTCTCAATTTATCTTAAATTCTCAACAATTGGTTGAAGCTTTGTCTTTGTGTGATGATTTGTTG,0.00019274168906966105,0.009696098195767309,0.04582608638431633,0.20461601105536142,0.3186193045356799,0.3703719958969619,0.036632605771151176,0.014045156471692235,1052.9968400644643
AAAGATAGAGATAATGAATGGGGTCAAACTGAAGAACCAAACTTTGATGATTCTGGTTCTCAATTTATCTTAAATTCTCAACAATTGGTTGAAGCTTTGTCTTTGTGTGATGATTTGTTG,0.14769710773113048,0.1486015471488659,0.07351455630137481,0.19690377133555803,0.1455416837045175,0.1624559598072574,0.054792563712787797,0.07049281025850802,1100.895579782542
AAAGATAGAGATAATGAATTTAATCCAGATGAATGGACTGAACAAGGTGATTCTGGTTCTCAATTTATCTTAAATTCTCAACAATTGGTTGAAGCTTTGTCTTTGTGTGATGATTTGTTG,0.11584203663739943,0.20334264798141188,0.2465910053925244,0.24122295548579617,0.10399448431124611,0.06995500709819782,0.015230904807913205,0.0038209582855109506,503.12414179579304
AAAGATAGAGATAATGAGAATCAAACTCCAGATGAAGAAGGTTGGTTTGATTCTGGTTCTCAATTTATCTTAAATTCTCAACAATTGGTTGAAGCTTTGTCTTTGTGTGATGATTTGTTG,0.10258965919585583,0.1843176396633497,0.09118363676788444,0.1465375256303002,0.09387161887897362,0.09403423559982478,0.15631225434290646,0.13115342992090503,1599.631570364665
AAAGATAGAGATAATGAGAATCAAACTGAACCAGATGGTGAATGGTTTGATTCTGGTTCTCAATTTATCTTAAATTCTCAACAATTGGTTGAAGCTTTGTCTTTGTGTGATGATTTGTTG,0.009473958999489725,0.005199258450102496,0.016075757007115714,0.008611565766100967,0.01782270071721937,0.07183938727262952,0.39619604084086785,0.47478133094647434,4169.040282783677
AAAGATAGAGATAATGAGAATCAAACTGAAGAACCAGATGGTTGGTTTGATTCTGGTTCTCAATTTATCTTAAATTCTCAACAATTGGTTGAAGCTTTGTCTTTGTGTGATGATTTGTTG,0.2487848395156776,0.2503083007320107,0.15060384194210436,0.08217045092781287,0.053006310783500904,0.043142234900328286,0.0997773141982229,0.07220670700034242,1002.8035936987607
AAAGATAGAGATAATGAGAATCAAACTGATTCATTTCCAGAATGGGATGAAGGTGGTTCTCAATTTATCTTAAATTCTCAACAATTGGTTGAAGCTTTGTCTTTGTGTGATGATTTGTTG,0.2846468289935255,0.19980690350979113,0.16474386414877032,0.08457393396043417,0.2348312009710298,0.015169117473215522,0.01227884534276043,0.003949305600473135,444.14429331863573
AAAGATAGAGATAATGAGAATCAAACTGATTGGGGTTTTCCAGAAGAAGATTCTGGTTCTCAATTTATCTTAAATTCTCAACAATTGGTTGAAGCTTTGTCTTTGTGTGATGATTTGTTG,0.01640500257935231,0.024758190614443558,0.04082701768065163,0.13061537620754896,0.2802036549195913,0.33582441156624826,0.14200470002246057,0.02936164640970334,1315.094493391418
AAAGATAGAGATAATGAGAATCAACCAACTGAGTTCTGGGGTGAAGATGATTCTGGTTCTCAATTTATCTTAAATTCTCAACAATTGGTTGAAGCTTTGTCTTTGTGTGATGATTTGTTG,0.002561700584500744,0.020619099509081546,0.012750573436371464,0.022767699556172343,0.032816111874169905,0.014088411533131355,0.2708462692599573,0.6235501342466153,4731.101603035149
AAAGATAGAGATAATGAGAATCAACCAGGTGATGACTTCTCTTGGGAAACTGAAGGTTCTCAATTTATCTTAAATTCTCAACAATTGGTTGAAGCTTTGTCTTTGTGTGATGATTTGTTG,0.11834460444989203,0.10205940051304352,0.09466823809694891,0.1784328552922148,0.17492630614342145,0.18595766313579196,0.12543826791381074,0.020172664454876664,1001.7473305442691
AAAGATAGAGATAATGAGAATCAAGAAACTCCAGGTGATGAATGGTTTGATTCTGGTTCTCAATTTATCTTAAATTCTCAACAATTGGTTGAAGCTTTGTCTTTGTGTGATGATTTGTTG,0.13022851966725593,0.16014287455527332,0.09002745164101546,0.048226489130055464,0.15684536294031243,0.13263129372986593,0.1610402661389011,0.12085774219732039,1598.389829153629
AAAGATAGAGATAATGAGAATCAAGAACCAGAAACTGATTGGGGTTTTGATTCTGGTTCTCAATTTATCTTAAATTCTCAACAATTGGTTGAAGCTTTGTCTTTGTGTGATGATTTGTTG,0.022369728799727675,0.05064010263986177,0.03479461938516202,0.07455602943218025,0.1267488324609054,0.10764712462169324,0.409748580797882,0.1734949818625876,2472.9589590648707
AAAGATAGAGATAATGAGAATCAAGAACCATTTGAATGGACTGGTGATGATTCTGGTTCTCAATTTATCTTAAATTCTCAACAATTGGTTGAAGCTTTGTCTTTGTGTGATGATTTGTTG,0.29272469951094826,0.2443154304878926,0.17384705790370727,0.11456163099501057,0.062279583794258124,0.048784189141058365,0.027765713959188434,0.035721694207936396,627.4393387657622
AAAGATAGAGATAATGAGAATCAAGAAGAAACTGACTTTCCATGGGGTGATTCTGGTTCTCAATTTATCTTAAATTCTCAACAATTGGTTGAAGCTTTGTCTTTGTGTGATGATTTGTTG,0.0876304035176781,0.0881670178925359,0.1090425928454847,0.1872200105292594,0.13949099041502577,0.16064500213140243,0.13128659750824945,0.09651738516036422,1441.4306551467107
AAAGATAGAGATAATGAGAATCAAGAAGAACCAGATACTGGTTGGTTTGATTCTGGTTCTCAATTTATCTTAAATTCTCAACAATTGGTTGAAGCTTTGTCTTTGTGTGATGATTTGTTG,0.0014346604920534949,0.025466507914547305,0.03940224260941762,0.10257622012780257,0.18721741172235112,0.48101463533838434,0.1390449013655841,0.02384342042985937,1382.1931615433439
AAAGATAGAGATAATGAGAATCAAGAAGAACCAGATACTTGGTTTGGTGATTCTGGTTCTCAATTTATCTTAAATTCTCAACAATTGGTTGAAGCTTTGTCTTTGTGTGATGATTTGTTG,0.06482393457881638,0.08300840678191974,0.07333040112659316,0.1549460801581391,0.2593830842414148,0.23227024043015324,0.09473586622570968,0.03750198645725381,1130.3019808289746
AAAGATAGAGATAATGAGAATCAAGAAGAAGATGGTCCAACTTGGTTTGATTCTGGTTCTCAATTTATCTTAAATTCTCAACAATTGGTTGAAGCTTTGTCTTTGTGTGATGATTTGTTG,0.08192976200682035,0.14837664218210242,0.21069463943731367,0.21845084675774468,0.09149866541044245,0.11514913548613422,0.10131414157196025,0.03258616714748188,920.2015987605494
AAAGATAGAGATAATGAGAATCAAGAAGAAGGTGATCCAACTTGGTTTGATTCTGGTTCTCAATTTATCTTAAATTCTCAACAATTGGTTGAAGCTTTGTCTTTGTGTGATGATTTGTTG,0.36659756897484574,0.22130548160704264,0.13685232926197002,0.09163742904625782,0.03612476117522254,0.05880442948407646,0.03400002370319539,0.05467797674738933,739.4896595363406
AAAGATAGAGATAATGAGAATCAAGAAGATACTCCAGGTGAATGGTTTGATTCTGGTTCTCAATTTATCTTAAATTCTCAACAATTGGTTGAAGCTTTGTCTTTGTGTGATGATTTGTTG,0.11584690894093584,0.11189405777044922,0.06342763013139223,0.10810966804233883,0.1004575370882033,0.12317564667367581,0.18909792236944808,0.18799062898355676,2047.808929708333
AAAGATAGAGATAATGAGAATCAAGAAGATCCAACTGAAGGTTGGTTTGATTCTGGTTCTCAATTTATCTTAAATTCTCAACAATTGGTTGAAGCTTTGTCTTTGTGTGATGATTTGTTG,0.15450585574834863,0.17448692674329336,0.18048788409419317,0.21018460919453064,0.11807225679136632,0.09248711948124287,0.058488232666262796,0.01128711528076232,666.3021056068304
AAAGATAGAGATAATGAGAATCAAGAAGATGAACCATGGTCTGATGGTACATTTGGTTCTCAATTTATCTTAAATTCTCAACAATTGGTTGAAGCTTTGTCTTTGTGTGATGATTTGTTG,0.06866161133188664,0.06095476608527524,0.10051628373972145,0.08525492332183306,0.0795995237472527,0.08514816973520992,0.11986839413741184,0.3999963279014093,3130.3067607190837
AAAGATAGAGATAATGAGAATCAAGAAGATGAAGGTCCAACTTGGTTTGATTCTGGTTCTCAATTTATCTTAAATTCTCAACAATTGGTTGAAGCTTTGTCTTTGTGTGATGATTTGTTG,0.11549958539738024,0.11115438759674298,0.14997027545822253,0.1506319682368347,0.2177312017588638,0.15649984716336288,0.0326017016251828,0.06591103276341008,1051.5271811486853
AAAGATAGAGATAATGAGAATCAAGAAGATGGTGAACCAACTTGGTTTGATTCTGGTTCTCAATTTATCTTAAATTCTCAACAATTGGTTGAAGCTTTGTCTTTGTGTGATGATTTGTTG,0.21899326586610046,0.22033429511786126,0.16029618896128786,0.08586850203598265,0.101551707445594,0.03542301353815627,0.1314208171457821,0.04611220988923534,939.623961540512
AAAGATAGAGATAATGAGAATCAAGAAGGTGAAGATCCAACTTGGTTTGATTCTGGTTCTCAATTTATCTTAAATTCTCAACAATTGGTTGAAGCTTTGTCTTTGTGTGATGATTTGTTG,0.049725488664317766,0.14383621590542472,0.3325821117196516,0.15191916020884394,0.10412461246275508,0.10824929713621347,0.05764726556860307,0.051915848334190315,932.7142386538125
AAAGATAGAGATAATGAGAATCAAGAAGGTGATGAACCAACTTGGTTTGATTCTGGTTCTCAATTTATCTTAAATTCTCAACAATTGGTTGAAGCTTTGTCTTTGTGTGATGATTTGTTG,0.32293669775305334,0.29742970178930356,0.19342115440593285,0.09866883500503862,0.03559995316740867,0.04928465139652667,0.001987478868387829,0.0006715276143483012,333.58932104585307
AAAGATAGAGATAATGAGAATCAAGAATGGGAATTTCCAGATGGTACTGATTCTGGTTCTCAATTTATCTTAAATTCTCAACAATTGGTTGAAGCTTTGTCTTTGTGTGATGATTTGTTG,0.0009132117678924385,0.001417583191142764,0.02133094926251191,0.0997444925050916,0.31866205365072514,0.42916997324825096,0.1285438077200303,0.00021792865435478628,1222.9469494298928
AAAGATAGAGATAATGAGAATCAAGACTTCTGGGAAGATTCTACTCCAGGTGAAGGTTCTCAATTTATCTTAAATTCTCAACAATTGGTTGAAGCTTTGTCTTTGTGTGATGATTTGTTG,0.00018427570147828236,0.0003337274410588777,0.02416851920449158,0.06936050910529544,0.36201077899099227,0.41402754221560395,0.1274959941451872,0.0024186531958923516,1233.1058306801979
AAAGATAGAGATAATGAGAATCAAGATACTGAACCATCATTTGATGGTTGGGAAGGTTCTCAATTTATCTTAAATTCTCAACAATTGGTTGAAGCTTTGTCTTTGTGTGATGATTTGTTG,0.024804841205767918,0.023428772916879743,0.02645641654319671,0.06692496148835778,0.11622824924748025,0.4705012023282839,0.24085040189885737,0.030805154371176455,1602.3253257232484
AAAGATAGAGATAATGAGAATCAAGATGAAGAAGGTCCAACTTGGTTTGATTCTGGTTCTCAATTTATCTTAAATTCTCAACAATTGGTTGAAGCTTTGTCTTTGTGTGATGATTTGTTG,0.014913180854107514,0.039386821295423556,0.07886795371430917,0.18639042754618732,0.3030956097409795,0.23579891125222383,0.10373401492014936,0.037813080676619815,1193.7320988772926
AAAGATAGAGATAATGAGAATCAAGATGGTCCAGAAACTGAATGGTTTGATTCTGGTTCTCAATTTATCTTAAATTCTCAACAATTGGTTGAAGCTTTGTCTTTGTGTGATGATTTGTTG,0.1948742320307949,0.3314475516028521,0.16743431989728674,0.08763041030005049,0.04114935570711253,0.07229969399284755,0.038729088411874474,0.06643534805718117,858.014943065341
AAAGATAGAGATAATGAGAATCAAGATGGTGAAGAACCAACTTGGTTTGATTCTGGTTCTCAATTTATCTTAAATTCTCAACAATTGGTTGAAGCTTTGTCTTTGTGTGATGATTTGTTG,0.12558113668298018,0.17358384616662526,0.18839600991372082,0.25165104517036607,0.12606151840452615,0.07530452674059826,0.027212615152906603,0.03220930176827677,719.2094941692914
AAAGATAGAGATAATGAGAATCAAGATTCATTTGGTTGGGATACTCCAGAAGAAGGTTCTCAATTTATCTTAAATTCTCAACAATTGGTTGAAGCTTTGTCTTTGTGTGATGATTTGTTG,0.1410118721409081,0.1261114433655245,0.15597123619202583,0.10443960411111339,0.15439334376039682,0.1436136038488778,0.0435937333011593,0.13086516327999417,1413.1499434708953
AAAGATAGAGATAATGAGAATCAAGCTGCTGCTGCTCCAACTTGGTTTGATTCTGGTTCTCAATTTATCTTAAATTCTCAACAAGCTGCTGCTGCTTTGTCTTTGTGTGATGATTTGTTG,0.21182895378644856,0.20516450397161162,0.2075381773495639,0.18258733041859684,0.08547445602959497,0.0571889804548973,0.02879160613045717,0.021425991858829645,591.6026525451521
AAAGATAGAGATAATGAGAATCAAGCTGCTGCTGCTCCAACTTGGTTTGATTCTGGTTCTCAATTTATCTTAAATTCTCAACAATTGGTTGAAGCTGCTGCTGCTGCTGATGATTTGTTG,0.11355238395855395,0.09996676761758799,0.07064926026575272,0.11038374055649167,0.19581669171972724,0.19515511559189924,0.07898546129768703,0.13549057899230002,1601.160280599582
AAAGATAGAGATAATGAGAATCAAGCTGCTGCTGCTCCAACTTGGTTTGATTCTGGTTCTCAATTTATCTTAAATTCTCAACAATTGGTTGAAGCTTTGTCTTTGTGTGATGATTTGTTG,0.07193937769018212,0.11761734781811828,0.05594844908369598,0.059941656070359284,0.08861190915079005,0.10715253584941262,0.2251801442126208,0.27360858012482087,2623.764795156559
AAAGATAGAGATAATGAGAATCAAGCTGCTGCTGCTCCAACTTGGTTTGATTCTGGTTCTCAATTTATCTTAAATTCTCAACAATTGGTTGAAGCTTTGTCTTTGTGTGCTGCTGCTGCT,0.02205829797728947,0.02831568455531123,0.041645495713862626,0.14281094840481515,0.320799124356021,0.3388384465339629,0.07830448167443253,0.027227520784305168,1179.860003603662
AAAGATAGAGATAATGAGAATCAAGCTGCTGCTGCTCCAACTTGGTTTGATTCTGGTTCTCAATTTATCTTGGCTGCTGCTGCTTTGGTTGAAGCTTTGTCTTTGTGTGATGATTTGTTG,0.10595239664234986,0.06479681255335824,0.07755382489006696,0.10616936941916137,0.12897233485298534,0.19994581538638137,0.21001811000542878,0.106591336250268,1702.5527056629617
AAAGATAGAGATAATGAGAATCAAGCTGCTGCTGCTCCAACTTGGTTTGATTCTGGTTCTGCTGCTGCTGCTAATTCTCAACAATTGGTTGAAGCTTTGTCTTTGTGTGATGATTTGTTG,0.07284580027769579,0.09584322705824413,0.13248177117067764,0.13073180535441717,0.1490871918285912,0.16949524451423018,0.15590931387993576,0.09360564591620817,1486.3964669395507
AAAGATAGAGATAATGAGAATCAAGCTGCTGCTGCTCCAACTTGGTTTGCTGCTGCTGCTCAATTTATCTTAAATTCTCAACAATTGGTTGAAGCTTTGTCTTTGTGTGATGATTTGTTG,0.22171586125578424,0.13578390768091325,0.14394332530106732,0.14993318274061632,0.1519862548868851,0.11486684451798457,0.035761733092496736,0.04600889052425242,844.4069087552699
AAAGATAGAGATAATGAGAATCAAGCTGCTGCTGCTGCTGCTGCTGCTGATTCTGGTTCTCAATTTATCTTAAATTCTCAACAATTGGTTGAAGCTTTGTCTTTGTGTGATGATTTGTTG,0.07767181359362009,0.1705035173503141,0.12300992523332549,0.15689227256638041,0.13916055759414817,0.1100277149099166,0.10478047971143219,0.11795371904086303,1447.7338624834692
AAAGATAGAGATAATGAGAATCAAGGTACTGAAGAACCAGATTGGTTTGATTCTGGTTCTCAATTTATCTTAAATTCTCAACAATTGGTTGAAGCTTTGTCTTTGTGTGATGATTTGTTG,0.13010567570440287,0.19040347936171734,0.17661442089696455,0.14454299191487813,0.11655179362694383,0.09757273493223388,0.08775728596227299,0.056451617600586514,1002.2579122765667
AAAGATAGAGATAATGAGAATCAAGGTCCAGAAACTGAAGATTGGTTTGATTCTGGTTCTCAATTTATCTTAAATTCTCAACAATTGGTTGAAGCTTTGTCTTTGTGTGATGATTTGTTG,0.05343295157729005,0.09676827739664587,0.07978693260997531,0.11872439301374683,0.2106127020988815,0.2154985005887408,0.148668876220852,0.07650736649386772,1443.5711167905708
AAAGATAGAGATAATGAGAATCAAGGTGAAACATTCTGGGATCCAGAAGATTCTGGTTCTCAATTTATCTTAAATTCTCAACAATTGGTTGAAGCTTTGTCTTTGTGTGATGATTTGTTG,0.21375364583873321,0.17205007176265238,0.0,0.23747304900395036,0.16850737832988028,0.11755664762321133,0.03964908466515245,0.05101012277641982,904.834152852935
AAAGATAGAGATAATGAGAATCAAGGTGAAACTCCAGAAGATTGGTTTGATTCTGGTTCTCAATTTATCTTAAATTCTCAACAATTGGTTGAAGCTTTGTCTTTGTGTGATGATTTGTTG,0.034807826121013005,0.07004195131413558,0.014437666453608408,0.15468125590508133,0.2057991397760545,0.21270027589117815,0.18293390560999553,0.12459797892893353,1817.229143447541
AAAGATAGAGATAATGAGAATCAAGGTGAAACTCCAGATGAATGGTTTGATTCTGGTTCTCAATTTATCTTAAATTCTCAACAATTGGTTGAAGCTTTGTCTTTGTGTGATGATTTGTTG,0.1010656816337696,0.06778971227056915,0.06288036760448848,0.10292383170185797,0.11618923785957878,0.09263734953698607,0.2655773417179982,0.19093647767475172,2220.0272153746687
AAAGATAGAGATAATGAGAATCAAGGTGAAACTGAAGATCCATGGTTTGATTCTGGTTCTCAATTTATCTTAAATTCTCAACAATTGGTTGAAGCTTTGTCTTTGTGTGATGATTTGTTG,0.07065965240413319,0.0651143862153282,0.13894191557970154,0.209793103374679,0.2820878325248763,0.19082247399320093,0.03745019678600279,0.005130439122077971,781.9353859052864
AAAGATAGAGATAATGAGAATCAAGGTGAAACTGATTCTGAATGGCCATTTGATGGTTCTCAATTTATCTTAAATTCTCAACAATTGGTTGAAGCTTTGTCTTTGTGTGATGATTTGTTG,0.1516375727778344,0.17568222419596452,0.1543824776900504,0.0765746359549357,0.09961642893792279,0.11372057840147141,0.10228071730800803,0.1261053647338127,1451.0425627122875
AAAGATAGAGATAATGAGAATCAAGGTGAAACTTCATTTGATTGGGGTGATTCTCCAGAACAATTTATCTTAAATTCTCAACAATTGGTTGAAGCTTTGTCTTTGTGTGATGATTTGTTG,0.5457214169319218,0.2742639850589597,0.12305490506525911,0.020809602849952334,0.0033108044218063885,0.00810972953946174,0.011165931809898019,0.013563624322740771,324.2550134782281
AAAGATAGAGATAATGAGAATCAAGGTGAAACTTCTGATCCATGGGGTTCTGAATTTGATCAATTTATCTTAAATTCTCAACAATTGGTTGAAGCTTTGTCTTTGTGTGATGATTTGTTG,0.0003171680562825968,0.007471581830007595,0.03428159094299408,0.12124930638288751,0.35333123769180425,0.39127629058283425,0.08263780978685047,0.00943501472633923,1153.7891854016757
AAAGATAGAGATAATGAGAATCAAGGTGAAACTTGGTCATTTCCAGAAGATGATGGTTCTCAATTTATCTTAAATTCTCAACAATTGGTTGAAGCTTTGTCTTTGTGTGATGATTTGTTG,0.19325777610659003,0.09150174647895404,0.18389620492143308,0.1136662057308975,0.13442644272515414,0.12504079141069915,0.06325996477626986,0.0949508678500022,1208.1150250855608
AAAGATAGAGATAATGAGAATCAAGGTGAACCAACTGATGAATGGTTTGATTCTGGTTCTCAATTTATCTTAAATTCTCAACAATTGGTTGAAGCTTTGTCTTTGTGTGATGATTTGTTG,0.07996230783456551,0.06471136378403322,0.12113143817322432,0.17670522032101932,0.1601601633707358,0.13304433137934257,0.08383405459258156,0.18045112054449783,1822.6366151935101
AAAGATAGAGATAATGAGAATCAAGGTGAACCAGAATTTACTGATTGGGATTCTGGTTCTCAATTTATCTTAAATTCTCAACAATTGGTTGAAGCTTTGTCTTTGTGTGATGATTTGTTG,0.10828743328734128,0.23151990439931622,0.1684338714680811,0.13534162286208443,0.13338392002714905,0.09925684609987954,0.07532323472896008,0.048453167127188335,933.9486657672155
AAAGATAGAGATAATGAGAATCAAGGTGAACCAGACTTTACTGAATGGGATTCTGGTTCTCAATTTATCTTAAATTCTCAACAATTGGTTGAAGCTTTGTCTTTGTGTGATGATTTGTTG,0.037603671188171164,0.080118934703466,0.11009882260220306,0.28506251457287474,0.21579030240244884,0.13178837203123844,0.08411139211108655,0.05542599038851129,1116.1785917048342
AAAGATAGAGATAATGAGAATCAAGGTGAACCAGATGAAACTTGGTTTGATTCTGGTTCTCAATTTATCTTAAATTCTCAACAATTGGTTGAAGCTTTGTCTTTGTGTGATGATTTGTTG,0.06813605755723974,0.05484263693537937,0.06782789610970369,0.24222991504803634,0.25513850218718975,0.19985241052644487,0.06319266050963346,0.048779921126372756,1106.869152234207
AAAGATAGAGATAATGAGAATCAAGGTGAACCAGATTGGTTTACTGAAGATTCTGGTTCTCAATTTATCTTAAATTCTCAACAATTGGTTGAAGCTTTGTCTTTGTGTGATGATTTGTTG,0.06539936945483923,0.15791963917789315,0.08137948165874677,0.13078166546159603,0.18044589072655007,0.05994541519682483,0.23048719193242456,0.09364134639112531,1551.5718133020632
AAAGATAGAGATAATGAGAATCAAGGTGAACCATCTACATTCTGGGAAGATGATGGTTCTCAATTTATCTTAAATTCTCAACAATTGGTTGAAGCTTTGTCTTTGTGTGATGATTTGTTG,0.19423147638618124,0.181786859635059,0.12365600024266825,0.18065685853290267,0.08011965393645862,0.09108696842293913,0.08378587134361475,0.06467631150017629,1014.3644471504575
AAAGATAGAGATAATGAGAATCAAGGTGAACCATCTGATACTTGGGACTTTGAAGGTTCTCAATTTATCTTAAATTCTCAACAATTGGTTGAAGCTTTGTCTTTGTGTGATGATTTGTTG,0.09220841069172384,0.09277305899498071,0.057369610205883104,0.15366062420726392,0.12331375022890265,0.09659283104288569,0.19547090259028194,0.18861081203807806,2061.7606687732555
AAAGATAGAGATAATGAGAATCAAGGTGAAGAAACTTGGGATCCATTTGATTCTGGTTCTCAATTTATCTTAAATTCTCAACAATTGGTTGAAGCTTTGTCTTTGTGTGATGATTTGTTG,0.0017202525329347016,0.0017307866877542908,0.006421771063819335,0.03169310823429346,0.16089779333785945,0.2681861687662435,0.40431236102181034,0.12503775835528497,2351.600022274508
AAAGATAGAGATAATGAGAATCAAGGTGAAGAACCAACTGATTGGTTTGATTCTGGTTCTCAATTTATCTTAAATTCTCAACAATTGGTTGAAGCTTTGTCTTTGTGTGATGATTTGTTG,0.32769483346356454,0.09299273321504771,0.3239582808398091,0.14687750318056286,0.03919972728566377,0.060891677912887694,0.006818717207515897,0.0015665268949484295,389.1625119717577
AAAGATAGAGATAATGAGAATCAAGGTGAAGAACCATCTGATGATTCTTGGGGTTTTACTCAATTTATCTTAAATTCTCAACAATTGGTTGAAGCTTTGTCTTTGTGTGATGATTTGTTG,0.025019228710542664,0.027270139756301603,0.02853820902035768,0.06022361437780967,0.14176112980736055,0.18919527114777548,0.37126459799409534,0.156727809185757,2375.355491014833
AAAGATAGAGATAATGAGAATCAAGGTGAAGAAGACTTCTCTGATCCATCTTGGACTGGTCAATTTATCTTAAATTCTCAACAATTGGTTGAAGCTTTGTCTTTGTGTGATGATTTGTTG,0.0020711523288371213,0.006464142021695716,0.011501113896656909,0.08208393867036295,0.27027703100166445,0.43197663465246444,0.1783941569143117,0.017231830514006723,1416.1793079994206
AAAGATAGAGATAATGAGAATCAAGGTGAAGAAGACTTTACTCCATGGGATTCTGGTTCTCAATTTATCTTAAATTCTCAACAATTGGTTGAAGCTTTGTCTTTGTGTGATGATTTGTTG,0.16031676948177104,0.14401650605408695,0.09262018242410772,0.13357986915000605,0.14669309560694008,0.1626915612495069,0.13275490287723213,0.027327113156349135,1006.2788157889999
AAAGATAGAGATAATGAGAATCAAGGTGAAGAAGACTTTACTGATTCTGGTTCTTGGCCACAATTTATCTTAAATTCTCAACAATTGGTTGAAGCTTTGTCTTTGTGTGATGATTTGTTG,0.1299890813284828,0.2077174858873151,0.18712424807622813,0.1868880064359093,0.10548759540834492,0.10746744938430629,0.04491381423996734,0.030412319239446168,758.604178163252
AAAGATAGAGATAATGAGAATCAAGGTGAAGAAGACTTTACTTCTGGTCCATCTGATTGGCAATTTATCTTAAATTCTCAACAATTGGTTGAAGCTTTGTCTTTGTGTGATGATTTGTTG,0.015058510233020144,0.07575361334960565,0.05621401708600581,0.0669179760553023,0.1187100257852115,0.26225152410620733,0.27931974905846985,0.12577458432617739,2044.456251959311
AAAGATAGAGATAATGAGAATCAAGGTGAAGAAGACTTTACTTGGGATCCATCTGGTTCTCAATTTATCTTAAATTCTCAACAATTGGTTGAAGCTTTGTCTTTGTGTGATGATTTGTTG,0.30983593699043244,0.2261115462431767,0.2488708942530432,0.12788724225402848,0.05319298905186961,0.030124472404112947,0.0033165661423191152,0.0006603526610175313,338.1322284371295
AAAGATAGAGATAATGAGAATCAAGGTGAAGAAGACTTTCCAACTTGGGATTCTGGTTCTCAATTTATCTTAAATTCTCAACAATTGGTTGAAGCTTTGTCTTTGTGTGATGATTTGTTG,0.0012725031756661658,0.001280295488250655,0.03879415685269117,0.010602808941816996,0.31870793179927936,0.40298542403201215,0.11526431657303982,0.11109256313724368,1820.4212440081835
AAAGATAGAGATAATGAGAATCAAGGTGAAGAAGACTTTCCAGATTCTGGTTCTTGGACTCAATTTATCTTAAATTCTCAACAATTGGTTGAAGCTTTGTCTTTGTGTGATGATTTGTTG,0.3601126694905894,0.16722362717006575,0.1263885808262456,0.09232452902282509,0.09098906408321639,0.08463620960309208,0.0342549568209497,0.04407036298301606,733.6312663465716
AAAGATAGAGATAATGAGAATCAAGGTGAAGAAGATACTCCATGGTTTGATTCTGGTTCTCAATTTATCTTAAATTCTCAACAATTGGTTGAAGCTTTGTCTTTGTGTGATGATTTGTTG,0.17129033445911196,0.2005915855826418,0.22362706016857029,0.25269045573495447,0.08577883035906246,0.04890339778728247,0.010417239590583532,0.006701096317793194,471.48760290138586
AAAGATAGAGATAATGAGAATCAAGGTGAAGAAGATACTCCATTCTCTTGGGATGGTTCTCAATTTATCTTAAATTCTCAACAATTGGTTGAAGCTTTGTCTTTGTGTGATGATTTGTTG,0.0008795601120465809,0.0010324372271949607,0.0008512603684426993,0.007328710842698614,0.13925369040252583,0.3300084417702199,0.40112063182624974,0.11952526745062174,2361.9138191223637
AAAGATAGAGATAATGAGAATCAAGGTGAAGAAGATACTGATTGGTTTCCATCTGGTTCTCAATTTATCTTAAATTCTCAACAATTGGTTGAAGCTTTGTCTTTGTGTGATGATTTGTTG,0.35388964481560237,0.188500620081298,0.05180721987267832,0.023127022929357952,0.041026487202936335,0.03816201875656825,0.15445378648653,0.14903319985502878,1556.2988906600235
AAAGATAGAGATAATGAGAATCAAGGTGAAGAAGATACTGGTTCATTCTCTGACTTTCAACCATGGATCTTAAATTCTCAACAATTGGTTGAAGCTTTGTCTTTGTGTGATGATTTGTTG,0.0004932833196801832,0.004640442345039209,0.03455780766117991,0.13777248786930696,0.37416359665198495,0.3687704036372166,0.06759484223787057,0.012007136277721573,1124.0435281383138
AAAGATAGAGATAATGAGAATCAAGGTGAAGAAGATACTTGGTTTCCAGATTCTGGTTCTCAATTTATCTTAAATTCTCAACAATTGGTTGAAGCTTTGTCTTTGTGTGATGATTTGTTG,0.087248357581902,0.07392221680557752,0.06856875492140785,0.051015771263869324,0.05882506497458896,0.09680859268697142,0.21294296790554512,0.35066827386013777,3036.436261574693
AAAGATAGAGATAATGAGAATCAAGGTGAAGAAGATCCAACATTCTCTGGATTTCAAATTTGGTTGGATTCTAATTCTCAACAATTGGTTGAAGCTTTGTCTTTGTGTGATGATTTGTTG,0.10086652862053537,0.11598193812266057,0.03586083423949555,0.19210164245700356,0.18458983890833447,0.14528612184371315,0.17373288276732055,0.05158021304093674,1266.4922935754967
AAAGATAGAGATAATGAGAATCAAGGTGAAGAAGATCCAACATTCTCTTGGTCTGATCAATTTGGTATCTTAAATTCTCAACAATTGGTTGAAGCTTTGTCTTTGTGTGATGATTTGTTG,0.01416691956477242,0.01973585388261149,0.062377974098181264,0.15254691119761796,0.2716864636445322,0.2856804494277001,0.13139083337363186,0.06241459481095262,1438.9044832868028
AAAGATAGAGATAATGAGAATCAAGGTGAAGAAGATCCAACATTCTGGGATTCTGGTTCTCAATTTATCTTAAATTCTCAACAATTGGTTGAAGCTTTGTCTTTGTGTGATGATTTGTTG,0.25687841613836604,0.2196837233690516,0.15982288918775833,0.08561496174391267,0.050625930008306376,0.05886403584192994,0.10720863528596818,0.0613014084247068,970.9767966300533
AAAGATAGAGATAATGAGAATCAAGGTGAAGAAGATCCAACATTCTGGTCTCAATCTGACTTTGGTATCTTAAATTCTCAACAATTGGTTGAAGCTTTGTCTTTGTGTGATGATTTGTTG,0.060847015785754806,0.0979513906432315,0.12114364150977071,0.2568760872264953,0.16788531836067333,0.12269994713058881,0.05643245220554964,0.11616414713793598,1378.6379737639465
AAAGATAGAGATAATGAGAATCAAGGTGAAGAAGATCCAACATTCTGGTCTGATGGTTCTCAATTTATCTTAAATTCTCAACAATTGGTTGAAGCTTTGTCTTTGTGTGATGATTTGTTG,0.21521071038236142,0.19246984599225017,0.14282491267072453,0.1700208343334974,0.11310401265203135,0.07890531970699098,0.053225806704200136,0.034238557557944055,757.4425975645262
AAAGATAGAGATAATGAGAATCAAGGTGAAGAAGATCCAACATTCTTTGATTCTGGTTCTCAATTTATCTTTAATTCTCAACAATTTGTTGAAGCATTCTCATTCTGTGATGACTTCTTT,0.3831099027092569,0.24779309024818533,0.1702576774532826,0.06080315786159917,0.06067269193526291,0.050165800800659854,0.019034709128637837,0.008162969863115434,417.1223513836785
AAAGATAGAGATAATGAGAATCAAGGTGAAGAAGATCCAACATTTCAATCTTGGGATGGTATTTCTTTGTTTAATTCTCAACAATTGGTTGAAGCTTTGTCTTTGTGTGATGATTTGTTG,0.1969893848884829,0.11658568880282442,0.0793045217450545,0.0708039341739271,0.08563879937543174,0.06903823355963877,0.18807089465941226,0.19356854279522828,1995.4581997407527
AAAGATAGAGATAATGAGAATCAAGGTGAAGAAGATCCAACATTTCAATTCTCTTCTTGGGATGGTATCTTAAATTCTCAACAATTGGTTGAAGCTTTGTCTTTGTGTGATGATTTGTTG,0.24782991996088227,0.24934753362272102,0.061677262622148864,0.08810580272868683,0.11722233766946587,0.054518938298363046,0.11032771234040584,0.0709704927573262,1060.706029143888
AAAGATAGAGATAATGAGAATCAAGGTGAAGAAGATCCAACATTTGATTCTTGGGGTTCTCAATTTATCTTAAATTCTCAACAATTGGTTGAAGCTTTGTCTTTGTGTGATGATTTGTTG,0.001437223518474632,0.0013831538830727914,0.010302763145581458,0.0162794648287025,0.09328772799513627,0.29317139827298144,0.4749070076236505,0.1092312607324003,2409.42999062238
AAAGATAGAGATAATGAGAATCAAGGTGAAGAAGATCCAACATTTGATTGGTCTGGTTCTCAATTTATCTTAAATTCTCAACAATTGGTTGAAGCTTTGTCTTTGTGTGATGATTTGTTG,0.5779340602522011,0.25047385965036156,0.12126955861501765,0.01511900259693829,0.00021840841992373778,0.016394943306821397,0.0025900858381154054,0.01600008132062092,322.1415867417966
AAAGATAGAGATAATGAGAATCAAGGTGAAGAAGATCCAACATTTGGTGATTCTTGGTCTCAATTTATCTTAAATTCTCAACAATTGGTTGAAGCTTTGTCTTTGTGTGATGATTTGTTG,0.26458975282359615,0.28992100905041873,0.20261006387713523,0.13685942313992178,0.040112069385647146,0.0324020448383578,0.016889415804372716,0.016616221080550365,465.2384537538833
AAAGATAGAGATAATGAGAATCAAGGTGAAGAAGATCCAACTATGATGGATTCTGGTTCTCAAATGATTATGAACTCTCAACAAATGGTTGAAGCTATGTCTATGTGTGATGATATGATG,0.10563884213435082,0.07358243064625254,0.09100476819257035,0.10833338755192423,0.09608972048900784,0.10427752800418191,0.25624112730240317,0.16483219567930915,2044.1253526724688
AAAGATAGAGATAATGAGAATCAAGGTGAAGAAGATCCAACTATTATTGATTCTGGTTCTCAAATTATTATTAATTCTCAACAAATTGTTGAAGCTATTTCTATTTGTGATGATATTATT,0.25874455489729403,0.2603290055217404,0.0804919754390952,0.0,0.12748427761253592,0.11858332811562158,0.0,0.1543668584137129,1368.1031011070063
AAAGATAGAGATAATGAGAATCAAGGTGAAGAAGATCCAACTATTGACTTTGGTTTGTCTTCTCAATTCTGGAACTCTCAACAATTGGTTGAAGCTTTGTCTTTGTGTGATGATTTGTTG,0.09749575361992462,0.11530203911637972,0.07023703065626732,0.055107364351588424,0.09944392572375484,0.1850015059746621,0.24271237217063032,0.13470000838679266,1906.3352399203202
AAAGATAGAGATAATGAGAATCAAGGTGAAGAAGATCCAACTATTGATTCTTCTGGTCAATGGTTCTTCTTAAATTCTCAACAATTGGTTGAAGCTTTGTCTTTGTGTGATGATTTGTTG,0.1672330032614998,0.20938657957833945,0.20809581552700024,0.19611187070376765,0.09521343364702321,0.07323696639136894,0.03963665119135546,0.011085679699645176,584.6330987321574
AAAGATAGAGATAATGAGAATCAAGGTGAAGAAGATCCAACTATTTGGTTCTCTTCATTTGATCAAGGTTTAAATTCTCAACAATTGGTTGAAGCTTTGTCTTTGTGTGATGATTTGTTG,0.02203874630716871,0.05735992848039196,0.11195014061964977,0.21805369866429694,0.3047093136421121,0.23725287684982635,0.039392294570541046,0.009243000866013106,880.1173284521889
AAAGATAGAGATAATGAGAATCAAGGTGAAGAAGATCCAACTGACTTCTCTTGGGGTTCTCAATTTATCTTAAATTCTCAACAATTGGTTGAAGCTTTGTCTTTGTGTGATGATTTGTTG,0.10833764909382179,0.07785790468229223,0.05777553558920462,0.08597103773124447,0.12200756457336122,0.14186124882751908,0.12918542425125396,0.27700363525130284,2478.8546761430657
AAAGATAGAGATAATGAGAATCAAGGTGAAGAAGATCCAACTGACTTCTGGTCTGGTTCTCAATTTATCTTAAATTCTCAACAATTGGTTGAAGCTTTGTCTTTGTGTGATGATTTGTTG,0.0009260348599614634,0.0006211370239087058,0.0010242740534695577,0.0028577592055163393,0.06681679573501069,0.3575370250199343,0.4496553315272959,0.12056164257490302,2473.4490597571516
AAAGATAGAGATAATGAGAATCAAGGTGAAGAAGATCCAACTGATCAATTCTCTTGGTTTGGTTCTATCTTAAATTCTCAACAATTGGTTGAAGCTTTGTCTTTGTGTGATGATTTGTTG,0.2722537804147607,0.22974015686443844,0.08742659621053168,0.1268400413212428,0.06057949783856935,0.12074965417255268,0.08145202093412052,0.020958252243783698,740.4668788103384
AAAGATAGAGATAATGAGAATCAAGGTGAAGAAGATCCAACTGATGGTTCTTCTTGGTTTCAATTTATCTTAAATTCTCAACAATTGGTTGAAGCTTTGTCTTTGTGTGATGATTTGTTG,0.04859974487905627,0.0023852366214816728,0.052936046587362624,0.28093745862816394,0.37715392973850065,0.17842860038152616,0.05704454796146741,0.0025144352024412285,860.7672810649741
AAAGATAGAGATAATGAGAATCAAGGTGAAGAAGATCCAACTGATTCATTCTGGGGTTCTCAATTTATCTTAAATTCTCAACAATTGGTTGAAGCTTTGTCTTTGTGTGATGATTTGTTG,0.08199019883328969,0.14998595417625848,0.21390305937312906,0.26912460962922374,0.16021017790236347,0.10077288365247292,0.0190104145504633,0.0050027018827995,591.1608210108187
AAAGATAGAGATAATGAGAATCAAGGTGAAGAAGATCCAACTGATTCTTGGTTTGGTTCTCAATTTATCTTAAATTCTCAACAATTGGTTGAAGCTTTGTCTTTGTGTGATGATTTGTTG,0.1492833600284523,0.15019751303588633,0.09288011918662763,0.1492638737419769,0.22065718044215812,0.13683393392748508,0.08307154562405125,0.01781247401336246,846.656753082498
AAAGATAGAGATAATGAGAATCAAGGTGAAGAAGATCCAACTGATTGGTCTGGTTCATTTCAATTTATCTTAAATTCTCAACAATTGGTTGAAGCTTTGTCTTTGTGTGATGATTTGTTG,0.002308814922549236,0.0021209572728813617,0.0014989387569031803,0.0030111046276193373,0.05074509311320117,0.4109248590975412,0.4327300383744889,0.09666019383481568,2338.775077855529
AAAGATAGAGATAATGAGAATCAAGGTGAAGAAGATCCAACTGATTGGTTCTCTGGTTCTCAATTTATCTTAAATTCTCAACAATTGGTTGAAGCTTTGTCTTTGTGTGATGATTTGTTG,0.2347213667802558,0.12545931403979976,0.10040068836978679,0.07334085252568263,0.07950798299333851,0.10757343613935631,0.15646605119623533,0.12253030795554481,1525.5729706686072
AAAGATAGAGATAATGAGAATCAAGGTGAAGAAGATCCAACTGCATTTGATTCTGGTTCTCAAGCTATCTTAAATTCTCAACAATTGGTTGAAGCTTTGTCTTTGTGTGATGATTTGTTG,0.2567858864688975,0.19078769942597365,0.07865369585177723,0.07461179914335582,0.07007219188829505,0.06517975297099227,0.09892617034535499,0.16498280390535347,1593.2728184208365
AAAGATAGAGATAATGAGAATCAAGGTGAAGAAGATCCAACTGCATTTGATTCTGGTTCTCAATTTATCTTAAATTCTCAACAAGCTGTTGAAGCTTTGTCTTTGTGTGATGATTTGTTG,0.00848247814949117,0.010587752655048934,0.04109190195071814,0.11395267652277377,0.21870798755323947,0.33408232757275685,0.2123872164447265,0.060707659151245055,1634.22024889501
AAAGATAGAGATAATGAGAATCAAGGTGAAGAAGATCCAACTGCATTTGATTCTGGTTCTCAATTTATCTTAAATTCTCAACAATTGGTTGAAGCTGCTTCTTTGTGTGATGATTTGTTG,0.04119822088838219,0.07861302237494704,0.11843951621855398,0.21622297002046023,0.25758092046099784,0.21094920348727403,0.05665504105394315,0.02034110549544148,932.0611828215082
AAAGATAGAGATAATGAGAATCAAGGTGAAGAAGATCCAACTGCATTTGATTCTGGTTCTCAATTTATCTTAAATTCTCAACAATTGGTTGAAGCTTTGTCTGCTTGTGATGATTTGTTG,0.15795065947361983,0.13621533226166632,0.05615581793948352,0.12534130303604588,0.11117542843095328,0.20682632486009647,0.12556375446295068,0.08077137953518403,1341.779405978267
AAAGATAGAGATAATGAGAATCAAGGTGAAGAAGATCCAACTGCATTTGATTCTGGTTCTCAATTTATCTTAAATTCTCAACAATTGGTTGAAGCTTTGTCTTTGTGTGATGATGCTTTG,0.2767364323613399,0.23174988256776483,0.23962663021351238,0.09948342044142985,0.05935266235982761,0.06169180482447305,0.0159663902687377,0.015392776962914708,492.1372024688235
AAAGATAGAGATAATGAGAATCAAGGTGAAGAAGATCCAACTGCATTTGATTCTGGTTCTCAATTTATCTTAAATTCTCAACAATTGGTTGAAGCTTTGTCTTTGTGTGATGATTTGGCT,0.3474985157224637,0.3012819264692893,0.20898811316112026,0.09019758756928532,0.019741147992650563,0.018638954121778187,0.008801071474733862,0.004852683488678693,329.2826505854398
AAAGATAGAGATAATGAGAATCAAGGTGAAGAAGATCCAACTGCATTTGATTCTGGTTCTCAATTTATCTTAAATTCTCAACAATTGGTTGAAGCTTTGTCTTTGTGTGATGATTTGTTG,0.11382041706998937,0.1233264403125503,0.15252681943349322,0.15563153482356287,0.10353172981854536,0.12840419558522043,0.17052409533951576,0.05223476761712271,1201.041373778066
AAAGATAGAGATAATGAGAATCAAGGTGAAGAAGATCCAACTGCATTTGATTCTGGTTCTCAATTTATTGCTAATTCTCAACAATTGGTTGAAGCTTTGTCTTTGTGTGATGATTTGTTG,0.10537612781915227,0.17126535474560575,0.13112442417430548,0.2071226132764069,0.18371394513204525,0.1337376846278498,0.06765985022463446,0.0,699.7717653876113
AAAGATAGAGATAATGAGAATCAAGGTGAAGAAGATCCAACTGCTGCTGATTCTGGTTCTCAAGCTATCTTAAATTCTCAACAATTGGTTGAAGCTTTGTCTTTGTGTGATGATTTGTTG,0.2253455422688171,0.15546889397550842,0.14420980524632546,0.13590496574407773,0.0824782966460563,0.08852268895815994,0.13734042980264202,0.030729377358413038,919.2032728865157
AAAGATAGAGATAATGAGAATCAAGGTGAAGAAGATCCAACTGGATTCTGGGATTCTTCTCAATTTATCTTAAATTCTCAACAATTGGTTGAAGCTTTGTCTTTGTGTGATGATTTGTTG,0.12251967343812505,0.26157279119216176,0.23426309757878594,0.19255321081665153,0.08539557667651096,0.07121602563826973,0.01108591653001078,0.02139370812948442,578.5650346540223
AAAGATAGAGATAATGAGAATCAAGGTGAAGAAGATCCAACTGGATTCTTCTTGATTTCTTGGCAAGATTCTAATTCTCAACAATTGGTTGAAGCTTTGTCTTTGTGTGATGATTTGTTG,0.054886590921663564,0.14726051992900321,0.05691495137815057,0.3379149869609447,0.04732490098128206,0.033539563749763746,0.21846500504046376,0.10369348103872836,1532.8788132502716
AAAGATAGAGATAATGAGAATCAAGGTGAAGAAGATCCAACTGTTGTTGATTCTGGTTCTCAAGTTATTGTTAATTCTCAACAAGTTGTTGAAGCTGTTTCTGTTTGTGATGATGTTGTT,0.0939992466498215,0.1636463892732356,0.20107920308463745,0.255794768103739,0.17068431687190147,0.09100067870544286,0.013713617789956728,0.010081779521265355,598.825698858823
AAAGATAGAGATAATGAGAATCAAGGTGAAGAAGATCCAACTTCATTTGATTGGGGTTCTCAATTTATCTTAAATTCTCAACAATTGGTTGAAGCTTTGTCTTTGTGTGATGATTTGTTG,0.08396398382947882,0.09292596112993733,0.10970431085123888,0.09328113758372042,0.08273865185855318,0.1462274978638009,0.19078699153898498,0.20037146534428563,2147.589898962731
AAAGATAGAGATAATGAGAATCAAGGTGAAGAAGATCCAACTTCATTTGGTCAATCTTGGTTTGATATCTTAAATTCTCAACAATTGGTTGAAGCTTTGTCTTTGTGTGATGATTTGTTG,0.0011107610557642394,0.0013410755073125923,0.0011057373759817185,0.0012340178507466814,0.0019701920106555324,0.18326332472183027,0.4526581418387664,0.3573167496389425,3697.69456072442
AAAGATAGAGATAATGAGAATCAAGGTGAAGAAGATCCAACTTCTGACTTCTGGTCTGGTCAATTTATCTTAAATTCTCAACAATTGGTTGAAGCTTTGTCTTTGTGTGATGATTTGTTG,0.3032187528208148,0.28943064626953674,0.1959105553973524,0.12092616587204084,0.030645509440891294,0.03385068575600507,0.014421521603047431,0.011596162840311371,417.1693748987194
AAAGATAGAGATAATGAGAATCAAGGTGAAGAAGATCCAACTTCTGATGGTTCATTTCAATTCTGGATCTTAAATTCTCAACAATTGGTTGAAGCTTTGTCTTTGTGTGATGATTTGTTG,0.012489697740371727,0.017592651681625576,0.010879058860367408,0.03330151315349074,0.12061280228826385,0.24041061224871774,0.41121592061858536,0.1534977434085777,2488.8509844292025
AAAGATAGAGATAATGAGAATCAAGGTGAAGAAGATCCAACTTCTGATTGGTTTGGTTCTCAATTTATCTTAAATTCTCAACAATTGGTTGAAGCTTTGTCTTTGTGTGATGATTTGTTG,0.07139976189617933,0.09977359188775708,0.1826279905702307,0.21152723534124138,0.1837119979075566,0.15634180635282738,0.06621957705996612,0.028398038984241435,904.6664378665821
AAAGATAGAGATAATGAGAATCAAGGTGAAGAAGATCCAACTTCTGGTGATCAATTCTTCTGGTCTATCTTAAATTCTCAACAATTGGTTGAAGCTTTGTCTTTGTGTGATGATTTGTTG,0.08730737279174991,0.09725365287963454,0.10864063066672029,0.11431615952910325,0.09832371306483714,0.1429043024249282,0.20243265337821256,0.1488215152648141,1868.955225903976
AAAGATAGAGATAATGAGAATCAAGGTGAAGAAGATCCAACTTCTGGTGATTGGTTCTCTCAATTTATCTTAAATTCTCAACAATTGGTTGAAGCTTTGTCTTTGTGTGATGATTTGTTG,0.012752529280805558,0.012460506729479905,0.041197239136459396,0.0821449935149797,0.30207751687714296,0.2918887462855492,0.22119343594587607,0.036285032229707144,1494.6730662778987
AAAGATAGAGATAATGAGAATCAAGGTGAAGAAGATCCAACTTCTTTGTGGATTCAATCATTTGGTGACTTTAATTCTCAACAATTGGTTGAAGCTTTGTCTTTGTGTGATGATTTGTTG,0.2675183249365305,0.38758536389214604,0.13759267849620813,0.07925434227529576,0.05623771410728351,0.04250284847939643,0.016540625031632006,0.012768102781507595,440.3929115215675
AAAGATAGAGATAATGAGAATCAAGGTGAAGAAGATCCAACTTGGGACTTCTCTGGTTCTCAATTTATCTTAAATTCTCAACAATTGGTTGAAGCTTTGTCTTTGTGTGATGATTTGTTG,0.10033169776518787,0.1433185227069766,0.16029790257862386,0.22155411249388543,0.17698503599191298,0.13283772083046752,0.042505438958209164,0.022169568674736552,778.3212448308027
AAAGATAGAGATAATGAGAATCAAGGTGAAGAAGATCCAACTTGGGATTCATTTGGTTCTCAATTTATCTTAAATTCTCAACAATTGGTTGAAGCTTTGTCTTTGTGTGATGATTTGTTG,0.002566300037185127,0.0010401920013364775,0.011133012534561058,0.044006419584535744,0.1664639476146207,0.29020293340896114,0.3577597856974182,0.1268274091213815,2284.129361949115
AAAGATAGAGATAATGAGAATCAAGGTGAAGAAGATCCAACTTGGGCTGATTCTGGTTCTCAAGCTATCTTAAATTCTCAACAATTGGTTGAAGCTTTGTCTTTGTGTGATGATTTGTTG,0.03632352461028277,0.09741528489400972,0.15713332809916958,0.2550120117577595,0.25309970174989577,0.17298544006108557,0.02159985711101944,0.006430851716777594,732.7978531893618
AAAGATAGAGATAATGAGAATCAAGGTGAAGAAGATCCAACTTGGGCTGATTCTGGTTCTCAAGCTATTGCTAATTCTCAACAATTGGTTGAAGCTTTGTCTTTGTGTGATGATTTGTTG,0.10254397310912586,0.06878127490732627,0.1488669491741853,0.11392287535331766,0.16841248879002577,0.09399235948602466,0.22190984228799182,0.08157023689200252,1488.198267972209
AAAGATAGAGATAATGAGAATCAAGGTGAAGAAGATCCAACTTGGGCTGATTCTGGTTCTCAATTTATCTTAAATTCTCAACAAGCTGTTGAAGCTTTGTCTTTGTGTGATGATTTGTTG,0.03313975637453122,0.009394901969290275,0.06014728405635492,0.46153647612665416,0.2027927626572834,0.22471585992652357,0.006962163729172015,0.00131079516019046,740.1541351704054
AAAGATAGAGATAATGAGAATCAAGGTGAAGAAGATCCAACTTGGGCTGATTCTGGTTCTCAATTTATCTTAAATTCTCAACAATTGGTTGAAGCTGCTTCTTTGTGTGATGATTTGTTG,0.012286604102631538,0.014999035528704133,0.054224255288322795,0.0413140010259715,0.2992924318443397,0.47105056764951525,0.10605121856420523,0.000781885996309782,1197.8706157973738
AAAGATAGAGATAATGAGAATCAAGGTGAAGAAGATCCAACTTGGGCTGATTCTGGTTCTCAATTTATCTTAAATTCTCAACAATTGGTTGAAGCTTTGTCTGCTTGTGATGATTTGTTG,0.06684296322244376,0.14291110228795367,0.08317581262512674,0.213498260478778,0.2470030784786092,0.12253724207914331,0.05424420974125416,0.06978733108669115,1117.3341001256672
AAAGATAGAGATAATGAGAATCAAGGTGAAGAAGATCCAACTTGGGCTGATTCTGGTTCTCAATTTATCTTAAATTCTCAACAATTGGTTGAAGCTTTGTCTTTGTGTGATGATGCTTTG,0.11227043223554807,0.18227687569741027,0.26204028632095594,0.2479195491678397,0.10829789971079506,0.07105032463973343,0.010594868826450126,0.005549763401267368,509.765138591168
AAAGATAGAGATAATGAGAATCAAGGTGAAGAAGATCCAACTTGGGCTGATTCTGGTTCTCAATTTATCTTAAATTCTCAACAATTGGTTGAAGCTTTGTCTTTGTGTGATGATTTGGCT,0.023218829101160073,0.015574008096347028,0.009630756854519976,0.020063035564574106,0.12202658203010144,0.26248421766578284,0.39000937715259426,0.15699319353492042,2481.590353096639
AAAGATAGAGATAATGAGAATCAAGGTGAAGAAGATCCAACTTGGGCTGATTCTGGTTCTCAATTTATCTTAAATTCTCAACAATTGGTTGAAGCTTTGTCTTTGTGTGATGATTTGTTG,0.27354693825811255,0.25687389737193544,0.13615487874178697,0.09117041052416745,0.09883680377062437,0.033431280100289305,0.033826746899315516,0.0761590443337685,884.0391383851287
AAAGATAGAGATAATGAGAATCAAGGTGAAGAAGATCCAACTTGGGCTGATTCTGGTTCTCAATTTATTGCTAATTCTCAACAATTGGTTGAAGCTTTGTCTTTGTGTGATGATTTGTTG,0.09146830338563675,0.12653907689600977,0.1707274056258653,0.20323636405802542,0.11266682100992229,0.13624055381496555,0.06362408154872622,0.09549739366084871,1243.2701880044713
AAAGATAGAGATAATGAGAATCAAGGTGAAGAAGATCCAACTTGGTCATTTCAATTTGATTCTGGTATCTTAAATTCTCAACAATTGGTTGAAGCTTTGTCTTTGTGTGATGATTTGTTG,0.08234345123655072,0.16569538075997872,0.0,0.18296156169803635,0.2434253057309349,0.1509529041108907,0.07636928148963636,0.09825211497397221,1356.998054385942
AAAGATAGAGATAATGAGAATCAAGGTGAAGAAGATCCAACTTGGTCTGACTTTGGTTCTCAATTTATCTTAAATTCTCAACAATTGGTTGAAGCTTTGTCTTTGTGTGATGATTTGTTG,0.015685846493929217,0.03082743011594223,0.10514851058968117,0.20579985579679128,0.298037851695021,0.25299762796854247,0.08158231173158516,0.009920565608507405,994.694246926605
AAAGATAGAGATAATGAGAATCAAGGTGAAGAAGATCCAACTTGGTCTGGATTTGACTTTCAATCTATCTTAAATTCTCAACAATTGGTTGAAGCTTTGTCTTTGTGTGATGATTTGTTG,0.1530075401639674,0.15394449859640294,0.1757486854015087,0.10460688393301813,0.15077461811567155,0.1402475375501527,0.06549533539197037,0.05617490084730825,1002.6883857373291
AAAGATAGAGATAATGAGAATCAAGGTGAAGAAGATCCAACTTGGTGGGATTCTGGTTCTCAATGGATTTGGAACTCTCAACAATGGGTTGAAGCTTGGTCTTGGTGTGATGATTGGTGG,0.21693715480991604,0.25983999195285784,0.20016330412099517,0.13116180651506312,0.07852822281179805,0.054107691851025604,0.032848646992759835,0.026413180945584487,610.6531857689683
AAAGATAGAGATAATGAGAATCAAGGTGAAGAAGATCCAACTTGGTTCTCATTTGATTCTCAAGGTATCTTAAATTCTCAACAATTGGTTGAAGCTTTGTCTTTGTGTGATGATTTGTTG,0.0007134399152516552,0.0005383565570414652,0.001109708147452632,0.0025759745135397276,0.033745358375496005,0.20059697809415894,0.609405925508887,0.15131425888817265,2843.1288407094585
AAAGATAGAGATAATGAGAATCAAGGTGAAGAAGATCCAACTTGGTTCTCTATCTTCTTGTCTTCTAATGATCAAGGTCAACAATTGGTTGAAGCTTTGTCTTTGTGTGATGATTTGTTG,0.2439935589502811,0.20772034481443508,0.12845146363536974,0.09383142689711566,0.027742249449820285,0.12042466891070068,0.12184920180908329,0.055987085533194196,1030.221062773292
AAAGATAGAGATAATGAGAATCAAGGTGAAGAAGATCCAACTTGGTTCTCTCAAGGTTCTTTGTTTAATTCTGATATTCAACAATTGGTTGAAGCTTTGTCTTTGTGTGATGATTTGTTG,0.29229407994836104,0.27450594908692016,0.21171936284796944,0.14413055642796643,0.032614800836630986,0.025570236665982102,0.009370681783085418,0.009794332403084393,394.16527999323654
AAAGATAGAGATAATGAGAATCAAGGTGAAGAAGATCCAACTTGGTTCTCTGACTTTCAATCTGGTATCTTAAATTCTCAACAATTGGTTGAAGCTTTGTCTTTGTGTGATGATTTGTTG,0.17675621115920517,0.2138215040022654,0.2430531526144797,0.20553918863832507,0.07929445637669025,0.056106603458189463,0.017222451232245854,0.00820643251859924,491.0789152854834
AAAGATAGAGATAATGAGAATCAAGGTGAAGAAGATCCAACTTGGTTCTCTGATGGTTCTCAATTTATCTTAAATTCTCAACAATTGGTTGAAGCTTTGTCTTTGTGTGATGATTTGTTG,0.32025109051907413,0.3096066765853287,0.14222035687142714,0.08479261237530253,0.06517315615678838,0.03792829094171087,0.02782427971594755,0.01220353683442062,460.1701861705306
AAAGATAGAGATAATGAGAATCAAGGTGAAGAAGATCCAACTTGGTTCTCTGATTCTGGTCAATTTATCTTAAATTCTCAACAATTGGTTGAAGCTTTGTCTTTGTGTGATGATTTGTTG,0.23354133032334384,0.21161171181972607,0.1682457847484542,0.0864854983918651,0.03364519517272101,0.041310836655993444,0.13553175316731647,0.08962788972057983,1185.2303122197095
AAAGATAGAGATAATGAGAATCAAGGTGAAGAAGATCCAACTTGGTTCTCTGGTGATTCTCAATTTATCTTAAATTCTCAACAATTGGTTGAAGCTTTGTCTTTGTGTGATGATTTGTTG,0.0004941310355956992,0.0004971569011186229,0.032939478417224013,0.14908261653007668,0.3503040976262838,0.36104447419937213,0.09165618293497756,0.013981862355351574,1173.8560081832618
AAAGATAGAGATAATGAGAATCAAGGTGAAGAAGATCCAACTTGGTTCTCTGGTTCTGATCAATTTATCTTAAATTCTCAACAATTGGTTGAAGCTTTGTCTTTGTGTGATGATTTGTTG,0.1005296228729232,0.10316813157107545,0.1325993138631243,0.28814730148884793,0.1802938219695363,0.1363760728694991,0.0372944050896007,0.02159133027539311,782.0418454248753
AAAGATAGAGATAATGAGAATCAAGGTGAAGAAGATCCAACTTGGTTCTCTTCTAATTTGGACTTCTCTATTCAAGGTCAACAATTGGTTGAAGCTTTGTCTTTGTGTGATGATTTGTTG,0.15009465237296554,0.13639953728071919,0.18074493602596367,0.16137103245882767,0.09542209011393517,0.10207368013040749,0.09879065057178142,0.07510342104540002,1138.783147578146
AAAGATAGAGATAATGAGAATCAAGGTGAAGAAGATCCAACTTGGTTCTCTTCTGATGGTCAATTTATCTTAAATTCTCAACAATTGGTTGAAGCTTTGTCTTTGTGTGATGATTTGTTG,0.003103677586053986,0.01688200656751265,0.0021724034551569844,0.012355621816226011,0.12803796911763882,0.386010263492724,0.4017906298108306,0.049647428153857066,1994.066480048064
AAAGATAGAGATAATGAGAATCAAGGTGAAGAAGATCCAACTTGGTTCTCTTCTGGATTTCAAGATATCTTAAATTCTCAACAATTGGTTGAAGCTTTGTCTTTGTGTGATGATTTGTTG,0.058960647328750566,0.17796509793341606,0.14673495961428876,0.0,0.11620040522602502,0.0,0.21873177308175915,0.2814071168157605,2545.384566233651
AAAGATAGAGATAATGAGAATCAAGGTGAAGAAGATCCAACTTGGTTCTCTTCTGGTGATCAATTTATCTTAAATTCTCAACAATTGGTTGAAGCTTTGTCTTTGTGTGATGATTTGTTG,0.16931081329200437,0.17034760660327822,0.14045422088703466,0.14819887313885932,0.04550180965460813,0.12697462287529265,0.1379934246929469,0.06121862885597571,1138.510734680718
AAAGATAGAGATAATGAGAATCAAGGTGAAGAAGATCCAACTTGGTTCTTCTCTGGTGATTCTCAAATCTTAAATTCTCAACAATTGGTTGAAGCTTTGTCTTTGTGTGATGATTTGTTG,0.2007857491203484,0.22987945956597772,0.13784665382458522,0.12307098244496625,0.06140345392134209,0.06346251788978736,0.05137058524378892,0.13218059798920395,1296.503251239466
AAAGATAGAGATAATGAGAATCAAGGTGAAGAAGATCCAACTTGGTTCTTCTCTTCTGGTCAAGATATCTTAAATTCTCAACAATTGGTTGAAGCTTTGTCTTTGTGTGATGATTTGTTG,0.11502688589139262,0.18273357730585252,0.13559997975874288,0.20850105301292168,0.14914241597027658,0.09988509292065775,0.0729925864379696,0.03611840870218631,876.4706747707428
AAAGATAGAGATAATGAGAATCAAGGTGAAGAAGATCCAACTTGGTTCTTTGATATTCAATCTAATTCTGGTTCTTTGCAACAATTGGTTGAAGCTTTGTCTTTGTGTGATGATTTGTTG,0.0827280573301427,0.1082050471464621,0.15441356270593073,0.13786209775704347,0.18749775238190794,0.15165796815538496,0.06905338532955306,0.10858212919357509,1377.0238694862915
AAAGATAGAGATAATGAGAATCAAGGTGAAGAAGATCCAACTTGGTTCTTTGATATTCAATTAAATTCTGGTTCTTCTCAACAATTGGTTGAAGCTTTGTCTTTGTGTGATGATTTGTTG,0.12350357849179176,0.1449698438802871,0.10245417027150108,0.0,0.14198476105757726,0.09433670580081667,0.3436294960623563,0.049121444435669764,1528.1098231834706
AAAGATAGAGATAATGAGAATCAAGGTGAAGAAGATCCAACTTGGTTCTTTGATTTGCAAGGTATTTCTTCTAATTCTCAACAATTGGTTGAAGCTTTGTCTTTGTGTGATGATTTGTTG,0.0009994798764234151,0.0007432697876427187,0.0019106106189141527,0.00711292174158198,0.026791969506395206,0.16878010757705664,0.5177439638242685,0.27591767706771747,3351.397694741726
AAAGATAGAGATAATGAGAATCAAGGTGAAGAAGATCCAACTTGGTTCTTTGGTTCTCAATCTGATATCTTAAATTCTCAACAATTGGTTGAAGCTTTGTCTTTGTGTGATGATTTGTTG,0.009433437918481944,0.038515873859806864,0.10721102574037462,0.23337125256947475,0.30813100695511725,0.25490378542509645,0.04123203392272105,0.007201583608926993,898.1630321986372
AAAGATAGAGATAATGAGAATCAAGGTGAAGAAGATCCAACTTGGTTCTTTGGTTTGATTGATTCTCAATCTAATTCTCAACAATTGGTTGAAGCTTTGTCTTTGTGTGATGATTTGTTG,0.0005353764908349048,0.0005386549274209577,0.0005124568499384405,0.0003202689101469483,0.00036523623546975373,0.00845563785257185,0.42461290496256476,0.5646594637710523,4702.483913491571
AAAGATAGAGATAATGAGAATCAAGGTGAAGAAGATCCAACTTGGTTTAACTTCTCTTCTCAATCTGATGGTATCTTGCAACAATTGGTTGAAGCTTTGTCTTTGTGTGATGATTTGTTG,0.02103755769011845,0.010924585021450247,0.15200136548746987,0.34002509092069255,0.28922454185800633,0.10636828276564464,0.024546403684071794,0.055872172572546036,1008.5334425308295
AAAGATAGAGATAATGAGAATCAAGGTGAAGAAGATCCAACTTGGTTTAATTCATTCTCTTTGTCTGGTGATCAAATTCAACAATTGGTTGAAGCTTTGTCTTTGTGTGATGATTTGTTG,0.19406425003609717,0.201985472822826,0.18319414084924238,0.12638550240691895,0.09231897627699347,0.08587326735635441,0.0682699939937189,0.04790839625784869,868.1655575557988
AAAGATAGAGATAATGAGAATCAAGGTGAAGAAGATCCAACTTGGTTTATCTTGTCTGGTGATTCTCAATTTAATTCTCAACAATTGGTTGAAGCTTTGTCTTTGTGTGATGATTTGTTG,0.024333289271824352,0.017137607783881455,0.03330694979095965,0.06758364720519017,0.05814708742000671,0.4371588771726604,0.3035377722980906,0.05879476905738664,1853.2168762552724
AAAGATAGAGATAATGAGAATCAAGGTGAAGAAGATCCAACTTGGTTTATTTCTCAGAACTTTGGTTCTTTGTCTGATCAACAATTGGTTGAAGCTTTGTCTTTGTGTGATGATTTGTTG,0.026182460842576895,0.057389654020779626,0.03723434923749632,0.06752530981076749,0.12439462171884773,0.18599213369391682,0.28705827070382134,0.21422319997179373,2518.458698219479
AAAGATAGAGATAATGAGAATCAAGGTGAAGAAGATCCAACTTGGTTTCAAGGTGATTCATTCTCTATCTTAAATTCTCAACAATTGGTTGAAGCTTTGTCTTTGTGTGATGATTTGTTG,0.092733040328263,0.2052619827688461,0.1846272664084909,0.12362791423977751,0.036551894703269465,0.13599936883257624,0.15480915600408632,0.06638937671469033,1220.1800310784154
AAAGATAGAGATAATGAGAATCAAGGTGAAGAAGATCCAACTTGGTTTCAAGGTTTGAATGATTCTTCATTTATTTCTCAACAATTGGTTGAAGCTTTGTCTTTGTGTGATGATTTGTTG,0.333367919826439,0.14907081546674344,0.08066046151129967,0.10287790264693542,0.1277511281288214,0.09336764417722486,0.0687069912030952,0.044197137039441003,845.9282027428376
AAAGATAGAGATAATGAGAATCAAGGTGAAGAAGATCCAACTTGGTTTCAATCATTTGATTCTGGTATCTTAAATTCTCAACAATTGGTTGAAGCTTTGTCTTTGTGTGATGATTTGTTG,0.0005241413820961458,0.019922149616608202,0.0011594907303016586,0.037979114853934334,0.11262401596895678,0.3735883446668123,0.41414208333659847,0.04006065944469215,1948.6184086229161
AAAGATAGAGATAATGAGAATCAAGGTGAAGAAGATCCAACTTGGTTTCAATTGTCTGATTCTATTGGATTTAATTCTCAACAATTGGTTGAAGCTTTGTCTTTGTGTGATGATTTGTTG,0.03483940596308176,0.0827677466517664,0.16614236214627634,0.26403684609430517,0.2379491757771747,0.17936584809415013,0.027707172672156576,0.007191442601088868,754.0619971459056
AAAGATAGAGATAATGAGAATCAAGGTGAAGAAGATCCAACTTGGTTTCAATTTGATTCTTCTGGTATCTTAAATTCTCAACAATTGGTTGAAGCTTTGTCTTTGTGTGATGATTTGTTG,0.06400297879042824,0.19318472412555657,0.1592837754247004,0.19553912992882425,0.11037066004289224,0.19066279691342142,0.029679722127385216,0.05727621264679162,989.0439546753854
AAAGATAGAGATAATGAGAATCAAGGTGAAGAAGATCCAACTTGGTTTGATGGTTCTTCTCAATTTATCTTAAATTCTCAACAATTGGTTGAAGCTTTGTCTTTGTGTGATGATTTGTTG,0.004070966629506409,0.005564341741146898,0.01779951059774199,0.08019105317824259,0.3220486619475561,0.439313958600442,0.12262435976162216,0.008387147543741862,1266.8304654535013
AAAGATAGAGATAATGAGAATCAAGGTGAAGAAGATCCAACTTGGTTTGATGGTTTGTCTCAATCTATCTTTAATTCTCAACAATTGGTTGAAGCTTTGTCTTTGTGTGATGATTTGTTG,0.0026409407609156005,0.009204998090791727,0.0071593207747939975,0.010373770129992983,0.0069707144987719225,0.14895953818228466,0.5043007093546495,0.3103900082077997,3498.8342334037725
AAAGATAGAGATAATGAGAATCAAGGTGAAGAAGATCCAACTTGGTTTGATTCATTCTCTAATTCTCAAGGTATCTTGCAACAATTGGTTGAAGCTTTGTCTTTGTGTGATGATTTGTTG,0.14662343785330895,0.1917776932967209,0.16420533598246412,0.1466042987723459,0.08669020948424742,0.17471458536772935,0.05439425445615611,0.03499018478702724,861.0249869979923
AAAGATAGAGATAATGAGAATCAAGGTGAAGAAGATCCAACTTGGTTTGATTCATTCTCTGGTCAAATCTTAAATTCTCAACAATTGGTTGAAGCTTTGTCTTTGTGTGATGATTTGTTG,0.30057285443340986,0.3441229154326673,0.1617052496410552,0.10832284218331095,0.06468662058282326,0.015862725548458023,0.00430441730542985,0.0004223748728454929,316.960800053269
AAAGATAGAGATAATGAGAATCAAGGTGAAGAAGATCCAACTTGGTTTGATTCATTCTTGTCTTCTATTAATGGTCAACAACAATTGGTTGAAGCTTTGTCTTTGTGTGATGATTTGTTG,0.00011909766005017795,0.0001797404514259406,7.409938293323977e-05,6.615672998319171e-05,0.0002464551668886008,0.00026199733998138493,0.2887012111549387,0.7103512421137987,5264.681466353948
AAAGATAGAGATAATGAGAATCAAGGTGAAGAAGATCCAACTTGGTTTGATTCATTTCAAGGTATTTCTTTAAATTCTCAACAATTGGTTGAAGCTTTGTCTTTGTGTGATGATTTGTTG,0.09225140067435318,0.081896746086598,0.047267588467477466,0.03617229760604329,0.1229892880270654,0.21885634168005258,0.25164232606792286,0.14892401139048742,2058.9216119854123
AAAGATAGAGATAATGAGAATCAAGGTGAAGAAGATCCAACTTGGTTTGATTCATTTCAAGGTTCTATCTTAAATTCTCAACAATTGGTTGAAGCTTTGTCTTTGTGTGATGATTTGTTG,0.11358819670003743,0.22856753292965878,0.15901096949309237,0.17351487050030204,0.09793922470324073,0.07808666585093328,0.07023144190516051,0.07906109791757476,1074.3370428469807
AAAGATAGAGATAATGAGAATCAAGGTGAAGAAGATCCAACTTGGTTTGATTCATTTGGTTCTAATATTTCTTTGCAACAACAATTGGTTGAAGCTTTGTCTTTGTGTGATGATTTGTTG,0.2084601284679728,0.12906871193790176,0.05986076486429195,0.10688867574733377,0.15801381285584196,0.19107567943182074,0.08923198173914809,0.057400244955688885,1111.8942064139726
AAAGATAGAGATAATGAGAATCAAGGTGAAGAAGATCCAACTTGGTTTGATTCATTTGGTTCTCAAATCTTAAATTCTCAACAATTGGTTGAAGCTTTGTCTTTGTGTGATGATTTGTTG,0.00016318698478358167,0.00250384074194287,0.0176663214659149,0.09028501160654136,0.3875814770478702,0.4197534630266805,0.08180330596399259,0.00024339316227395638,1136.9608177155797
AAAGATAGAGATAATGAGAATCAAGGTGAAGAAGATCCAACTTGGTTTGATTCTAATATTTCTCAAGGTTCATTTCAATTGCAATTGGTTGAAGCTTTGTCTTTGTGTGATGATTTGTTG,0.091177804356819,0.05982791845388664,0.09208087218683413,0.1776340455512005,0.23438399266710974,0.2398212381229062,0.06250285482881471,0.04257127383242903,1085.3983233830988
AAAGATAGAGATAATGAGAATCAAGGTGAAGAAGATCCAACTTGGTTTGATTCTAATGGATTTCAATTGTCTTCTATTCAACAATTGGTTGAAGCTTTGTCTTTGTGTGATGATTTGTTG,0.09464952617868272,0.10475203521202253,0.11777681411723816,0.16298623957671496,0.10725849243440076,0.11712096017975382,0.09217165432108601,0.20328427798010107,1930.524205289733
AAAGATAGAGATAATGAGAATCAAGGTGAAGAAGATCCAACTTGGTTTGATTCTATCTTCTCTCAAGGTTCTTTGAATCAACAATTGGTTGAAGCTTTGTCTTTGTGTGATGATTTGTTG,0.04797400333894511,0.2413388870169968,0.08954443041337584,0.21318996082845953,0.09454778535957148,0.10993307629643087,0.08898680126126139,0.11448505548495898,1378.5645623519206
AAAGATAGAGATAATGAGAATCAAGGTGAAGAAGATCCAACTTGGTTTGATTCTATCTTGTCATTTGGTCAAAATTCTCAACAATTGGTTGAAGCTTTGTCTTTGTGTGATGATTTGTTG,0.020980714058616044,0.031663787639030036,0.06787892739331236,0.12353696624269173,0.16229506925441123,0.2278877742456115,0.24809618652261636,0.11766057464371087,1920.5172678745432
AAAGATAGAGATAATGAGAATCAAGGTGAAGAAGATCCAACTTGGTTTGATTCTATTGGTCAATTTAATTCTCAATTGTCTCAATTGGTTGAAGCTTTGTCTTTGTGTGATGATTTGTTG,0.01499377229301621,0.048043710697438465,0.11042901824548526,0.20801014687257513,0.2668388246883903,0.25179558905250593,0.07753496943182099,0.02235396871876767,1044.1872875070776
AAAGATAGAGATAATGAGAATCAAGGTGAAGAAGATCCAACTTGGTTTGATTCTATTGGTTTGTCTCAACAGAATCAATCATTCTTGGTTGAAGCTTTGTCTTTGTGTGATGATTTGTTG,0.0010701922300266685,0.023903753860117536,0.054199784646358086,0.23291476855458104,0.26849462548171943,0.3182182261538901,0.09915552557629907,0.0020431234970080233,1048.6601478722066
AAAGATAGAGATAATGAGAATCAAGGTGAAGAAGATCCAACTTGGTTTGATTCTCAAATCTTCTCTTTGGGTAATTCTCAACAATTGGTTGAAGCTTTGTCTTTGTGTGATGATTTGTTG,0.024438350363220285,0.06556800340963656,0.060819555348375076,0.09955065336499656,0.1846264299724202,0.1493354927282931,0.21154282637789754,0.2041186884351607,2280.1870844505365
AAAGATAGAGATAATGAGAATCAAGGTGAAGAAGATCCAACTTGGTTTGATTCTCAAATTAATCAATCTCAATCTGGTTTGTTCTTGGTTGAAGCTTTGTCTTTGTGTGATGATTTGTTG,0.14272794584835843,0.16274888353352127,0.09472161662050092,0.11628166428149721,0.11251603159770711,0.0872168039273217,0.07942366157292574,0.20436339261816766,1858.2070431880568
AAAGATAGAGATAATGAGAATCAAGGTGAAGAAGATCCAACTTGGTTTGATTCTCAAATTGGATTCTCTAATTTGTCTCAACAATTGGTTGAAGCTTTGTCTTTGTGTGATGATTTGTTG,0.0005457217927256214,0.02583277184461106,0.07266017391534563,0.23800123952145522,0.3614781555134367,0.26352608071223227,0.032873674146334096,0.005082182553859345,902.6797792158466
AAAGATAGAGATAATGAGAATCAAGGTGAAGAAGATCCAACTTGGTTTGATTCTCAACAAATTTCTCAAGGTAATTTGTTCTCTTTGGTTGAAGCTTTGTCTTTGTGTGATGATTTGTTG,0.06628070607292444,0.08573989273310825,0.09425847984517477,0.16830997919001703,0.13995736236088638,0.20829686777194797,0.15807064682173733,0.07908606520420386,1447.6836883399767
AAAGATAGAGATAATGAGAATCAAGGTGAAGAAGATCCAACTTGGTTTGATTCTCAACAAGGTTTGTCTCAAATCTTTAATTCTTTGGTTGAAGCTTTGTCTTTGTGTGATGATTTGTTG,0.06730460016039468,0.08778096865991292,0.16129677579343576,0.25478250848968553,0.21370547120050146,0.13023815989385815,0.06704534369169503,0.01784617211051649,837.7896882862009
AAAGATAGAGATAATGAGAATCAAGGTGAAGAAGATCCAACTTGGTTTGATTCTCAACAATCTTTGGGTAATATTTCATTTCAATTGGTTGAAGCTTTGTCTTTGTGTGATGATTTGTTG,0.27002056595036344,0.15564660057813423,0.11899970516919892,0.08124558227798331,0.12472500437391162,0.12375115442629421,0.08869398463830977,0.036917402585804567,885.1036800691209
AAAGATAGAGATAATGAGAATCAAGGTGAAGAAGATCCAACTTGGTTTGATTCTCAAGGATTCTCTAATTCTATCTTGCAACAATTGGTTGAAGCTTTGTCTTTGTGTGATGATTTGTTG,0.06180305711952283,0.14697448978637107,0.12234794521535262,0.23095097209217458,0.14117989592513958,0.18282182400960892,0.07034620619241082,0.04357560965941948,1014.1747740482957
AAAGATAGAGATAATGAGAATCAAGGTGAAGAAGATCCAACTTGGTTTGATTCTCAAGGATTCTCTATCTTAAATTCTCAACAATTGGTTGAAGCTTTGTCTTTGTGTGATGATTTGTTG,0.09245366814155832,0.15813369111964654,0.17256660852071287,0.15406933326699435,0.13665666240204566,0.050846118879255435,0.10289518014155837,0.13237873752822857,1466.1465733014982
AAAGATAGAGATAATGAGAATCAAGGTGAAGAAGATCCAACTTGGTTTGATTCTCAATCATTCTTGATTGGTAATTCTCAACAATTGGTTGAAGCTTTGTCTTTGTGTGATGATTTGTTG,0.10370361698059363,0.09042683644689928,0.11183747556260763,0.15361493380530314,0.21119310858881749,0.2027846300173912,0.07694378214906739,0.04949561644932032,1102.3521104636225
AAAGATAGAGATAATGAGAATCAAGGTGAAGAAGATCCAACTTGGTTTGATTCTCAATCTGGATTTATCTTAAATTCTCAACAATTGGTTGAAGCTTTGTCTTTGTGTGATGATTTGTTG,0.11975361454102683,0.0937120636023598,0.14901500059323594,0.11825973613571009,0.15734131342848,0.10976680975402257,0.17276819501903515,0.07938326692612964,1370.4105816103906
AAAGATAGAGATAATGAGAATCAAGGTGAAGAAGATCCAACTTGGTTTGATTCTCAATTCTCTGGTTTGATTAATTCTCAACAATTGGTTGAAGCTTTGTCTTTGTGTGATGATTTGTTG,0.0580226617382473,0.09486420102758021,0.08122533822711368,0.21755657967054678,0.12864578749906105,0.11301575577334438,0.10762602054015576,0.1990436555239508,1961.1893245713213
AAAGATAGAGATAATGAGAATCAAGGTGAAGAAGATCCAACTTGGTTTGATTCTCAATTCTTGTCTCAACAATCTATTAATGGTTTGGTTGAAGCTTTGTCTTTGTGTGATGATTTGTTG,0.27847021324081345,0.27317106969247745,0.14726821932586717,0.15468547994958518,0.03430079329177142,0.03828709517802631,0.032283335502257454,0.041533793819201505,655.4068084105454
AAAGATAGAGATAATGAGAATCAAGGTGAAGAAGATCCAACTTGGTTTGATTCTCAATTGGGTTCATTTATTAATTCTCAACAATTGGTTGAAGCTTTGTCTTTGTGTGATGATTTGTTG,0.14493154311600764,0.07290952364794305,0.13525880241392307,0.18114078110224863,0.16066853828357422,0.1826619231880645,0.10081236862258881,0.021616519625649963,943.2527469374749
AAAGATAGAGATAATGAGAATCAAGGTGAAGAAGATCCAACTTGGTTTGATTCTCAATTTGGTATCTTGTCTAATTCTCAACAATTGGTTGAAGCTTTGTCTTTGTGTGATGATTTGTTG,0.08865523258644115,0.10292091070887681,0.06788789870239911,0.09849295580361793,0.14112232401694197,0.13126916641597314,0.21504511295490097,0.15460639881084887,1936.1707883674696
AAAGATAGAGATAATGAGAATCAAGGTGAAGAAGATCCAACTTGGTTTGATTCTGAAGAACAATTTATCTTAAATTCTCAACAATTGGTTGAAGCTTTGTCTTTGTGTGATGATTTGTTG,0.0889975462779135,0.11192816562652326,0.01661156883935602,0.13842255658274838,0.2060920784781294,0.163151263004521,0.1898434021345269,0.08495341905628152,1526.4659000360261
AAAGATAGAGATAATGAGAATCAAGGTGAAGAAGATCCAACTTGGTTTGATTCTGAAGAACAATTTATCTTGAATGCTCAACAATTGGTTGAAGCTTTGTCTTTGTGTGATGATTTGTTG,0.46000035493658803,0.2842763475258348,0.16450573715874336,0.04431379944519964,0.020883226121461422,0.01100221702366218,0.007127975795056588,0.00789034199345396,310.2355351196429
AAAGATAGAGATAATGAGAATCAAGGTGAAGAAGATCCAACTTGGTTTGATTCTGAAGAACAATTTATCTTGGAAGAACAACAATTGGTTGAAGCTTTGTCTTTGTGTGATGATTTGTTG,0.22402754883821333,0.1977187772571952,0.19562660633609685,0.14409247756174326,0.07358606442374112,0.057640662738739405,0.05103219472175888,0.05627566812251205,839.6609666419762
AAAGATAGAGATAATGAGAATCAAGGTGAAGAAGATCCAACTTGGTTTGATTCTGATGATCAATTTATCTTAAATTCTCAACAATTGGTTGAAGCTTTGTCTTTGTGTGATGATTTGTTG,0.25216583982861823,0.22652679015242672,0.03361946787488219,0.08004219811586581,0.15086640705535,0.08254877516944373,0.14199295023757966,0.03223757156583363,942.9403181035364
AAAGATAGAGATAATGAGAATCAAGGTGAAGAAGATCCAACTTGGTTTGATTCTGATGATCAATTTATCTTGAATGCTCAACAATTGGTTGAAGCTTTGTCTTTGTGTGATGATTTGTTG,0.04522838725719079,0.2351109659108894,0.1594594020626839,0.15074161165325412,0.0668525172947316,0.08982259864889275,0.09088513216425122,0.1618993850081063,1627.0781350157731
AAAGATAGAGATAATGAGAATCAAGGTGAAGAAGATCCAACTTGGTTTGATTCTGATGATCAATTTATCTTGGATGATCAACAATTGGTTGAAGCTTTGTCTTTGTGTGATGATTTGTTG,0.01877385689001851,0.04722205164786933,0.09344473839309453,0.14208911710955338,0.22431104270367241,0.19036591830257124,0.16758837129138038,0.11620490366184012,1720.319973986849
AAAGATAGAGATAATGAGAATCAAGGTGAAGAAGATCCAACTTGGTTTGATTCTGGTAAGACATTTATCTTGAATAAGACTCAATTGGTTGAAGCTTTGTCTTTGTGTGATGATTTGTTG,0.13531105032408844,0.13613964236253964,0.18040054563215202,0.18253869792528898,0.13333638275330764,0.07087247965853499,0.08067470352278942,0.08072649782129884,1122.325553741271
AAAGATAGAGATAATGAGAATCAAGGTGAAGAAGATCCAACTTGGTTTGATTCTGGTAATATCTTGCAATCTTCATTTCAACAATTGGTTGAAGCTTTGTCTTTGTGTGATGATTTGTTG,0.012343407243564425,0.016586613406239268,0.03687545830968463,0.06715404392774174,0.13976834329849366,0.20774148248028484,0.33737238850498286,0.18215826282900877,2474.6432690641077
AAAGATAGAGATAATGAGAATCAAGGTGAAGAAGATCCAACTTGGTTTGATTCTGGTACTCAATTTATCTTAAATTCTCAACAATTGGTTGAAGCTTTGTCTTTGTGTGATGATTTGTTG,0.02268083483507389,0.04563944682322961,0.11289127695584429,0.1763834664327776,0.268198093281278,0.12473625411370147,0.1682823864123735,0.08118824114572176,1467.2517432840282
AAAGATAGAGATAATGAGAATCAAGGTGAAGAAGATCCAACTTGGTTTGATTCTGGTACTCAATTTATCTTGAATACTCAACAATTGGTTGAAGCTTTGTCTTTGTGTGATGATTTGTTG,0.2513068291500374,0.21116786579678612,0.10996493825625814,0.07363341407031686,0.010885247131648549,0.025313098532728,0.11013389350817725,0.20759471355404766,1806.821579017605
AAAGATAGAGATAATGAGAATCAAGGTGAAGAAGATCCAACTTGGTTTGATTCTGGTACTCCATTTATCTTGAATACTCCACAATTGGTTGAAGCTTTGTCTTTGTGTGATGATTTGTTG,0.09655643106215427,0.10031744418030286,0.0665491814879789,0.07118868994499163,0.17503571629133483,0.2465760163316881,0.22650739705017944,0.017269123651369983,1263.3287838460806
AAAGATAGAGATAATGAGAATCAAGGTGAAGAAGATCCAACTTGGTTTGATTCTGGTACTGACTTTATCTTGAATACTGATCAATTGGTTGAAGCTTTGTCTTTGTGTGATGATTTGTTG,0.06823489284143833,0.07821197849860843,0.07093567673423695,0.12474512206378667,0.08085715041481857,0.10054617529214133,0.20026685161737018,0.27620215253759955,2587.0290311089852
AAAGATAGAGATAATGAGAATCAAGGTGAAGAAGATCCAACTTGGTTTGATTCTGGTCAATCATTTATCTTAAATTCTCAACAATTGGTTGAAGCTTTGTCTTTGTGTGATGATTTGTTG,0.08926348419331184,0.131471057349355,0.17991569190191609,0.22661745370787897,0.19899879914182106,0.12475123971201499,0.031163262630709915,0.017819011362992177,731.8338245190433
AAAGATAGAGATAATGAGAATCAAGGTGAAGAAGATCCAACTTGGTTTGATTCTGGTCAATCATTTATCTTGAATCAATCTCAATTGGTTGAAGCTTTGTCTTTGTGTGATGATTTGTTG,0.0957793144701155,0.10265055761079907,0.1399100818454959,0.18736984992677927,0.21748793101485178,0.16794960092769115,0.05407064659974243,0.03478201760452499,934.2361287032833
AAAGATAGAGATAATGAGAATCAAGGTGAAGAAGATCCAACTTGGTTTGATTCTGGTCAATTCTCTATCTTAAATTCTCAACAATTGGTTGAAGCTTTGTCTTTGTGTGATGATTTGTTG,0.04381626156883956,0.008123566095824625,0.007807228936185804,0.04933542401409891,0.2140597624799494,0.42391885221837705,0.21854478604981423,0.03439411863691058,1564.1828496567143
AAAGATAGAGATAATGAGAATCAAGGTGAAGAAGATCCAACTTGGTTTGATTCTGGTCCAACATTTATCTTGAATCCAACTCAATTGGTTGAAGCTTTGTCTTTGTGTGATGATTTGTTG,0.15232403723294258,0.11048746778999093,0.0749359583503629,0.13380726711538643,0.12566602876500474,0.12013903017881873,0.13470182572039077,0.147938384847103,1688.8354717587783
AAAGATAGAGATAATGAGAATCAAGGTGAAGAAGATCCAACTTGGTTTGATTCTGGTGAACAATTTATCTTAAATTCTCAACAATTGGTTGAAGCTTTGTCTTTGTGTGATGATTTGTTG,0.30456314160903014,0.17792603266535573,0.11002706227508291,0.08731853370894309,0.07744993198501084,0.06303708198744971,0.10934187954330539,0.0703363362258223,1041.8544660261293
AAAGATAGAGATAATGAGAATCAAGGTGAAGAAGATCCAACTTGGTTTGATTCTGGTGAACAATTTATCTTGAATGAACAACAATTGGTTGAAGCTTTGTCTTTGTGTGATGATTTGTTG,0.021931914344126748,0.0220662168240056,0.027290902588006538,0.1116757253483074,0.21431751268722077,0.2529616315866376,0.21018737157206577,0.13956872504962978,2014.7985245661425
AAAGATAGAGATAATGAGAATCAAGGTGAAGAAGATCCAACTTGGTTTGATTCTGGTGAACAATTTATCTTGAATGCTCAACAATTGGTTGAAGCTTTGTCTTTGTGTGATGATTTGTTG,0.09228768195239084,0.18570563136379137,0.08038650293366068,0.1025284838195253,0.1091290532864533,0.1438053589677949,0.2310985076416526,0.055058780034731,1363.4660778244486
AAAGATAGAGATAATGAGAATCAAGGTGAAGAAGATCCAACTTGGTTTGATTCTGGTGATCAATTTATCTTGAATGCTCAACAATTGGTTGAAGCTTTGTCTTTGTGTGATGATTTGTTG,0.061407513354606945,0.07371900731657657,0.34342087089905166,0.13463442045370358,0.29361762276631276,0.049037444765434875,0.04346926270718617,0.0006938577371274699,616.955167529184
AAAGATAGAGATAATGAGAATCAAGGTGAAGAAGATCCAACTTGGTTTGATTCTGGTGCTCAATTTATCTTGAATGAACAACAATTGGTTGAAGCTTTGTCTTTGTGTGATGATTTGTTG,0.04093887111322736,0.044017156978107895,0.03017591982660764,0.019023130154726276,0.004025577736543,0.004302205260877692,0.27835637570044675,0.5791607632294634,4447.802296678335
AAAGATAGAGATAATGAGAATCAAGGTGAAGAAGATCCAACTTGGTTTGATTCTGGTGCTCAATTTATCTTGAATGATCAACAATTGGTTGAAGCTTTGTCTTTGTGTGATGATTTGTTG,0.0018881948737336212,0.0012370513574988752,0.0011474638481233327,0.0007805471435614352,0.0004327068422082888,0.00040249525987363287,0.30731573593428824,0.6867958047407126,5164.733774749768
AAAGATAGAGATAATGAGAATCAAGGTGAAGAAGATCCAACTTGGTTTGATTCTGGTGCTCAATTTATCTTGGAAGAACAACAATTGGTTGAAGCTTTGTCTTTGTGTGATGATTTGTTG,0.07043242530855248,0.0850364711760038,0.07595670116052432,0.21387796266322226,0.2637373535082938,0.17646055974652597,0.06967725070040529,0.04482127573647219,1069.766175303133
AAAGATAGAGATAATGAGAATCAAGGTGAAGAAGATCCAACTTGGTTTGATTCTGGTGCTCAATTTATCTTGGATGATCAACAATTGGTTGAAGCTTTGTCTTTGTGTGATGATTTGTTG,0.07988357601707166,0.2143273382537397,0.2153728515162302,0.13312191439596507,0.085277607622122,0.12203619524337127,0.08643585389696382,0.06354466305453622,1058.6728299350941
AAAGATAGAGATAATGAGAATCAAGGTGAAGAAGATCCAACTTGGTTTGATTCTGGTTATCAATTTATCTTAAATTCTCAACAATTGGTTGAAGCTTTGTCTTTGTGTGATGATTTGTTG,0.20543645256216128,0.16076236180873574,0.1136151764335352,0.20287371505044846,0.06747946898326022,0.10461342320488891,0.06351055260355648,0.08170884935341367,1082.78831446216
AAAGATAGAGATAATGAGAATCAAGGTGAAGAAGATCCAACTTGGTTTGATTCTGGTTATCAATTTATCTTGAATTATCAACAATTGGTTGAAGCTTTGTCTTTGTGTGATGATTTGTTG,0.10432172115403746,0.2186678055016378,0.14063007491818158,0.228576400323334,0.09708822558400837,0.07437255228960174,0.06718957448494406,0.0691536457442549,1014.5559247838767
AAAGATAGAGATAATGAGAATCAAGGTGAAGAAGATCCAACTTGGTTTGATTCTGGTTCATTCTTAAATTCTCAAATTCAACAATTGGTTGAAGCTTTGTCTTTGTGTGATGATTTGTTG,0.060431487749130756,0.08360212655292705,0.12219628696063535,0.10070599915608906,0.19353612934867048,0.24233924749548902,0.1611353305533927,0.03605339218366544,1245.3136306451486
AAAGATAGAGATAATGAGAATCAAGGTGAAGAAGATCCAACTTGGTTTGATTCTGGTTCATTCTTGATTCAAAATTCTCAACAATTGGTTGAAGCTTTGTCTTTGTGTGATGATTTGTTG,0.24681028184645298,0.28051149537405745,0.1649334882855897,0.15233213898494816,0.05704889462248008,0.047479874454796206,0.025433748802953664,0.02545007762872173,567.4278446719204
AAAGATAGAGATAATGAGAATCAAGGTGAAGAAGATCCAACTTGGTTTGATTCTGGTTCATTCTTGCAAATTAATTCTCAACAATTGGTTGAAGCTTTGTCTTTGTGTGATGATTTGTTG,0.1879701232897793,0.20502856781168116,0.16132540669414958,0.1491074024620112,0.13364039568709327,0.11464825625098976,0.0377992055947747,0.010480642209521102,626.1391455837072
AAAGATAGAGATAATGAGAATCAAGGTGAAGAAGATCCAACTTGGTTTGATTCTGGTTCATTTAATTTGGTTATTCAATTGTCTCAACAAGAAGCTTTGTCTTTGTGTGATGATTTGTTG,0.10558575072180736,0.026558079158018597,0.09853895078709957,0.1466277338621138,0.13005610071958731,0.19356093854262213,0.22033194556976915,0.07874050063898214,1561.7417923411529
AAAGATAGAGATAATGAGAATCAAGGTGAAGAAGATCCAACTTGGTTTGATTCTGGTTCATTTATCTTGCAAAATTCTCAACAATTGGTTGAAGCTTTGTCTTTGTGTGATGATTTGTTG,0.12770587378310327,0.11778057013244943,0.17215289777563828,0.1536999678422147,0.1468158914597615,0.13656520910346687,0.06909033620215901,0.07618925370120692,1141.4000605297217
AAAGATAGAGATAATGAGAATCAAGGTGAAGAAGATCCAACTTGGTTTGATTCTGGTTCATTTATTCAATTAAATTCTCAACAATTGGTTGAAGCTTTGTCTTTGTGTGATGATTTGTTG,0.0641869400127478,0.07668874497790516,0.10815837395734199,0.12924849201000918,0.1871152494681488,0.12869958461308226,0.14634472776048582,0.1595578872002791,1840.1566595092204
AAAGATAGAGATAATGAGAATCAAGGTGAAGAAGATCCAACTTGGTTTGATTCTGGTTCATTTCAAATCTTAAATTCTCAACAATTGGTTGAAGCTTTGTCTTTGTGTGATGATTTGTTG,0.0597336510113915,0.0508533694024265,0.09719993792462013,0.09699070282697365,0.1313073721209232,0.054752187076860866,0.1747226483331093,0.33444013130369493,2855.2865736301987
AAAGATAGAGATAATGAGAATCAAGGTGAAGAAGATCCAACTTGGTTTGATTCTGGTTCATTTCAGAATTTGTCTATTCAACAATTGGTTGAAGCTTTGTCTTTGTGTGATGATTTGTTG,0.02861894008587318,0.05361677000758454,0.11788760340195183,0.20282807711128836,0.17407002129303922,0.13116137512039705,0.11989925437306648,0.1719179586067993,1871.5160801011648
AAAGATAGAGATAATGAGAATCAAGGTGAAGAAGATCCAACTTGGTTTGATTCTGGTTCTAACTTTCAAATCTTGTCTCAACAATTGGTTGAAGCTTTGTCTTTGTGTGATGATTTGTTG,0.04234444936786072,0.0662725003763188,0.04976388345425795,0.052270274140029806,0.1483608670013588,0.23072261953173395,0.2727241751144852,0.1375412310139547,2074.691613316684
AAAGATAGAGATAATGAGAATCAAGGTGAAGAAGATCCAACTTGGTTTGATTCTGGTTCTAATCAACAATCATTCTTGCAAATCTTGGTTGAAGCTTTGTCTTTGTGTGATGATTTGTTG,0.20701556143152258,0.14579827072870957,0.10303964227805057,0.09199490632594413,0.061198341307998394,0.11385094889135662,0.15359695952779262,0.12350536950862553,1529.3476836863606
AAAGATAGAGATAATGAGAATCAAGGTGAAGAAGATCCAACTTGGTTTGATTCTGGTTCTAATCAATCTTTGCAACAAATCTTCTTGGTTGAAGCTTTGTCTTTGTGTGATGATTTGTTG,0.00013637250512201697,7.840434119725352e-05,0.00012121047159765563,8.657441531297058e-05,0.009512350431498956,0.09023198015201528,0.5059588810510063,0.3938742266322496,3945.8823115709174
AAAGATAGAGATAATGAGAATCAAGGTGAAGAAGATCCAACTTGGTTTGATTCTGGTTCTAATCAATTCTCTATCTTGCAACAATTGGTTGAAGCTTTGTCTTTGTGTGATGATTTGTTG,0.07777360420486987,0.16954136201044265,0.15323075403733077,0.20880926991620302,0.15966377458836353,0.14851605331078704,0.03606549265783528,0.04639968927416781,918.0300734477458
AAAGATAGAGATAATGAGAATCAAGGTGAAGAAGATCCAACTTGGTTTGATTCTGGTTCTAATTCATTCTTGCAACAAGTCTTGATTCAAGAAGCTTTGTCTTTGTGTGATGATTTGTTG,0.09587488798624395,0.12218518526212412,0.23064973852198178,0.18462382991578694,0.11966926272297336,0.09959669872281553,0.0711351899727882,0.07626520689528599,1106.3875734269639
AAAGATAGAGATAATGAGAATCAAGGTGAAGAAGATCCAACTTGGTTTGATTCTGGTTCTAATTTGCAACAATCATTTGTCTTGCAAATTGAAGCTTTGTCTTTGTGTGATGATTTGTTG,0.03745625337688736,0.05024749446313157,0.05437665421622193,0.06473075281635489,0.0840719439957643,0.08964624405934506,0.24703098943476476,0.37243966763753006,3262.0614925610053
AAAGATAGAGATAATGAGAATCAAGGTGAAGAAGATCCAACTTGGTTTGATTCTGGTTCTATCTTGCAATTTAATTCTCAACAATTGGTTGAAGCTTTGTCTTTGTGTGATGATTTGTTG,0.003778609629502482,0.005347664779618618,0.014049765256364975,0.07875388750029776,0.2405555220500049,0.3310371098550342,0.2639351945765966,0.06254224635258035,1764.4144608801398
AAAGATAGAGATAATGAGAATCAAGGTGAAGAAGATCCAACTTGGTTTGATTCTGGTTCTATCTTGTTTCAAAATTCTCAACAATTGGTTGAAGCTTTGTCTTTGTGTGATGATTTGTTG,0.19114764102042986,0.16701313420429204,0.1314455836180361,0.15647471703844332,0.1338334009015124,0.10143560839240646,0.08863976299240588,0.030010151832473873,849.3171347247065
AAAGATAGAGATAATGAGAATCAAGGTGAAGAAGATCCAACTTGGTTTGATTCTGGTTCTATTAACTTCTCTCAATTGCAACAATTGGTTGAAGCTTTGTCTTTGTGTGATGATTTGTTG,0.14552539706996634,0.18592576225978646,0.20120447780149492,0.1462762764579426,0.12746814755137745,0.11645103275042999,0.03856207435645112,0.03858683175255108,805.5651146636095
AAAGATAGAGATAATGAGAATCAAGGTGAAGAAGATCCAACTTGGTTTGATTCTGGTTCTATTCAATCATTCTTGAATCAACAATTGGTTGAAGCTTTGTCTTTGTGTGATGATTTGTTG,0.36917398410663627,0.2656156608820025,0.23444604731927876,0.0011008352782386148,0.0806244460518291,0.02452266791833913,0.01877366992809394,0.00574268851558178,376.1647709346808
AAAGATAGAGATAATGAGAATCAAGGTGAAGAAGATCCAACTTGGTTTGATTCTGGTTCTATTTCTTTGTTTCAGAATCAACAATTGGTTGAAGCTTTGTCTTTGTGTGATGATTTGTTG,0.060141078192667945,0.03915311443531146,0.06162993110611312,0.1257688425516152,0.1969636755707113,0.29508429234408573,0.18537893179667272,0.03588013400282265,1363.1367337589763
AAAGATAGAGATAATGAGAATCAAGGTGAAGAAGATCCAACTTGGTTTGATTCTGGTTCTCAAATCTTAAATTCATTTCAACAATTGGTTGAAGCTTTGTCTTTGTGTGATGATTTGTTG,0.037735321231677825,0.08858826107767225,0.06260775718295579,0.139742205766333,0.2602924045087546,0.19600092885945902,0.13999021541932505,0.07504290595382247,1423.957992166366
AAAGATAGAGATAATGAGAATCAAGGTGAAGAAGATCCAACTTGGTTTGATTCTGGTTCTCAAATCTTGTCATTTCAGAATCAATTGGTTGAAGCTTTGTCTTTGTGTGATGATTTGTTG,0.1811679660150028,0.19053054755890347,0.34894419330657633,0.1631262254951479,0.024596138295903697,0.03598314653522436,0.02195396297736586,0.03369781981587562,605.1860855068046
AAAGATAGAGATAATGAGAATCAAGGTGAAGAAGATCCAACTTGGTTTGATTCTGGTTCTCAAATTCAACAGAATTTGGTTTCTTTGTTTGAAGCTTTGTCTTTGTGTGATGATTTGTTG,0.005901730476980045,0.006092100769244892,0.027861130243234996,0.06745018799401421,0.15821084492245172,0.24045309783266763,0.3239612392687141,0.17006966849269234,2415.696011339703
AAAGATAGAGATAATGAGAATCAAGGTGAAGAAGATCCAACTTGGTTTGATTCTGGTTCTCAACAAATTAATTTGCAATTCTCTTTGGTTGAAGCTTTGTCTTTGTGTGATGATTTGTTG,0.006853396088000896,0.010608251707165568,0.0507306665332037,0.13626911812991366,0.27533013869970685,0.21084498871434088,0.22654040087701285,0.08282303925065555,1701.0721179896532
AAAGATAGAGATAATGAGAATCAAGGTGAAGAAGATCCAACTTGGTTTGATTCTGGTTCTCAAGCTATCTTAAATTCTCAACAAGCTGTTGAAGCTTTGTCTTTGTGTGATGATTTGTTG,0.012464612461419883,0.01639969192154881,0.03738379488210333,0.12711534994985063,0.29006091153700575,0.34158212440248376,0.1399090510940831,0.03508446375150473,1356.1587920784118
AAAGATAGAGATAATGAGAATCAAGGTGAAGAAGATCCAACTTGGTTTGATTCTGGTTCTCAAGCTATCTTAAATTCTCAACAATTGGTTGAAGCTGCTTCTTTGTGTGATGATTTGTTG,0.05526823513629532,0.08191725757932518,0.16726142954965367,0.2933463816327954,0.22137651874493863,0.14905171848935073,0.02354049902120783,0.008237959846433243,713.0137946580683
AAAGATAGAGATAATGAGAATCAAGGTGAAGAAGATCCAACTTGGTTTGATTCTGGTTCTCAAGCTATCTTAAATTCTCAACAATTGGTTGAAGCTTTGTCTGCTTGTGATGATTTGTTG,0.0036286865777687026,0.0007127961749422624,0.00066655074106591,0.0004991192373006182,0.001004610190291958,0.0006652147423950265,0.28734264970336876,0.7054803726328668,5232.378231095284
AAAGATAGAGATAATGAGAATCAAGGTGAAGAAGATCCAACTTGGTTTGATTCTGGTTCTCAAGCTATCTTAAATTCTCAACAATTGGTTGAAGCTTTGTCTTTGTGTGATGATGCTTTG,0.12974336006619308,0.19364354129270353,0.2872230286983226,0.19993968393858197,0.11655352530196612,0.06870350344078172,0.0040726291683505144,0.0001207280931004355,451.9585773172708
AAAGATAGAGATAATGAGAATCAAGGTGAAGAAGATCCAACTTGGTTTGATTCTGGTTCTCAAGCTATCTTAAATTCTCAACAATTGGTTGAAGCTTTGTCTTTGTGTGATGATTTGGCT,0.08131485773489204,0.09090310908150279,0.10118386505530134,0.14052585300969486,0.14245010826374352,0.14906727539490552,0.17596906681602448,0.11858586464393538,1658.6130627985465
AAAGATAGAGATAATGAGAATCAAGGTGAAGAAGATCCAACTTGGTTTGATTCTGGTTCTCAAGCTATCTTAAATTCTCAACAATTGGTTGAAGCTTTGTCTTTGTGTGATGATTTGTTG,0.0378210653590777,0.057079000193509456,0.07059376994824175,0.1309019832413293,0.19924646009610184,0.2346688739369315,0.1794327404841973,0.09025610674061124,1619.1931253163718
AAAGATAGAGATAATGAGAATCAAGGTGAAGAAGATCCAACTTGGTTTGATTCTGGTTCTCAAGCTATTGCTAATTCTCAACAAGCTGTTGAAGCTTTGTCTTTGTGTGATGATTTGTTG,0.054352373429623124,0.036456804094670524,0.04959767262636694,0.09258825259038339,0.10711835951025475,0.22917052333874577,0.3074949498331063,0.12322106457684921,2053.7683230280936
AAAGATAGAGATAATGAGAATCAAGGTGAAGAAGATCCAACTTGGTTTGATTCTGGTTCTCAATCTTTGCAGAACTTTCAAATCTTGGTTGAAGCTTTGTCTTTGTGTGATGATTTGTTG,0.010026906739947782,0.007205934001217012,0.22458504782096164,0.20687741710133578,0.4474490617107637,0.07177512216673995,0.021255853950230715,0.010824656508803362,746.4604314194512
AAAGATAGAGATAATGAGAATCAAGGTGAAGAAGATCCAACTTGGTTTGATTCTGGTTCTCAATTCTCTAATATCTTGCAACAATTGGTTGAAGCTTTGTCTTTGTGTGATGATTTGTTG,0.001261713860701652,0.0011754075034575082,0.0009303758971329916,0.000882565260449077,0.0004604818465873821,0.00034266481123968395,0.29774432054918776,0.6972024702712438,5205.891126338004
AAAGATAGAGATAATGAGAATCAAGGTGAAGAAGATCCAACTTGGTTTGATTCTGGTTCTCAATTCTCTATCTTGAATCAACAATTGGTTGAAGCTTTGTCTTTGTGTGATGATTTGTTG,0.04666772173026149,0.03231002233979486,0.026409091458011683,0.06041130919604913,0.21982323604478124,0.2840082363660656,0.2784640581330288,0.05190632473200719,1662.1084448576871
AAAGATAGAGATAATGAGAATCAAGGTGAAGAAGATCCAACTTGGTTTGATTCTGGTTCTCAATTCTCTATCTTGAATCAAGTCTTGCAAGAAGCTTTGTCTTTGTGTGATGATTTGTTG,0.1298931347854441,0.14935834242814075,0.16822930559379645,0.23560304679885127,0.15411947946820084,0.07532414717668222,0.05900529674257983,0.028467247006304656,780.0893677817
AAAGATAGAGATAATGAGAATCAAGGTGAAGAAGATCCAACTTGGTTTGATTCTGGTTCTCAATTCTCTCAATTGATTAATTTGGTTCAAGAAGCTTTGTCTTTGTGTGATGATTTGTTG,0.08622484083163011,0.07861976858103362,0.14082283126450926,0.11076050942275237,0.23100271251443338,0.22475337747839036,0.11495553681382135,0.01286042309342949,996.8715679329458
AAAGATAGAGATAATGAGAATCAAGGTGAAGAAGATCCAACTTGGTTTGATTCTGGTTCTCAATTCTCTCAATTGCAGAATATCTTGGTTGAAGCTTTGTCTTTGTGTGATGATTTGTTG,0.0023061757542056608,0.0034804468110779248,0.0796758742245785,0.2033841790869558,0.29549450126394133,0.37645237707975365,0.029818202903720233,0.009388242875766893,1005.5234576269702
AAAGATAGAGATAATGAGAATCAAGGTGAAGAAGATCCAACTTGGTTTGATTCTGGTTCTCAATTCTCTCAGAATATCTTGCAATTGGTTGAAGCTTTGTCTTTGTGTGATGATTTGTTG,0.2775880778668851,0.2797915941052432,0.18283053199742066,0.09649382803105258,0.0485904469204246,0.06011086344325899,0.04294678232784341,0.011647875307871525,519.0228998744167
AAAGATAGAGATAATGAGAATCAAGGTGAAGAAGATCCAACTTGGTTTGATTCTGGTTCTCAATTCTCTTTGAATATTCAACAATTGGTTGAAGCTTTGTCTTTGTGTGATGATTTGTTG,0.007744414082526115,0.004195981328854675,0.0008329785738013839,0.0010192005497134,0.00019326054273209175,0.0028837019256963046,0.30896507846538607,0.6741653845312899,5093.483294259928
AAAGATAGAGATAATGAGAATCAAGGTGAAGAAGATCCAACTTGGTTTGATTCTGGTTCTCAATTCTCTTTGAATCAAATTCAATTGGTTGAAGCTTTGTCTTTGTGTGATGATTTGTTG,0.2842288422621929,0.16681545341523596,0.14736632815024936,0.10525620046076906,0.09336031218596035,0.0868418972147508,0.08786917128292457,0.028261795027916894,778.9667458850087
AAAGATAGAGATAATGAGAATCAAGGTGAAGAAGATCCAACTTGGTTTGATTCTGGTTCTCAATTCTCTTTGAATTTGGTTATTCAACAAGAAGCTTTGTCTTTGTGTGATGATTTGTTG,0.001491706903348681,0.0022071199028984084,0.001528635608915648,0.003606924898006803,0.0022481398820372823,0.09281598938866749,0.5861889562230431,0.30991252719308277,3620.8502757083224
AAAGATAGAGATAATGAGAATCAAGGTGAAGAAGATCCAACTTGGTTTGATTCTGGTTCTCAATTCTCTTTGCAAGCTATTGTTCAGAATTTGGAATTGTCTTTGTGTGATGATTTGTTG,0.19592635556857274,0.16503583149913237,0.10772570967373206,0.16198514180377574,0.13020804146230594,0.10023469144758411,0.08451699346532729,0.054367235079569795,984.0568931437426
AAAGATAGAGATAATGAGAATCAAGGTGAAGAAGATCCAACTTGGTTTGATTCTGGTTCTCAATTCTCTTTGTTGATTCAAGAAGCTGTTCAGAATTTGTCTTTGTGTGATGATTTGTTG,0.10403680614774227,0.15491735265083625,0.10874458882066454,0.15256739812425596,0.06561186597770143,0.09917512624289036,0.13122469097355471,0.18372217106235425,1855.835219110313
AAAGATAGAGATAATGAGAATCAAGGTGAAGAAGATCCAACTTGGTTTGATTCTGGTTCTCAATTCTTAAATTCTATTCAACAATTGGTTGAAGCTTTGTCTTTGTGTGATGATTTGTTG,0.24025647692794488,0.18532458056603643,0.13951575175086792,0.16904730365462423,0.13415849415803077,0.08074747418081801,0.022282542498138724,0.02866737626353924,661.0703400321136
AAAGATAGAGATAATGAGAATCAAGGTGAAGAAGATCCAACTTGGTTTGATTCTGGTTCTCAATTCTTGATTAATTCTCAACAATTGGTTGAAGCTTTGTCTTTGTGTGATGATTTGTTG,0.5372924566397399,0.2557607191725369,0.06610040259509388,0.10757970759487424,0.0025082149320576085,0.0023330914199214273,0.014164140777959112,0.014261266867816976,345.4012589998257
AAAGATAGAGATAATGAGAATCAAGGTGAAGAAGATCCAACTTGGTTTGATTCTGGTTCTCAATTCTTGATTGCTGTTAATTTGTCTCAACAAGAATTGTCTTTGTGTGATGATTTGTTG,0.0004259205912744828,0.0006856460202718794,0.00037099498151503535,0.03052032463590701,0.013262674871649508,0.16431982884887092,0.5824559052083472,0.20795870484216392,3081.232073883087
AAAGATAGAGATAATGAGAATCAAGGTGAAGAAGATCCAACTTGGTTTGATTCTGGTTCTCAATTCTTGATTTCTAATCAACAATTGGTTGAAGCTTTGTCTTTGTGTGATGATTTGTTG,0.0013259064503735026,0.0009660186709988998,0.0015361018346879425,0.0008635044983496939,0.004325153472558871,0.08658200011516183,0.51499385117781,0.3894074637800592,3933.1295279012725
AAAGATAGAGATAATGAGAATCAAGGTGAAGAAGATCCAACTTGGTTTGATTCTGGTTCTCAATTCTTGGAAAATTCTCAATTGGCTGTTATTCAATTGTCTTTGTGTGATGATTTGTTG,0.17290960621102217,0.18556633293327213,0.16188189221028149,0.14087091817209957,0.06166359252923022,0.05886766925349443,0.1298190382805624,0.08842095041003767,1217.576960854998
AAAGATAGAGATAATGAGAATCAAGGTGAAGAAGATCCAACTTGGTTTGATTCTGGTTCTCAATTCTTGGTTGAAATTAATCAATTGCAATCTGCTTTGTCTTTGTGTGATGATTTGTTG,0.28896385795007073,0.19843705509267534,0.1940542920088049,0.16815807023592394,0.05423749554149128,0.04204219564963423,0.021269761538676078,0.03283727198272362,597.9822352052608
AAAGATAGAGATAATGAGAATCAAGGTGAAGAAGATCCAACTTGGTTTGATTCTGGTTCTCAATTCTTGTCTATTAATCAACAATTGGTTGAAGCTTTGTCTTTGTGTGATGATTTGTTG,0.0016578114343490631,0.0018405111440129643,0.02809801154957441,0.002286337981466893,0.004168542719143258,0.20157734957749376,0.6242918822414707,0.1360795533524888,2772.491558083924
AAAGATAGAGATAATGAGAATCAAGGTGAAGAAGATCCAACTTGGTTTGATTCTGGTTCTCAATTCTTGTCTCAGAATATTGTTCAATTGGAAGCTTTGTCTTTGTGTGATGATTTGTTG,0.31502289994352306,0.17356893988347238,0.08399950026301337,0.0833285130447329,0.16260388563469944,0.1168756845340998,0.05565093441280428,0.008949642283654718,641.9198354840214
AAAGATAGAGATAATGAGAATCAAGGTGAAGAAGATCCAACTTGGTTTGATTCTGGTTCTCAATTGATCTTTAATTCTCAACAATTGGTTGAAGCTTTGTCTTTGTGTGATGATTTGTTG,0.07132913601781746,0.05980493982960067,0.039448073953982525,0.044024583498925234,0.06052594245329162,0.1416581210395041,0.3326079892993395,0.250601213907539,2754.290644422717
AAAGATAGAGATAATGAGAATCAAGGTGAAGAAGATCCAACTTGGTTTGATTCTGGTTCTCAATTGCAACAATCTTTGAACTTTATTGTTGAAGCTTTGTCTTTGTGTGATGATTTGTTG,0.20420854857994686,0.15751859886352926,0.15246372531340735,0.13612126185825443,0.06707614081219386,0.05615359750441793,0.08838332558269649,0.1380748014855539,1418.8341037999073
AAAGATAGAGATAATGAGAATCAAGGTGAAGAAGATCCAACTTGGTTTGATTCTGGTTCTCAATTTAATATTCAATCTCAATTGTTGGTTGAAGCTTTGTCTTTGTGTGATGATTTGTTG,0.34973662414595375,0.18519909193347053,0.09161969933777042,0.0613492933776285,0.10883138773868709,0.1349770434774107,0.06828685998907902,0.0,600.4729463758406
AAAGATAGAGATAATGAGAATCAAGGTGAAGAAGATCCAACTTGGTTTGATTCTGGTTCTCAATTTAATATTTCTTTGCAACAATTGGTTGAAGCTTTGTCTTTGTGTGATGATTTGTTG,0.0849092414177026,0.13424587386315093,0.14590662851229072,0.1796786413270113,0.09960727951183307,0.1037710255875663,0.09749866142797997,0.15438264835246515,1632.258852951634
AAAGATAGAGATAATGAGAATCAAGGTGAAGAAGATCCAACTTGGTTTGATTCTGGTTCTCAATTTAATCAATTGGTCTTGTCTCAAATTGAAGCTTTGTCTTTGTGTGATGATTTGTTG,0.0878711143526073,0.139331576561293,0.21252990035510572,0.2064161333615875,0.2974559586861707,0.024329165487071935,0.03088587671407204,0.0011802744820918732,567.4671587620612
AAAGATAGAGATAATGAGAATCAAGGTGAAGAAGATCCAACTTGGTTTGATTCTGGTTCTCAATTTAATTCTCAAATCTTGCAATTGGTTGAAGCTTTGTCTTTGTGTGATGATTTGTTG,0.15303159316125978,0.1686323844929408,0.1360173853213332,0.14572535010441962,0.1292557029381638,0.17366710481386974,0.06758517520179498,0.026085303966218193,855.9049942506019
AAAGATAGAGATAATGAGAATCAAGGTGAAGAAGATCCAACTTGGTTTGATTCTGGTTCTCAATTTAATTTGATTCAACAATTGGTTTCTGAAGCTTTGTCTTTGTGTGATGATTTGTTG,0.09510800187840555,0.1230305221876004,0.10144055724497571,0.12075630123301921,0.09372003920587273,0.037361360615116204,0.20161769226111154,0.22696552537389864,2224.0466694217944
AAAGATAGAGATAATGAGAATCAAGGTGAAGAAGATCCAACTTGGTTTGATTCTGGTTCTCAATTTAATTTGTCTTTGCAACAAGTTATTGAAGCTTTGTCTTTGTGTGATGATTTGTTG,0.3925069856514228,0.2317953199927011,0.0849416912838483,0.10427568259253378,0.06726589882678474,0.05474822082638055,0.023741078973167788,0.04072512185316083,638.0237522662878
AAAGATAGAGATAATGAGAATCAAGGTGAAGAAGATCCAACTTGGTTTGATTCTGGTTCTCAATTTATCTTAAATTCTCAACAAGAAGCTTTGGTCTTGTCTTTGTGTGATGATTTGTTG,0.07546368885574073,0.26574029657224174,0.1408544746148781,0.2095939955940962,0.14872481260245288,0.034585212353348216,0.03499432929957314,0.09004319010766894,1047.549425118448
AAAGATAGAGATAATGAGAATCAAGGTGAAGAAGATCCAACTTGGTTTGATTCTGGTTCTCAATTTATCTTAAATTCTCAACAAGAAGCTTTGTCTTTGTGTGTCTTGGATGATTTGTTG,0.0001675797845153106,0.00011802418437757906,0.0002658723477822073,0.00010705088691643806,7.843874585451661e-05,9.600283463265679e-05,0.2826496509739657,0.7165173802419555,5287.9128455615855
AAAGATAGAGATAATGAGAATCAAGGTGAAGAAGATCCAACTTGGTTTGATTCTGGTTCTCAATTTATCTTAAATTCTCAACAAGAAGTCTTGGCTTTGTCTTTGTGTGATGATTTGTTG,0.130963450160571,0.1482360965923394,0.14259343104920094,0.181869937794952,0.16131528684722432,0.12004180561565327,0.0759136309564765,0.03906636098358265,923.3248979130942
AAAGATAGAGATAATGAGAATCAAGGTGAAGAAGATCCAACTTGGTTTGATTCTGGTTCTCAATTTATCTTAAATTCTCAACAAGAATCTGCTTTGTTGGTCTTGTGTGATGATTTGTTG,0.1824092557098441,0.18352625876804948,0.1475372166743761,0.19251797017304104,0.12582308093222108,0.083598654393917,0.08458756334855122,0.0,642.8667125706133
AAAGATAGAGATAATGAGAATCAAGGTGAAGAAGATCCAACTTGGTTTGATTCTGGTTCTCAATTTATCTTAAATTCTCAACAAGAATCTTTGTTGGATGATGTCTTGTGTGCTTTGTTG,0.00031419580432371415,0.0004109557617725027,0.0005473558640045092,0.0009424643749556944,0.001548052872416883,0.0022175504958567476,0.32756309674999856,0.6664563280766713,5090.7121064518005
AAAGATAGAGATAATGAGAATCAAGGTGAAGAAGATCCAACTTGGTTTGATTCTGGTTCTCAATTTATCTTAAATTCTCAACAAGAATTGGTCTTGTCTGCTTTGTGTGATGATTTGTTG,0.14433022661528203,0.21467741044848507,0.2765654510289085,0.22410677097853723,0.06352366830857853,0.05535637443504198,0.01400485192966302,0.007435246255503689,480.10439202010207
AAAGATAGAGATAATGAGAATCAAGGTGAAGAAGATCCAACTTGGTTTGATTCTGGTTCTCAATTTATCTTAAATTCTCAACAAGATGCTTTGGAATCTTGTGATTTGTTGGTCTTGTTG,0.25227481667296686,0.2885197310082709,0.24045464608959813,0.12879552925362997,0.0460629902482177,0.027649299210292844,0.009508104298319504,0.006734883218704069,387.92721148637594
AAAGATAGAGATAATGAGAATCAAGGTGAAGAAGATCCAACTTGGTTTGATTCTGGTTCTCAATTTATCTTAAATTCTCAACAAGCTGAAGTCTTGTTGTCTTTGTGTGATGATTTGTTG,0.0478476464776174,0.07277074513556682,0.06992377414680023,0.09086157519833601,0.21491345216947375,0.277423623937361,0.18111686196371896,0.04514232097112581,1392.866635603727
AAAGATAGAGATAATGAGAATCAAGGTGAAGAAGATCCAACTTGGTTTGATTCTGGTTCTCAATTTATCTTAAATTCTCAACAAGCTGCTGCTGCTGCTGCTGCTGCTGATGATTTGTTG,0.07735235793971464,0.08033655078878185,0.05588892115568553,0.10811283790904921,0.05901175200972004,0.0663272929240897,0.23142032660155584,0.3215499606714032,2881.2490740560866
AAAGATAGAGATAATGAGAATCAAGGTGAAGAAGATCCAACTTGGTTTGATTCTGGTTCTCAATTTATCTTAAATTCTCAACAAGCTGCTGCTGCTTTGTCTTTGTGTGATGATTTGTTG,0.0074920618277578,0.00451854123768216,0.010080029415496338,0.06609779887404098,0.17094009518533707,0.3836242366881478,0.28553075228047176,0.07171648449106612,1889.3368364200196
AAAGATAGAGATAATGAGAATCAAGGTGAAGAAGATCCAACTTGGTTTGATTCTGGTTCTCAATTTATCTTAAATTCTCAACAAGCTGCTGCTGCTTTGTCTTTGTGTGCTGCTGCTGCT,0.11252181906090887,0.19859870983306388,0.21477052079156278,0.20711058546963304,0.11698750868420518,0.11406375388978977,0.03139588497945154,0.0045512172913848995,591.2950242098575
AAAGATAGAGATAATGAGAATCAAGGTGAAGAAGATCCAACTTGGTTTGATTCTGGTTCTCAATTTATCTTAAATTCTCAACAAGCTGTCTTGTTGGAATCTTTGTGTGATGATTTGTTG,0.07992864517919565,0.06772050273113892,0.07066819151313103,0.05841974555316216,0.09741640909066257,0.18122959504314157,0.2614046401763018,0.18321227071326635,2244.360783190874
AAAGATAGAGATAATGAGAATCAAGGTGAAGAAGATCCAACTTGGTTTGATTCTGGTTCTCAATTTATCTTAAATTCTCAACAAGCTGTTGAAGCTGCTTCTGCTTGTGATGATTTGTTG,0.15514098805754267,0.12061578114370193,0.1754992343391836,0.07050942598270543,0.06948951429392163,0.12927551582723157,0.11118403542702274,0.1682855049286905,1731.6184650423306
AAAGATAGAGATAATGAGAATCAAGGTGAAGAAGATCCAACTTGGTTTGATTCTGGTTCTCAATTTATCTTAAATTCTCAACAAGCTGTTGAAGCTGCTTCTTTGTGTGATGATTTGTTG,0.0017532321042674605,0.0020353479381976665,0.0013984797252408452,0.0022474400653990294,0.0018162434798691895,0.0018954618628663153,0.34817928604111975,0.6406745087830397,4981.530136362912
AAAGATAGAGATAATGAGAATCAAGGTGAAGAAGATCCAACTTGGTTTGATTCTGGTTCTCAATTTATCTTAAATTCTCAACAAGCTGTTGAAGCTTTGTCTGCTTGTGATGATTTGTTG,0.11076234463467108,0.13715767382744704,0.14842880192342278,0.1419844699760983,0.2015001778061301,0.14838322314618543,0.07111822956118448,0.04066507912486068,967.9913168171587
AAAGATAGAGATAATGAGAATCAAGGTGAAGAAGATCCAACTTGGTTTGATTCTGGTTCTCAATTTATCTTAAATTCTCAACAAGCTGTTGAAGCTTTGTCTTTGTGTGATGATGCTTTG,0.013646327884929341,0.025559403197323128,0.10224896255015573,0.24746600789244952,0.3661037935981481,0.22147202872876445,0.02205339994909561,0.0014500761991340565,813.9853689292686
AAAGATAGAGATAATGAGAATCAAGGTGAAGAAGATCCAACTTGGTTTGATTCTGGTTCTCAATTTATCTTAAATTCTCAACAAGCTGTTGAAGCTTTGTCTTTGTGTGATGATTTGGCT,0.23845264384968431,0.1919302677872655,0.17803063899609978,0.14128682554061134,0.046994555008962983,0.08742679239573145,0.05897399022148757,0.05690428620015717,877.790287254688
AAAGATAGAGATAATGAGAATCAAGGTGAAGAAGATCCAACTTGGTTTGATTCTGGTTCTCAATTTATCTTAAATTCTCAACAAGCTGTTGAAGCTTTGTCTTTGTGTGATGATTTGTTG,0.004611863589626856,0.0059138591117097105,0.005626232040383985,0.059775613241211036,0.2116339291166342,0.5271640722798955,0.16941321554583144,0.015861215074707405,1456.0373432034285
AAAGATAGAGATAATGAGAATCAAGGTGAAGAAGATCCAACTTGGTTTGATTCTGGTTCTCAATTTATCTTAAATTCTCAACAAGCTGTTGAATTGTTGTCTTTGTGTGATGATTTGTTG,0.01058073881007517,0.02581602325535487,0.07341949954688394,0.18866557957998797,0.3005073443959603,0.29837677873591345,0.08568500034694501,0.016949035328879265,1093.110678596961
AAAGATAGAGATAATGAGAATCAAGGTGAAGAAGATCCAACTTGGTTTGATTCTGGTTCTCAATTTATCTTAAATTCTCAACAAGCTTCTTGTGTTGAATTGTTGTTGGATGATTTGTTG,0.001657700183346726,0.0020226869634653835,0.010105810398575124,0.021164625115465564,0.11738374878146246,0.2355698908194312,0.41969472089091875,0.1924008168473347,2737.6367675896954
AAAGATAGAGATAATGAGAATCAAGGTGAAGAAGATCCAACTTGGTTTGATTCTGGTTCTCAATTTATCTTAAATTCTCAACAAGCTTCTTTGTTGTGTTTGGAAGTTGATGATTTGTTG,0.09776302221861852,0.20765244567623284,0.06758393459093562,0.12067933456240812,0.06422420892918133,0.10952347276786982,0.1511168901103252,0.18145669114442858,1888.588599567943
AAAGATAGAGATAATGAGAATCAAGGTGAAGAAGATCCAACTTGGTTTGATTCTGGTTCTCAATTTATCTTAAATTCTCAACAAGCTTTGTTGTCTGTTGAATTGTGTGATGATTTGTTG,0.1639406357772642,0.16494454421828444,0.1569222840851806,0.12609172018787265,0.14912137950729312,0.1387097280255414,0.07017527968293796,0.030094428515625708,853.993633222657
AAAGATAGAGATAATGAGAATCAAGGTGAAGAAGATCCAACTTGGTTTGATTCTGGTTCTCAATTTATCTTAAATTCTCAACAAGTCTTGGAAGCTTGTTTGTCTTTGGATGATTTGTTG,0.000616783003724625,0.0004937051472340923,0.0004282689165531387,0.00032179074255748503,0.0001981167697686097,0.0006902851139933816,0.27831836841349206,0.7189326818926767,5293.255797606817
AAAGATAGAGATAATGAGAATCAAGGTGAAGAAGATCCAACTTGGTTTGATTCTGGTTCTCAATTTATCTTAAATTCTCAACAAGTCTTGGAAGCTTTGTCTTTGTGTGATGATTTGTTG,0.02999276982356628,0.0761389446999825,0.10342254133765183,0.194425350504886,0.16764370512754964,0.1517186335302779,0.18179591983222299,0.09486213514386298,1561.8535283936958
AAAGATAGAGATAATGAGAATCAAGGTGAAGAAGATCCAACTTGGTTTGATTCTGGTTCTCAATTTATCTTAAATTCTCAACAAGTCTTGGCTTCTTTGGAATGTTTGGATGATTTGTTG,0.009520245125241987,0.01596423898183556,0.057823923057401166,0.13580690475506194,0.23033508704137662,0.22149259708223507,0.19412320407137607,0.13493379988547163,1931.705374744902
AAAGATAGAGATAATGAGAATCAAGGTGAAGAAGATCCAACTTGGTTTGATTCTGGTTCTCAATTTATCTTAAATTCTCAACAAGTCTTGGCTTTGGAATCTGATTGTGATTTGTTGTTG,0.1868788589929252,0.22692459053362102,0.08820561234160258,0.06443257423551413,0.0635005635903367,0.11813391123642894,0.16734388468184408,0.08458000438772725,1323.2239616709714
AAAGATAGAGATAATGAGAATCAAGGTGAAGAAGATCCAACTTGGTTTGATTCTGGTTCTCAATTTATCTTAAATTCTCAACAAGTCTTGTGTTTGTTGGCTTCTGAAGATGATTTGTTG,0.002757916719487316,0.0046565695194732285,0.0026349945164026536,0.009100289362732494,0.03970295664872824,0.1292668567394845,0.4636895282942747,0.34819088819941685,3629.236106338812
AAAGATAGAGATAATGAGAATCAAGGTGAAGAAGATCCAACTTGGTTTGATTCTGGTTCTCAATTTATCTTAAATTCTCAACAAGTTGAAGCTTTGTTGTTGTGTGATTCTGATTTGTTG,0.40660005647535746,0.1925129018633465,0.029761846432435592,0.07971509452403099,0.11784303566152265,0.06576914248106676,0.022182380591052236,0.08561554197118786,936.2527646316237
AAAGATAGAGATAATGAGAATCAAGGTGAAGAAGATCCAACTTGGTTTGATTCTGGTTCTCAATTTATCTTAAATTCTCAACAAGTTGAATCTTTGTTGGCTTTGTGTGATGATTTGTTG,0.047997009219477416,0.09658184832592227,0.09954152371831822,0.08887174826653213,0.11035864658705023,0.08798863566579858,0.16322070377052997,0.3054398844463713,2676.1749785612824
AAAGATAGAGATAATGAGAATCAAGGTGAAGAAGATCCAACTTGGTTTGATTCTGGTTCTCAATTTATCTTAAATTCTCAACAAGTTGAATTGGCTTTGTCTTTGTGTGATGATTTGTTG,0.03529368836480032,0.055659366876874936,0.09936152450903514,0.2271612530357629,0.07183920816167716,0.10471619264360599,0.12914248506099527,0.2768262813472482,2454.0538023817408
AAAGATAGAGATAATGAGAATCAAGGTGAAGAAGATCCAACTTGGTTTGATTCTGGTTCTCAATTTATCTTAAATTCTCAACAAGTTGCTGAATTGTTGTCTTTGTGTGATGATTTGTTG,0.2538434780502027,0.2694749669036085,0.19151128577296805,0.13989546481143256,0.057118354890500815,0.047634109219811316,0.03336755868173773,0.007154781669738412,473.1548875947017
AAAGATAGAGATAATGAGAATCAAGGTGAAGAAGATCCAACTTGGTTTGATTCTGGTTCTCAATTTATCTTAAATTCTCAACAATCTGAAGTCTTGTTGTTGTGTGCTGATGATTTGTTG,0.0009779312388990729,0.0006122696487800737,0.0009546510095114445,0.007852417832438561,0.0260514798917269,0.11221859375127792,0.44427990480800345,0.4070527518193626,3916.8865600156128
AAAGATAGAGATAATGAGAATCAAGGTGAAGAAGATCCAACTTGGTTTGATTCTGGTTCTCAATTTATCTTAAATTCTCAACAATCTGAATTGGCTTTGGATGTCTTGTGTGATTTGTTG,0.06159325739836178,0.06926106933416419,0.10369395648550842,0.09660426273651444,0.16066163005292042,0.14612325545004856,0.18481472902715906,0.17724783951532314,2036.1798863030356
AAAGATAGAGATAATGAGAATCAAGGTGAAGAAGATCCAACTTGGTTTGATTCTGGTTCTCAATTTATCTTAAATTCTCAACAATCTTTGGCTTTGGAAGTCTTGTGTGATGATTTGTTG,0.09074806910040853,0.12173836645595616,0.09410170779020312,0.15122703925775693,0.11923164438986553,0.16636034034825425,0.1122188383685949,0.14437399428896067,1674.3875072066503
AAAGATAGAGATAATGAGAATCAAGGTGAAGAAGATCCAACTTGGTTTGATTCTGGTTCTCAATTTATCTTAAATTCTCAACAATGTTTGGAATTGGTTGATGCTTCTGATTTGTTGTTG,0.05021436236445429,0.07962752824848729,0.12905514841762972,0.17655184396453794,0.09815398148356456,0.23962860608689132,0.18019253448775738,0.046575994946677454,1320.3583734632705
AAAGATAGAGATAATGAGAATCAAGGTGAAGAAGATCCAACTTGGTTTGATTCTGGTTCTCAATTTATCTTAAATTCTCAACAATTGGAAGCTGATGATTTGTCTTGTTTGGTCTTGTTG,0.0017158320836093408,0.001991929810757626,0.0018887332701167066,0.0009531156179224258,0.0009754569317789852,0.004113322493181056,0.2718752224337222,0.7164863873589116,5267.58019185379
AAAGATAGAGATAATGAGAATCAAGGTGAAGAAGATCCAACTTGGTTTGATTCTGGTTCTCAATTTATCTTAAATTCTCAACAATTGGAAGCTGTTGATTGTTTGTCTGATTTGTTGTTG,0.047083235758931474,0.047371555110536034,0.042313456864795866,0.12786370090931573,0.24873477886085182,0.3332659995611952,0.1346407179840846,0.01872655495028919,1209.491595374675
AAAGATAGAGATAATGAGAATCAAGGTGAAGAAGATCCAACTTGGTTTGATTCTGGTTCTCAATTTATCTTAAATTCTCAACAATTGGAAGCTTTGGTTTCTTTGTGTGATGATTTGTTG,0.19523561194843295,0.24903197094990093,0.2124461090517662,0.16517081910359152,0.0796914512176769,0.043428171290068554,0.032577610893286583,0.0224182555452764,585.6527539040587
AAAGATAGAGATAATGAGAATCAAGGTGAAGAAGATCCAACTTGGTTTGATTCTGGTTCTCAATTTATCTTAAATTCTCAACAATTGGATTTGGCTGATGAATTGTCTGTTTGTTTGTTG,0.1765626975380372,0.16580097198639646,0.1318231132106337,0.1830781559905169,0.12758974968539277,0.1402598790634836,0.032750549427703876,0.0421348830978355,840.1981807854739
AAAGATAGAGATAATGAGAATCAAGGTGAAGAAGATCCAACTTGGTTTGATTCTGGTTCTCAATTTATCTTAAATTCTCAACAATTGGCTGAAGCTTTGTCTTTGTGTGATGATTTGTTG,0.02512140528564093,0.030330286755207263,0.03125973473026332,0.03907264065158574,0.009901917995446617,0.059868680922985036,0.3308429720721159,0.47360236158675506,3997.655026124465
AAAGATAGAGATAATGAGAATCAAGGTGAAGAAGATCCAACTTGGTTTGATTCTGGTTCTCAATTTATCTTAAATTCTCAACAATTGGCTGAAGTCTTGTCTTTGTGTGATGATTTGTTG,0.10464590601045093,0.17975780896359767,0.23502359419959026,0.2240094163035294,0.09054329402467468,0.08890053893371969,0.049710407072556355,0.027409034491881035,738.4807994222626
AAAGATAGAGATAATGAGAATCAAGGTGAAGAAGATCCAACTTGGTTTGATTCTGGTTCTCAATTTATCTTAAATTCTCAACAATTGGCTGTCTTGTCTGAATTGTGTGATGATTTGTTG,0.09418077846235796,0.06419056775128665,0.05670654653223478,0.09113079177820071,0.17962518825329668,0.13645173856383122,0.14933654200970925,0.22837784664908278,2256.13720306661
AAAGATAGAGATAATGAGAATCAAGGTGAAGAAGATCCAACTTGGTTTGATTCTGGTTCTCAATTTATCTTAAATTCTCAACAATTGGCTGTTGAATTGTCTTTGTGTGATGATTTGTTG,0.5057191119144204,0.32618061955912947,0.0846506646864203,0.033510569185391366,0.03706894039863183,0.009638330443635766,0.002289282773405517,0.0009424810389652657,249.182125490595
AAAGATAGAGATAATGAGAATCAAGGTGAAGAAGATCCAACTTGGTTTGATTCTGGTTCTCAATTTATCTTAAATTCTCAACAATTGGTCTTGGAAGCTTCTTTGTGTGATGATTTGTTG,0.10105667249118075,0.1663780976096619,0.26293082440035986,0.12247694707960381,0.1086347974264661,0.10947074474610187,0.08520438537932477,0.04384753086730091,933.5795708964324
AAAGATAGAGATAATGAGAATCAAGGTGAAGAAGATCCAACTTGGTTTGATTCTGGTTCTCAATTTATCTTAAATTCTCAACAATTGGTCTTGGAATCTGATGCTTTGTGTGATTTGTTG,0.0831304803418926,0.09033070205980936,0.06206587730119413,0.059107291830621904,0.09174738959633078,0.09448533050733407,0.29297699867316784,0.22615592968964932,2479.781644595685
AAAGATAGAGATAATGAGAATCAAGGTGAAGAAGATCCAACTTGGTTTGATTCTGGTTCTCAATTTATCTTAAATTCTCAACAATTGGTCTTGGAATCTGCTTTGTGTGATGATTTGTTG,0.07340371904157528,0.0759046929433292,0.11163737039302989,0.1789548414159611,0.229052912689972,0.1999777844968029,0.0605139052502676,0.07055477376906193,1207.9770107713186
AAAGATAGAGATAATGAGAATCAAGGTGAAGAAGATCCAACTTGGTTTGATTCTGGTTCTCAATTTATCTTAAATTCTCAACAATTGGTCTTGGAATCTTGTTTGGCTGATGATTTGTTG,0.1513725801187269,0.11845518742884875,0.0418577671656999,0.07474213388727993,0.14916351792942356,0.12333237719462484,0.14039021934713647,0.20068621692825953,2023.7596296847987
AAAGATAGAGATAATGAGAATCAAGGTGAAGAAGATCCAACTTGGTTTGATTCTGGTTCTCAATTTATCTTAAATTCTCAACAATTGGTCTTGGAATTGGCTTCTTGTGATGATTTGTTG,0.00014247630460202285,0.00017520405693989893,0.012784571839262833,0.00953235519946789,0.12471939770570419,0.3332918025285338,0.4143303829949949,0.10502380937049445,2301.871125901912
AAAGATAGAGATAATGAGAATCAAGGTGAAGAAGATCCAACTTGGTTTGATTCTGGTTCTCAATTTATCTTAAATTCTCAACAATTGGTCTTGGATGCTTTGTCTTTGTGTGATGAATTG,0.10925043952422604,0.19235903147614963,0.2209112923729052,0.12137353202580299,0.13457011073263417,0.08762209996470983,0.10132411799116628,0.03258937591240587,887.0304351629343
AAAGATAGAGATAATGAGAATCAAGGTGAAGAAGATCCAACTTGGTTTGATTCTGGTTCTCAATTTATCTTAAATTCTCAACAATTGGTCTTGGATTTGGAATGTGCTTCTGATTTGTTG,0.01896037511006904,0.0417865775248422,0.05224225822339562,0.13741969964828987,0.19039555613254477,0.3078597991718311,0.24325591325397233,0.008079820935055035,1345.8880025091992
AAAGATAGAGATAATGAGAATCAAGGTGAAGAAGATCCAACTTGGTTTGATTCTGGTTCTCAATTTATCTTAAATTCTCAACAATTGGTCTTGTCTGAAGCTTTGTGTGATGATTTGTTG,0.09565077991016474,0.055566278126178724,0.04914035324934613,0.008298084063259182,0.015288910792687769,0.09755717609829694,0.4143236798653521,0.26417473789471435,2945.625623291771
AAAGATAGAGATAATGAGAATCAAGGTGAAGAAGATCCAACTTGGTTTGATTCTGGTTCTCAATTTATCTTAAATTCTCAACAATTGGTCTTGTCTGCTGAATTGTGTGATGATTTGTTG,0.058263692084996495,0.12175021977010465,0.16730821369331184,0.24397848316554882,0.16340742164344832,0.14789025633377262,0.07066318524048329,0.026738528068333912,892.2441951396837
AAAGATAGAGATAATGAGAATCAAGGTGAAGAAGATCCAACTTGGTTTGATTCTGGTTCTCAATTTATCTTAAATTCTCAACAATTGGTCTTGTTGGAAGATTCTTGTGATGCTTTGTTG,0.043688623265347774,0.06593423300325982,0.1359094722684359,0.1375203052555064,0.25113113364877854,0.23359716334614725,0.054025243747455404,0.07819382546506894,1284.0291657682199
AAAGATAGAGATAATGAGAATCAAGGTGAAGAAGATCCAACTTGGTTTGATTCTGGTTCTCAATTTATCTTAAATTCTCAACAATTGGTCTTGTTGGAAGCTGATTTGGATTGTTCTTTG,0.11499706183387738,0.13223001021559044,0.1635385148612764,0.09125559604252408,0.21044928787730233,0.1656394580616533,0.12189007110777605,0.0,851.5157172566999
AAAGATAGAGATAATGAGAATCAAGGTGAAGAAGATCCAACTTGGTTTGATTCTGGTTCTCAATTTATCTTAAATTCTCAACAATTGGTCTTGTTGGAATCTTGTTTGTTGGATGATGCT,0.10518900898090632,0.16630922848518692,0.09349398820574452,0.07790761364992298,0.10365392870224716,0.11019064417052386,0.11613970446263137,0.22711588334283697,2098.894041650309
AAAGATAGAGATAATGAGAATCAAGGTGAAGAAGATCCAACTTGGTTTGATTCTGGTTCTCAATTTATCTTAAATTCTCAACAATTGGTCTTGTTGGATGATTGTTTGTCTTTGGCTGAA,0.2468520872704942,0.1490182278400457,0.0614339100694986,0.10969771783231241,0.14594978449838555,0.06787978685567124,0.16025975811283033,0.05890872752076206,1140.3974826054173
AAAGATAGAGATAATGAGAATCAAGGTGAAGAAGATCCAACTTGGTTTGATTCTGGTTCTCAATTTATCTTAAATTCTCAACAATTGGTCTTGTTGGCTGAATCTTGTGATGATTTGTTG,0.0005539758728317167,0.00037157880318051907,0.0003063724365696621,0.0002051494670882695,0.0004245822018342122,0.1560568829744953,0.5404435738474237,0.3016378843965767,3531.9022798102906
AAAGATAGAGATAATGAGAATCAAGGTGAAGAAGATCCAACTTGGTTTGATTCTGGTTCTCAATTTATCTTAAATTCTCAACAATTGGTCTTGTTGTCTGAAGCTTGTGATGATTTGTTG,0.05436063632379336,0.09844833534284443,0.09470086058879644,0.10870708101990377,0.04285385765151994,0.11958540672023918,0.1310833460957048,0.35026047625719825,2877.863382318095
AAAGATAGAGATAATGAGAATCAAGGTGAAGAAGATCCAACTTGGTTTGATTCTGGTTCTCAATTTATCTTAAATTCTCAACAATTGGTTGAAGCTGATTCTGATTGTTTGTTGTTGTTG,0.1090672854337862,0.20118114665591189,0.11309791960427092,0.18175508106715094,0.08956300613556674,0.04998583139424391,0.16859042011479503,0.08675930959427437,1315.0237377865308
AAAGATAGAGATAATGAGAATCAAGGTGAAGAAGATCCAACTTGGTTTGATTCTGGTTCTCAATTTATCTTAAATTCTCAACAATTGGTTGAAGCTGATTCTTGTGATTTGTTGTTGTTG,0.02015626105634001,0.014485492949148866,0.010749160497265046,0.01279595556514058,0.017024665545348993,0.03167200753270486,0.28841997119143387,0.6046964856626177,4664.166178028989
AAAGATAGAGATAATGAGAATCAAGGTGAAGAAGATCCAACTTGGTTTGATTCTGGTTCTCAATTTATCTTAAATTCTCAACAATTGGTTGAAGCTGATTCTTTGTGTGATTTGTTGTTG,0.00017516155377876269,0.00022029271842536181,7.265389341355306e-05,0.0033730414284578064,0.00021575665773757754,0.0003344875542925925,0.3260166151725219,0.6695919910213725,5103.986032050284
AAAGATAGAGATAATGAGAATCAAGGTGAAGAAGATCCAACTTGGTTTGATTCTGGTTCTCAATTTATCTTAAATTCTCAACAATTGGTTGAAGCTGATTTGGATTGTTTGTCTTTGTTG,0.05095765172174331,0.15380908945168348,0.13738612246824536,0.12265981507239017,0.11716599781354234,0.1479088526698639,0.189042319210505,0.0810701515920265,1446.6412029775217
AAAGATAGAGATAATGAGAATCAAGGTGAAGAAGATCCAACTTGGTTTGATTCTGGTTCTCAATTTATCTTAAATTCTCAACAATTGGTTGAAGCTGATTTGTTGGATTGTTCTTTGTTG,0.17273269467990546,0.13903235380534915,0.0,0.15352013111113041,0.23829667784974654,0.0949966324168019,0.16020061807438143,0.04122089206268499,1124.094706121016
AAAGATAGAGATAATGAGAATCAAGGTGAAGAAGATCCAACTTGGTTTGATTCTGGTTCTCAATTTATCTTAAATTCTCAACAATTGGTTGAAGCTGCTGCTGCTGCTGATGATTTGTTG,0.0011569327061602267,0.0020827251874649105,0.0009756138093093854,0.0073719604434464014,0.03456892258131928,0.13352915593999812,0.48002785641811746,0.34028683291418416,3620.940956406085
AAAGATAGAGATAATGAGAATCAAGGTGAAGAAGATCCAACTTGGTTTGATTCTGGTTCTCAATTTATCTTAAATTCTCAACAATTGGTTGAAGCTGCTGCTGCTGCTGCTGCTGCTGCT,0.11215783949381192,0.1598632546052272,0.13956322389735137,0.16613807301255332,0.1105210592905188,0.03426816044293374,0.12135734416564518,0.1561310450919585,1620.2921548631587
AAAGATAGAGATAATGAGAATCAAGGTGAAGAAGATCCAACTTGGTTTGATTCTGGTTCTCAATTTATCTTAAATTCTCAACAATTGGTTGAAGCTGCTTCTGCTTGTGATGATGCTTTG,0.18860326395842394,0.1702958175554308,0.21663491660349354,0.19072768954736974,0.083394623038566,0.10195178755144603,0.022425608741859403,0.025966293003410586,658.6951849253832
AAAGATAGAGATAATGAGAATCAAGGTGAAGAAGATCCAACTTGGTTTGATTCTGGTTCTCAATTTATCTTAAATTCTCAACAATTGGTTGAAGCTGCTTCTTTGTGTGATGATGCTTTG,0.03575870192418152,0.027800930104107703,0.016180443059520242,0.028892148898500607,0.04805025789002029,0.12663693812557328,0.4024945134890006,0.31418606650909575,3281.68661297403
AAAGATAGAGATAATGAGAATCAAGGTGAAGAAGATCCAACTTGGTTTGATTCTGGTTCTCAATTTATCTTAAATTCTCAACAATTGGTTGAAGCTGCTTCTTTGTGTGATGATTTGGCT,0.08485243764365936,0.12331517010250094,0.14078112068425916,0.1361651483555544,0.11148551997892027,0.12098520395834152,0.1136723413085628,0.16874305796820147,1772.855378690961
AAAGATAGAGATAATGAGAATCAAGGTGAAGAAGATCCAACTTGGTTTGATTCTGGTTCTCAATTTATCTTAAATTCTCAACAATTGGTTGAAGCTGCTTCTTTGTGTGATGATTTGTTG,0.14392159939189492,0.12411678777492931,0.12792024990500842,0.09136686538912353,0.16208145532215926,0.07538246581410246,0.15254836692405815,0.122662209478724,1540.665956339218
AAAGATAGAGATAATGAGAATCAAGGTGAAGAAGATCCAACTTGGTTTGATTCTGGTTCTCAATTTATCTTAAATTCTCAACAATTGGTTGAAGCTTCTGATTTGTTGGATTGTTTGTTG,0.051983856373472234,0.12203843216184052,0.12937186769720085,0.2117584366168887,0.27320121468492087,0.15882894487699675,0.032141554272060384,0.020675693316619687,825.0072790412679
AAAGATAGAGATAATGAGAATCAAGGTGAAGAAGATCCAACTTGGTTTGATTCTGGTTCTCAATTTATCTTAAATTCTCAACAATTGGTTGAAGCTTCTTGTGATTTGTTGGATTTGTTG,0.00015631904445971546,0.00020221236160899915,0.0002778786688959633,0.00019847446322517127,0.00024205939345117443,0.00028656576053930695,0.36263092140897757,0.6360055688988421,4983.864051484037
AAAGATAGAGATAATGAGAATCAAGGTGAAGAAGATCCAACTTGGTTTGATTCTGGTTCTCAATTTATCTTAAATTCTCAACAATTGGTTGAAGCTTCTTGTTTGTTGGATGATTTGTTG,0.09502060463527676,0.06828748122585067,0.016891223475041683,0.060322667546685,0.09363391739813054,0.13686577035519712,0.18884289418458688,0.3401354411792314,2975.850596690826
AAAGATAGAGATAATGAGAATCAAGGTGAAGAAGATCCAACTTGGTTTGATTCTGGTTCTCAATTTATCTTAAATTCTCAACAATTGGTTGAAGCTTCTTTGTGTGATGATTTGTTGTTG,0.030084583820937268,0.08341520913369073,0.1379895432680053,0.26038811453814775,0.26370744793688067,0.1850136543716477,0.03147073819928217,0.00793070873140848,784.5870249262266
AAAGATAGAGATAATGAGAATCAAGGTGAAGAAGATCCAACTTGGTTTGATTCTGGTTCTCAATTTATCTTAAATTCTCAACAATTGGTTGAAGCTTCTTTGTGTTTGGATGATTTGTTG,0.13682871510146338,0.12707686220900474,0.09167972345754356,0.12862558974530555,0.18669032228100868,0.12541793913271973,0.0780932545521974,0.125587593520757,1459.2861639376176
AAAGATAGAGATAATGAGAATCAAGGTGAAGAAGATCCAACTTGGTTTGATTCTGGTTCTCAATTTATCTTAAATTCTCAACAATTGGTTGAAGCTTCTTTGTTGTGTGATGATTTGTTG,0.182781102429909,0.27051153043451526,0.21423666950150544,0.1912728140999338,0.0825036850515814,0.044316541712746085,0.008749419109656794,0.005628237660152183,437.02220411704377
AAAGATAGAGATAATGAGAATCAAGGTGAAGAAGATCCAACTTGGTTTGATTCTGGTTCTCAATTTATCTTAAATTCTCAACAATTGGTTGAAGCTTGTGATTCTTTGTTGGATTTGTTG,0.34623834266297265,0.27868685686460387,0.043084049725820896,0.038465905267544946,0.10235564960276355,0.1269455738243764,0.06422362205191767,0.0,568.4888109559406
AAAGATAGAGATAATGAGAATCAAGGTGAAGAAGATCCAACTTGGTTTGATTCTGGTTCTCAATTTATCTTAAATTCTCAACAATTGGTTGAAGCTTGTGATTTGTTGTCTTTGGATTTG,0.3036321832985396,0.1985694803510807,0.13696107986857864,0.10119751650649719,0.07106026460139708,0.08697215587987298,0.05632062131820446,0.0452866981758293,793.2471602252942
AAAGATAGAGATAATGAGAATCAAGGTGAAGAAGATCCAACTTGGTTTGATTCTGGTTCTCAATTTATCTTAAATTCTCAACAATTGGTTGAAGCTTGTTCTTTGTTGGATGATTTGTTG,0.007005879235168655,0.02416724744255952,0.032380184051868446,0.12230890819869777,0.21302656370012,0.24218706556557226,0.20606641726913916,0.15285773453687432,2078.036082468613
AAAGATAGAGATAATGAGAATCAAGGTGAAGAAGATCCAACTTGGTTTGATTCTGGTTCTCAATTTATCTTAAATTCTCAACAATTGGTTGAAGCTTGTTTGGATGATTCTTTGTTGTTG,0.479296669875102,0.24534595035970824,0.1384382206567061,0.06970416599733333,0.019121539818940138,0.020750886710932902,0.02039645820188857,0.0069461083793887065,347.78102225137667
AAAGATAGAGATAATGAGAATCAAGGTGAAGAAGATCCAACTTGGTTTGATTCTGGTTCTCAATTTATCTTAAATTCTCAACAATTGGTTGAAGCTTGTTTGTCTTTGGATGATTTGTTG,0.15979514852315818,0.2786743641394038,0.1657004553560319,0.118351326007207,0.06823404086349073,0.09276376081586925,0.05928068593183493,0.057200218363004235,898.1431687015959
AAAGATAGAGATAATGAGAATCAAGGTGAAGAAGATCCAACTTGGTTTGATTCTGGTTCTCAATTTATCTTAAATTCTCAACAATTGGTTGAAGCTTGTTTGTTGTCTGATGATTTGTTG,0.2550578534210153,0.1539718368750812,0.0952141102158239,0.0,0.10053426231346681,0.023378740575001517,0.18924234737837414,0.18260084922123712,1866.4585950240025
AAAGATAGAGATAATGAGAATCAAGGTGAAGAAGATCCAACTTGGTTTGATTCTGGTTCTCAATTTATCTTAAATTCTCAACAATTGGTTGAAGCTTTGGATTCTTGTTTGGATTTGTTG,0.029352058261197266,0.07875146348038654,0.09739768876774985,0.07608799559471706,0.11569483099979035,0.233170210887435,0.21778009699497058,0.15176565501375322,2029.0222710450516
AAAGATAGAGATAATGAGAATCAAGGTGAAGAAGATCCAACTTGGTTTGATTCTGGTTCTCAATTTATCTTAAATTCTCAACAATTGGTTGAAGCTTTGGATTGTTTGGATTTGTTGTCT,0.02380721901029612,0.021775459203378752,0.04847634251049471,0.09858268358177331,0.15568767966382258,0.2816999292213769,0.2770031498598563,0.0929675369490013,1886.3368830463073
AAAGATAGAGATAATGAGAATCAAGGTGAAGAAGATCCAACTTGGTTTGATTCTGGTTCTCAATTTATCTTAAATTCTCAACAATTGGTTGAAGCTTTGGATTTGGATTGTTTGTTGTCT,0.0039919544662267055,0.008032799273348006,0.03427488670038531,0.05698879892294675,0.2016020075787997,0.13501883504430276,0.21880774929937055,0.3412829687146204,3118.6515433418513
AAAGATAGAGATAATGAGAATCAAGGTGAAGAAGATCCAACTTGGTTTGATTCTGGTTCTCAATTTATCTTAAATTCTCAACAATTGGTTGAAGCTTTGGATTTGTCTTGTTTGTTGGAT,0.08476227771457122,0.07918980532069568,0.21094730062771688,0.2623251846656938,0.19688105440425033,0.08324310157155553,0.039306308815566585,0.04334496687994994,871.419092775727
AAAGATAGAGATAATGAGAATCAAGGTGAAGAAGATCCAACTTGGTTTGATTCTGGTTCTCAATTTATCTTAAATTCTCAACAATTGGTTGAAGCTTTGGATTTGTTGGATTGTTCTTTG,0.1366641384314627,0.11875087767317918,0.17778744192712903,0.11042125200794733,0.08569891559842399,0.05124562660975432,0.1786007259952985,0.14083102175680487,1654.8753105051594
AAAGATAGAGATAATGAGAATCAAGGTGAAGAAGATCCAACTTGGTTTGATTCTGGTTCTCAATTTATCTTAAATTCTCAACAATTGGTTGAAGCTTTGTCTGATGATTGTTTGTTGTTG,0.14686202670446843,0.13852626788630942,0.10279533405071767,0.05098710294443612,0.18994341117721347,0.21033519801187242,0.12769398274587968,0.03285667647910283,1087.0706004975464
AAAGATAGAGATAATGAGAATCAAGGTGAAGAAGATCCAACTTGGTTTGATTCTGGTTCTCAATTTATCTTAAATTCTCAACAATTGGTTGAAGCTTTGTCTGATTGTGATTTGTTGTTG,0.10922703445152539,0.07326393210771513,0.13591628666886912,0.20224588297340346,0.1793883751272185,0.20023617920157438,0.05627911722210909,0.043443192247584826,1010.3551237902733
AAAGATAGAGATAATGAGAATCAAGGTGAAGAAGATCCAACTTGGTTTGATTCTGGTTCTCAATTTATCTTAAATTCTCAACAATTGGTTGAAGCTTTGTCTGATTGTTTGGATTTGTTG,0.012053597261253423,0.029452278476442852,0.034283091470440036,0.16260667137792031,0.2341602250836311,0.2588480490782899,0.15970123538906947,0.10889485186295282,1739.5939897802557
AAAGATAGAGATAATGAGAATCAAGGTGAAGAAGATCCAACTTGGTTTGATTCTGGTTCTCAATTTATCTTAAATTCTCAACAATTGGTTGAAGCTTTGTCTGATTTGTGTGATTTGTTG,0.14111008354965068,0.14743473224186454,0.14182257094912032,0.12059116593076383,0.13905078754072703,0.17908928940680577,0.08557034077605898,0.04533102960500883,1022.8817882413618
AAAGATAGAGATAATGAGAATCAAGGTGAAGAAGATCCAACTTGGTTTGATTCTGGTTCTCAATTTATCTTAAATTCTCAACAATTGGTTGAAGCTTTGTCTGATTTGTTGGATTTGTGT,0.08293702654320813,0.14900875091081522,0.13268880676634112,0.2106062237208353,0.1692909831426465,0.16833116557080544,0.06593125012243387,0.0212057932229144,859.7392215306818
AAAGATAGAGATAATGAGAATCAAGGTGAAGAAGATCCAACTTGGTTTGATTCTGGTTCTCAATTTATCTTAAATTCTCAACAATTGGTTGAAGCTTTGTCTGCTTGTGATGATGCTGCT,0.2363621187706799,0.13872221305586166,0.13480334721769213,0.17506019696417024,0.1164563790662544,0.09027116433881004,0.07307120323804817,0.035253377348483404,823.5663138083889
AAAGATAGAGATAATGAGAATCAAGGTGAAGAAGATCCAACTTGGTTTGATTCTGGTTCTCAATTTATCTTAAATTCTCAACAATTGGTTGAAGCTTTGTCTGCTTGTGATGATGCTTTG,0.06214280548672553,0.09094304547369218,0.0773271874252886,0.1380770974425929,0.1503063535348613,0.1449901881993339,0.12050793538370821,0.21570538705379744,2120.912949543376
AAAGATAGAGATAATGAGAATCAAGGTGAAGAAGATCCAACTTGGTTTGATTCTGGTTCTCAATTTATCTTAAATTCTCAACAATTGGTTGAAGCTTTGTCTGCTTGTGATGATTTGGCT,0.0013172072478225807,0.013282852954867664,0.016204366245127593,0.0730023359880777,0.23531869496056013,0.40608431656704663,0.21978439814737316,0.03500582788912455,1572.6836448938666
AAAGATAGAGATAATGAGAATCAAGGTGAAGAAGATCCAACTTGGTTTGATTCTGGTTCTCAATTTATCTTAAATTCTCAACAATTGGTTGAAGCTTTGTCTGCTTGTGATGATTTGTTG,0.11320146059418927,0.17084199320711177,0.08803865640219971,0.11004260959774949,0.18126785667568288,0.07782080254869593,0.15748272775792183,0.1013038932164489,1438.3038523239286
AAAGATAGAGATAATGAGAATCAAGGTGAAGAAGATCCAACTTGGTTTGATTCTGGTTCTCAATTTATCTTAAATTCTCAACAATTGGTTGAAGCTTTGTCTTGTGATGATTTGTTGTTG,0.004901614109967085,0.010254313697700723,0.053281609185946495,0.17358516873712784,0.4000031506619485,0.2940933839019336,0.05589368408265723,0.00798707562271843,1011.8198465787694
AAAGATAGAGATAATGAGAATCAAGGTGAAGAAGATCCAACTTGGTTTGATTCTGGTTCTCAATTTATCTTAAATTCTCAACAATTGGTTGAAGCTTTGTCTTGTGATTTGGATTTGTTG,0.06101785026553341,0.00188896922324456,0.1629517811931447,0.14444220748229875,0.48656928940076755,0.12390489093675894,0.005223774676405485,0.014001236821846525,782.1888438840142
AAAGATAGAGATAATGAGAATCAAGGTGAAGAAGATCCAACTTGGTTTGATTCTGGTTCTCAATTTATCTTAAATTCTCAACAATTGGTTGAAGCTTTGTCTTGTTTGGATGATTTGTTG,0.16853858600025892,0.1469612304273733,0.09786952603948498,0.04993084038122613,0.21036674723330306,0.10298891868723473,0.15631079973978296,0.06703335149133591,1250.9579434888983
AAAGATAGAGATAATGAGAATCAAGGTGAAGAAGATCCAACTTGGTTTGATTCTGGTTCTCAATTTATCTTAAATTCTCAACAATTGGTTGAAGCTTTGTCTTTGGATGATTGTTTGTTG,0.05096344187020451,0.0683673627852854,0.10569364092026501,0.15098307999897237,0.13391921256701325,0.24913795210238882,0.07877658310850517,0.1621587266473654,1810.3305546114818
AAAGATAGAGATAATGAGAATCAAGGTGAAGAAGATCCAACTTGGTTTGATTCTGGTTCTCAATTTATCTTAAATTCTCAACAATTGGTTGAAGCTTTGTCTTTGGATTGTGATTTGTTG,0.1849236221947493,0.18605602225154536,0.1704511679106509,0.0913083870154024,0.13498143070015983,0.08161206958926538,0.10163381999478947,0.04903348034343736,962.820562733722
AAAGATAGAGATAATGAGAATCAAGGTGAAGAAGATCCAACTTGGTTTGATTCTGGTTCTCAATTTATCTTAAATTCTCAACAATTGGTTGAAGCTTTGTCTTTGGATTGTTTGGATTTG,0.10615386892233192,0.09709446706057343,0.08405867505350008,0.0964909203850217,0.15215230242772362,0.2299846769568214,0.10740241016291967,0.12666267903110817,1628.2893733407507
AAAGATAGAGATAATGAGAATCAAGGTGAAGAAGATCCAACTTGGTTTGATTCTGGTTCTCAATTTATCTTAAATTCTCAACAATTGGTTGAAGCTTTGTCTTTGGATTGTTTGTTGGAT,0.08486990836150413,0.05911588975977148,0.056865620076019745,0.07978180608166623,0.23802770480520877,0.1914885324282238,0.15742487895096519,0.13242565953664076,1779.5336661527192
AAAGATAGAGATAATGAGAATCAAGGTGAAGAAGATCCAACTTGGTTTGATTCTGGTTCTCAATTTATCTTAAATTCTCAACAATTGGTTGAAGCTTTGTCTTTGGATTTGGATTGTTTG,0.0059026246659475015,0.004568284642042345,0.0005649931393071147,0.022195007185142078,0.24116039422018223,0.40952396926989415,0.19960425584395483,0.11648047103352967,2016.4234133676027
AAAGATAGAGATAATGAGAATCAAGGTGAAGAAGATCCAACTTGGTTTGATTCTGGTTCTCAATTTATCTTAAATTCTCAACAATTGGTTGAAGCTTTGTCTTTGTGTGATGATGCTTTG,0.09108678106622747,0.11913792923189405,0.034003057327266835,0.06071659420510174,0.10770900270087808,0.24212284263398884,0.2365391463747978,0.1086846464598452,1799.9709946373716
AAAGATAGAGATAATGAGAATCAAGGTGAAGAAGATCCAACTTGGTTTGATTCTGGTTCTCAATTTATCTTAAATTCTCAACAATTGGTTGAAGCTTTGTCTTTGTGTGATGATTTGGCT,0.017899365189477236,0.08946289195145395,0.1333581708506514,0.18818120590321735,0.23680087255554677,0.27746981707244783,0.029833633499093112,0.026994042978112427,970.005306544411
AAAGATAGAGATAATGAGAATCAAGGTGAAGAAGATCCAACTTGGTTTGATTCTGGTTCTCAATTTATCTTAAATTCTCAACAATTGGTTGAAGCTTTGTCTTTGTGTGATGATTTGTTG,0.04544559164034052,0.04872217008888474,0.20209695894736368,0.09518325766120615,0.0910330336663459,0.13316158306469258,0.25012674780692934,0.134230657124237,1884.956668632156
AAAGATAGAGATAATGAGAATCAAGGTGAAGAAGATCCAACTTGGTTTGATTCTGGTTCTCAATTTATCTTAAATTCTCAACAATTGGTTGAAGCTTTGTCTTTGTGTGATGCTTTGTTG,0.10431063629890974,0.13293589894802285,0.16441153903159222,0.20086833558773576,0.16446139934298018,0.08923757967199202,0.07739416530395321,0.06638044581481395,1070.1030615340244
AAAGATAGAGATAATGAGAATCAAGGTGAAGAAGATCCAACTTGGTTTGATTCTGGTTCTCAATTTATCTTAAATTCTCAACAATTGGTTGAAGCTTTGTCTTTGTGTGATTTGGATTTG,0.2645697610032589,0.13309494145769024,0.08230411926177433,0.11022301088683738,0.13035437546892498,0.09093977685146201,0.030671841913785174,0.15784217315626706,1458.752023950139
AAAGATAGAGATAATGAGAATCAAGGTGAAGAAGATCCAACTTGGTTTGATTCTGGTTCTCAATTTATCTTAAATTCTCAACAATTGGTTGAAGCTTTGTCTTTGTGTGATTTGTTGGAT,0.011656807553359658,0.03518456787385133,0.04351532580799123,0.14245349512217248,0.22973386872597715,0.1389010057474032,0.2594660303238464,0.13908889884539855,2017.7077820057723
AAAGATAGAGATAATGAGAATCAAGGTGAAGAAGATCCAACTTGGTTTGATTCTGGTTCTCAATTTATCTTAAATTCTCAACAATTGGTTGAAGCTTTGTCTTTGTGTGCTGATTTGTTG,0.0030884387178221405,0.0037502513403964172,0.009276419680600308,0.051585575157680016,0.0959185467157949,0.2382819696137815,0.383726376490858,0.21437242228306685,2786.1597044583286
AAAGATAGAGATAATGAGAATCAAGGTGAAGAAGATCCAACTTGGTTTGATTCTGGTTCTCAATTTATCTTAAATTCTCAACAATTGGTTGAAGCTTTGTCTTTGTGTGCTGCTGCTGCT,0.24554952281609266,0.2851129740671513,0.2956680752772469,0.10681116195885346,0.023411024690688606,0.016041221346998532,0.01069300291897356,0.01671301692399503,426.8860225570555
AAAGATAGAGATAATGAGAATCAAGGTGAAGAAGATCCAACTTGGTTTGATTCTGGTTCTCAATTTATCTTAAATTCTCAACAATTGGTTGAAGCTTTGTCTTTGTGTGCTGCTTTGTTG,0.07262511462366673,0.17049629909275313,0.135556219411923,0.13447339760585242,0.15505805666649514,0.15532666855385555,0.08980803757307984,0.0866562064723742,1276.6772151039759
AAAGATAGAGATAATGAGAATCAAGGTGAAGAAGATCCAACTTGGTTTGATTCTGGTTCTCAATTTATCTTAAATTCTCAACAATTGGTTGAAGCTTTGTCTTTGTGTTTGGATGATTTG,0.06958971115646112,0.11002490930434404,0.17318743804113743,0.1546236165730419,0.23511137398442056,0.17313425650523273,0.03688048505745307,0.04744820937790909,984.0682864997029
AAAGATAGAGATAATGAGAATCAAGGTGAAGAAGATCCAACTTGGTTTGATTCTGGTTCTCAATTTATCTTAAATTCTCAACAATTGGTTGAAGCTTTGTCTTTGTGTTTGGATTTGGAT,0.5135120873935647,0.1986495666267073,0.18984706197213463,0.05126877398245758,0.013482862897874034,0.008091283679276522,0.0008641830647291399,0.02428418038325605,387.76861714371375
AAAGATAGAGATAATGAGAATCAAGGTGAAGAAGATCCAACTTGGTTTGATTCTGGTTCTCAATTTATCTTAAATTCTCAACAATTGGTTGAAGCTTTGTCTTTGTGTTTGTTGGATGAT,0.2749212659254732,0.2730125065883451,0.22658395033875203,0.10313159994216191,0.04221961414012917,0.026181227731262167,0.019868198914055685,0.03408163641982073,566.2832687249626
AAAGATAGAGATAATGAGAATCAAGGTGAAGAAGATCCAACTTGGTTTGATTCTGGTTCTCAATTTATCTTAAATTCTCAACAATTGGTTGAAGCTTTGTCTTTGTTGGATGATTTGTGT,0.1543549565719977,0.1752104437559407,0.17237146606164094,0.13630709563087695,0.17940279649924826,0.10157724173746811,0.047718739623481755,0.033057260119345566,798.5518847818539
AAAGATAGAGATAATGAGAATCAAGGTGAAGAAGATCCAACTTGGTTTGATTCTGGTTCTCAATTTATCTTAAATTCTCAACAATTGGTTGAAGCTTTGTCTTTGTTGGATTGTGATTTG,0.047708620042718405,0.11029963941227142,0.15536223727421347,0.2672687241112258,0.1880495290639414,0.09583378323164952,0.06401732881028989,0.07146013805369003,1110.4708961155993
AAAGATAGAGATAATGAGAATCAAGGTGAAGAAGATCCAACTTGGTTTGATTCTGGTTCTCAATTTATCTTAAATTCTCAACAATTGGTTGAAGCTTTGTCTTTGTTGTGTGATTTGGAT,0.0013878004779719468,0.0010472241196624636,0.001151269851524653,0.0019272490629339886,0.22291025108060403,0.4302761256724614,0.34033412523722106,0.0009659544976204467,1649.924358216432
AAAGATAGAGATAATGAGAATCAAGGTGAAGAAGATCCAACTTGGTTTGATTCTGGTTCTCAATTTATCTTAAATTCTCAACAATTGGTTGAAGCTTTGTCTTTGTTGTTGTGTGATGAT,0.06015435317674992,0.10894088690577941,0.07485286359559641,0.1470247804575245,0.13040827374063163,0.1102756099068135,0.1673701306513754,0.2009731015655291,2093.4129302076594
AAAGATAGAGATAATGAGAATCAAGGTGAAGAAGATCCAACTTGGTTTGATTCTGGTTCTCAATTTATCTTAAATTCTCAACAATTGGTTGAAGCTTTGTGTGATTTGTCTGATTTGTTG,0.0001953938725292407,0.0003112681148255239,0.00016209179791053013,0.0023154769462020225,0.0077016953494364535,0.05023729157002376,0.44102344071131205,0.49805334163776044,4385.032358206366
AAAGATAGAGATAATGAGAATCAAGGTGAAGAAGATCCAACTTGGTTTGATTCTGGTTCTCAATTTATCTTAAATTCTCAACAATTGGTTGAAGCTTTGTGTTCTTTGGATGATTTGTTG,0.0014533285284555816,0.00335593344730056,0.007767416857030351,0.017045927168399453,0.019791419409922545,0.07490494599161245,0.4580163725041485,0.4176646560931307,3971.612884103623
AAAGATAGAGATAATGAGAATCAAGGTGAAGAAGATCCAACTTGGTTTGATTCTGGTTCTCAATTTATCTTAAATTCTCAACAATTGGTTGAAGCTTTGTTGGATGATTTGTGTTTGTCT,0.14077981113110843,0.11331351338032175,0.1576609887531007,0.10948111598016382,0.20808800245016826,0.14194348859821412,0.07833958520959236,0.05039349449733058,1030.969179124062
AAAGATAGAGATAATGAGAATCAAGGTGAAGAAGATCCAACTTGGTTTGATTCTGGTTCTCAATTTATCTTAAATTCTCAACAATTGGTTGAAGCTTTGTTGGATTGTTTGTTGGATTCT,0.05428533892275088,0.07282368152265045,0.022516591928578435,0.2211336230792959,0.19614145290367346,0.08293039132616757,0.1342582323733244,0.21591068794355892,2125.3098066702532
AAAGATAGAGATAATGAGAATCAAGGTGAAGAAGATCCAACTTGGTTTGATTCTGGTTCTCAATTTATCTTAAATTCTCAACAATTGGTTGAAGCTTTGTTGTCTTGTGATGATTTGTTG,0.10555814463102194,0.0965495831748801,0.13135091617150063,0.1492546588391805,0.12292998232928048,0.09675516537942515,0.16019951878521838,0.1374020306894928,1669.930467450116
AAAGATAGAGATAATGAGAATCAAGGTGAAGAAGATCCAACTTGGTTTGATTCTGGTTCTCAATTTATCTTAAATTCTCAACAATTGGTTGAAGCTTTGTTGTGTTCTGATGATTTGTTG,0.04935012247528065,0.0920858218403242,0.23734105675395167,0.2857846795800511,0.17388340056345372,0.14378256365016928,0.017598526320313296,0.00017382881645601464,623.3966933448044
AAAGATAGAGATAATGAGAATCAAGGTGAAGAAGATCCAACTTGGTTTGATTCTGGTTCTCAATTTATCTTAAATTCTCAACAATTGGTTGAATCTGATTTGTTGTTGTTGTGTGATGCT,0.08454795425965127,0.14886496260795282,0.15781043648385043,0.21134229507142913,0.1457996751599557,0.03874855571533283,0.13722422654400132,0.07566189415782652,1204.600014738843
AAAGATAGAGATAATGAGAATCAAGGTGAAGAAGATCCAACTTGGTTTGATTCTGGTTCTCAATTTATCTTAAATTCTCAACAATTGGTTGAATCTGCTTTGTTGTGTGATGATTTGTTG,0.004210626209131,0.008985916834822052,0.02564870142775697,0.09947698021146331,0.30403111287681034,0.3389413401078316,0.19123803208940712,0.027467290242777626,1427.8241900796781
AAAGATAGAGATAATGAGAATCAAGGTGAAGAAGATCCAACTTGGTTTGATTCTGGTTCTCAATTTATCTTAAATTCTCAACAATTGGTTGAATTGGCTTCTTTGTGTGATGATTTGTTG,0.12834861476505113,0.18140332672465098,0.16351278257013757,0.12222082013055341,0.12346423108449497,0.10363967225636643,0.06802096301771728,0.10938958945102831,1283.7595859045746
AAAGATAGAGATAATGAGAATCAAGGTGAAGAAGATCCAACTTGGTTTGATTCTGGTTCTCAATTTATCTTAAATTCTCAACAATTGGTTGAATTGGCTTTGTCTTGTGATGATTTGTTG,0.004119569038008592,0.004144795670264925,0.006407714549948052,0.009153402892376775,0.01319321227884675,0.020768105741793955,0.29705838951630603,0.6451548103124549,4917.915924509187
AAAGATAGAGATAATGAGAATCAAGGTGAAGAAGATCCAACTTGGTTTGATTCTGGTTCTCAATTTATCTTAAATTCTCAACAATTGGTTGAATTGTCTTTGTGTGCTGATGATTTGTTG,0.0033810153411093034,0.00013228908617954124,9.349233052697662e-05,0.00011477257440388453,0.00018509301943649177,0.0036672173541929674,0.33419768802308547,0.6582284322710654,5056.355629825271
AAAGATAGAGATAATGAGAATCAAGGTGAAGAAGATCCAACTTGGTTTGATTCTGGTTCTCAATTTATCTTAAATTCTCAACAATTGGTTGATGATTTGTGTGCTTTGTCTGAATTGTTG,0.1769218791464384,0.13350395973988338,0.18346011257507655,0.1801746885716353,0.18160412726518502,0.10135471862384816,0.034184556136799785,0.00879595794113331,628.9156177552645
AAAGATAGAGATAATGAGAATCAAGGTGAAGAAGATCCAACTTGGTTTGATTCTGGTTCTCAATTTATCTTAAATTCTCAACAATTGGTTGATGCTGAATTGTTGTCTTTGGATTGTTTG,0.2541578768511815,0.3068570885402328,0.13353220461737766,0.08157089169909056,0.07791740850761832,0.062123328631002846,0.03666728374065521,0.04717391741284107,733.5564021271291
AAAGATAGAGATAATGAGAATCAAGGTGAAGAAGATCCAACTTGGTTTGATTCTGGTTCTCAATTTATCTTAAATTCTCAACAATTGGTTGATTCTTTGGAAGCTTGTTTGTTGTTGGAT,0.0003091590208531909,0.0005776683528241813,0.027643512559113473,0.1277690484661198,0.3761088468488945,0.351245578260057,0.11397476233728379,0.0023714241548541486,1152.5016589149736
AAAGATAGAGATAATGAGAATCAAGGTGAAGAAGATCCAACTTGGTTTGATTCTGGTTCTCAATTTATCTTAAATTCTCAACAATTGGTTGATTTGTCTTTGGATTGTGCTTTGTTGGAA,0.00013942674683152628,0.00019288574495900687,0.0005638593852443459,9.68114910767545e-05,0.0001373920166686294,0.00012779930904578427,0.3353036262088507,0.6634381990973233,5087.164032890797
AAAGATAGAGATAATGAGAATCAAGGTGAAGAAGATCCAACTTGGTTTGATTCTGGTTCTCAATTTATCTTAAATTCTCAACAATTGGTTGCTGAATCTGATGATTGTTTGTTGTTGTTG,0.07780352952002385,0.09962905012522559,0.17162580346879183,0.2239506211239754,0.20909481927602286,0.15883825588352454,0.029519484338388864,0.02953843626404713,843.1509946596249
AAAGATAGAGATAATGAGAATCAAGGTGAAGAAGATCCAACTTGGTTTGATTCTGGTTCTCAATTTATCTTAAATTCTCAACAATTGGTTGCTGAATCTTTGTTGTGTGATGATTTGTTG,0.009663761322064458,0.00031364317493792326,0.00045255633547768216,0.0039250298238825585,0.06619835227589782,0.340503597066839,0.537035460088781,0.04190759991211957,2177.75018109419
AAAGATAGAGATAATGAGAATCAAGGTGAAGAAGATCCAACTTGGTTTGATTCTGGTTCTCAATTTATCTTAAATTCTCAACAATTGGTTGCTGAATGTTTGTTGTCTGATGATTTGTTG,0.33206600612302595,0.22909676481297386,0.0826410397532739,0.11594442123674908,0.12153885221485482,0.06087469887165168,0.035197028909556886,0.022641188077913876,598.6408798948503
AAAGATAGAGATAATGAGAATCAAGGTGAAGAAGATCCAACTTGGTTTGATTCTGGTTCTCAATTTATCTTAAATTCTCAACAATTGGTTGCTGAATTGTCTTTGTGTGATGATTTGTTG,0.004261192821966896,0.013890808917647353,0.03102257909345677,0.09525521024660139,0.27515812433891823,0.33585471219098106,0.1926959766390193,0.0518613957514089,1560.9703922500753
AAAGATAGAGATAATGAGAATCAAGGTGAAGAAGATCCAACTTGGTTTGATTCTGGTTCTCAATTTATCTTAAATTCTCAACAATTGGTTGCTGCTTTGTCTTTGTGTGATGATTTGTTG,0.032608689762939,0.07499056604940495,0.057966445080861954,0.13455797861047467,0.11935044999907554,0.13663680513188367,0.254904181444424,0.18898488392093626,2247.789126638233
AAAGATAGAGATAATGAGAATCAAGGTGAAGAAGATCCAACTTGGTTTGATTCTGGTTCTCAATTTATCTTAAATTCTCAACAATTGGTTGCTGCTTTGTCTTTGTGTGATGCTTTGTTG,0.18503680706595071,0.07446796008908148,0.13814995073200081,0.14389873073576018,0.10940187872890975,0.1356845892396282,0.10296722660434653,0.11039285680432247,1398.5230806904365
AAAGATAGAGATAATGAGAATCAAGGTGAAGAAGATCCAACTTGGTTTGATTCTGGTTCTCAATTTATCTTAAATTCTCAACAATTGGTTGCTGCTTTGTCTTTGTGTGCTGATTTGTTG,0.08729024106307053,0.08782477241587658,0.1382427618202189,0.17632090277826631,0.14857372519069342,0.261853220693263,0.08095717256122009,0.01893720347739109,967.1659940202126
AAAGATAGAGATAATGAGAATCAAGGTGAAGAAGATCCAACTTGGTTTGATTCTGGTTCTCAATTTATCTTAAATTCTCAACAATTGGTTGCTTCTGAATGTTTGTTGGATGATTTGTTG,0.0014382598042989299,0.0024906937874054447,0.007170807571840584,0.02421639158534879,0.05564136639853161,0.07526400649204049,0.3030412311646614,0.5307372431958728,4320.087666156415
AAAGATAGAGATAATGAGAATCAAGGTGAAGAAGATCCAACTTGGTTTGATTCTGGTTCTCAATTTATCTTAAATTCTCAACAATTGGTTGCTTGTGATGATGAATTGTCTTTGTTGTTG,0.0008486170739859607,0.0011642913730839464,0.0012479689808304643,0.0017570079993523716,0.0012163385376082005,0.0008839170369554486,0.276075090990095,0.7168067680080885,5276.1383493619005
AAAGATAGAGATAATGAGAATCAAGGTGAAGAAGATCCAACTTGGTTTGATTCTGGTTCTCAATTTATCTTAAATTCTCAACAATTGGTTGCTTTGGAATGTTTGGATGATTCTTTGTTG,0.1803684690725269,0.18147297515021363,0.22444088747430294,0.16030660015836304,0.08886812707195872,0.033065342547177204,0.06691296116255223,0.0645646373629054,918.9995021171878
AAAGATAGAGATAATGAGAATCAAGGTGAAGAAGATCCAACTTGGTTTGATTCTGGTTCTCAATTTATCTTAAATTCTCAACAATTGGTTGCTTTGGATGATTTGTGTTCTTTGGAATTG,0.004014489042725531,0.00015584844525223508,8.031214963492591e-05,8.604426629389497e-05,0.0001780792539058961,0.001455316357444058,0.2968647752054544,0.6971651352792891,5204.166697499475
AAAGATAGAGATAATGAGAATCAAGGTGAAGAAGATCCAACTTGGTTTGATTCTGGTTCTCAATTTATCTTAAATTCTCAACAATTGGTTGCTTTGTCTGAATTGTGTGATGATTTGTTG,7.933763062115881e-05,0.002128625687808147,0.00013985830478521738,0.00279848996170853,0.0010945173894570087,0.0049086877937427826,0.32052731446595206,0.668323168765925,5088.796009918087
AAAGATAGAGATAATGAGAATCAAGGTGAAGAAGATCCAACTTGGTTTGATTCTGGTTCTCAATTTATCTTAAATTCTCAACAATTGGTTGCTTTGTCTTGTGAATTGGATGATTTGTTG,0.001288666263194708,0.000987286943430655,0.002096380848771961,0.007322504212938571,0.04124132662983405,0.12999143187306447,0.49749821125688715,0.3195741919718786,3535.0128883585076
AAAGATAGAGATAATGAGAATCAAGGTGAAGAAGATCCAACTTGGTTTGATTCTGGTTCTCAATTTATCTTAAATTCTCAACAATTGGTTGCTTTGTTGGATTTGTTGTGTTCTGATGAA,0.009799365625215757,0.034013911190829554,0.09002826996713251,0.21596965015339284,0.3283131543624988,0.27122497764127207,0.04140715340795267,0.009243517651705809,934.4149633500191
AAAGATAGAGATAATGAGAATCAAGGTGAAGAAGATCCAACTTGGTTTGATTCTGGTTCTCAATTTATCTTAAATTCTCAACAATTGGTTTCTGAATTGGCTTTGTGTGATGATTTGTTG,0.08763265338945633,0.09618467077270955,0.11895860996262046,0.2832200872914453,0.23551031599962183,0.0803245633103224,0.0886633551706502,0.009505744103173893,794.3228778645763
AAAGATAGAGATAATGAGAATCAAGGTGAAGAAGATCCAACTTGGTTTGATTCTGGTTCTCAATTTATCTTAAATTCTCAACAATTGGTTTCTGCTTTGTTGTGTGAAGATGATTTGTTG,0.12453635934254396,0.2230321690573335,0.21695294981623453,0.21583484578359335,0.10799266076112501,0.04794329377562058,0.03696032513382379,0.026747396329725403,662.1319081087638
AAAGATAGAGATAATGAGAATCAAGGTGAAGAAGATCCAACTTGGTTTGATTCTGGTTCTCAATTTATCTTAAATTCTCAACAATTGGTTTCTTTGGATGCTGATTTGGAATGTTTGTTG,0.005591883009684263,0.0067932473007737805,0.005588799545734002,0.005782812000882115,0.006184407336721698,0.05880750904719938,0.3881912062840635,0.5230601354749412,4423.366835711931
AAAGATAGAGATAATGAGAATCAAGGTGAAGAAGATCCAACTTGGTTTGATTCTGGTTCTCAATTTATCTTAAATTCTCAACAATTGGTTTCTTTGGCTGAATTGTGTGATGATTTGTTG,0.18512313251957715,0.22181486193873523,0.2240748638513191,0.1495749236270664,0.06301834679899893,0.05244804854091321,0.04370344534762583,0.06024237737576397,842.6930663186047
AAAGATAGAGATAATGAGAATCAAGGTGAAGAAGATCCAACTTGGTTTGATTCTGGTTCTCAATTTATCTTAAATTCTCAACAATTGGTTTGTTCTTTGGAAGCTGATTTGGATTTGTTG,0.22551179819987008,0.15126182959893872,0.09353827821489986,0.08351198579522683,0.14814718811777441,0.06890177732885104,0.13943366665136286,0.08969347609307625,1280.6089691203201
AAAGATAGAGATAATGAGAATCAAGGTGAAGAAGATCCAACTTGGTTTGATTCTGGTTCTCAATTTATCTTAAATTCTCAACAATTGGTTTGTTCTTTGGATGATGCTTTGGAATTGTTG,0.25389651193466534,0.17384878440016827,0.18429556604686034,0.12536462729016026,0.04517342237483771,0.0678775165461224,0.09484443966802829,0.05469913173915745,921.0226764050974
AAAGATAGAGATAATGAGAATCAAGGTGAAGAAGATCCAACTTGGTTTGATTCTGGTTCTCAATTTATCTTAAATTCTCAACAATTGTCTGTCTTGTTGTGTGAAGCTGATGATTTGTTG,0.062270780993002386,0.06265210294147118,0.09040083886019358,0.1787168733487101,0.2914696410787018,0.20928502510089825,0.08662938091893797,0.01857535675808468,994.4551238799874
AAAGATAGAGATAATGAGAATCAAGGTGAAGAAGATCCAACTTGGTTTGATTCTGGTTCTCAATTTATCTTAAATTCTCAACAATTGTCTTTGTTGGAAGCTGTTTGTGATGATTTGTTG,0.10425813074045573,0.14601602101948302,0.19200520753424002,0.23536096454151403,0.18821351582015458,0.10397315940250065,0.023206562507256986,0.006966438434394913,619.3706904848182
AAAGATAGAGATAATGAGAATCAAGGTGAAGAAGATCCAACTTGGTTTGATTCTGGTTCTCAATTTATCTTAAATTCTCAACAATTGTGTTCTGCTGATTTGTTGGATGAAGTCTTGTTG,0.23968054426361773,0.24592346728774617,0.18603442491490188,0.13972949049898442,0.09821461142332562,0.06525519241763264,0.011004518678094183,0.01415775051569734,506.09111313158576
AAAGATAGAGATAATGAGAATCAAGGTGAAGAAGATCCAACTTGGTTTGATTCTGGTTCTCAATTTATCTTAAATTCTCAACAATTGTTGGAATCTGTTGCTTTGTGTGATGATTTGTTG,0.03640795313054207,0.04477110149064113,0.0352365315021339,0.04494222311118777,0.043849217032216316,0.07415939209165806,0.2813874063787991,0.4392461752628216,3706.121194609877
AAAGATAGAGATAATGAGAATCAAGGTGAAGAAGATCCAACTTGGTTTGATTCTGGTTCTCAATTTATCTTAAATTCTCAACAATTGTTGGCTGAATCTGTCTTGTGTGATGATTTGTTG,0.0038796771991124277,0.015613739309663397,0.007241494576298219,0.010775474378568317,0.007646117929631408,0.01066839921252054,0.2914541546212282,0.6527209427729774,4937.149663942378
AAAGATAGAGATAATGAGAATCAAGGTGAAGAAGATCCAACTTGGTTTGATTCTGGTTCTCAATTTATCTTAAATTCTCAACAATTGTTGGCTTTGTGTGTTGAATCTGATGATTTGTTG,0.12721266158012975,0.10239332979841655,0.06331865610398171,0.0565315805469494,0.05014247127603752,0.12826419380354973,0.15337809188194843,0.31875901500898685,2728.873486955905
AAAGATAGAGATAATGAGAATCAAGGTGAAGAAGATCCAACTTGGTTTGATTCTGGTTCTCAATTTATCTTAAATTCTCAAGAAGCTTTGGTTCAATTGTCTTTGTGTGATGATTTGTTG,0.029042763545378523,0.02922061008925416,0.1987659490648285,0.22585867522828693,0.28618926739725525,0.15972452337417142,0.05387131462494358,0.017326896675881606,875.7754484035723
AAAGATAGAGATAATGAGAATCAAGGTGAAGAAGATCCAACTTGGTTTGATTCTGGTTCTCAATTTATCTTAAATTCTCAAGCTTTGGTTCAAGAATCTTTGTTGTGTGATGATTTGTTG,0.12498262871528354,0.14670596912142703,0.0777608532466116,0.11570955042305722,0.06157934470237751,0.13365304444643297,0.11591490774721651,0.22369370159759366,2087.2039598038423
AAAGATAGAGATAATGAGAATCAAGGTGAAGAAGATCCAACTTGGTTTGATTCTGGTTCTCAATTTATCTTAAATTCTCAAGTCTTGCAAGAAGCTTTGTCTTTGTGTGATGATTTGTTG,0.06893084004704589,0.2037242776902066,0.12866078251421498,0.19623580114211836,0.11462326014309673,0.18164934310797778,0.09589467008883276,0.010281025266506878,846.3479837830595
AAAGATAGAGATAATGAGAATCAAGGTGAAGAAGATCCAACTTGGTTTGATTCTGGTTCTCAATTTATCTTAAATTCTCAAGTTCAATTGGAAGCTTTGTCTTTGTGTGATGATTTGTTG,0.09411649548647444,0.13677852955863926,0.11711353919881456,0.1568403504209821,0.15972405969692088,0.11023093465259923,0.15032962541467793,0.07486646557089162,1300.557366474524
AAAGATAGAGATAATGAGAATCAAGGTGAAGAAGATCCAACTTGGTTTGATTCTGGTTCTCAATTTATCTTAAATTCTCAAGTTTCTCAAGCTGAATTGTTGTTGTGTGATGATTTGTTG,0.006234206960338975,0.009099372244836241,0.05168034044412336,0.18300227910550362,0.3280829740286993,0.3154619818762053,0.09457891505740192,0.011859930282891172,1113.9876946957384
AAAGATAGAGATAATGAGAATCAAGGTGAAGAAGATCCAACTTGGTTTGATTCTGGTTCTCAATTTATCTTAAATTCTCAATTGCAAGTTGAAGCTTTGTCTTTGTGTGATGATTTGTTG,0.054576596191319146,0.08005458703634286,0.14346084187004832,0.19815733891485626,0.2868213801145964,0.19364110025380163,0.03779805256606054,0.005490103052974794,789.7096426005094
AAAGATAGAGATAATGAGAATCAAGGTGAAGAAGATCCAACTTGGTTTGATTCTGGTTCTCAATTTATCTTAAATTCTCAATTGGTTCAAGAAGCTTTGTCTTTGTGTGATGATTTGTTG,0.07669543393534839,0.07716508682616685,0.038174280341104865,0.1363296403752505,0.09069141102792065,0.2108983466941475,0.11380966127061802,0.25623613952944324,2389.89822287711
AAAGATAGAGATAATGAGAATCAAGGTGAAGAAGATCCAACTTGGTTTGATTCTGGTTCTCAATTTATCTTAAATTCTCAATTGTGTGCTGTTGAATCTTTGTTGCAAGATGATTTGTTG,0.06657912775691674,0.060897120307931735,0.0979106934781697,0.026897146277341587,0.03578591041247012,0.09986201677172693,0.308743444235519,0.3033245407599241,2962.031701784735
AAAGATAGAGATAATGAGAATCAAGGTGAAGAAGATCCAACTTGGTTTGATTCTGGTTCTCAATTTATCTTAAATTCTGAACAACAAGCTTCTTGTTTGGTCTTGTTGGATGATTTGTTG,0.07637680016277891,0.20491867163943556,0.20591828835038134,0.2404140961144695,0.07526219207954984,0.023335795820499907,0.08264144232322215,0.09113271350966266,1127.766464705187
AAAGATAGAGATAATGAGAATCAAGGTGAAGAAGATCCAACTTGGTTTGATTCTGGTTCTCAATTTATCTTAAATTCTGAACAACAAGCTTTGGTCTTGTCTTTGTGTGATGATTTGTTG,0.00016863431938971067,0.0002545004551747074,0.0001648739230736925,0.0011508459061478366,0.0004035638433792755,0.010312102381399317,0.4151627050046677,0.5723827741667677,4729.813269000646
AAAGATAGAGATAATGAGAATCAAGGTGAAGAAGATCCAACTTGGTTTGATTCTGGTTCTCAATTTATCTTAAATTCTGAACAATTGGCTCAAGTCTTGTCTTTGTGTGATGATTTGTTG,0.14261719237792198,0.1291414719397904,0.07985934695761841,0.15052071936552447,0.1616162876590083,0.16994079526048983,0.13227005118697988,0.034034135252666804,1066.9760446699802
AAAGATAGAGATAATGAGAATCAAGGTGAAGAAGATCCAACTTGGTTTGATTCTGGTTCTCAATTTATCTTAAATTCTGAATGTCAATTGGTTTCTTTGGCTCAATTGGATGATTTGTTG,0.21243287368250874,0.11711437241321464,0.24261353448498957,0.14548297558262707,0.06595414639066,0.058681871524103764,0.11605315687988338,0.041667069042012964,906.2544938312824
AAAGATAGAGATAATGAGAATCAAGGTGAAGAAGATCCAACTTGGTTTGATTCTGGTTCTCAATTTATCTTAAATTCTGAATTGCAAGTTCAAGCTTTGTCTTTGTGTGATGATTTGTTG,0.09430545970308682,0.08302258082621362,0.058674338087667574,0.14405897886613045,0.20909072016886496,0.12966134041550756,0.19679270424452316,0.08439387768800592,1508.1376785140715
AAAGATAGAGATAATGAGAATCAAGGTGAAGAAGATCCAACTTGGTTTGATTCTGGTTCTCAATTTATCTTAAATTCTGCTCAATCTCAATTGGAAGTCTTGTTGTGTGATGATTTGTTG,0.03777854184856122,0.04248163381575621,0.03871378767033962,0.0345640880685981,0.05693574684430654,0.12934582245845272,0.33801016192365724,0.3221702173703283,3189.8607854940474
AAAGATAGAGATAATGAGAATCAAGGTGAAGAAGATCCAACTTGGTTTGATTCTGGTTCTCAATTTATCTTAAATTCTGCTCAATTGCAAGAATTGGTCTTGTCTTGTGATGATTTGTTG,0.054596521485021185,0.1190168400736569,0.1585196543993603,0.15163720800158048,0.19726580436012917,0.1501303992379604,0.0928316451912568,0.07600192725103473,1243.508864919825
AAAGATAGAGATAATGAGAATCAAGGTGAAGAAGATCCAACTTGGTTTGATTCTGGTTCTCAATTTATCTTAAATTCTGCTGTTCAAGAACAATTGTTGTCTTTGTGTGATGATTTGTTG,0.10078185388276908,0.506995013022649,0.0895768250842541,0.09597018914756285,0.056749194062612446,0.06598370820554153,0.06676424564812959,0.01717897094648124,627.1742948260921
AAAGATAGAGATAATGAGAATCAAGGTGAAGAAGATCCAACTTGGTTTGATTCTGGTTCTCAATTTATCTTAAATTCTGCTGTTGAATTGTTGCAACAATCTTTGTGTGATGATTTGTTG,0.0010235424766335728,0.0007723576883300352,0.02190663516566015,0.00017056814522916418,0.0024206528782707137,0.029599722905204327,0.4829475105898326,0.4611590101508393,4233.306190281671
AAAGATAGAGATAATGAGAATCAAGGTGAAGAAGATCCAACTTGGTTTGATTCTGGTTCTCAATTTATCTTAAATTCTGCTTGTTTGTCTTTGGTTCAACAAGAATTGGATGATTTGTTG,0.16102475446795878,0.21186028632588122,0.06165249303948784,0.15137103342434816,0.12205756373966307,0.14759615947389396,0.1148785466061219,0.02955916292264506,948.9503088382789
AAAGATAGAGATAATGAGAATCAAGGTGAAGAAGATCCAACTTGGTTTGATTCTGGTTCTCAATTTATCTTAAATTCTGCTTTGGTTCAACAAGAATTGTCTTTGTGTGATGATTTGTTG,0.09897698972515774,0.08851829881204173,0.09579241667148831,0.09774229139775974,0.16255427468974454,0.22176695017811263,0.14279381819723455,0.09185496032846059,1497.0220907591508
AAAGATAGAGATAATGAGAATCAAGGTGAAGAAGATCCAACTTGGTTTGATTCTGGTTCTCAATTTATCTTAAATTCTGTCTTGCAACAAGAAGCTTTGTCTTTGTGTGATGATTTGTTG,0.0032220337470288875,0.0021854811695989325,0.0017816521559163175,0.005614158711961581,0.011821856395235864,0.06540780985787642,0.40037903017352716,0.5095879777888548,4379.9129757081255
AAAGATAGAGATAATGAGAATCAAGGTGAAGAAGATCCAACTTGGTTTGATTCTGGTTCTCAATTTATCTTAAATTCTGTCTTGCAAGAACAAGCTTTGTCTTTGTGTGATGATTTGTTG,0.07887728778173757,0.08994167502605932,0.09160730434117748,0.08762999083918815,0.08290793464110749,0.08675921749870921,0.24384864868965314,0.23842794118236776,2435.897813759199
AAAGATAGAGATAATGAGAATCAAGGTGAAGAAGATCCAACTTGGTTTGATTCTGGTTCTCAATTTATCTTAAATTCTGTCTTGGCTTCTCAAGAATTGCAATTGTGTGATGATTTGTTG,0.3434556812423808,0.21218527088570302,0.17619966136679258,0.11714795051168363,0.05046963670555573,0.03866128639536495,0.047501181695216665,0.01437933119730274,521.7678907728949
AAAGATAGAGATAATGAGAATCAAGGTGAAGAAGATCCAACTTGGTTTGATTCTGGTTCTCAATTTATCTTAAATTCTGTCTTGGCTTTGCAATGTGAACAATTGTCTGATGATTTGTTG,0.003970620656977994,0.004168628021746936,0.002792642043922532,0.0025572317958775393,0.0017011631458517405,0.03365211753612413,0.5332751805316261,0.41788241626787287,4089.676562004317
AAAGATAGAGATAATGAGAATCAAGGTGAAGAAGATCCAACTTGGTTTGATTCTGGTTCTCAATTTATCTTAAATTCTGTCTTGTTGGAAGCTCAATCTCAATTGTGTGATGATTTGTTG,0.12398909237598447,0.11035431241496965,0.12461513315044467,0.09006578772237597,0.17387104362965963,0.1704736074134859,0.17249018146150383,0.03414084183157587,1160.5835763121027
AAAGATAGAGATAATGAGAATCAAGGTGAAGAAGATCCAACTTGGTTTGATTCTGGTTCTCAATTTATCTTAAATTCTGTTCAACAATTGGAAGCTTTGTCTTTGTGTGATGATTTGTTG,0.06537117632972682,0.08769531185153762,0.10168049954994748,0.11498983541019742,0.24693252059720155,0.23967829290441922,0.11115202364020958,0.03250033971676034,1132.7758488670374
AAAGATAGAGATAATGAGAATCAAGGTGAAGAAGATCCAACTTGGTTTGATTCTGGTTCTCAATTTATCTTAAATTCTGTTCAAGCTCAAGAATTGTTGTCTTTGTGTGATGATTTGTTG,0.0044795139166755055,0.00547271857742943,0.004379624714461033,0.004976587995374442,0.001261183411347497,0.0029328190323269516,0.3561014480226046,0.6203961043297804,4877.656423103243
AAAGATAGAGATAATGAGAATCAAGGTGAAGAAGATCCAACTTGGTTTGATTCTGGTTCTCAATTTATCTTAAATTCTGTTCAATTGCAAGAAGCTTTGTCTTTGTGTGATGATTTGTTG,0.04306967991030778,0.07800015926346072,0.1071872177217034,0.13397706911533094,0.16127633467443,0.2447629873202937,0.15977957976475082,0.07194697222972268,1455.4868280877533
AAAGATAGAGATAATGAGAATCAAGGTGAAGAAGATCCAACTTGGTTTGATTCTGGTTCTCAATTTATCTTAAATTCTGTTGAACAATTGGCTCAATTGTCTTTGTGTGATGATTTGTTG,0.13818207098430385,0.08689265252015976,0.19343968574307177,0.1343261439465454,0.15318619318276647,0.11082612838763385,0.08009794128547068,0.10304918395004813,1302.4130557310798
AAAGATAGAGATAATGAGAATCAAGGTGAAGAAGATCCAACTTGGTTTGATTCTGGTTCTCAATTTATCTTAAATTCTGTTGCTTTGGAATCTCAACAATTGTTGTGTGATGATTTGTTG,0.1044006815561865,0.05835555031422609,0.06495531547692678,0.0773237436331814,0.0685847371782304,0.07442884436926332,0.24744478172838083,0.3045063457436047,2819.7867564314042
AAAGATAGAGATAATGAGAATCAAGGTGAAGAAGATCCAACTTGGTTTGATTCTGGTTCTCAATTTATCTTAAATTCTGTTTGTTTGTCTCAAGAATTGCAAGCTTTGGATGATTTGTTG,0.09677321534724635,0.1251846215123579,0.20643329051877835,0.10751175925094886,0.1498529234888657,0.07603101579392328,0.08975213951477601,0.14846103457310364,1560.4517601928412
AAAGATAGAGATAATGAGAATCAAGGTGAAGAAGATCCAACTTGGTTTGATTCTGGTTCTCAATTTATCTTAAATTCTTCTTTGTGTGCTTTGCAACAAGAAGTCTTGGATGATTTGTTG,0.04444343521474333,0.057491472160999695,0.06320347037085176,0.09169670490407426,0.16892298534242717,0.17458754018988512,0.27086759439941976,0.12878679741759902,1975.332194916629
AAAGATAGAGATAATGAGAATCAAGGTGAAGAAGATCCAACTTGGTTTGATTCTGGTTCTCAATTTATCTTAAATTCTTTGCAAGAACAAGCTTCTGTCTTGTTGTGTGATGATTTGTTG,0.2405728755495546,0.18153453742876022,0.11225851302107792,0.07795325515221756,0.12840861857045685,0.09187933200608898,0.0836695756115881,0.08372329266025576,1127.0253235428113
AAAGATAGAGATAATGAGAATCAAGGTGAAGAAGATCCAACTTGGTTTGATTCTGGTTCTCAATTTATCTTAAATTCTTTGCAAGTTCAAGAAGCTTTGTCTTTGTGTGATGATTTGTTG,0.13387197168080042,0.16163010163625363,0.09994987800187571,0.0,0.1583019664385249,0.07362466328821168,0.14899117491921055,0.22363024403512313,2122.0040049750974
AAAGATAGAGATAATGAGAATCAAGGTGAAGAAGATCCAACTTGGTTTGATTCTGGTTCTCAATTTATCTTAAATTCTTTGGCTCAACAAGTTGAATTGTCTTTGTGTGATGATTTGTTG,0.23374946159125642,0.11323522504855127,0.14004627621392338,0.12503482908870328,0.08531045513955904,0.1190311215190104,0.08029277986936131,0.10329985152963489,1261.066714140984
AAAGATAGAGATAATGAGAATCAAGGTGAAGAAGATCCAACTTGGTTTGATTCTGGTTCTCAATTTATCTTAAATTCTTTGGTCTTGCAACAAGCTTCTTGTGAATTGGATGATTTGTTG,0.0034494252553547646,0.003694454523509516,0.001592297610953831,0.002781431446986114,0.002741198323473978,0.016063789870825743,0.3044364857528685,0.6652409172160276,5045.323744804018
AAAGATAGAGATAATGAGAATCAAGGTGAAGAAGATCCAACTTGGTTTGATTCTGGTTCTCAATTTATCTTAAATTCTTTGGTTCAACAAGAAGCTTTGTCTTTGTGTGATGATTTGTTG,0.07083035904956142,0.11580415683177947,0.09915470435504217,0.07869012600717928,0.06979669319073518,0.08115436198314825,0.33666886289759795,0.14790073568495626,2086.32180863422
AAAGATAGAGATAATGAGAATCAAGGTGAAGAAGATCCAACTTGGTTTGATTCTGGTTCTCAATTTATCTTAAATTCTTTGTGTTTGGTCTTGGCTCAATCTGAACAAGATGATTTGTTG,0.02062917419025156,0.059073343871508956,0.12736191004191566,0.2538643866906191,0.27677519217083857,0.22181491539228748,0.02722700419266614,0.013254073449912468,853.9471664329025
AAAGATAGAGATAATGAGAATCAAGGTGAAGAAGATCCAACTTGGTTTGATTCTGGTTCTCAATTTATCTTAAATTCTTTGTTGCAAGAACAATCTGCTGTCTTGTGTGATGATTTGTTG,0.1992479412311267,0.20728669924721446,0.23106726998429528,0.15058347162327101,0.056097202263484164,0.06087724628833632,0.06411155684211581,0.030728612520156198,715.5191683193276
AAAGATAGAGATAATGAGAATCAAGGTGAAGAAGATCCAACTTGGTTTGATTCTGGTTCTCAATTTATCTTGAATACTCAACAATTGGTTGAAGCTTTGTCTTTGTGTGATGATTTGTTG,0.1860412624797254,0.1995220783883015,0.22132399278448645,0.1521750614518749,0.08864126924793303,0.04310008564323137,0.0530903460478596,0.05610590395658776,843.0571033548321
AAAGATAGAGATAATGAGAATCAAGGTGAAGAAGATCCAACTTGGTTTGATTCTGGTTCTCAATTTATCTTGAATCAACAAGCTGAATCTTCTGTCTTGTTGTTGTGTGATGATTTGTTG,0.2195416813684919,0.2101980333105904,0.10574939620201354,0.13375345554983661,0.0523397880240261,0.064913900213055,0.1543521891920695,0.05915155613991697,1086.741540712395
AAAGATAGAGATAATGAGAATCAAGGTGAAGAAGATCCAACTTGGTTTGATTCTGGTTCTCAATTTATCTTGAATCAAGCTTCTTTGGAAGTTCAATTGTCTTTGTGTGATGATTTGTTG,0.19452410023633218,0.19571528987203932,0.1656168517342284,0.11374193483987385,0.09079830213251243,0.046921537026470755,0.09495316675639665,0.09772881740214642,1186.3827342028271
AAAGATAGAGATAATGAGAATCAAGGTGAAGAAGATCCAACTTGGTTTGATTCTGGTTCTCAATTTATCTTGAATCAATCTCAATTGGTTGAAGCTTTGTCTTTGTGTGATGATTTGTTG,0.0002658451276490925,0.0013373652970428587,0.0008270086879249598,0.015505608200706173,0.4752054269158084,0.3985305926177781,0.10626631342259274,0.002061839730497675,1209.023256776131
AAAGATAGAGATAATGAGAATCAAGGTGAAGAAGATCCAACTTGGTTTGATTCTGGTTCTCAATTTATCTTGAATGAACAACAATTGGTTGAAGCTTTGTCTTTGTGTGATGATTTGTTG,0.060969744365977456,0.09201464891122026,0.07586749283256888,0.11853680582075873,0.13517995456605092,0.1397129923013481,0.2685948138509168,0.10912354735115866,1798.438786063585
AAAGATAGAGATAATGAGAATCAAGGTGAAGAAGATCCAACTTGGTTTGATTCTGGTTCTCAATTTATCTTGAATTATCAACAATTGGTTGAAGCTTTGTCTTTGTGTGATGATTTGTTG,0.05740244197820636,0.03300225835396955,0.030612228132687474,0.054661856295961035,0.048484060284477964,0.10523077657717719,0.2890051381208958,0.3816012402566247,3408.8354282143273
AAAGATAGAGATAATGAGAATCAAGGTGAAGAAGATCCAACTTGGTTTGATTCTGGTTCTCAATTTATCTTGAATTTGCAACAATCTGTTGAAGCTTTGTCTTTGTGTGATGATTTGTTG,0.28393109567596075,0.2695125817813209,0.2409150751881556,0.12877526198775768,0.030846005462459157,0.029453878415804224,0.00848870372118186,0.008077397767359726,384.7320913286642
AAAGATAGAGATAATGAGAATCAAGGTGAAGAAGATCCAACTTGGTTTGATTCTGGTTCTCAATTTATCTTGCAAAATTCTCAATTGGTTGAAGCTTTGTCTTTGTGTGATGATTTGTTG,0.047297887361584155,0.0489871541309605,0.07270319124195147,0.14063875572613554,0.1507894352725947,0.14408662890550555,0.16643404756702812,0.22906289979424005,2311.6053912850025
AAAGATAGAGATAATGAGAATCAAGGTGAAGAAGATCCAACTTGGTTTGATTCTGGTTCTCAATTTATCTTGCAAAATTCTTTGGTTCAAGAAGCTTTGTCTTTGTGTGATGATTTGTTG,0.08033494205277308,0.161926121678786,0.19876852054846686,0.22722259956062574,0.1979338324449312,0.11454893004303375,0.01395105199081168,0.005314001680571791,605.4299182664454
AAAGATAGAGATAATGAGAATCAAGGTGAAGAAGATCCAACTTGGTTTGATTCTGGTTCTCAATTTATCTTGCAACAAAATTCTTTGGTTGAAGCTTTGTCTTTGTGTGATGATTTGTTG,0.25659771006657406,0.2237918472317499,0.23616333773680867,0.13790049754214104,0.0630378626133381,0.044067153499323476,0.032078580603687866,0.006363010706376883,467.90025731360674
AAAGATAGAGATAATGAGAATCAAGGTGAAGAAGATCCAACTTGGTTTGATTCTGGTTCTCAATTTATCTTGCAACAATCTAATTTGGTTGAAGCTTTGTCTTTGTGTGATGATTTGTTG,0.005148998538550246,0.006856582493535192,0.03636993448417028,0.13392378552325124,0.43277010549682726,0.3557745427542938,0.026264860420757857,0.002891190288614243,986.6642936173067
AAAGATAGAGATAATGAGAATCAAGGTGAAGAAGATCCAACTTGGTTTGATTCTGGTTCTCAATTTATCTTGCAACAATTAAATTCTGAAGTTGCTTTGTCTTTGTGTGATGATTTGTTG,0.30549048897082764,0.14343522360676159,0.1520544179637101,0.13575582783246162,0.040137640069403846,0.07467046182122783,0.07555375699956575,0.0729021827360416,986.7676689875134
AAAGATAGAGATAATGAGAATCAAGGTGAAGAAGATCCAACTTGGTTTGATTCTGGTTCTCAATTTATCTTGCAACAGAATGTCTTGTCTGAAGCTTTGTCTTTGTGTGATGATTTGTTG,0.010630639091085352,0.01375166182374722,0.028346141543605697,0.048928300326784066,0.10625150412961545,0.16008166250575526,0.31127428695719694,0.3207358036222101,3184.369169350173
AAAGATAGAGATAATGAGAATCAAGGTGAAGAAGATCCAACTTGGTTTGATTCTGGTTCTCAATTTATCTTGCAAGTCTTGCAATCTGAGAATGCTTTGTCTTTGTGTGATGATTTGTTG,0.09741998855996294,0.09485472632048249,0.08994055737394123,0.1291781028032945,0.1888998527256799,0.18147188120874855,0.1282415315452999,0.08999335946259038,1427.4710041654398
AAAGATAGAGATAATGAGAATCAAGGTGAAGAAGATCCAACTTGGTTTGATTCTGGTTCTCAATTTATCTTGCAAGTTCAAAATTCTTTGGAAGCTTTGTCTTTGTGTGATGATTTGTTG,0.39386022351458,0.31645971029422165,0.18232466603087577,0.07359337973520601,0.005165724487682581,0.0006750901915086214,0.017117080908635996,0.010804124837289491,346.37833137067685
AAAGATAGAGATAATGAGAATCAAGGTGAAGAAGATCCAACTTGGTTTGATTCTGGTTCTCAATTTATCTTGCAAGTTCAAGAAGCTTTGTCTAATTTGTCTTTGTGTGATGATTTGTTG,0.10875416244659222,0.09726233819832852,0.17291894500915092,0.2416443700571805,0.16075058092368602,0.12737483383634152,0.03362128224459133,0.05767348728412899,965.1381297985923
AAAGATAGAGATAATGAGAATCAAGGTGAAGAAGATCCAACTTGGTTTGATTCTGGTTCTCAATTTATCTTGCAATCTAATCAATTGGTTGAAGCTTTGTCTTTGTGTGATGATTTGTTG,0.23309210451244003,0.14825943477110437,0.09334857655700303,0.06846000772883878,0.07920360860913626,0.07367361437450629,0.144120560693888,0.1598420927530833,1684.7629831103898
AAAGATAGAGATAATGAGAATCAAGGTGAAGAAGATCCAACTTGGTTTGATTCTGGTTCTCAATTTATCTTGCAATCTCAGAATGTCTTGGAAGCTTTGTCTTTGTGTGATGATTTGTTG,0.08759147775806905,0.2056316587891394,0.1735832850191119,0.2090387887428264,0.06073892400750325,0.08326040748588445,0.08725407649340627,0.0929013817040592,1197.3821117939976
AAAGATAGAGATAATGAGAATCAAGGTGAAGAAGATCCAACTTGGTTTGATTCTGGTTCTCAATTTATCTTGCAATCTCAGAATTTGGTTGAAGCTTTGTCTTTGTGTGATGATTTGTTG,0.014626403186933298,0.04710592118041346,0.1252381845589949,0.2583987855771547,0.30984497868685534,0.2193870485409964,0.02468220496896499,0.0007164732996869563,787.7745444244295
AAAGATAGAGATAATGAGAATCAAGGTGAAGAAGATCCAACTTGGTTTGATTCTGGTTCTCAATTTATCTTGCAATCTGAGAATCAATCTTTGGCTTTGGTCTTGTGTGATGATTTGTTG,0.2306978142621523,0.15474034506541126,0.19137869066076144,0.14238746960942703,0.10103605150793732,0.02349542914595146,0.09509344932370965,0.061170750424649624,948.2712595146322
AAAGATAGAGATAATGAGAATCAAGGTGAAGAAGATCCAACTTGGTTTGATTCTGGTTCTCAATTTATCTTGCAATCTGCTTTGAATCAAGTTGAATTGTCTTTGTGTGATGATTTGTTG,0.005586331977134238,0.009327705498881142,0.006063928861960595,0.007262604088629459,0.003865077679201594,0.03126750234352435,0.3819634091797504,0.5546634403709182,4570.2340894074805
AAAGATAGAGATAATGAGAATCAAGGTGAAGAAGATCCAACTTGGTTTGATTCTGGTTCTCAATTTATCTTGCAATTGCAAAATTCTGCTGTTGAATTGTCTTTGTGTGATGATTTGTTG,0.07018099717891103,0.1412215164053375,0.08732948375989487,0.11695306049741533,0.03457840390508818,0.1125744917313572,0.22781232592303596,0.20934972059895982,2230.820483112979
AAAGATAGAGATAATGAGAATCAAGGTGAAGAAGATCCAACTTGGTTTGATTCTGGTTCTCAATTTATCTTGCAGAATCAAGTTTCTTTGGAAGCTTTGTCTTTGTGTGATGATTTGTTG,0.07020723383790094,0.19425217769296313,0.06552159844256768,0.11699678255451683,0.03459133079168342,0.03217616482632712,0.13022713823768978,0.3560275736163511,2806.0323066205797
AAAGATAGAGATAATGAGAATCAAGGTGAAGAAGATCCAACTTGGTTTGATTCTGGTTCTCAATTTATCTTGCAGAATCAATCTTTGGTTGAAGCTTTGTCTTTGTGTGATGATTTGTTG,0.00015770541774245354,0.00023079439148049484,0.0007849607883158172,0.01844434702817928,0.11310581088768812,0.3283338757374517,0.47219208073126284,0.0667504250178793,2193.1180057461365
AAAGATAGAGATAATGAGAATCAAGGTGAAGAAGATCCAACTTGGTTTGATTCTGGTTCTCAATTTATCTTGGAAGAACAACAATTGGTTGAAGCTTTGTCTTTGTGTGATGATTTGTTG,0.010079230506725753,0.49690663716115735,0.01672274133514958,0.026127927369499735,0.049660694137127336,0.024636472293305685,0.11529155210155353,0.2605747450954811,2164.843661440259
AAAGATAGAGATAATGAGAATCAAGGTGAAGAAGATCCAACTTGGTTTGATTCTGGTTCTCAATTTATCTTGGAAGCTGTCTTGTCTCAGAATCAATTGTCTTTGTGTGATGATTTGTTG,0.10186831929835757,0.08785038952294341,0.16297649311010443,0.12933971073244543,0.20793352069504883,0.12005106628444114,0.09447758424678711,0.09550291610987201,1329.2136189871776
AAAGATAGAGATAATGAGAATCAAGGTGAAGAAGATCCAACTTGGTTTGATTCTGGTTCTCAATTTATCTTGGAAGCTTTGAATCAATCTCAAGTCTTGTCTTTGTGTGATGATTTGTTG,0.006470804444235315,0.006731738892039169,0.019138909087951995,0.06900341834924109,0.21885627301714095,0.31728549770950454,0.27062821506602336,0.0918851434338635,1930.3958665343355
AAAGATAGAGATAATGAGAATCAAGGTGAAGAAGATCCAACTTGGTTTGATTCTGGTTCTCAATTTATCTTGGATGATCAACAATTGGTTGAAGCTTTGTCTTTGTGTGATGATTTGTTG,0.1087272089896641,0.13202604892176178,0.13995965230886606,0.14161848904066318,0.15886349086415552,0.17870059441162006,0.10431605048277708,0.03578846498049218,1026.812875648205
AAAGATAGAGATAATGAGAATCAAGGTGAAGAAGATCCAACTTGGTTTGATTCTGGTTCTCAATTTATCTTGGCTCAATTGAATCAATCTGAAGTCTTGTCTTTGTGTGATGATTTGTTG,0.10756869124482563,0.14945688558805836,0.12110485364185782,0.17072166677164616,0.16152210738557807,0.18780579669052477,0.07126027404369098,0.030559724633818126,934.1536442477876
AAAGATAGAGATAATGAGAATCAAGGTGAAGAAGATCCAACTTGGTTTGATTCTGGTTCTCAATTTATCTTGGCTCAGAATGAAGTTCAATCTTTGTTGTCTTTGTGTGATGATTTGTTG,0.00900113826978632,0.00011551349140247468,0.00022858235947620576,0.0003826515021828696,0.00029415085989919067,0.0012838775729101337,0.3118181623194611,0.6768759236248818,5114.714417613541
AAAGATAGAGATAATGAGAATCAAGGTGAAGAAGATCCAACTTGGTTTGATTCTGGTTCTCAATTTATCTTGGCTGAGAATGTTCAATCTTTGCAATCTTTGTTGTGTGATGATTTGTTG,0.7069502538426992,0.23854579645498575,0.008935914412971912,0.0025327241179036123,0.0013478878011553748,0.025180047607813116,0.015963336896776727,0.0005440388656942444,244.1581544169241
AAAGATAGAGATAATGAGAATCAAGGTGAAGAAGATCCAACTTGGTTTGATTCTGGTTCTCAATTTATCTTGGCTGCTGCTGCTGCTGCTGCTGCTTTGTCTTTGTGTGATGATTTGTTG,0.053610803378689134,0.15037505787784,0.21712770087934247,0.2622163276839496,0.15120196391951074,0.12776387487121185,0.03248332506867486,0.005220946320781289,650.9748049378319
AAAGATAGAGATAATGAGAATCAAGGTGAAGAAGATCCAACTTGGTTTGATTCTGGTTCTCAATTTATCTTGGCTGCTGCTGCTTTGGTTGAAGCTGCTGCTGCTGCTGATGATTTGTTG,0.4377803395409365,0.41349048193845667,0.14380882182330407,0.0013805814029687223,0.00034987151137634006,0.0008136087251077862,0.0013171729631283936,0.0010591220947215928,221.7089287039875
AAAGATAGAGATAATGAGAATCAAGGTGAAGAAGATCCAACTTGGTTTGATTCTGGTTCTCAATTTATCTTGGCTGCTGCTGCTTTGGTTGAAGCTTTGTCTTTGTGTGATGATTTGTTG,0.03175755274036641,0.034234310992769926,0.09314816212630407,0.1738877069545263,0.2570586583895384,0.25990307438925553,0.09046427083661909,0.05954626357062022,1294.5742384323987
AAAGATAGAGATAATGAGAATCAAGGTGAAGAAGATCCAACTTGGTTTGATTCTGGTTCTCAATTTATCTTGGCTGCTGCTGCTTTGGTTGAAGCTTTGTCTTTGTGTGCTGCTGCTGCT,0.020813087443258486,0.05735886677545518,0.10021668610229158,0.2241890173091191,0.2880226216268454,0.23805262842278938,0.05623065140894556,0.015116440911295274,948.1421835288693
AAAGATAGAGATAATGAGAATCAAGGTGAAGAAGATCCAACTTGGTTTGATTCTGGTTCTCAATTTATCTTGGCTTTGCAATTGTCTGAATCTGTTAATCAATTGTGTGATGATTTGTTG,0.08101034910553308,0.12808152476750115,0.12960636529376737,0.11571396377980324,0.10263615573681904,0.14850904688689082,0.22539869515457012,0.0690438992751151,1446.3298660952307
AAAGATAGAGATAATGAGAATCAAGGTGAAGAAGATCCAACTTGGTTTGATTCTGGTTCTCAATTTATCTTGGTCTTGAATGCTCAATCTGAACAATTGTCTTTGTGTGATGATTTGTTG,0.008316293675049253,0.05636863602744668,0.1038239221584949,0.22514276985951384,0.3058002635788867,0.2738426268995419,0.026411714999208823,0.00029377280185803633,838.8322482992211
AAAGATAGAGATAATGAGAATCAAGGTGAAGAAGATCCAACTTGGTTTGATTCTGGTTCTCAATTTATCTTGGTCTTGTCTCAGAATCAAGAAGCTTTGTCTTTGTGTGATGATTTGTTG,0.015460840682455599,0.03720899753247793,0.09662883107718541,0.26671821845246557,0.3250721960029262,0.22388415482120386,0.028589060297503802,0.006437701133781673,844.5461794268979
AAAGATAGAGATAATGAGAATCAAGGTGAAGAAGATCCAACTTGGTTTGATTCTGGTTCTCAATTTATCTTGGTTGAATCTTTAAATTCTCAACAAGCTTTGTTGTGTGATGATTTGTTG,0.007214080174616085,0.00832330782190568,0.021481918390739246,0.08674781308069472,0.22329560741652876,0.3208919873559428,0.2815793559833513,0.05046592977622119,1713.675256769613
AAAGATAGAGATAATGAGAATCAAGGTGAAGAAGATCCAACTTGGTTTGATTCTGGTTCTCAATTTATCTTGTCTAATCAACAATTGGTTGAAGCTTTGTCTTTGTGTGATGATTTGTTG,0.006954299647126422,0.029992378377992304,0.09318072960602489,0.175860379339955,0.34099120160267365,0.29888206489035063,0.0399921606425059,0.014146785893371015,989.782013408505
AAAGATAGAGATAATGAGAATCAAGGTGAAGAAGATCCAACTTGGTTTGATTCTGGTTCTCAATTTATCTTGTCTCAACAGAATTTGGTTGAAGCTTTGTCTTTGTGTGATGATTTGTTG,0.2782708179954323,0.2676816260359888,0.2043467698572964,0.1578997176695524,0.06298544684316729,0.022579891369968623,0.005116536328744486,0.0011191938998497957,348.02488561940726
AAAGATAGAGATAATGAGAATCAAGGTGAAGAAGATCCAACTTGGTTTGATTCTGGTTCTCAATTTATCTTGTCTCAATTGCAAGAATTGGCTGTTAATTCTTTGTGTGATGATTTGTTG,0.05578876392428785,0.1403259813280122,0.1388411150867692,0.06197942410422064,0.20615478083994612,0.1917610585145873,0.15522355762767562,0.04992531857450112,1258.5477933384782
AAAGATAGAGATAATGAGAATCAAGGTGAAGAAGATCCAACTTGGTTTGATTCTGGTTCTCAATTTATCTTGTCTCAGAATCAATTGGTTGAAGCTTTGTCTTTGTGTGATGATTTGTTG,0.10953148037508528,0.14987500341460802,0.14174692782887796,0.09734860710151061,0.1295196336664206,0.11244480394371899,0.17066241159792242,0.08887113207185607,1406.6422880323917
AAAGATAGAGATAATGAGAATCAAGGTGAAGAAGATCCAACTTGGTTTGATTCTGGTTCTCAATTTATCTTGTCTCAGAATTTGCAAGTTGAAGCTTTGTCTTTGTGTGATGATTTGTTG,0.0006721771881399571,0.0012296242523289513,0.0008364213846348632,0.0019008590430609894,0.013909722576576853,0.15386227703058178,0.5363021816659634,0.2912867368587131,3464.051660891537
AAAGATAGAGATAATGAGAATCAAGGTGAAGAAGATCCAACTTGGTTTGATTCTGGTTCTCAATTTATCTTGTCTGAATTGGCTCAACAGAATGTCTTGTCTTTGTGTGATGATTTGTTG,0.10044697744848818,0.11790575477067532,0.17707037476107737,0.1022937522880576,0.14022322529577805,0.1457778830713091,0.18631872675605582,0.029963305608558626,1131.696227833271
AAAGATAGAGATAATGAGAATCAAGGTGAAGAAGATCCAACTTGGTTTGATTCTGGTTCTCAATTTATCTTGTCTGTCTTGCAACAGAATGAAGCTTTGTCTTTGTGTGATGATTTGTTG,0.000539062305643827,0.0008135449690809025,0.001006170503953173,0.000798506578742636,0.000531195476947755,0.13340900347356735,0.5341157477044737,0.3287867689875906,3657.897831300804
AAAGATAGAGATAATGAGAATCAAGGTGAAGAAGATCCAACTTGGTTTGATTCTGGTTCTCAATTTATCTTGTTGAATCAATCTTTGTCTCAAGAAGTTGCTTTGTGTGATGATTTGTTG,0.002393343461103411,0.003389400531939374,0.004991973540676017,0.01799322520046604,0.08022228252780736,0.18487342527045478,0.42188621415784705,0.28425013530970605,3226.422807656599
AAAGATAGAGATAATGAGAATCAAGGTGAAGAAGATCCAACTTGGTTTGATTCTGGTTCTCAATTTATCTTGTTGAATGAACAAGTTGCTTCTTCTCAATTGTTGTGTGATGATTTGTTG,0.0011188895404847916,0.0010745711293681784,0.001012571907005616,0.0011865461250825148,0.0012529102026860722,0.16964028767232667,0.5264501823633367,0.29826404105970933,3494.311286714884
AAAGATAGAGATAATGAGAATCAAGGTGAAGAAGATCCAACTTGGTTTGATTCTGGTTCTCAATTTATCTTGTTGCAATCTAATCAAGTTGAAGCTTTGTCTTTGTGTGATGATTTGTTG,0.14278616374818182,0.1567205786863629,0.1615231585526626,0.14420962177280516,0.05628096311662353,0.06424947919587376,0.13483452270571097,0.13939551222177932,1548.0456409018243
AAAGATAGAGATAATGAGAATCAAGGTGAAGAAGATCCAACTTGGTTTGATTCTGGTTCTCAATTTATCTTGTTGGCTGTTTCTAATCAACAAGAATTGTCTTTGTGTGATGATTTGTTG,0.1735362669490815,0.12087618596908269,0.11627498622601694,0.17796268192526757,0.18415789328772816,0.08564999658700226,0.06190226526483951,0.07963972379098128,1104.8804631016346
AAAGATAGAGATAATGAGAATCAAGGTGAAGAAGATCCAACTTGGTTTGATTCTGGTTCTCAATTTATTAATTCTTTGCAACAATTGGTTGAAGCTTTGTCTTTGTGTGATGATTTGTTG,0.10008227398549527,0.2769116315710909,0.21793981171541446,0.08339100835447937,0.12327714882662247,0.04586797638810386,0.09282111982608424,0.05970902933270942,971.0456327373233
AAAGATAGAGATAATGAGAATCAAGGTGAAGAAGATCCAACTTGGTTTGATTCTGGTTCTCAATTTATTAATTTGTCTCAACAATTGGTTGAAGCTTTGTCTTTGTGTGATGATTTGTTG,0.05896779990757813,0.07758394051712501,0.1396973390253828,0.20535249448317033,0.254777945860882,0.20892482630242906,0.04522407321936305,0.009471580684069685,832.5345519996157
AAAGATAGAGATAATGAGAATCAAGGTGAAGAAGATCCAACTTGGTTTGATTCTGGTTCTCAATTTATTCAATTGTTGTCTGTTCAGAATGAAGCTTTGTCTTTGTGTGATGATTTGTTG,0.13878722185140774,0.0,0.17269940473851644,0.1541878951655723,0.06838091231176092,0.25442623399118597,0.12871795210874076,0.08280037983281585,1411.9991083046964
AAAGATAGAGATAATGAGAATCAAGGTGAAGAAGATCCAACTTGGTTTGATTCTGGTTCTCAATTTATTGCTAATTCTCAACAAGCTGTTGAAGCTGCTTCTTTGTGTGATGATTTGTTG,0.07427214139960038,0.14072136259814383,0.2044158952921162,0.3097156336800311,0.14927195264076307,0.08676557934286246,0.010942549720138894,0.02389488532634419,675.8951683563138
AAAGATAGAGATAATGAGAATCAAGGTGAAGAAGATCCAACTTGGTTTGATTCTGGTTCTCAATTTATTGCTAATTCTCAACAAGCTGTTGAAGCTTTGTCTTTGTGTGATGATTTGTTG,0.10333416915614806,0.11113708155385994,0.2083939805231457,0.1583458708336766,0.1474723661234073,0.13390975708414168,0.0991418110191101,0.03826496370651063,984.2031534092442
AAAGATAGAGATAATGAGAATCAAGGTGAAGAAGATCCAACTTGGTTTGATTCTGGTTCTCAATTTATTGCTAATTCTCAACAATTGGTTGAAGCTGCTTCTTTGTGTGATGATTTGTTG,0.21562744663727054,0.20489520576372422,0.10434482939642471,0.15970318541536196,0.11804482128844367,0.08784234754181763,0.06666109213642694,0.04288107182053024,848.5168158084815
AAAGATAGAGATAATGAGAATCAAGGTGAAGAAGATCCAACTTGGTTTGATTCTGGTTCTCAATTTATTGCTAATTCTCAACAATTGGTTGAAGCTTTGTCTGCTTGTGATGATTTGTTG,0.1733347519627338,0.2709523874667813,0.2354242715207167,0.22927302054020082,0.04961509141049397,0.03286993578081599,0.00795318228923183,0.0005773590290256771,385.807715591242
AAAGATAGAGATAATGAGAATCAAGGTGAAGAAGATCCAACTTGGTTTGATTCTGGTTCTCAATTTATTGCTAATTCTCAACAATTGGTTGAAGCTTTGTCTTTGTGTGATGATGCTTTG,0.1429407418690111,0.16861192673858794,0.10426734461325736,0.13689854741234017,0.15056884938517676,0.1490920153033086,0.10057044084152499,0.04705013383679315,1041.4440838754065
AAAGATAGAGATAATGAGAATCAAGGTGAAGAAGATCCAACTTGGTTTGATTCTGGTTCTCAATTTATTGCTAATTCTCAACAATTGGTTGAAGCTTTGTCTTTGTGTGATGATTTGGCT,0.14953686084226211,0.14391115026840637,0.06472197608477478,0.10834589961287386,0.08328737599584153,0.10726927367659786,0.2110464770229595,0.13188098649628388,1726.0395605617014
AAAGATAGAGATAATGAGAATCAAGGTGAAGAAGATCCAACTTGGTTTGATTCTGGTTCTCAATTTATTGCTAATTCTCAACAATTGGTTGAAGCTTTGTCTTTGTGTGATGATTTGTTG,0.19161115160115766,0.14458837760761262,0.1117643817277082,0.08647985493993461,0.10620836218499508,0.076838919610144,0.1610491510138441,0.12145980131460372,1517.7917857032453
AAAGATAGAGATAATGAGAATCAAGGTGAAGAAGATCCAACTTGGTTTGATTCTGGTTCTCAATTTATTTCTAATTTGCAACAATTGGTTGAAGCTTTGTCTTTGTGTGATGATTTGTTG,0.08286047195804157,0.20841969283625503,0.15466071723981087,0.09205517333083477,0.12247686620185402,0.07595035604065935,0.11527318710171304,0.14830353529083137,1597.3404508567903
AAAGATAGAGATAATGAGAATCAAGGTGAAGAAGATCCAACTTGGTTTGATTCTGGTTCTCAATTTCAAAATTCTTTGCAAATCTTGGTTGAAGCTTTGTCTTTGTGTGATGATTTGTTG,0.026440580716852607,0.06460605323647832,0.05640213628349339,0.2517821844713646,0.2828798060364137,0.2458180162141176,0.06305725970475981,0.009013963336520096,935.0085472965204
AAAGATAGAGATAATGAGAATCAAGGTGAAGAAGATCCAACTTGGTTTGATTCTGGTTCTCAATTTCAAATTCAATCTAATTTGTTGGTTGAAGCTTTGTCTTTGTGTGATGATTTGTTG,0.11182409027373899,0.09205270145966592,0.06324905645321113,0.1072919383303048,0.09015723871681991,0.06988538522144126,0.17442312217368916,0.2911164673711289,2578.9180497642237
AAAGATAGAGATAATGAGAATCAAGGTGAAGAAGATCCAACTTGGTTTGATTCTGGTTCTCAATTTCAACAAATCTTAAATTCTTTGGTTGAAGCTTTGTCTTTGTGTGATGATTTGTTG,0.14898321917913457,0.1025601023755584,0.10732917634082247,0.20036062910095048,0.16998939879306854,0.122184210235381,0.10181257650033097,0.04678068747475361,1038.21250027808
AAAGATAGAGATAATGAGAATCAAGGTGAAGAAGATCCAACTTGGTTTGATTCTGGTTCTCAATTTCAACAAATTTCTAATTTGTTGGTTGAAGCTTTGTCTTTGTGTGATGATTTGTTG,0.01939533085962873,0.03717132252984015,0.15537115074280186,0.2679650908287344,0.2770950557285526,0.22686770283873187,0.015934151944568216,0.00020019452714211176,759.5435798779743
AAAGATAGAGATAATGAGAATCAAGGTGAAGAAGATCCAACTTGGTTTGATTCTGGTTCTCAATTTCAACAATCTATCTTGAATTTGGTTGAAGCTTTGTCTTTGTGTGATGATTTGTTG,0.0897010318508364,0.17147561929570168,0.15626684097991575,0.14948220496194198,0.1502663592433213,0.10688658523036182,0.13310888962665382,0.0428124688112672,1057.2374049568166
AAAGATAGAGATAATGAGAATCAAGGTGAAGAAGATCCAACTTGGTTTGATTCTGGTTCTCAATTTCAAGAATCTGCTATTGTCTTGAATCAATTGTTGTCTTTGTGTGATGATTTGTTG,0.12511003816805324,0.08991154513654409,0.11120017714994765,0.13899300808737158,0.1761203421460773,0.11467653657507254,0.11603307340844266,0.1279552793284909,1550.7736016723848
AAAGATAGAGATAATGAGAATCAAGGTGAAGAAGATCCAACTTGGTTTGATTCTGGTTCTCAATTTCAAGAATTGTTGTCTCAAGCTAATATTGTCTTGTCTTTGTGTGATGATTTGTTG,0.19817717100919277,0.21472847913346316,0.13278519951201967,0.13548807008933603,0.04506578400716742,0.08383858389113498,0.09896871953563724,0.0909479928220486,1173.2273436368055
AAAGATAGAGATAATGAGAATCAAGGTGAAGAAGATCCAACTTGGTTTGATTCTGGTTCTCAATTTCAATTGAATATCTTGTCTGTTCAAGAAGCTTTGTCTTTGTGTGATGATTTGTTG,0.07833764928188522,0.03546781130621892,0.05361355224578598,0.11749113554343213,0.13509024456129418,0.16156060279334003,0.1707371535149414,0.24770185075310205,2436.7275314734397
AAAGATAGAGATAATGAGAATCAAGGTGAAGAAGATCCAACTTGGTTTGATTCTGGTTCTCAATTTCAATTGCAATCTATTGTCTTGAATGAAGCTTTGTCTTTGTGTGATGATTTGTTG,0.08329837861794172,0.15714087255712827,0.116608559040864,0.1735156364515179,0.1436448303237396,0.10498364751848312,0.09656865890326222,0.1242394165870632,1466.5714541905172
AAAGATAGAGATAATGAGAATCAAGGTGAAGAAGATCCAACTTGGTTTGATTCTGGTTCTCAATTTCAGAATATCTTGCAATCTTTGGTTGAAGCTTTGTCTTTGTGTGATGATTTGTTG,0.05914361720441084,0.0637562031673659,0.042054375854861194,0.042239926469655895,0.03330314417714654,0.06970031858985246,0.3369519212503032,0.352850493286404,3295.4315112957934
AAAGATAGAGATAATGAGAATCAAGGTGAAGAAGATCCAACTTGGTTTGATTCTGGTTCTCAATTTGTTAATGCTCAATTGGAACAATCTTTGATCTTGTCTTTGTGTGATGATTTGTTG,0.0014422889455613483,0.0003614316145490525,0.0008326374460173473,0.004374550762854939,0.00984301741925038,0.062280915417582655,0.39827207538049203,0.5225930830136923,4449.71954274299
AAAGATAGAGATAATGAGAATCAAGGTGAAGAAGATCCAACTTGGTTTGATTCTGGTTCTCAATTTGTTGAATCTCAGAATGCTCAATTGTTGATCTTGTCTTTGTGTGATGATTTGTTG,0.12047302623285489,0.14324907527916356,0.05451279929852807,0.06083702051658513,0.12950716145241853,0.1706587135203992,0.20314997321633532,0.11761223048371525,1706.4688324391022
AAAGATAGAGATAATGAGAATCAAGGTGAAGAAGATCCAACTTGGTTTGATTCTGGTTCTCCATTTATCTTAAATTCTCCACAATTGGTTGAAGCTTTGTCTTTGTGTGATGATTTGTTG,0.10994397115990404,0.14748963348055652,0.13680840440939676,0.14928713817747427,0.1324149433913146,0.11197248628791392,0.12462673987309032,0.08745668322034958,1302.8752448746554
AAAGATAGAGATAATGAGAATCAAGGTGAAGAAGATCCAACTTGGTTTGATTCTGGTTCTGAATTTATCTTAAATTCTGAACAATTGGTTGAAGCTTTGTCTTTGTGTGATGATTTGTTG,0.10675382831965881,0.19844586553944293,0.2549970613169972,0.24641590143987122,0.10244423423120348,0.07311032556833963,0.012947587264902449,0.004885196319584278,509.8751857917556
AAAGATAGAGATAATGAGAATCAAGGTGAAGAAGATCCAACTTGGTTTGATTCTGGTTCTGCTGCTGCTGCTAATTCTCAACAAGCTGCTGCTGCTTTGTCTTTGTGTGATGATTTGTTG,0.17179708040077624,0.1689027721880414,0.160087296463725,0.10719575143525518,0.04792683583855748,0.03163783465818189,0.11495249189997164,0.1974999371154912,1803.6859641521849
AAAGATAGAGATAATGAGAATCAAGGTGAAGAAGATCCAACTTGGTTTGATTCTGGTTCTGCTGCTGCTGCTAATTCTCAACAATTGGTTGAAGCTGCTGCTGCTGCTGATGATTTGTTG,0.1791236000632737,0.1235797598051801,0.15284011815851448,0.1250858670037112,0.12103512149727329,0.06567426363190057,0.10442322090962082,0.12823804893052573,1435.8242170812123
AAAGATAGAGATAATGAGAATCAAGGTGAAGAAGATCCAACTTGGTTTGATTCTGGTTCTGCTGCTGCTGCTAATTCTCAACAATTGGTTGAAGCTTTGTCTTTGTGTGATGATTTGTTG,0.18473663942707658,0.1292994048517655,0.15991402108665584,0.15615793205561998,0.11476477489428415,0.1177952008840678,0.05586966991933777,0.08146235688119248,1098.3718369172661
AAAGATAGAGATAATGAGAATCAAGGTGAAGAAGATCCAACTTGGTTTGATTCTGGTTCTGCTGCTGCTGCTAATTCTCAACAATTGGTTGAAGCTTTGTCTTTGTGTGCTGCTGCTGCT,0.0580490330622516,0.07038491347991348,0.10742360798363713,0.18354990293779416,0.22587413775199863,0.1446167707637527,0.09110956174816008,0.11899207227249227,1514.4923943881406
AAAGATAGAGATAATGAGAATCAAGGTGAAGAAGATCCAACTTGGTTTGATTCTGGTTCTGCTGCTGCTGCTGCTGCTGCTGCTTTGGTTGAAGCTTTGTCTTTGTGTGATGATTTGTTG,0.1296744530175517,0.1383280786587644,0.14191900273490166,0.1440639181388758,0.14933564104618655,0.1231564594355224,0.0840415328659697,0.08948091410222765,1238.8099794073673
AAAGATAGAGATAATGAGAATCAAGGTGAAGAAGATCCAACTTGGTTTGATTCTGGTTCTGGATTTATCTTAAATTCTGGTCAATTGGTTGAAGCTTTGTCTTTGTGTGATGATTTGTTG,0.09690609057976188,0.1028176604935029,0.1381243641009119,0.18008477962982292,0.18924755871153562,0.19218423388930045,0.0669980063733796,0.033637306221784694,967.7027765970545
AAAGATAGAGATAATGAGAATCAAGGTGAAGAAGATCCAACTTGGTTTGATTCTGGTTCTGTCTTGCAACAATCTAATTTGATCTTTCAAGAAGCTTTGTCTTTGTGTGATGATTTGTTG,0.25514166907934094,0.24145431107518267,0.1744593940872835,0.1599689416702527,0.05103043653098647,0.033574567908000556,0.042171802378253125,0.04219887727069996,692.4493176288549
AAAGATAGAGATAATGAGAATCAAGGTGAAGAAGATCCAACTTGGTTTGATTCTGGTTCTTCATTTATCTTAAATTCTTCTCAATTGGTTGAAGCTTTGTCTTTGTGTGATGATTTGTTG,0.009565471763378118,0.004187507312044931,0.03586901366949607,0.14691928702044316,0.32243855566098134,0.3546372704644412,0.10086731962317205,0.025515574486043267,1242.8118128433434
AAAGATAGAGATAATGAGAATCAAGGTGAAGAAGATCCAACTTGGTTTGATTCTGGTTCTTCTATTGTCTTTCAATTGTTGCAGAATCAAGAAGCTTTGTCTTTGTGTGATGATTTGTTG,0.3554776454409345,0.27770238007401216,0.23849340836409227,0.08412252686622194,0.04107843867506704,0.0020896281316116704,0.0004530743259627628,0.0005828981220975515,276.894672155257
AAAGATAGAGATAATGAGAATCAAGGTGAAGAAGATCCAACTTGGTTTGATTCTGGTTCTTCTCAAATTCAGAATCAATTCTTGTTGGTTGAAGCTTTGTCTTTGTGTGATGATTTGTTG,0.24545436468598775,0.0,0.12217211961235282,0.2181531777653426,0.19349785277612025,0.04499695922339092,0.0,0.17572552593680568,1510.2606482117517
AAAGATAGAGATAATGAGAATCAAGGTGAAGAAGATCCAACTTGGTTTGATTCTGGTTCTTCTCAACAAATTCAATTGTTTAATTTGGTTGAAGCTTTGTCTTTGTGTGATGATTTGTTG,0.10295011050445267,0.11048590590202054,0.16226711591525844,0.1524987736285957,0.2502376690920871,0.10694657751113829,0.05728853369954809,0.05732531374689915,1021.5516606419101
AAAGATAGAGATAATGAGAATCAAGGTGAAGAAGATCCAACTTGGTTTGATTCTGGTTCTTCTCAACAATTGGTTAATTTGATTCAATTTGAAGCTTTGTCTTTGTGTGATGATTTGTTG,0.03875083939379763,0.03851072867615043,0.21423223643302117,0.29933532067169455,0.21134409760781772,0.14997813073385644,0.021710327982455323,0.026138318501206823,821.2821462988434
AAAGATAGAGATAATGAGAATCAAGGTGAAGAAGATCCAACTTGGTTTGATTCTGGTTCTTCTTTGCAGAATATTCAACAATTCTTGGTTGAAGCTTTGTCTTTGTGTGATGATTTGTTG,0.00047123641457788487,0.013421302024328213,0.0004961688942218978,0.06475634564975631,0.32094378939190793,0.39861217643372704,0.18218150305021702,0.019117478141263786,1421.1948496230145
AAAGATAGAGATAATGAGAATCAAGGTGAAGAAGATCCAACTTGGTTTGATTCTGGTTCTTTGAATTTGTTCTCTATTCAACAACAAGTTGAAGCTTTGTCTTTGTGTGATGATTTGTTG,0.2151628184201344,0.18824381870206758,0.06984446531954171,0.19746666290378906,0.09218383942335673,0.0771728091794159,0.10411427364991165,0.05581131240178304,995.9775540769818
AAAGATAGAGATAATGAGAATCAAGGTGAAGAAGATCCAACTTGGTTTGATTCTGGTTCTTTGATCTTTCAAAATTCTCAACAATTGGTTGAAGCTTTGTCTTTGTGTGATGATTTGTTG,0.003501519044802691,0.0002248698498016122,0.00018540864873097746,0.037797123071685944,0.11866017054604278,0.4668131703088815,0.3429197900850468,0.02989794844500758,1826.6047074516966
AAAGATAGAGATAATGAGAATCAAGGTGAAGAAGATCCAACTTGGTTTGATTCTGGTTCTTTGATTCAATCATTTAATCAACAATTGGTTGAAGCTTTGTCTTTGTGTGATGATTTGTTG,0.0016815711901733603,0.0009869232774061781,0.0009590429557797929,0.0009340842727635697,0.049503804394933834,0.17526288790815206,0.5132610144732556,0.2574106715275356,3245.4537358650286
AAAGATAGAGATAATGAGAATCAAGGTGAAGAAGATCCAACTTGGTTTGATTCTGGTTCTTTGCAAAATTCTATCTTTCAACAATTGGTTGAAGCTTTGTCTTTGTGTGATGATTTGTTG,0.16940710623374972,0.1900809510954232,0.2040011159256849,0.16045173442293498,0.10231491199945633,0.10805161162854639,0.047062488338781,0.01863008035542359,682.0013405838856
AAAGATAGAGATAATGAGAATCAAGGTGAAGAAGATCCAACTTGGTTTGATTCTGGTTCTTTGCAAATCTTTAATTCTCAACAATTGGTTGAAGCTTTGTCTTTGTGTGATGATTTGTTG,0.16664664516228503,0.16766712414818707,0.09425735583276999,0.1683079721291694,0.0895716437753525,0.13886292258394975,0.08430333966013819,0.09038299670814813,1228.5550423828065
AAAGATAGAGATAATGAGAATCAAGGTGAAGAAGATCCAACTTGGTTTGATTCTGGTTCTTTGCAATCTAATCAATTGATCTTTGTTCAAGAAGCTTTGTCTTTGTGTGATGATTTGTTG,0.002044258167385014,0.0007310926258252689,0.0006967457115752177,0.0013718576952678836,0.0033524657836549645,0.0314748346414842,0.3842932361454429,0.5760355092293646,4704.843948901264
AAAGATAGAGATAATGAGAATCAAGGTGAAGAAGATCCAACTTGGTTTGATTCTGGTTCTTTGTCTCAGAATATCTTTCAACAATTGGTTGAAGCTTTGTCTTTGTGTGATGATTTGTTG,0.07922742836987813,0.10828879635527691,0.18787215709512628,0.23416371522156898,0.18265719284534304,0.14935115971637222,0.038819269655284816,0.019620280741149677,783.3210428478121
AAAGATAGAGATAATGAGAATCAAGGTGAAGAAGATCCAACTTGGTTTGATTCTGGTTCTTTGTTCTCTAATATTCAACAACAATTGGTTGAAGCTTTGTCTTTGTGTGATGATTTGTTG,0.12010270265200537,0.08860022484273929,0.09940629968697416,0.15215819995694901,0.22707820627960537,0.2288966860183588,0.06882008600638041,0.014937594556987599,906.6968629798403
AAAGATAGAGATAATGAGAATCAAGGTGAAGAAGATCCAACTTGGTTTGATTCTGGTTTGATCTTCTCTCAAAATTCTCAACAATTGGTTGAAGCTTTGTCTTTGTGTGATGATTTGTTG,0.00922442780821827,0.024130377966066822,0.024104608894041108,0.024595263262124693,0.02726943218541894,0.027056513090016752,0.4277589251408209,0.43586045165329246,3964.5059920931476
AAAGATAGAGATAATGAGAATCAAGGTGAAGAAGATCCAACTTGGTTTGATTCTGGTTTGTCATTTCAAATTAATTCTCAACAATTGGTTGAAGCTTTGTCTTTGTGTGATGATTTGTTG,0.17267536691717356,0.21234004420581307,0.1193711122913051,0.21315163854371513,0.09453078977901776,0.017586130417531296,0.1245591274253737,0.04578579042007036,929.2601763767078
AAAGATAGAGATAATGAGAATCAAGGTGAAGAAGATCCAACTTGGTTTGATTCTTCATTTAATATCTTGGGTCAATCTCAACAATTGGTTGAAGCTTTGTCTTTGTGTGATGATTTGTTG,0.004779831584962934,0.014593135304758073,0.029270797149551785,0.13860124787469488,0.30446420226734117,0.3479486230714434,0.13598593856279087,0.024356224184456845,1298.9636777828632
AAAGATAGAGATAATGAGAATCAAGGTGAAGAAGATCCAACTTGGTTTGATTCTTCATTTCAAGGTATCTTAAATTCTCAACAATTGGTTGAAGCTTTGTCTTTGTGTGATGATTTGTTG,0.28065740355120095,0.31473823773645637,0.15983717894456026,0.14071911207184307,0.012947641282288999,0.058869298872531096,0.025834541292317357,0.006396586248801791,434.4137037338734
AAAGATAGAGATAATGAGAATCAAGGTGAAGAAGATCCAACTTGGTTTGATTCTTCTCAAGGATTTATCTTAAATTCTCAACAATTGGTTGAAGCTTTGTCTTTGTGTGATGATTTGTTG,0.02796651379960243,0.04823617681760373,0.047228619982909316,0.10430591854246055,0.22046706632329563,0.32042821958753,0.157477626825442,0.07388985812115638,1567.5738885828707
AAAGATAGAGATAATGAGAATCAAGGTGAAGAAGATCCAACTTGGTTTGATTCTTCTCAATTTGGTATCTTAAATTCTCAACAATTGGTTGAAGCTTTGTCTTTGTGTGATGATTTGTTG,0.0026157209583510753,0.0019299416489188851,0.000867963580399239,0.0013561227153813062,0.16049534226034176,0.38393311069825703,0.44588879447323404,0.002913003665116606,1824.2724628075712
AAAGATAGAGATAATGAGAATCAAGGTGAAGAAGATCCAACTTGGTTTGATTCTTCTGGTCAATTTATCTTAAATTCTCAACAATTGGTTGAAGCTTTGTCTTTGTGTGATGATTTGTTG,0.14994082462178937,0.12068720294854281,0.2798675282863154,0.14992125251500946,0.14775265681725594,0.09620559866681803,0.05562493614426889,0.0,605.6026770787812
AAAGATAGAGATAATGAGAATCAAGGTGAAGAAGATCCAACTTGGTTTGATTCTTCTTCTATTCAGAACTTCTTGCAACAAGGTTTGGTTGAAGCTTTGTCTTTGTGTGATGATTTGTTG,0.0035149729606762364,0.003690258034044916,0.0026623401787476825,0.005263282050648583,0.008433300651275288,0.13994005883920682,0.5471055196067321,0.2893902676786684,3459.9850970519683
AAAGATAGAGATAATGAGAATCAAGGTGAAGAAGATCCAACTTGGTTTGATTCTTCTTTGCAAGGATTTATTAATTCTCAACAATTGGTTGAAGCTTTGTCTTTGTGTGATGATTTGTTG,0.0008357297086499606,0.0025080448043853067,0.0003765290600836191,0.006323182844972623,0.05693739898020851,0.2393725312179845,0.5231095987180042,0.1705369846657114,2814.5863971760787
AAAGATAGAGATAATGAGAATCAAGGTGAAGAAGATCCAACTTGGTTTGATTCTTTGTCTATTGGATTTAATTCTCAACAACAATTGGTTGAAGCTTTGTCTTTGTGTGATGATTTGTTG,0.18352842610260822,0.15206658560742858,0.1746381529137469,0.14392507429966597,0.08510592762664233,0.08905931280705506,0.12015042296970056,0.05152609767315237,1016.6563722539213
AAAGATAGAGATAATGAGAATCAAGGTGAAGAAGATCCAACTTGGTTTGATTCTTTGTCTCAACAAGGTATTAATCAATCATTCTTGGTTGAAGCTTTGTCTTTGTGTGATGATTTGTTG,0.26775560279831584,0.13469761678082115,0.23798626313317378,0.06374301239726321,0.13192405000755197,0.07012178039905498,0.07095126811095964,0.022820406372859307,707.5711627966127
AAAGATAGAGATAATGAGAATCAAGGTGAAGAAGATCCAACTTGGTTTGATTCTTTGTTCTCTATTGGTCAAAATTCTCAACAATTGGTTGAAGCTTTGTCTTTGTGTGATGATTTGTTG,0.05691928771691765,0.0801749748941609,0.1558201061062245,0.15176495444443333,0.10095954060517315,0.10434505296734738,0.2006008146871413,0.1494152685786019,1842.6520429547263
AAAGATAGAGATAATGAGAATCAAGGTGAAGAAGATCCAACTTGGTTTGATTTGATTCAATCTTCTGGATTTAATTCTCAACAATTGGTTGAAGCTTTGTCTTTGTGTGATGATTTGTTG,0.016604442266161645,0.001928720295976349,0.0011926946548385896,0.000970893266179189,0.01644546312695922,0.050930510980230534,0.4833537340871216,0.42857354132253267,4063.2708559640364
AAAGATAGAGATAATGAGAATCAAGGTGAAGAAGATCCAACTTGGTTTGCTGCTGCTGCTCAATTTATCTTAAATTCTCAACAAGCTGCTGCTGCTTTGTCTTTGTGTGATGATTTGTTG,0.21711653343279588,0.11085322970850006,0.12903556568399005,0.1260047553173587,0.1277301695899752,0.08910903894039836,0.08415225614434528,0.11599845118263656,1337.7304411924754
AAAGATAGAGATAATGAGAATCAAGGTGAAGAAGATCCAACTTGGTTTGCTGCTGCTGCTCAATTTATCTTAAATTCTCAACAATTGGTTGAAGCTGCTGCTGCTGCTGATGATTTGTTG,0.32303218620703333,0.24688283101460676,0.15460153686822234,0.10352244234063682,0.04285050030310915,0.045552776344756726,0.05761453911399425,0.02594318780764056,616.4920839367028
AAAGATAGAGATAATGAGAATCAAGGTGAAGAAGATCCAACTTGGTTTGCTGCTGCTGCTCAATTTATCTTAAATTCTCAACAATTGGTTGAAGCTTTGTCTTTGTGTGATGATTTGTTG,0.06371709433616404,0.1282145458856338,0.12197868979947468,0.28315012090314257,0.17387234642387833,0.125792008975909,0.06818573220765435,0.035089461468143165,923.1323633711148
AAAGATAGAGATAATGAGAATCAAGGTGAAGAAGATCCAACTTGGTTTGCTGCTGCTGCTCAATTTATCTTAAATTCTCAACAATTGGTTGAAGCTTTGTCTTTGTGTGCTGCTGCTGCT,0.006694583132697185,0.004330014522316681,0.006545299844214878,0.009562441819978456,0.010366534276805632,0.017970566646330934,0.31975725508240394,0.6247733046752524,4841.839762725214
AAAGATAGAGATAATGAGAATCAAGGTGAAGAAGATCCAACTTGGTTTGCTGCTGCTGCTCAATTTATCTTGGCTGCTGCTGCTTTGGTTGAAGCTTTGTCTTTGTGTGATGATTTGTTG,0.24777940815341937,0.2840284526323447,0.2636326113668929,0.1429056701127163,0.04394666837274001,0.011090519617152276,0.0050772587840429255,0.0015394109606914647,331.9527435515453
AAAGATAGAGATAATGAGAATCAAGGTGAAGAAGATCCAACTTGGTTTGCTGCTGCTGCTGCTGCTGCTGCTAATTCTCAACAATTGGTTGAAGCTTTGTCTTTGTGTGATGATTTGTTG,0.02140807232898013,0.12346558229593478,0.11155107031789029,0.19812623281431502,0.2111448811868117,0.1988555945009604,0.08048316240978994,0.05496540414531773,1158.1201861069396
AAAGATAGAGATAATGAGAATCAAGGTGAAGAAGATCCAACTTGGTTTGCTTCTGGTTCTCAATTTATCTTAAATTCTCAACAATTGGTTGAAGCTTTGTCTTTGTGTGATGATTTGTTG,0.00058399935376714,0.000881363306670663,0.02507106713367282,0.07638413160825416,0.29198804151948715,0.4938114467447615,0.06649539043444451,0.04478455989894213,1402.6792386599955
AAAGATAGAGATAATGAGAATCAAGGTGAAGAAGATCCAACTTGGTTTGCTTCTGGTTCTCAATTTATCTTAAATTCTCAACAATTGGTTGAAGCTTTGTCTTTGTGTGATGCTTTGTTG,0.0002770448608032667,0.00048779740687215895,0.0003447398248076108,0.04701453171901414,0.16038855446736897,0.5185471451401783,0.25765134158190717,0.015288844999048342,1619.7614735145364
AAAGATAGAGATAATGAGAATCAAGGTGAAGAAGATCCAACTTGGTTTGCTTCTGGTTCTCAATTTATCTTAAATTCTCAACAATTGGTTGAAGCTTTGTCTTTGTGTGCTGATTTGTTG,0.16594337817756008,0.14938486109093616,0.19562312365146248,0.14554536598433726,0.09467044424706904,0.09606606096412197,0.12150306240514881,0.031263703479364094,912.8592836547958
AAAGATAGAGATAATGAGAATCAAGGTGAAGAAGATCCAACTTGGTTTGCTTCTGGTTCTCAATTTATCTTAAATTCTCAACAATTGGTTGCTGCTTTGTCTTTGTGTGATGATTTGTTG,0.0926978850248599,0.14918469169777046,0.2376497726382265,0.25862449028120255,0.20284707205981728,0.036401526402379446,0.021284898652318588,0.0013096632434251739,523.0253631716023
AAAGATAGAGATAATGAGAATCAAGGTGAAGAAGATCCAACTTGGTTTGCTTCTGGTTCTCAATTTATCTTAAATTCTCAACAATTGGTTGCTGCTTTGTCTTTGTGTGCTGCTTTGTTG,0.304418850730751,0.18679896820264102,0.10406663613493544,0.06503827227911681,0.07252174316628152,0.08738913109132108,0.11789717136403807,0.06186922703091502,1028.9438416589026
AAAGATAGAGATAATGAGAATCAAGGTGAAGAAGATCCAACTTGGTTTGGATTTATTTCTTCTCAATTGGATTCTAATCAACAATTGGTTGAAGCTTTGTCTTTGTGTGATGATTTGTTG,0.2566439880772556,0.31103239794287196,0.07983851715490513,0.11016106798251711,0.07472005364799975,0.0748494935175915,0.06491563414774915,0.027838847529109815,696.1293938279288
AAAGATAGAGATAATGAGAATCAAGGTGAAGAAGATCCAACTTGGTTTGGTATCTTCTCTCAATTGTCTGATAATTCTCAACAATTGGTTGAAGCTTTGTCTTTGTGTGATGATTTGTTG,0.12258407940962374,0.16444631526344647,0.07626853993491882,0.1588845458655996,0.06039757171522629,0.18726871522833158,0.13263877390365805,0.09751145867919546,1424.8402626871716
AAAGATAGAGATAATGAGAATCAAGGTGAAGAAGATCCAACTTGGTTTGGTGATTCTTCTCAATTTATCTTAAATTCTCAACAATTGGTTGAAGCTTTGTCTTTGTGTGATGATTTGTTG,0.08275553061191859,0.08326229316855091,0.06865104094765506,0.061292391370262114,0.10873044567259546,0.050569444157415405,0.28142203372746016,0.2633168203441424,2640.8456765577357
AAAGATAGAGATAATGAGAATCAAGGTGAAGAAGATCCAACTTGGTTTGGTTCATTCTCTCAAATCTTGGATAATTCTCAACAATTGGTTGAAGCTTTGTCTTTGTGTGATGATTTGTTG,0.006129563358063476,0.02443777525689627,0.0834099866527353,0.17718191616203557,0.341649506408148,0.2827655863879893,0.07302168758458571,0.011403978189546301,1032.4538204506125
AAAGATAGAGATAATGAGAATCAAGGTGAAGAAGATCCAACTTGGTTTGGTTCTGATTCTCAATTTATCTTAAATTCTCAACAATTGGTTGAAGCTTTGTCTTTGTGTGATGATTTGTTG,0.005231430876959325,0.014406507593108008,0.03548680184877443,0.1339977364434386,0.2828419903919032,0.33649533355052097,0.16791445471571761,0.023625744579577935,1344.5333137442722
AAAGATAGAGATAATGAGAATCAAGGTGAAGAAGATCCAACTTGGTTTGGTTCTTCTGATCAATTTATCTTAAATTCTCAACAATTGGTTGAAGCTTTGTCTTTGTGTGATGATTTGTTG,0.07421211935623157,0.08533321759794954,0.06596114060808633,0.18845062167490698,0.16715223230735146,0.21378729222717674,0.16715345390059927,0.037949922327698046,1239.7391374228841
AAAGATAGAGATAATGAGAATCAAGGTGAAGAAGATCCAACTTGGTTTGGTTTGGATTCTATTTCATTTCAAAATTCTCAACAATTGGTTGAAGCTTTGTCTTTGTGTGATGATTTGTTG,0.0012868282673773697,0.001706660942530591,0.001091768422122184,0.0011047083339564587,0.07314336518980019,0.2614231359067931,0.5261017306366822,0.13414180230073783,2631.2228368436618
AAAGATAGAGATAATGAGAATCAAGGTGAAGAAGATCCAACTTTGCAATTTGGTTCTATTTGGGACTTCTCTAATTCTCAACAATTGGTTGAAGCTTTGTCTTTGTGTGATGATTTGTTG,0.20346798384683076,0.25589242791690986,0.1411991538507409,0.15214636464238276,0.07711487121785052,0.07890378384081748,0.03991857801099481,0.05135683667347301,807.9867112665045
AAAGATAGAGATAATGAGAATCAAGGTGAAGAAGATCCAACTTTGGATATTTCTTCTCAATGGGGTTTTTTTAATTCTCAACAATTGGTTGAAGCTTTGTCTTTGTGTGATGATTTGTTG,0.2796966457722555,0.29897872289070015,0.2351739554654017,0.13001473542339226,0.02495262256739444,0.011661159228205377,0.009019142951326723,0.01050301570132389,377.74770971911676
AAAGATAGAGATAATGAGAATCAAGGTGAAGAAGATCCAACTTTGTGGTTCTTTGGTCAATCTATTGATTCTAATTCTCAACAATTGGTTGAAGCTTTGTCTTTGTGTGATGATTTGTTG,0.02194562675724269,0.02592001550338274,0.01068572566266224,0.013780478642506368,0.017864429742039552,0.013118791298723839,0.3114959864087045,0.5851889459847379,4578.7406067671545
AAAGATAGAGATAATGAGAATCAAGGTGAAGAAGATCCAACTTTGTTGGATTCTGGTTCTCAATTGATCTTAAATTCTCAACAATTGGTTGAAGCTTTGTCTTTGTGTGATGATTTGTTG,0.03237467017545677,0.10593905531547468,0.23799468283538444,0.2910276532465725,0.1603161483105503,0.13901285266544883,0.02166690266218206,0.011668034788930349,693.5300254702563
AAAGATAGAGATAATGAGAATCAAGGTGAAGAAGATCCACAATGGACTGATGGTTCATTCTCATTTATCTTAAATTCTCAACAATTGGTTGAAGCTTTGTCTTTGTGTGATGATTTGTTG,0.00011230852381168227,0.0003954869007577906,0.014743701742052796,0.05864235116458668,0.22122841963617815,0.2682169427060898,0.3928406944205439,0.04382009490597914,1867.6431350732112
AAAGATAGAGATAATGAGAATCAAGGTGAAGAAGATCCAGAATGGTTTGATGAAGGTGAACAATTTATCTTGAATGAACAACAATTGGTTGAAGCTTTGGAATTGTGTGATGATTTGTTG,0.046449041891563736,0.04819389886528873,0.09392289787056808,0.17093596362271496,0.2760574644900125,0.19824190470477238,0.10904391608089861,0.057154912474180974,1262.452223313788
AAAGATAGAGATAATGAGAATCAAGGTGAAGAAGATCCAGAATGGTTTGATGAAGGTGAACAATTTATCTTGAATGAACAACAATTGGTTGAAGCTTTGTCTTTGTGTGATGATTTGTTG,0.004551260733237402,0.0033807995348872537,0.023740229775172945,0.09163082753185733,0.20764987240481336,0.20212173076852427,0.1755960271879668,0.2913292520635407,2797.5367389038306
AAAGATAGAGATAATGAGAATCAAGGTGAAGAAGATCCAGAATGGTTTGATGAAGGTGAACAATTTATCTTGAATGCTCAACAATTGGTTGAAGCTTTGTCTTTGTGTGATGATTTGTTG,0.11255905004699925,0.1779616421306899,0.1700758550645923,0.12504928607306867,0.0950712126517933,0.11791112352957368,0.13421916346963594,0.06715266703364692,1184.6960532498276
AAAGATAGAGATAATGAGAATCAAGGTGAAGAAGATCCAGAATGGTTTGATGAAGGTGCTCAATTTATCTTGAATGAACAACAATTGGTTGAAGCTTTGTCTTTGTGTGATGATTTGTTG,0.19554696025107546,0.18550187556886133,0.2224714889588735,0.18000386086247028,0.05505521067587519,0.06145350847320486,0.04663534280534594,0.053331752404293394,819.5479159759178
AAAGATAGAGATAATGAGAATCAAGGTGAAGAAGATCCAGAATGGTTTGATGAAGGTGCTCAATTTATCTTGAATGCTCAACAATTGGTTGAAGCTTTGTCTTTGTGTGATGATTTGTTG,0.10155505902520921,0.16603753164920276,0.11057347900543095,0.12692725352400913,0.11258213731859652,0.10472165493367724,0.1412805773791195,0.13632230716475466,1615.0878577232254
AAAGATAGAGATAATGAGAATCAAGGTGAAGAAGATCCAGACTTTGGTTCTTCTACTTGGCAATTTATCTTAAATTCTCAACAATTGGTTGAAGCTTTGTCTTTGTGTGATGATTTGTTG,0.04803362946946601,0.12887404976283168,0.19923494171263775,0.16009119844597963,0.12622039641022298,0.16143557522321908,0.11879653540015028,0.05731367357549253,1171.2356691480238
AAAGATAGAGATAATGAGAATCAAGGTGAAGAAGATCCAGATTGGTTTGATGATGGTGATCAATTTATCTTGAATGCTCAACAATTGGTTGAAGCTTTGTCTTTGTGTGATGATTTGTTG,0.2704054698971793,0.19951164010209552,0.16823906072303887,0.1301782315765475,0.0888197653885669,0.041309185648118155,0.058516978969438034,0.043019667695015834,755.7485764515434
AAAGATAGAGATAATGAGAATCAAGGTGAAGAAGATCCAGATTGGTTTGATGATGGTGCTCAATTTATCTTGAATGATCAACAATTGGTTGAAGCTTTGTCTTTGTGTGATGATTTGTTG,0.09552947781752665,0.16019077173185603,0.1518917175201822,0.11792223227646809,0.10982459170426477,0.09242743718056474,0.13289795616617883,0.13931581560295875,1600.5421629980672
AAAGATAGAGATAATGAGAATCAAGGTGAAGAAGATCCAGATTGGTTTGATGATGGTGCTCAATTTATCTTGAATGCTCAACAATTGGTTGAAGCTTTGTCTTTGTGTGATGATTTGTTG,0.1654874389709836,0.14088530874913446,0.22968415879344714,0.17677974095119545,0.15052836091236166,0.07000923700971748,0.05903116118192484,0.007594593431235361,632.5512632785266
AAAGATAGAGATAATGAGAATCAAGGTGAAGAAGATCCAGCTTGGTTTGATGCTGAAGAACAATTTATCTTGAATGCTCAACAATTGGTTGAAGCTTTGTCTTTGTGTGATGATTTGTTG,0.20421805955843025,0.2531736486896536,0.2818416073665167,0.1674669499960166,0.045506906774938106,0.025106955166253147,0.022265239334303643,0.0004206331138879377,393.9388118849937
AAAGATAGAGATAATGAGAATCAAGGTGAAGAAGATCCAGCTTGGTTTGATGCTGAAGAACAATTTATCTTGGAAGAACAACAATTGGTTGAAGCTTTGTCTTTGTGTGATGATTTGTTG,0.0038584892976884803,0.003583492781129203,0.002769979591274729,0.002308196537089683,0.0023398032430355653,0.06828574950932535,0.45929296967080263,0.4575613193696543,4197.606483665644
AAAGATAGAGATAATGAGAATCAAGGTGAAGAAGATCCAGCTTGGTTTGATGCTGATGATCAATTTATCTTGAATGCTCAACAATTGGTTGAAGCTTTGTCTTTGTGTGATGATTTGTTG,0.17865669914296123,0.16477149609248093,0.13431280666931764,0.16953630847865025,0.14304019031384843,0.11940665273172915,0.041423706263121196,0.048852140307891145,883.2714632324216
AAAGATAGAGATAATGAGAATCAAGGTGAAGAAGATCCAGCTTGGTTTGATGCTGATGATCAATTTATCTTGGATGATCAACAATTGGTTGAAGCTTTGTCTTTGTGTGATGATTTGTTG,0.24642190315883847,0.1335012509791464,0.09434900068300177,0.11582423541894088,0.1307523186464524,0.1303105656379884,0.09229642886074564,0.05654429661488608,1032.6818672644167
AAAGATAGAGATAATGAGAATCAAGGTGAAGAAGATCCAGCTTGGTTTGATGCTGGTGAACAATTTATCTTGAATGAACAACAATTGGTTGAAGCTTTGTCTTTGTGTGATGATTTGTTG,0.000315492884182259,0.003967810492715225,0.0006134101424590327,0.0006133783098328399,0.0007577912680450399,0.0010482864946871936,0.3029175577115424,0.689766272696536,5173.5101474516205
AAAGATAGAGATAATGAGAATCAAGGTGAAGAAGATCCAGCTTGGTTTGATGCTGGTGAACAATTTATCTTGAATGCTCAACAATTGGTTGAAGCTTTGTCTTTGTGTGATGATTTGTTG,0.048218283933208594,0.10433408747297143,0.10651897417646275,0.409967250142706,0.17680127108811505,0.09106793297445318,0.058191155505483635,0.004901044706599336,708.4408736682758
AAAGATAGAGATAATGAGAATCAAGGTGAAGAAGATCCAGCTTGGTTTGATGCTGGTGATCAATTTATCTTGAATGATCAACAATTGGTTGAAGCTTTGTCTTTGTGTGATGATTTGTTG,0.019451173102814807,0.029355426737948102,0.05748450168781682,0.0945419713109765,0.22042408317500542,0.26297849195092166,0.2142244597325181,0.1015398923019986,1804.998896167127
AAAGATAGAGATAATGAGAATCAAGGTGAAGAAGATCCAGCTTGGTTTGATGCTGGTGATCAATTTATCTTGAATGCTCAACAATTGGTTGAAGCTTTGTCTTTGTGTGATGATTTGTTG,0.5599162681100597,0.24703147116024196,0.14614597058684867,0.02554704189803474,0.005702774020158182,0.01000132677900729,0.005438575390276384,0.00021657205537304268,234.54846964385527
AAAGATAGAGATAATGAGAATCAAGGTGAAGAAGATCCAGCTTGGTTTGATGCTGGTGCTCAATTTATCTTGAATGAACAACAATTGGTTGAAGCTTTGTCTTTGTGTGATGATTTGTTG,0.0072599020041430404,0.09256870106408158,0.23657353373351625,0.2872560568795104,0.17465278852487248,0.17880676447187302,0.007639572657038561,0.015242680664964656,736.1717269325497
AAAGATAGAGATAATGAGAATCAAGGTGAAGAAGATCCAGCTTGGTTTGATGCTGGTGCTCAATTTATCTTGAATGATCAACAATTGGTTGAAGCTTTGTCTTTGTGTGATGATTTGTTG,0.13693245935960202,0.16173115075630465,0.1926164074693461,0.1851984728201272,0.05280031161667792,0.06002797167301732,0.08282462352233083,0.12786860278259393,1361.9226422755899
AAAGATAGAGATAATGAGAATCAAGGTGAAGAAGATCCAGCTTGGTTTGATGCTGGTGCTCAATTTATCTTGGAAGAACAACAATTGGTTGAAGCTTTGTCTTTGTGTGATGATTTGTTG,0.3167722879721703,0.14192647213479465,0.07698720955138477,0.060486811264736574,0.053650688112324894,0.03629439871444893,0.17214250333447664,0.1417396289156633,1572.9539076237668
AAAGATAGAGATAATGAGAATCAAGGTGAAGAAGATCCAGCTTGGTTTGATGCTGGTGCTCAATTTATCTTGGATGATCAACAATTGGTTGAAGCTTTGTCTTTGTGTGATGATTTGTTG,0.12508132934430496,0.13423709713683898,0.17120897671163499,0.18064944762556223,0.1520156712250678,0.15668863661333743,0.0502694605672901,0.029849380775963535,845.7383371948581
AAAGATAGAGATAATGAGAATCAAGGTGAAGAAGATCCATCTGATTGGTTTACTGGTTCTCAATTTATCTTAAATTCTCAACAATTGGTTGAAGCTTTGTCTTTGTGTGATGATTTGTTG,0.047149363348701484,0.08894641432471033,0.13750816169852947,0.2651805497150877,0.2758638922057126,0.1418069659469048,0.02596385019226964,0.01758080256808388,788.1160578053506
AAAGATAGAGATAATGAGAATCAAGGTGAAGAAGATCCATGGACATTTGATTCTGGTTCTCAATTTATCTTAAATTCTCAACAATTGGTTGAAGCTTTGTCTTTGTGTGATGATTTGTTG,0.044671843906518294,0.07383886623052863,0.12705658548285778,0.17724608250847487,0.15406973208043365,0.15501157340117513,0.15388589904998737,0.11421941734002422,1607.646472735127
AAAGATAGAGATAATGAGAATCAAGGTGAAGAAGATCCATGGACTTCTGACTTTGGTTCTCAATTTATCTTAAATTCTCAACAATTGGTTGAAGCTTTGTCTTTGTGTGATGATTTGTTG,0.003201039938411517,0.002924490881745395,0.008680635714925123,0.06498530030586376,0.20854079292463443,0.3450625320553305,0.293631240436978,0.07297396774211135,1892.9022838215901
AAAGATAGAGATAATGAGAATCAAGGTGAAGAAGATCCATGGTTTACTGATTCTGGTTCTCAATTTATCTTAAATTCTCAACAATTGGTTGAAGCTTTGTCTTTGTGTGATGATTTGTTG,0.0388793677204938,0.03129395983001939,0.038703526577557566,0.04319365856756957,0.03831198001323533,0.0160366672799803,0.3389508179481619,0.4546300220629822,3867.014141588392
AAAGATAGAGATAATGAGAATCAAGGTGAAGAAGATCCATTCTGGACTGATTCTGGTTCTCAATTTATCTTAAATTCTCAACAATTGGTTGAAGCTTTGTCTTTGTGTGATGATTTGTTG,0.45714637740935987,0.20997523977954818,0.08656390687510013,0.06624445001213412,0.06855054230617735,0.03643676853124754,0.027650840991685258,0.0474318740947477,653.246602038013
AAAGATAGAGATAATGAGAATCAAGGTGAAGAAGATCCATTTACTTGGGATTCTGGTTCTCAATTTATCTTAAATTCTCAACAATTGGTTGAAGCTTTGTCTTTGTGTGATGATTTGTTG,0.13031851191036892,0.19819940822192797,0.18478856581839573,0.1818160481126185,0.08660661375999756,0.052780520533129476,0.07870191992602521,0.0867884117175367,1109.8906010333794
AAAGATAGAGATAATGAGAATCAAGGTGAAGAAGATCCATTTGATTCTACTTGGGGTTCTCAATTTATCTTAAATTCTCAACAATTGGTTGAAGCTTTGTCTTTGTGTGATGATTTGTTG,0.00034880203171192535,0.00236625079816255,0.009047623480889277,0.033798608043335225,0.14113917466350845,0.24940734499430556,0.37914659092178576,0.1847456050663014,2626.822610779762
AAAGATAGAGATAATGAGAATCAAGGTGAAGAAGATGAAGAATGGTTTGATGAAGAAGAAGAATTTATCTTGAATGCTCAACAATTGGTTGAAGCTTTGTCTTTGTGTGATGATTTGTTG,0.08696310610619105,0.1166608456163397,0.07214149572948989,0.19322612137780068,0.22851735017786373,0.07971085265494737,0.18819213431843654,0.034588094018931,1151.2778782056178
AAAGATAGAGATAATGAGAATCAAGGTGAAGAAGATGAAGAATGGTTTGATGAAGAAGAAGAATTTATCTTGGAAGAACAACAATTGGTTGAAGCTTTGTCTTTGTGTGATGATTTGTTG,0.2734388796189043,0.21397702087251794,0.1512234375361878,0.03375347988128725,0.17963229179571422,0.08354518453998609,0.028177820328874784,0.03625188542652766,713.8329550731817
AAAGATAGAGATAATGAGAATCAAGGTGAAGAAGATGAAGAATGGTTTGATGAAGAAGCTCAATTTATCTTGAATGCTCAACAATTGGTTGAAGCTTTGTCTTTGTGTGATGATTTGTTG,0.07919689099499792,0.10418977337270449,0.16043063668512889,0.19759533165300674,0.20591926655286782,0.18145666667849378,0.05674842296747362,0.014463011095326793,831.1303263649556
AAAGATAGAGATAATGAGAATCAAGGTGAAGAAGATGAAGAATGGTTTGATGAAGAAGCTCAATTTATCTTGGAAGAACAACAATTGGTTGAAGCTTTGTCTTTGTGTGATGATTTGTTG,0.0024897418638190074,0.00032286512913114624,0.0006915269138619551,0.004334112337923689,0.011594623103478304,0.05380484824014106,0.3783604960603427,0.5484017863513022,4552.0500951669155
AAAGATAGAGATAATGAGAATCAAGGTGAAGAAGATGACTTCTCTCAAGGTACTTGGTTTCCATCTATCTTAAATTCTCAACAATTGGTTGAAGCTTTGTCTTTGTGTGATGATTTGTTG,0.20384576552629133,0.13217171299142322,0.1972870518919178,0.2164005865385123,0.12052256020371421,0.09134699661611927,0.016805011383332673,0.021620314848689245,630.0314163213168
AAAGATAGAGATAATGAGAATCAAGGTGAAGAAGATGATGATTGGTTTGATGATGATGATGACTTTATCTTGAATGCTCAACAATTGGTTGAAGCTTTGTCTTTGTGTGATGATTTGTTG,0.2075089719127609,0.19438107749924668,0.1602701871762817,0.14309095538527827,0.07051057962105022,0.08198441560219756,0.06968155263792782,0.0725722601652567,1007.0263836484014
AAAGATAGAGATAATGAGAATCAAGGTGAAGAAGATGATGATTGGTTTGATGATGATGATGACTTTATCTTGGATGATCAACAATTGGTTGAAGCTTTGTCTTTGTGTGATGATTTGTTG,0.10615292013580942,0.1169746695672634,0.119510925604214,0.11231646958819955,0.039849056372835805,0.10656703884925191,0.18752634164896176,0.21110257823346423,2141.3559703333062
AAAGATAGAGATAATGAGAATCAAGGTGAAGAAGATGATGATTGGTTTGATGATGATGCTCAATTTATCTTGAATGCTCAACAATTGGTTGAAGCTTTGTCTTTGTGTGATGATTTGTTG,0.10148294083802505,0.17470796661499546,0.22695712944079335,0.28242019398040985,0.13792263610735714,0.06148329643368222,0.00731404150686911,0.0077117950778678255,526.6271198382083
AAAGATAGAGATAATGAGAATCAAGGTGAAGAAGATGATGATTGGTTTGATGATGATGCTCAATTTATCTTGGATGATCAACAATTGGTTGAAGCTTTGTCTTTGTGTGATGATTTGTTG,0.006611752015916242,0.006146750456847928,0.056065748537825554,0.14018835473974525,0.34380390038409603,0.3560143605632131,0.07397609398630177,0.017193039316054117,1142.1284348088452
AAAGATAGAGATAATGAGAATCAAGGTGAAGAAGATGATTGGCCATTTACTTCTGGTTCTCAATTTATCTTAAATTCTCAACAATTGGTTGAAGCTTTGTCTTTGTGTGATGATTTGTTG,0.17804180608174558,0.09645572708355697,0.08520988936189347,0.12172209633629574,0.20243486008672879,0.12553390836509962,0.07621132782488957,0.11439038485979025,1388.8874976290533
AAAGATAGAGATAATGAGAATCAAGGTGAAGAAGATGCTGCTGCTGCTGATTCTGGTTCTCAATTTATCTTAAATTCTCAACAAGCTGCTGCTGCTTTGTCTTTGTGTGATGATTTGTTG,0.007139212197153812,0.013600172524366584,0.03327153866206934,0.10911445371990706,0.26151224991623845,0.34027257510787795,0.19680957263170495,0.038280225240681774,1488.5238288114592
AAAGATAGAGATAATGAGAATCAAGGTGAAGAAGATGCTGCTGCTGCTGATTCTGGTTCTCAATTTATCTTAAATTCTCAACAATTGGTTGAAGCTGCTGCTGCTGCTGATGATTTGTTG,0.1404648576158703,0.09541470521160307,0.10186645708337634,0.10342027032490496,0.16334895041685893,0.30486235978185416,0.08483775334701478,0.005784646218517533,926.0544391611036
AAAGATAGAGATAATGAGAATCAAGGTGAAGAAGATGCTGCTGCTGCTGATTCTGGTTCTCAATTTATCTTAAATTCTCAACAATTGGTTGAAGCTTTGTCTTTGTGTGATGATTTGTTG,0.07556154970696324,0.13201931060224706,0.2222403321084474,0.2617748471925882,0.18377131640193883,0.09844567427704178,0.014390640146729305,0.011796329564044182,631.4956115326061
AAAGATAGAGATAATGAGAATCAAGGTGAAGAAGATGCTGCTGCTGCTGATTCTGGTTCTCAATTTATCTTAAATTCTCAACAATTGGTTGAAGCTTTGTCTTTGTGTGCTGCTGCTGCT,0.27595597354240664,0.1448586887865611,0.10450843920375948,0.18661252819330681,0.04729196492170286,0.07698257167466412,0.07789321736665249,0.08589661631094642,1088.9940277199507
AAAGATAGAGATAATGAGAATCAAGGTGAAGAAGATGCTGCTGCTGCTGATTCTGGTTCTCAATTTATCTTGGCTGCTGCTGCTTTGGTTGAAGCTTTGTCTTTGTGTGATGATTTGTTG,0.23798685482719323,0.2744279229569021,0.0730730447400673,0.11588756000540247,0.08413562688485061,0.10482053690226613,0.07094586476684453,0.03872258891647367,818.262005852147
AAAGATAGAGATAATGAGAATCAAGGTGAAGAAGATGCTGCTGCTGCTGATTCTGGTTCTGCTGCTGCTGCTAATTCTCAACAATTGGTTGAAGCTTTGTCTTTGTGTGATGATTTGTTG,0.3720448729016931,0.2896354762744816,0.23413235630390553,0.06962946743286401,0.011281248588079202,0.011307992153579279,0.007009023426984428,0.004959562918412889,307.96468242429137
AAAGATAGAGATAATGAGAATCAAGGTGAAGAAGATGCTGCTGCTGCTGCTGCTGCTGCTCAATTTATCTTAAATTCTCAACAATTGGTTGAAGCTTTGTCTTTGTGTGATGATTTGTTG,0.28238671865225967,0.2486014515741668,0.13177010525558747,0.07843051613627883,0.06956642401430925,0.01617732444974866,0.1309495198576069,0.04211794006004243,864.8591650968974
AAAGATAGAGATAATGAGAATCAAGGTGAAGAAGATGGTCAATTCTGGTCTACTGACTTCTCTCCAATCTTAAATTCTCAACAATTGGTTGAAGCTTTGTCTTTGTGTGATGATTTGTTG,0.020611510183604263,0.021957593319498547,0.022127567377696108,0.03906246874594321,0.0410196797836085,0.04815766273829441,0.2901150353799971,0.5169484824713578,4170.142625572324
AAAGATAGAGATAATGAGAATCAAGGTGAAGAAGATGGTGATTCATTCTGGCAATCTACATTTCCAATCTTAAATTCTCAACAATTGGTTGAAGCTTTGTCTTTGTGTGATGATTTGTTG,0.06479659340652295,0.11205112607559072,0.1788965241718066,0.272200152050852,0.22547377864562404,0.08352127605370302,0.041315642955156676,0.02174490664074414,760.9170332799287
AAAGATAGAGATAATGAGAATCAAGGTGAAGAAGATGGTTCATTTCCATGGGATTCTACTCAATTTATCTTAAATTCTCAACAATTGGTTGAAGCTTTGTCTTTGTGTGATGATTTGTTG,0.0016732252997650463,0.0020795824142112616,0.0033068205178182707,0.03865411343827909,0.14092450547155114,0.4726914614587611,0.2929306784679076,0.047739612931706296,1837.3672539793677
AAAGATAGAGATAATGAGAATCAAGGTGAAGAAGATTCATTTGATACTTCTTGGCCAGGTCAATTTATCTTAAATTCTCAACAATTGGTTGAAGCTTTGTCTTTGTGTGATGATTTGTTG,0.03297361375265913,0.18246542208597513,0.18463771563685238,0.14653026504034775,0.08123102979309287,0.12089516968861995,0.1529065853199022,0.09836019868255054,1429.4935972814283
AAAGATAGAGATAATGAGAATCAAGGTGAAGAAGATTCATTTGGTTGGCCATCTCAAGACTTTACTATCTTAAATTCTCAACAATTGGTTGAAGCTTTGTCTTTGTGTGATGATTTGTTG,0.10055422224136713,0.09779764446797602,0.12512430246367426,0.19363470471087335,0.09578388725620787,0.09524082786591367,0.13988824104412345,0.15197616994986438,1705.7402835545574
AAAGATAGAGATAATGAGAATCAAGGTGAAGAAGATTCTACTTGGGACTTTCCAGGTTCTCAATTTATCTTAAATTCTCAACAATTGGTTGAAGCTTTGTCTTTGTGTGATGATTTGTTG,0.1917404565190112,0.2538350002730247,0.22603412951176485,0.20180571390949648,0.039777322948987476,0.009250017780931829,0.06551606954497952,0.012041289511803863,550.2908149518928
AAAGATAGAGATAATGAGAATCAAGGTGAAGAAGATTCTGACTTCTGGTCTCAACCATTTGGTACTATCTTAAATTCTCAACAATTGGTTGAAGCTTTGTCTTTGTGTGATGATTTGTTG,0.15389254854396062,0.0516116421407179,0.03191594438918643,0.17096940067770564,0.17692116293624696,0.2821174820205433,0.07136367970021683,0.061208139591422316,1224.0165384751033
AAAGATAGAGATAATGAGAATCAAGGTGAAGAAGATTCTGATCCATGGACATTTGGTTCTCAATTTATCTTAAATTCTCAACAATTGGTTGAAGCTTTGTCTTTGTGTGATGATTTGTTG,0.014223254275115711,0.014310351930665653,0.01557481886524464,0.010112993907443421,0.005045647179100047,0.008865235938111022,0.29443050480045024,0.6374371931038694,4846.867698668055
AAAGATAGAGATAATGAGAATCAAGGTGAAGAAGATTCTGATTCATTTCCATGGGGTACTCAATTTATCTTAAATTCTCAACAATTGGTTGAAGCTTTGTCTTTGTGTGATGATTTGTTG,0.014354043247371051,0.008252538173439456,0.015309775381396235,0.050118687430688494,0.10911523042106633,0.19547533277135645,0.3651464461866573,0.24222794638802472,2870.9308199528527
AAAGATAGAGATAATGAGAATCAAGGTGAAGAAGATTCTGGTTGGGATCCATTCTCTACTCAATTTATCTTAAATTCTCAACAATTGGTTGAAGCTTTGTCTTTGTGTGATGATTTGTTG,0.07752062990750522,0.06337121048070314,0.018086724494593476,0.05382674372818309,0.12890699318737667,0.19984451619982543,0.2965725046830845,0.1618706773187286,2228.6695865425245
AAAGATAGAGATAATGAGAATCAAGGTGAAGAAGATTGGACATTTCCAGATTCTGGTTCTCAATTTATCTTAAATTCTCAACAATTGGTTGAAGCTTTGTCTTTGTGTGATGATTTGTTG,0.04681870336847163,0.11670332896440112,0.1680517893177485,0.2296032499201907,0.23276567516278374,0.16272060436524188,0.03444862611605755,0.008888022785104793,749.3867996502291
AAAGATAGAGATAATGAGAATCAAGGTGAAGAAGATTGGGATCCATCTCAAACTGGATTCTTCTCTATCTTAAATTCTCAACAATTGGTTGAAGCTTTGTCTTTGTGTGATGATTTGTTG,0.18347771764592088,0.14504384993043756,0.06523139151436788,0.18927769703398062,0.11622865356382374,0.12012619054864465,0.13370191194072958,0.04691258782209494,1073.0000930777937
AAAGATAGAGATAATGAGAATCAAGGTGAAGAAGATTGGTCTGGATTTCCATCTACTGATCAATTTATCTTAAATTCTCAACAATTGGTTGAAGCTTTGTCTTTGTGTGATGATTTGTTG,0.1257716780894618,0.06092755968823535,0.06955713661455595,0.05692624976057452,0.07344368815011253,0.17505936930721025,0.254894662875189,0.18341965551466058,2205.780285519658
AAAGATAGAGATAATGAGAATCAAGGTGAAGAAGATTGGTCTTCATTTCAAGATACTCCATTTGGTATCTTAAATTCTCAACAATTGGTTGAAGCTTTGTCTTTGTGTGATGATTTGTTG,0.004053901738154931,0.0033710918158580084,0.008200790787381156,0.03443467516851663,0.13509363608817523,0.2435964168998181,0.38251570933754764,0.1887337781645483,2649.0967489218788
AAAGATAGAGATAATGAGAATCAAGGTGAAGAAGATTGGTTTCCATCTGGTGACTTCTCTCAAACTATCTTAAATTCTCAACAATTGGTTGAAGCTTTGTCTTTGTGTGATGATTTGTTG,0.0906665134484364,0.13683257966253995,0.14102570731462882,0.17627298606618028,0.0893433678263045,0.17659900862415448,0.0945995514051675,0.0946602856525881,1334.6549680668568
AAAGATAGAGATAATGAGAATCAAGGTGAAGAAGATTGGTTTGATTCTACTCCAGGTTCTCAATTTATCTTAAATTCTCAACAATTGGTTGAAGCTTTGTCTTTGTGTGATGATTTGTTG,0.01877275448695303,0.047219278763490816,0.09343925130716112,0.20334496041031838,0.2358596170677873,0.18927928948521452,0.13928605131027827,0.07279879716879661,1408.0912115836136
AAAGATAGAGATAATGAGAATCAAGGTGAAGAAGCTCCAACTTGGTTTGATTCTGGTTCTCAATTTATCTTAAATTCTCAACAATTGGTTGAAGCTTTGTCTTTGTGTGATGATTTGTTG,0.14319592860746333,0.1280647151660283,0.11879024260588385,0.19443822298707641,0.047035397576643254,0.04375138713835671,0.19183204304656182,0.13289206287198646,1622.6910349064435
AAAGATAGAGATAATGAGAATCAAGGTGAAGAAGCTCCAACTTGGTTTGATTCTGGTTCTCAATTTATCTTAAATTCTCAACAATTGGTTGAAGCTTTGTCTTTGTGTGATGCTTTGTTG,0.19489111083934094,0.2941268218570163,0.15157005442303,0.13532338282811732,0.1280313060800847,0.06698934172543212,0.0,0.029067982246978683,589.2039596583388
AAAGATAGAGATAATGAGAATCAAGGTGAAGAAGCTCCAACTTGGTTTGATTCTGGTTCTCAATTTATCTTAAATTCTCAACAATTGGTTGAAGCTTTGTCTTTGTGTGCTGATTTGTTG,0.2235536346797659,0.29079949901043345,0.2595553921609064,0.12262150413848866,0.04516430361824881,0.027435711294393945,0.013012619550847565,0.017857335546915275,466.4149349937203
AAAGATAGAGATAATGAGAATCAAGGTGAAGAAGCTCCAACTTGGTTTGATTCTGGTTCTCAATTTATCTTAAATTCTCAACAATTGGTTGCTGCTTTGTCTTTGTGTGATGATTTGTTG,0.02436636845707799,0.06740850302206342,0.16502877650739708,0.3308779652706138,0.24203448367995906,0.13618392327776507,0.02182957309990146,0.012270406685222227,742.1307467200394
AAAGATAGAGATAATGAGAATCAAGGTGAAGAAGCTCCAACTTGGTTTGCTTCTGGTTCTCAATTTATCTTAAATTCTCAACAATTGGTTGAAGCTTTGTCTTTGTGTGATGATTTGTTG,0.003935637956110773,0.011710025981888384,0.05262814113956494,0.16975489942514918,0.29617131611802083,0.3200312468219438,0.12753118062931237,0.01823755192800973,1215.6099102090939
AAAGATAGAGATAATGAGAATCAAGGTGAAGAAGCTCCAACTTGGTTTGCTTCTGGTTCTCAATTTATCTTAAATTCTCAACAATTGGTTGCTGCTTTGTCTTTGTGTGCTGATTTGTTG,0.022100979798244585,0.09541084002080322,0.18924013422932598,0.3203524302288194,0.22227708928539472,0.13987487272988686,0.010510512467900924,0.00023314123962437592,635.209495232024
AAAGATAGAGATAATGAGAATCAAGGTGAAGAAGGTTCTGATACTTGGTCTCCATTTGATCAATTTATCTTAAATTCTCAACAATTGGTTGAAGCTTTGTCTTTGTGTGATGATTTGTTG,0.068034495360388,0.10468993606903007,0.10457813663900357,0.1333835581716592,0.12225238604563153,0.06602906735094397,0.13362028271594126,0.2674121376474023,2364.998404257752
AAAGATAGAGATAATGAGAATCAAGGTGAAGAATCTACATTTGGTGATTCTTGGGATCCACAATTTATCTTAAATTCTCAACAATTGGTTGAAGCTTTGTCTTTGTGTGATGATTTGTTG,0.00931030646138376,0.0062448794285590485,0.0025744995546501913,0.08676992383619431,0.3537254810474569,0.21002819943297943,0.32764369444679003,0.003703015791986261,1479.3633384485486
AAAGATAGAGATAATGAGAATCAAGGTGAAGACTTTGATGAATCTTCTTGGGGTACTCCACAATTTATCTTAAATTCTCAACAATTGGTTGAAGCTTTGTCTTTGTGTGATGATTTGTTG,0.5251409497545584,0.3555587490147256,0.0814044234280032,0.01821477334593147,0.0020795068557819645,0.008481230518238276,0.007377128008351503,0.0017432390744095167,240.06598420204165
AAAGATAGAGATAATGAGAATCAAGGTGAAGATACTCCAGAATGGTTTGATTCTGGTTCTCAATTTATCTTAAATTCTCAACAATTGGTTGAAGCTTTGTCTTTGTGTGATGATTTGTTG,0.11680713863729471,0.16025784538041551,0.0792810345719573,0.11797160761987616,0.11510250868911007,0.029199832917214185,0.21666512920291367,0.16471490298121835,1876.0940325073084
AAAGATAGAGATAATGAGAATCAAGGTGAAGATACTCCATCTTGGGGTTTTGAAGATTCTCAATTTATCTTAAATTCTCAACAATTGGTTGAAGCTTTGTCTTTGTGTGATGATTTGTTG,0.04774810775124593,0.10809112166848037,0.19309938225647968,0.23870937542676937,0.2587821153992699,0.12035697685841028,0.03321292063934448,0.0,662.871071707022
AAAGATAGAGATAATGAGAATCAAGGTGAAGATCCAACTGAATGGTTTGATTCTGGTTCTCAATTTATCTTAAATTCTCAACAATTGGTTGAAGCTTTGTCTTTGTGTGATGATTTGTTG,0.10093252613537666,0.1686123128553943,0.24408093382766113,0.2369594828779097,0.11634892277840497,0.07855072513142573,0.0317919683578667,0.022723128035960778,674.2251463529797
AAAGATAGAGATAATGAGAATCAAGGTGAAGATCCAGAAACTTGGTTTGATTCTGGTTCTCAATTTATCTTAAATTCTCAACAATTGGTTGAAGCTTTGTCTTTGTGTGATGATTTGTTG,0.27502569239436997,0.29208261136701,0.03802525327836686,0.08487339280361683,0.06022490961094996,0.112040015457195,0.028341341059156273,0.10938678402933501,1131.3471905843726
AAAGATAGAGATAATGAGAATCAAGGTGAAGATGAACCAACTTGGTTTGATTCTGGTTCTCAATTTATCTTAAATTCTCAACAATTGGTTGAAGCTTTGTCTTTGTGTGATGATTTGTTG,0.021753453675328712,0.06728122431613216,0.0792014080576637,0.20945035847192225,0.2675529586963381,0.2769351820384119,0.06725066786956682,0.010574746874636358,973.3999248572791
AAAGATAGAGATAATGAGAATCAAGGTGAAGATGAATTTCCATGGACTGATTCTGGTTCTCAATTTATCTTAAATTCTCAACAATTGGTTGAAGCTTTGTCTTTGTGTGATGATTTGTTG,0.008089139027028208,0.0034730970423673103,0.00988133913437465,0.029659596677269893,0.1801524698389662,0.3833294421841214,0.34150383893338,0.04391107716249253,1846.580790517052
AAAGATAGAGATAATGAGAATCAAGGTGAAGATTGGACTCCATTTGAATCTGATGGTTCTCAATTTATCTTAAATTCTCAACAATTGGTTGAAGCTTTGTCTTTGTGTGATGATTTGTTG,0.16132133054543693,0.13912217090053275,0.11470836903188504,0.051206435846381036,0.045419165955266655,0.04224800077371767,0.17099105088258545,0.2749834760641945,2403.3763544908
AAAGATAGAGATAATGAGAATCAAGGTGAAGCTGATCCAACTTGGTTTGATTCTGGTTCTCAATTTATCTTAAATTCTCAACAATTGGTTGAAGCTTTGTCTTTGTGTGATGATTTGTTG,0.007280287739594331,0.01468731352556597,0.04730111255076489,0.12432178945310626,0.26619724332248035,0.30907824729251426,0.19309569828781337,0.03803830782816058,1450.713270826557
AAAGATAGAGATAATGAGAATCAAGGTGAAGCTGATCCAACTTGGTTTGATTCTGGTTCTCAATTTATCTTAAATTCTCAACAATTGGTTGAAGCTTTGTCTTTGTGTGATGCTTTGTTG,0.23124208022708237,0.13509180954307826,0.12066738029921473,0.20717911799996788,0.13966068847406857,0.07521081076762604,0.05534581662979828,0.035602296059163936,786.5309123433495
AAAGATAGAGATAATGAGAATCAAGGTGAAGCTGATCCAACTTGGTTTGATTCTGGTTCTCAATTTATCTTAAATTCTCAACAATTGGTTGAAGCTTTGTCTTTGTGTGCTGATTTGTTG,0.023649735809038352,0.06514617674036773,0.2192398526807574,0.29532395718089605,0.18689654566755534,0.14978510609816137,0.046106130689087636,0.013852495134136153,791.0083743410239
AAAGATAGAGATAATGAGAATCAAGGTGAAGCTGATCCAACTTGGTTTGATTCTGGTTCTCAATTTATCTTAAATTCTCAACAATTGGTTGCTGCTTTGTCTTTGTGTGATGATTTGTTG,0.01838696858324987,0.0573274235734098,0.12618213573988415,0.26402420196546295,0.28900782148051074,0.20943789762677267,0.03151557938332166,0.004117971647388192,803.3707626350836
AAAGATAGAGATAATGAGAATCAAGGTGAAGCTGATCCAACTTGGTTTGCTTCTGGTTCTCAATTTATCTTAAATTCTCAACAATTGGTTGAAGCTTTGTCTTTGTGTGATGATTTGTTG,0.3295935089033677,0.17409620070064427,0.0922789249445623,0.09154180175977442,0.14615260740271357,0.060421438011062624,0.07642022249677519,0.02949529578109998,745.5525430562545
AAAGATAGAGATAATGAGAATCAAGGTGAAGCTGCTCCAACTTGGTTTGATTCTGGTTCTCAATTTATCTTAAATTCTCAACAATTGGTTGAAGCTTTGTCTTTGTGTGATGATTTGTTG,0.05075419716247167,0.0978745757593241,0.11578565462913062,0.17855627222162657,0.24589977533001328,0.22873105835169474,0.047071886248080785,0.035326580297658214,1004.5629077610092
AAAGATAGAGATAATGAGAATCAAGGTGAAGCTGCTCCAACTTGGTTTGCTTCTGGTTCTCAATTTATCTTAAATTCTCAACAATTGGTTGCTGCTTTGTCTTTGTGTGATGATTTGTTG,0.06647715542315928,0.0936379297926965,0.08272062094146604,0.1624785018103788,0.1703182473894105,0.17061329497911162,0.11097740663071091,0.14277684303306643,1697.9248194323852
AAAGATAGAGATAATGAGAATCAAGGTGAAGCTGCTCCAACTTGGTTTGCTTCTGGTTCTCAATTTATCTTAAATTCTCAACAATTGGTTGCTGCTTTGTCTTTGTGTGCTGCTTTGTTG,0.1597453965451478,0.19381377100431654,0.1812393461597491,0.15659269080975935,0.06481758924242739,0.07751831987295174,0.06536275255131065,0.10091013381433736,1171.820597693175
AAAGATAGAGATAATGAGAATCAAGGTGAAGGATTCTCTGATACTGAACCATCTGATTGGCAATTTATCTTAAATTCTCAACAATTGGTTGAAGCTTTGTCTTTGTGTGATGATTTGTTG,0.08007788275046156,0.0993248777028901,0.2509568697635755,0.2763055932657814,0.17243135195921652,0.08233207294383493,0.02947146197983482,0.009099889634405105,632.0993968096562
AAAGATAGAGATAATGAGAATCAAGGTGAATCTACTGATGATTGGGAATTTCCAGGTTCTCAATTTATCTTAAATTCTCAACAATTGGTTGAAGCTTTGTCTTTGTGTGATGATTTGTTG,0.22564144154166163,0.19741146228295997,0.04883063580757662,0.13078955829928837,0.1450099131931487,0.0989159044135131,0.11828346030037545,0.035117624161476096,936.3469162880002
AAAGATAGAGATAATGAGAATCAAGGTGAATCTGAAGATGATCCATTTACTTGGGGTTCTCAATTTATCTTAAATTCTCAACAATTGGTTGAAGCTTTGTCTTTGTGTGATGATTTGTTG,0.13097114019095776,0.1922046745994356,0.16763847474789523,0.057547945298402216,0.05509570720284668,0.13704561426391773,0.20697201012321959,0.05252443357332523,1248.012048179034
AAAGATAGAGATAATGAGAATCAAGGTGAATCTGGTTCTGACTTCTGGACTCCAGATGAACAATTTATCTTAAATTCTCAACAATTGGTTGAAGCTTTGTCTTTGTGTGATGATTTGTTG,0.02864033469003639,0.10179465215150886,0.12742217298972813,0.2562119375039632,0.3017032785835076,0.1477560263715446,0.03273385849399951,0.003737739215711685,738.5018600609819
AAAGATAGAGATAATGAGAATCAAGGTGAATGGACTGATCCATCTTCATTTGAAGGTGATCAATTTATCTTAAATTCTCAACAATTGGTTGAAGCTTTGTCTTTGTGTGATGATTTGTTG,0.004835020205467745,0.012862565668203351,0.04441925480628682,0.1532863943391512,0.3313834079291288,0.322750316727851,0.10970752423115915,0.020755516092751853,1206.184117998634
AAAGATAGAGATAATGAGAATCAAGGTGAATGGGATACTGACTTCTCTCCAGAAGGTTCTCAATTTATCTTAAATTCTCAACAATTGGTTGAAGCTTTGTCTTTGTGTGATGATTTGTTG,0.010089974139255697,0.007672956694422709,0.05032037000140075,0.18072941170134288,0.3196915991431158,0.327828516502965,0.08689209522210942,0.016775076595387784,1134.3422254608117
AAAGATAGAGATAATGAGAATCAAGGTGAATGGTCATTTGATCCAGAAGATACTGGTTCTCAATTTATCTTAAATTCTCAACAATTGGTTGAAGCTTTGTCTTTGTGTGATGATTTGTTG,0.03102696833788066,0.07077360412530279,0.16303312785630222,0.23803997198655932,0.2679455037880586,0.20029782996769022,0.020548980668076953,0.00833401327012919,777.6147846103012
AAAGATAGAGATAATGAGAATCAAGGTGAATTTACTGAATGGGATCCAGATTCTGGTTCTCAATTTATCTTAAATTCTCAACAATTGGTTGAAGCTTTGTCTTTGTGTGATGATTTGTTG,0.023702456491232524,0.055644402519748,0.08356653351392293,0.1492182086939337,0.21410174210168062,0.26070959534851723,0.16120719571916114,0.05184986561180385,1385.5906863617631
AAAGATAGAGATAATGAGAATCAAGGTGAATTTGATTGGCCAACTGAAGATTCTGGTTCTCAATTTATCTTAAATTCTCAACAATTGGTTGAAGCTTTGTCTTTGTGTGATGATTTGTTG,0.10459029419252268,0.12276922503497362,0.23860205378027205,0.11619626865619462,0.18895057735327556,0.17575805214208098,0.03233402494197437,0.020799503898706106,781.8584369292217
AAAGATAGAGATAATGAGAATCAAGGTGAATTTGATTGGGAACCAACTGATTCTGGTTCTCAATTTATCTTAAATTCTCAACAATTGGTTGAAGCTTTGTCTTTGTGTGATGATTTGTTG,0.0491348350995686,0.049435717644465,0.04755392753419329,0.030326186062404357,0.048417783792713824,0.04503725517881451,0.33924342191581547,0.39085087277202507,3512.2388129928404
AAAGATAGAGATAATGAGAATCAAGGTGAATTTGGTGAATCTACTCCATGGTCTGATGATCAATTTATCTTAAATTCTCAACAATTGGTTGAAGCTTTGTCTTTGTGTGATGATTTGTTG,0.14458045149519813,0.10909935429530884,0.1874043648207431,0.15393131106779318,0.09498034034932464,0.17669763009379666,0.11174239351890708,0.02156415435892845,924.7848857074272
AAAGATAGAGATAATGAGAATCAAGGTGATGAAGAACCAACTTGGTTTGATTCTGGTTCTCAATTTATCTTAAATTCTCAACAATTGGTTGAAGCTTTGTCTTTGTGTGATGATTTGTTG,0.19247990041077637,0.18358401706508817,0.35219132176313517,0.14808912550199763,0.031569046313406436,0.06936694085196073,0.002898757144649234,0.019820890948986244,512.3429221683759
AAAGATAGAGATAATGAGAATCAAGGTGATTGGGAAACTCCATTTGAAGATTCTGGTTCTCAATTTATCTTAAATTCTCAACAATTGGTTGAAGCTTTGTCTTTGTGTGATGATTTGTTG,0.22918978784954167,0.26765288714888924,0.19097646996653847,0.16595903370683962,0.07259306686967301,0.056270517096554326,0.007591487309723756,0.0097667500522399,455.11643851910696
AAAGATAGAGATAATGAGAATCAAGGTGCTGAAGATCCAACTTGGTTTGATTCTGGTTCTCAATTTATCTTAAATTCTCAACAATTGGTTGAAGCTTTGTCTTTGTGTGATGATTTGTTG,0.000582920353173368,0.0005473906011544522,0.00038685597193585474,0.010944520055169963,0.09309327802350365,0.14241087719956758,0.3476240631134636,0.40441009468203154,3743.994454187616
AAAGATAGAGATAATGAGAATCAAGGTGCTGAAGATCCAACTTGGTTTGATTCTGGTTCTCAATTTATCTTAAATTCTCAACAATTGGTTGAAGCTTTGTCTTTGTGTGATGCTTTGTTG,0.0022272519562517527,0.0030412089124246568,0.013065517233849203,0.03366953285399151,0.10385863248461237,0.36769074397390356,0.4167470473854282,0.0597000651995386,2063.4791507556997
AAAGATAGAGATAATGAGAATCAAGGTGCTGAAGATCCAACTTGGTTTGATTCTGGTTCTCAATTTATCTTAAATTCTCAACAATTGGTTGAAGCTTTGTCTTTGTGTGCTGATTTGTTG,0.00029518057664772873,0.00035098599219570196,0.00474159869005412,0.018528361781409576,0.09539307210704029,0.28967577541876693,0.4805814512601672,0.11043357417371848,2427.481082266113
AAAGATAGAGATAATGAGAATCAAGGTGCTGAAGATCCAACTTGGTTTGATTCTGGTTCTCAATTTATCTTAAATTCTCAACAATTGGTTGCTGCTTTGTCTTTGTGTGATGATTTGTTG,0.10517562943797538,0.06126402753589494,0.06888154457871885,0.086097462504852,0.10364074441424535,0.14206986299270769,0.19508988583255035,0.23778084270305555,2385.7143939981534
AAAGATAGAGATAATGAGAATCAAGGTGCTGAAGATCCAACTTGGTTTGCTTCTGGTTCTCAATTTATCTTAAATTCTCAACAATTGGTTGAAGCTTTGTCTTTGTGTGATGATTTGTTG,0.21184184612243634,0.20060148976191988,0.1085431021047878,0.0276881299266268,0.08595601540505653,0.1027987306385665,0.1733579366614207,0.0892127493791855,1351.1611523339093
AAAGATAGAGATAATGAGAATCAAGGTGCTGAAGCTCCAACTTGGTTTGATTCTGGTTCTCAATTTATCTTAAATTCTCAACAATTGGTTGAAGCTTTGTCTTTGTGTGATGATTTGTTG,0.035166200429298744,0.04043605086821276,0.056261495835502245,0.1674362386073314,0.2772240078952826,0.27168260334025973,0.09784448256089097,0.05394892046322163,1296.478954952719
AAAGATAGAGATAATGAGAATCAAGGTGCTGCTGATCCAACTTGGTTTGATTCTGGTTCTCAATTTATCTTAAATTCTCAACAATTGGTTGAAGCTTTGTCTTTGTGTGATGATTTGTTG,0.010970612554513629,0.013332778820476109,0.013110600868448433,0.05520792184082743,0.36584486698625795,0.2992822025894144,0.23965891282113236,0.0025921035189297626,1365.557058365497
AAAGATAGAGATAATGAGAATCAAGGTGCTGCTGCTCCAACTTGGTTTGCTTCTGGTTCTCAATTTATCTTAAATTCTCAACAATTGGTTGAAGCTTTGTCTTTGTGTGATGATTTGTTG,0.10297739495317947,0.14801141187311642,0.14644522187231127,0.11440439231836617,0.17395643992790485,0.13484233755535485,0.10914993646941047,0.0702128650303565,1202.0190583428453
AAAGATAGAGATAATGAGAATCAAGGTTGGGATGAATCTGAAGATCCATTTACTGGTTCTCAATTTATCTTAAATTCTCAACAATTGGTTGAAGCTTTGTCTTTGTGTGATGATTTGTTG,0.5540216144090528,0.21520535880844027,0.13662902093301577,0.054531446521898994,0.011781856352837102,0.016051834478722996,0.0072002190805572856,0.004578649415474773,282.2605852899849
AAAGATAGAGATAATGAGAATCAATCTACTGATGGTGAAGAATGGGACTTTCCAGGTTCTCAATTTATCTTAAATTCTCAACAATTGGTTGAAGCTTTGTCTTTGTGTGATGATTTGTTG,0.07545857791510971,0.0616855336358663,0.04694831164754751,0.15718485029247076,0.21377743859855938,0.15994577372899124,0.18370778597512635,0.10129172820632869,1621.236022867893
AAAGATAGAGATAATGAGAATCAATCTGAATGGGAAGATACATTTCCAGGTGATGGTTCTCAATTTATCTTAAATTCTCAACAATTGGTTGAAGCTTTGTCTTTGTGTGATGATTTGTTG,0.20586815224255814,0.22007435894979635,0.1440963736852331,0.10006173324498935,0.025357975825315196,0.0589687062584426,0.10739927074527088,0.13817342904839433,1435.0985929550022
AAAGATAGAGATAATGAGAATCAATGGGATGAAACTGGATTTCCAGAAGATTCTGGTTCTCAATTTATCTTAAATTCTCAACAATTGGTTGAAGCTTTGTCTTTGTGTGATGATTTGTTG,0.23975569563470997,0.1447343195396686,0.059667835938259854,0.05327208884324038,0.23625681068816717,0.04395227305838428,0.22236097629756976,0.0,934.4326740093729
AAAGATAGAGATAATGAGAATCAATTTCCATCTTGGGAAGGTGATGAAACTGATGGTTCTCAATTTATCTTAAATTCTCAACAATTGGTTGAAGCTTTGTCTTTGTGTGATGATTTGTTG,0.07355453198593376,0.08073267405776158,0.11926288487982269,0.19314830298118382,0.22622892156740101,0.23086407202364462,0.04961310152199844,0.026595510982254086,950.7563104925325
AAAGATAGAGATAATGAGAATCAATTTGAAGATTGGGGTCCAGAAACTGATTCTGGTTCTCAATTTATCTTAAATTCTCAACAATTGGTTGAAGCTTTGTCTTTGTGTGATGATTTGTTG,0.04033978974471767,0.09808480259279974,0.14431545319416664,0.2614274710374852,0.21034951424691442,0.18333769268822891,0.04208969627799093,0.020055580217696354,853.0672431143948
AAAGATAGAGATAATGAGAATCAATTTGATGAATGGGGTCCAGAAACTGATTCTGGTTCTCAATTTATCTTAAATTCTCAACAATTGGTTGAAGCTTTGTCTTTGTGTGATGATTTGTTG,0.20845337912588272,0.15520010100773188,0.16082071451920485,0.13431908684756227,0.10681387905100408,0.12610586534595378,0.07346528629259536,0.034821687810065186,852.0038546988924
AAAGATAGAGATAATGAGAATCCAACTGAATGGGAAGATGGATTTCAAGATTCTGGTTCTCAATTTATCTTAAATTCTCAACAATTGGTTGAAGCTTTGTCTTTGTGTGATGATTTGTTG,0.1400948674559915,0.09638680953093855,0.13202673981286833,0.076675906027533,0.060904582520440176,0.15673782496314617,0.23884324559776013,0.09833002409132205,1629.2508430202865
AAAGATAGAGATAATGAGAATGAAGATGGTGAACAACCAACTTGGTTTGATTCTGGTTCTCAATTTATCTTAAATTCTCAACAATTGGTTGAAGCTTTGTCTTTGTGTGATGATTTGTTG,0.0001970785491426969,0.0035764807650780503,0.02259786066279211,0.14586774481135706,0.323001871946598,0.3836394558187225,0.11794057500062705,0.003178932445682455,1178.6545263588941
AAAGATAGAGATAATGAGAATGAAGGTCAAGAAGATCCAACTTGGTTTGATTCTGGTTCTCAATTTATCTTAAATTCTCAACAATTGGTTGAAGCTTTGTCTTTGTGTGATGATTTGTTG,0.03885854882169404,0.07428335646364266,0.024176751148222056,0.07770695305909932,0.12636183428853967,0.17096618728749585,0.3531850342079127,0.1344613347233939,2170.2944429390327
AAAGATAGAGATAATGAGAATGGTACATTCTGGGAAGATGAACAACCAGATTCTGGTTCTCAATTTATCTTAAATTCTCAACAATTGGTTGAAGCTTTGTCTTTGTGTGATGATTTGTTG,0.1771218910716102,0.1782065163732825,0.07346700641498857,0.04372809159511947,0.0775720245409815,0.10823392120588507,0.20077611906801593,0.1408944297301167,1737.4375378280051
AAAGATAGAGATAATGAGAATGGTCAAGAAGAAGATCCAACTTGGTTTGATTCTGGTTCTCAATTTATCTTAAATTCTCAACAATTGGTTGAAGCTTTGTCTTTGTGTGATGATTTGTTG,0.2363858297676782,0.23783336428964852,0.08404168532214652,0.056274993762757,0.1497446505656122,0.12381287316630363,0.031319371490634025,0.08058723163522,1024.43290855834
AAAGATAGAGATAATGATAATCAAGGTGATGATGATCCAACTTGGTTTGATTCTGGTTCTCAATTTATCTTAAATTCTCAACAATTGGTTGATGCTTTGTCTTTGTGTGATGATTTGTTG,0.0018700734066010429,0.0018815250059517057,0.002407261496106461,0.0020059471436846303,0.09703202555992495,0.21769316161909918,0.5252229907775858,0.15188701499104632,2701.6386988459226
AAAGATAGAGATAATGCTAATCAAGGTGAAGAAGATCCAACTTGGTTTGATTCTGGTTCTCAATTTATCTTAAATTCTCAACAATTGGTTGAAGCTTTGTCTTTGTGTGATGATTTGTTG,0.32486833305393165,0.16342884993851528,0.09701971173722555,0.11549366303053676,0.0576229235780561,0.03573312820271046,0.06628567756547268,0.13954771289355147,1326.4330405691537
AAAGATAGAGATAATGCTAATCAAGGTGAAGAAGATCCAACTTGGTTTGATTCTGGTTCTCAATTTATCTTAAATTCTCAACAATTGGTTGAAGCTTTGTCTTTGTGTGATGCTTTGTTG,0.43285077989137766,0.30672072669218964,0.1588297849386681,0.05771562048565768,0.014323078323587734,0.014765734532202882,0.007826691267073575,0.006967583869242709,312.17321470152126
AAAGATAGAGATAATGCTAATCAAGGTGAAGAAGATCCAACTTGGTTTGATTCTGGTTCTCAATTTATCTTAAATTCTCAACAATTGGTTGAAGCTTTGTCTTTGTGTGCTGATTTGTTG,0.18945675815329058,0.18647307133501534,0.15989991108145524,0.1079854072340566,0.06737142943466774,0.09286879031654671,0.12910962193876266,0.0668350105062052,1115.4141879450813
AAAGATAGAGATAATGCTAATCAAGGTGAAGAAGATCCAACTTGGTTTGATTCTGGTTCTCAATTTATCTTAAATTCTCAACAATTGGTTGCTGCTTTGTCTTTGTGTGATGATTTGTTG,0.02522374281812996,0.07271026425539927,0.17221325853883157,0.27779046715294997,0.26118916661061287,0.15810948279798814,0.024340685520358476,0.008422932305729857,747.0701486537899
AAAGATAGAGATAATGCTAATCAAGGTGAAGAAGATCCAACTTGGTTTGCTTCTGGTTCTCAATTTATCTTAAATTCTCAACAATTGGTTGAAGCTTTGTCTTTGTGTGATGATTTGTTG,0.13040690728640558,0.16244486547438472,0.13908976198069442,0.1103829714158474,0.06119228977891938,0.15368358267241639,0.10942701202658293,0.13337260936474934,1545.4866445289404
AAAGATAGAGATAATGCTAATCAAGGTGAAGAAGCTCCAACTTGGTTTGATTCTGGTTCTCAATTTATCTTAAATTCTCAACAATTGGTTGAAGCTTTGTCTTTGTGTGATGATTTGTTG,0.04016708304649397,0.09699132139050667,0.09996354476551121,0.19634677308150225,0.23748541806497706,0.16935988001839333,0.11175866055151497,0.04792731908110063,1166.4227383216821
AAAGATAGAGATAATGCTAATCAAGGTGAAGCTGATCCAACTTGGTTTGATTCTGGTTCTCAATTTATCTTAAATTCTCAACAATTGGTTGAAGCTTTGTCTTTGTGTGATGATTTGTTG,0.12894091035916327,0.17297399219701687,0.1337059839300331,0.09549931808706816,0.14823573997986655,0.09848994559336019,0.11958600873384277,0.1025681011196492,1361.5666338494757
AAAGATAGAGATAATGCTAATCAAGGTGCTGAAGATCCAACTTGGTTTGATTCTGGTTCTCAATTTATCTTAAATTCTCAACAATTGGTTGAAGCTTTGTCTTTGTGTGATGATTTGTTG,0.17894031956938192,0.14002806239111554,0.08659146787105516,0.0773097984359038,0.08816447320065923,0.04556046199703925,0.19361751300755164,0.1897879035272935,1964.2127437599368
AAAGATAGAGATAATGCTAATCAAGGTGCTGCTGATCCAACTTGGTTTGATTCTGGTTCTCAATTTATCTTAAATTCTCAACAATTGGTTGCTGCTTTGTCTTTGTGTGATGATTTGTTG,0.04294820367943987,0.12577728629882493,0.12131941590535715,0.24937049526159139,0.24890107682618542,0.18429224906299074,0.023635674328474413,0.0037555986371361344,726.3422022007609
AAAGATAGAGATAATGCTAATCAAGGTGCTGCTGCTCCAACTTGGTTTGATTCTGGTTCTCAATTTATCTTAAATTCTCAACAATTGGTTGAAGCTTTGTCTTTGTGTGATGATTTGTTG,0.08779762706596544,0.06441843805075469,0.045299061151895074,0.1448072478560288,0.22828931024573396,0.32368335190419256,0.09817824563383144,0.007526718091598208,1034.003469664588
AAAGATAGAGATAATGCTAATCAAGGTGCTGCTGCTCCAACTTGGTTTGCTTCTGGTTCTCAATTTATCTTAAATTCTCAACAATTGGTTGCTGCTTTGTCTTTGTGTGCTGCTTTGTTG,0.16984362413226958,0.17088368016908717,0.1426574245569496,0.1603869288430777,0.0878666270874831,0.09729973939363597,0.11026480845842719,0.06079716735906962,1063.1784190615972
AAAGATAGAGATACTAATGAAGGTGATCAACCAGAGAATGAATGGTTTGATTCTGGTTCTCAATTTATCTTAAATTCTCAACAATTGGTTGAAGCTTTGTCTTTGTGTGATGATTTGTTG,0.02615141145676541,0.043852587482352635,0.06508283877158101,0.03873777460045606,0.09448915564312758,0.06392139988816789,0.3557264797935612,0.31203835236398825,3120.6471499007307
AAAGATAGAGATACTCAAGGTGAACCAGAAGATAATGAGAATTGGTTTGATTCTGGTTCTCAATTTATCTTAAATTCTCAACAATTGGTTGAAGCTTTGTCTTTGTGTGATGATTTGTTG,0.07580275374559181,0.129653798359525,0.18864979462475312,0.24422143470003121,0.1419233937630407,0.10422182012351039,0.0703031237038685,0.0452238809796793,944.2022114758084
AAAGATAGAGATAGAGAAAGAAGAGGTGAAGAAGATCCAACTTGGTTTGATTCTGGTTCTAGATTTATCTTGAGATCTAGAAGATTGGTTGAAGCTTTGTCTTTGTGTGATGATTTGTTG,0.30111658005190634,0.27631423184465326,0.22349372343727997,0.13043203432400755,0.028840116020842757,0.023162279335484284,0.009221982220415058,0.0074190527654108065,371.46416406180333
AAAGATAGAGATCAAGAAGGTAATGAGAATGAAGATCCAACTTGGTTTGATTCTGGTTCTCAATTTATCTTAAATTCTCAACAATTGGTTGAAGCTTTGTCTTTGTGTGATGATTTGTTG,0.13030337640427803,0.13881314477959134,0.25275163870466844,0.11495855966202065,0.13217831172817043,0.13348816414581757,0.07464241565514171,0.022864388920311753,814.5790725362936
AAAGATAGAGATCAAGAGAATAATGAAGATGAAGGTCCAACTTGGTTTGATTCTGGTTCTCAATTTATCTTAAATTCTCAACAATTGGTTGAAGCTTTGTCTTTGTGTGATGATTTGTTG,0.2957942858785274,0.22521505968898461,0.13926995969326375,0.15098638073147128,0.055144410693637895,0.08060521721286874,0.014828857466554424,0.038155828634691774,649.3172935969859
AAAGATAGAGATCAAGAGAATAATGGTGAAGAAGATCCAACTTGGTTTGATTCTGGTTCTCAATTTATCTTAAATTCTCAACAATTGGTTGAAGCTTTGTCTTTGTGTGATGATTTGTTG,0.10621398710353697,0.14025952511563608,0.09912525863146984,0.12537514492189517,0.13737143275147606,0.06084769633203809,0.17238894017088083,0.1584180149730669,1785.6073488925688
AAAGATAGAGATCAAGAGAATGAAGGTAATGAAGATCCAACTTGGTTTGATTCTGGTTCTCAATTTATCTTAAATTCTCAACAATTGGTTGAAGCTTTGTCTTTGTGTGATGATTTGTTG,0.003204333766589423,0.003940390489942588,0.006202469405788234,0.10837936375376982,0.1571768767850046,0.5593562124731815,0.07231509995624986,0.08942525336947406,1696.6501602973544
AAAGATAGAGATCAGAATAATGAAGGTGAAGAAGATCCAACTTGGTTTGATTCTGGTTCTCAATTTATCTTAAATTCTCAACAATTGGTTGAAGCTTTGTCTTTGTGTGATGATTTGTTG,0.1566229626415087,0.194351207961734,0.2078861309621609,0.2030032644636171,0.09774694322191216,0.062209963103701284,0.05326188153114849,0.02491764611421742,692.9513658074629
AAAGATAGAGATCAGAATGAAGGTAATGAAGAAGATCCAACTTGGTTTGATTCTGGTTCTCAATTTATCTTAAATTCTCAACAATTGGTTGAAGCTTTGTCTTTGTGTGATGATTTGTTG,0.004161380805331025,0.010116663855862027,0.03165823480840875,0.1206587618946801,0.28108494961789743,0.35408560787021454,0.17413857402475905,0.024095827122847118,1377.401315578707
AAAGATAGAGATCAGAATGAGAATGGTGAAGAAGATCCAACTTGGTTTGATTCTGGTTCTCAATTTATCTTAAATTCTCAACAATTGGTTGAAGCTTTGTCTTTGTGTGATGATTTGTTG,0.004394538077934042,0.006333426248675223,0.0027341642120789216,0.004090477415151918,0.003920773180622418,0.05606620341322282,0.33773284425314487,0.5847275731991698,4677.056870101103
AAAGATAGAGATCCAAATCAAGGTGATGAAGAAACTGAGAATTGGTTTGATTCTGGTTCTCAATTTATCTTAAATTCTCAACAATTGGTTGAAGCTTTGTCTTTGTGTGATGATTTGTTG,0.329302639906717,0.37352996827694734,0.1351632417851557,0.08394533219189276,0.001989129733148276,0.017502352930219494,0.019379135275095473,0.03918819990082387,546.6562958599152
AAAGATAGAGATCCACAAGAAACTGATGGTGAGAATAATGAATGGTTTGATTCTGGTTCTCAATTTATCTTAAATTCTCAACAATTGGTTGAAGCTTTGTCTTTGTGTGATGATTTGTTG,0.20861848169060687,0.21333689751691473,0.19150354478076262,0.12918219506067644,0.05729111447561488,0.09717779725204057,0.05392144298768188,0.04896852623570201,834.8675383643663
AAAGATAGAGATGAACAGAATAATGGTGAAGAAGATCCAACTTGGTTTGATTCTGGTTCTCAATTTATCTTAAATTCTCAACAATTGGTTGAAGCTTTGTCTTTGTGTGATGATTTGTTG,0.0978545300097395,0.09142134201860083,0.0913237122528973,0.03494348458641343,0.051657045943955,0.07047384977150825,0.249576257693823,0.3127497777230627,2854.323666919522
AAAGATAGAGATGAAGAACAGAATGGTAATGAAGATCCAACTTGGTTTGATTCTGGTTCTCAATTTATCTTAAATTCTCAACAATTGGTTGAAGCTTTGTCTTTGTGTGATGATTTGTTG,0.2340111892539382,0.2439542130939309,0.14384134862566414,0.1378199237390081,0.09446106817101314,0.07752864568306768,0.03137830040729007,0.03700531102608759,701.7874701563176
AAAGATAGAGATGAAGAAGAAGAAGGTGAAGAAGATCCAACTTGGTTTGATTCTGGTTCTGAATTTATCTTGGAATCTGAAGAATTGGTTGAAGCTTTGTCTTTGTGTGATGATTTGTTG,0.09215425191621132,0.09271856857227387,0.1556260524549867,0.14625749653700057,0.26594179940693835,0.18100518200664542,0.042734145213554495,0.02356250389238935,871.3990619556685
AAAGATAGAGATGAAGAAGATGAAACTAATCAACCAAATGGTTGGTTTGATTCTGGTTCTCAATTTATCTTAAATTCTCAACAATTGGTTGAAGCTTTGTCTTTGTGTGATGATTTGTTG,0.08765014378372826,0.1044318304424221,0.1348988515570191,0.2511284460955059,0.175014956879219,0.13531047595816356,0.0812909636735678,0.030274331610374263,927.0290237710269
AAAGATAGAGATGAAGATAATCAAGAGAATGGTGAACCAACTTGGTTTGATTCTGGTTCTCAATTTATCTTAAATTCTCAACAATTGGTTGAAGCTTTGTCTTTGTGTGATGATTTGTTG,0.22722315880903554,0.17418254073274203,0.10771213728166927,0.2283955808731961,0.07463572265731797,0.11901369963554696,0.030105385458213188,0.03873177455227879,764.9266833632549
AAAGATAGAGATGAAGATGAGAATGAAACTGGTAATCCACAATGGTTTGATTCTGGTTCTCAATTTATCTTAAATTCTCAACAATTGGTTGAAGCTTTGTCTTTGTGTGATGATTTGTTG,0.166189214654197,0.09554679572244372,0.11816970328237852,0.15825478248495572,0.02339484646832995,0.174091350364024,0.06605651984224656,0.19829678718142463,1849.865625951805
AAAGATAGAGATGAAGGTGAGAATGATAATCAAGAACCAACTTGGTTTGATTCTGGTTCTCAATTTATCTTAAATTCTCAACAATTGGTTGAAGCTTTGTCTTTGTGTGATGATTTGTTG,0.04089328034993023,0.057601172764167645,0.10177082702612786,0.22715523588771394,0.2820755176611139,0.22114970938785536,0.0644748752330257,0.004879381690065444,881.6999308734194
AAAGATAGAGATGAAGGTGATAATGAAGAACAGAATCCAACTTGGTTTGATTCTGGTTCTCAATTTATCTTAAATTCTCAACAATTGGTTGAAGCTTTGTCTTTGTGTGATGATTTGTTG,0.003042482475500174,0.007541260648063572,0.03338348087164192,0.14329167441668547,0.2789622282119797,0.3492251064798903,0.15575014771881215,0.028803619177426767,1362.1180164559164
AAAGATAGAGATGAGAATAATCAAGGTGAAGAAGATCCAACTTGGTTTGATTCTGGTTCTCAATTTATCTTAAATTCTCAACAATTGGTTGAAGCTTTGTCTTTGTGTGATGATTTGTTG,0.05440554153806122,0.09123116638529978,0.180531598663733,0.14103299223648189,0.1787052398417084,0.13298243509862484,0.13455551688841572,0.08655550934767496,1376.5044701954228
AAAGATAGAGATGAGAATAATGGTGAACAAGAAGATCCAACTTGGTTTGATTCTGGTTCTCAATTTATCTTAAATTCTCAACAATTGGTTGAAGCTTTGTCTTTGTGTGATGATTTGTTG,0.07981828993811943,0.16129073559105192,0.2052256844521801,0.2255240589803718,0.1973160251707106,0.11096416388897952,0.01495709958693258,0.004903942391654065,601.1527156973495
AAAGATAGAGATGAGAATAATGGTGATGAAGAACAACCAACTTGGTTTGATTCTGGTTCTCAATTTATCTTAAATTCTCAACAATTGGTTGAAGCTTTGTCTTTGTGTGATGATTTGTTG,0.0016649668677519555,0.0012745801438276262,0.021438582897831886,0.111827740567202,0.3409025062107127,0.4158670519267877,0.10382867768357253,0.003195893702313576,1182.8773627589985
AAAGATAGAGATGAGAATCAAACTGGTCCAGAAGATGAGAATTGGTTTGATTCTGGTTCTCAATTTATCTTAAATTCTCAACAATTGGTTGAAGCTTTGTCTTTGTGTGATGATTTGTTG,0.04073922561104822,0.12296609016479344,0.07966155375472876,0.07758839586668874,0.06308452226767682,0.03200725215909598,0.21590582521924634,0.3680471349567217,3090.8490769175855
AAAGATAGAGATGATGAAGATGATGGTGAAGAAGATCCAACTTGGTTTGATTCTGGTTCTGACTTTATCTTGGATTCTGATGATTTGGTTGAAGCTTTGTCTTTGTGTGATGATTTGTTG,0.0045747748900180065,0.0067296827784488695,0.023695355533377694,0.09373837329727393,0.23216940816450282,0.3428724860587536,0.23808357948988096,0.058136339787744115,1689.9085307248213
AAAGATAGAGATGATGAGAATCAAGAAGAGAATGGTCCAACTTGGTTTGATTCTGGTTCTCAATTTATCTTAAATTCTCAACAATTGGTTGAAGCTTTGTCTTTGTGTGATGATTTGTTG,0.10453286233345602,0.09991433172802773,0.09755633223890725,0.07548610147593365,0.1493606684602852,0.16767692565572268,0.17450785755809578,0.1309649205495716,1737.1759995479792
AAAGATAGAGATGATGAGAATCAGAATGGTGAAACTGAACCATGGTTTGATTCTGGTTCTCAATTTATCTTAAATTCTCAACAATTGGTTGAAGCTTTGTCTTTGTGTGATGATTTGTTG,0.0035894589662027712,0.004028143958832257,0.00412295167896148,0.0409513010169138,0.28065337995575573,0.40012890171239807,0.2638902082679476,0.002635654442988124,1486.9440264301875
AAAGATAGAGATGCTGAAGCTGCTGGTGAAGAAGATCCAACTTGGTTTGATTCTGGTTCTGCATTTATCTTGGCTTCTGCTGCTTTGGTTGAAGCTTTGTCTTTGTGTGATGATTTGTTG,0.17446481492885466,0.10226715082920741,0.09627677806476082,0.09101323912251745,0.06876750209128335,0.058403882101448194,0.14632987181400767,0.2624767610479204,2306.4144602944957
AAAGATAGAGATGCTGCTGCTGCTGCTGCTGCTGCTCCAACTTGGTTTGATTCTGGTTCTCAATTTATCTTAAATTCTCAACAATTGGTTGAAGCTTTGTCTTTGTGTGATGATTTGTTG,0.007305575562035884,0.03307640424404848,0.013636001938852695,0.02840686313551824,0.5183252160622532,0.0368298150552103,0.096551481159915,0.26586864284216627,2419.9843904878785
AAAGATAGAGATGCTGCTGCTGCTGGTGAAGAAGATCCAACTTGGTTTGATTCTGGTTCTCAATTTATCTTAAATTCTCAACAAGCTGCTGCTGCTTTGTCTTTGTGTGATGATTTGTTG,0.19559757313527715,0.18804887690876262,0.11899123916439686,0.1255524216089112,0.07281406439298342,0.04780954446839505,0.10078144849502127,0.15040483182625253,1512.217712348075
AAAGATAGAGATGCTGCTGCTGCTGGTGAAGAAGATCCAACTTGGTTTGATTCTGGTTCTCAATTTATCTTAAATTCTCAACAATTGGTTGAAGCTGCTGCTGCTGCTGATGATTTGTTG,0.2423581561444557,0.15512502602270584,0.23204639822747544,0.2536500363022558,0.04471981498534588,0.05934754257760353,0.008431618996123083,0.0043214067440346775,436.4478109260148
AAAGATAGAGATGCTGCTGCTGCTGGTGAAGAAGATCCAACTTGGTTTGATTCTGGTTCTCAATTTATCTTAAATTCTCAACAATTGGTTGAAGCTTTGTCTTTGTGTGATGATTTGTTG,0.025161183660996907,0.054082602885798664,0.07827308203890275,0.17026053072552122,0.28963891655162194,0.25998152044041795,0.10076776622378458,0.02183439747295599,1104.0012441061629
AAAGATAGAGATGCTGCTGCTGCTGGTGAAGAAGATCCAACTTGGTTTGATTCTGGTTCTCAATTTATCTTAAATTCTCAACAATTGGTTGAAGCTTTGTCTTTGTGTGCTGCTGCTGCT,0.01879600876019101,0.02296348850273595,0.018376874373113333,0.017898624072078012,0.021167666750313913,0.011075479153355425,0.39471761173083203,0.49500424665738046,4224.297453469155
AAAGATAGAGATGCTGCTGCTGCTGGTGAAGAAGATCCAACTTGGTTTGATTCTGGTTCTCAATTTATCTTGGCTGCTGCTGCTTTGGTTGAAGCTTTGTCTTTGTGTGATGATTTGTTG,0.284630824325488,0.24405254225440529,0.16400425074481645,0.1433093471094167,0.05664807459818731,0.05012252153887785,0.03381028874684419,0.023422150681964307,571.7572801004878
AAAGATAGAGATGCTGCTGCTGCTGGTGAAGAAGATCCAACTTGGTTTGATTCTGGTTCTGCTGCTGCTGCTAATTCTCAACAATTGGTTGAAGCTTTGTCTTTGTGTGATGATTTGTTG,0.042992396105767314,0.07273339874241062,0.20247341884067685,0.3335047547304001,0.16842600004820113,0.13750549443003798,0.03173888208724234,0.010625655015263646,719.6867452465797
AAAGATAGAGATGCTGCTGCTGCTGGTGAAGAAGATCCAACTTGGTTTGCTGCTGCTGCTCAATTTATCTTAAATTCTCAACAATTGGTTGAAGCTTTGTCTTTGTGTGATGATTTGTTG,0.004777066826386681,0.00494911617377247,0.021500802203686754,0.08276284000894245,0.23444662116920784,0.35539694012929135,0.2455482164343485,0.05061839705436389,1673.8957409796574
AAAGATAGAGATGCTGCTGCTGCTGGTGAAGAAGATGCTGCTGCTGCTGATTCTGGTTCTCAATTTATCTTAAATTCTCAACAATTGGTTGAAGCTTTGTCTTTGTGTGATGATTTGTTG,0.027694981518744045,0.054327641856541695,0.11455448679659284,0.2033168450724395,0.2526137791118008,0.24849863300675146,0.07744945846081498,0.02154417417631468,1025.7244293026288
AAAGATAGAGATGGTCAAGAACCAGAAACTAATAATGATGAATGGTTTGATTCTGGTTCTCAATTTATCTTAAATTCTCAACAATTGGTTGAAGCTTTGTCTTTGTGTGATGATTTGTTG,0.01844231790923753,0.04329558674723709,0.04589727040337752,0.10927354425348654,0.157500886036478,0.20848671426364082,0.2850715603531299,0.13203212003341255,2065.754988159425
AAAGATAGAGATGGTGAGAATCAAGAGAATGAAGATCCAACTTGGTTTGATTCTGGTTCTCAATTTATCTTAAATTCTCAACAATTGGTTGAAGCTTTGTCTTTGTGTGATGATTTGTTG,0.07008857232392271,0.05288832553046759,0.08721447520776306,0.07786602611986798,0.08633216470155282,0.11242623676930343,0.32501758358632316,0.18816661576079924,2348.208646428565
AAAGATAGAGCTAATGAGAATCAAGGTGAAGAAGATCCAACTTGGTTTGATTCTGGTTCTCAATTTATCTTAAATTCTCAACAATTGGTTGAAGCTTTGTCTTTGTGTGATGATTTGTTG,0.1197428911029807,0.216857069663627,0.1639018226117653,0.22615149262054943,0.15339404356414232,0.05487849029640163,0.022211064558749646,0.04286312558178386,756.3002690612798
AAAGATAGAGCTAATGAGAATCAAGGTGAAGAAGATCCAACTTGGTTTGATTCTGGTTCTCAATTTATCTTAAATTCTCAACAATTGGTTGAAGCTTTGTCTTTGTGTGATGCTTTGTTG,0.0012805401322516915,0.00046850242182552366,0.041863902440071196,0.01694230913619866,0.1396067737427263,0.48006375004006907,0.2360153803406184,0.08375884174623924,1929.6867152564644
AAAGATAGAGCTAATGAGAATCAAGGTGAAGAAGATCCAACTTGGTTTGATTCTGGTTCTCAATTTATCTTAAATTCTCAACAATTGGTTGAAGCTTTGTCTTTGTGTGCTGATTTGTTG,0.1935391306932278,0.14604321657003413,0.24082975520697303,0.053753852112035636,0.14303603186535516,0.13304925922393135,0.08974875432844301,0.0,693.6506364802129
AAAGATAGAGCTAATGAGAATCAAGGTGAAGAAGATCCAACTTGGTTTGATTCTGGTTCTCAATTTATCTTAAATTCTCAACAATTGGTTGCTGCTTTGTCTTTGTGTGATGATTTGTTG,0.1795681648941695,0.21077906525848175,0.037240838617949336,0.19949413940585756,0.14745635769886845,0.05486438320146214,0.027756693712827008,0.14284035721038427,1354.096630607556
AAAGATAGAGCTAATGAGAATCAAGGTGAAGAAGATCCAACTTGGTTTGCTTCTGGTTCTCAATTTATCTTAAATTCTCAACAATTGGTTGAAGCTTTGTCTTTGTGTGATGATTTGTTG,0.00020853707177325817,0.002603601885700525,0.03852282508604968,0.1191454774678456,0.305494521600998,0.3580776632369839,0.1591742254800536,0.016773148170595453,1315.6339975622366
AAAGATAGAGCTAATGAGAATCAAGGTGAAGAAGCTCCAACTTGGTTTGATTCTGGTTCTCAATTTATCTTAAATTCTCAACAATTGGTTGAAGCTTTGTCTTTGTGTGATGATTTGTTG,0.29019508850522013,0.22245495612743935,0.06018387761056489,0.09211339958724228,0.17702292779629694,0.10766439399663275,0.025632466465481122,0.024732889911122533,667.3923026385668
AAAGATAGAGCTAATGAGAATCAAGGTGAAGCTGATCCAACTTGGTTTGATTCTGGTTCTCAATTTATCTTAAATTCTCAACAATTGGTTGAAGCTTTGTCTTTGTGTGATGATTTGTTG,0.0002823894909595147,0.00017047124036398366,0.03359292195886739,0.1116234064075588,0.3472233443419905,0.38473937810228254,0.12209853099526202,0.00026955746271543283,1177.5377890839816
AAAGATAGAGCTAATGAGAATCAAGGTGCTGAAGATCCAACTTGGTTTGATTCTGGTTCTCAATTTATCTTAAATTCTCAACAATTGGTTGAAGCTTTGTCTTTGTGTGATGATTTGTTG,0.05658091736374478,0.13283059255437946,0.03520313548296162,0.18857843910572888,0.23231333891048098,0.13829966504204338,0.14868162349986214,0.0675122880407987,1325.9515656023025
AAAGATAGAGCTAATGAGAATCAAGGTGCTGCTGCTCCAACTTGGTTTGCTTCTGGTTCTCAATTTATCTTAAATTCTCAACAATTGGTTGCTGCTTTGTCTTTGTGTGCTGCTTTGTTG,0.05858357164848298,0.042101653261884725,0.09372634325270773,0.11157318972490078,0.14019810094948854,0.15342290892121963,0.24061856842611237,0.15977566381520333,2060.884361876596
AAAGATAGAGCTAATGCTAATCAAGGTGAAGAAGATCCAACTTGGTTTGATTCTGGTTCTCAATTTATCTTAAATTCTCAACAATTGGTTGAAGCTTTGTCTTTGTGTGATGATTTGTTG,0.09832658196403968,0.1121191883004934,0.17129328426705237,0.2621699924753982,0.1679455245971833,0.10214356612048173,0.0547156839056004,0.03128617836975087,834.6129519075522
AAAGATAGAGCTAATGCTAATCAAGGTGAAGCTGCTCCAACTTGGTTTGCTTCTGGTTCTCAATTTATCTTAAATTCTCAACAATTGGTTGCTGCTTTGTCTTTGTGTGCTGCTTTGTTG,0.08739751366167409,0.08441539383358869,0.07395190206189851,0.054373576737707936,0.07234254243470997,0.060882865054228505,0.30801531687037415,0.2586208893458182,2665.1177382426445
AAAGATAGAGCTAATGCTAATCAAGGTGCTGAAGCTCCAACTTGGTTTGCTTCTGGTTCTCAATTTATCTTAAATTCTCAACAATTGGTTGCTGCTTTGTCTTTGTGTGCTGCTTTGTTG,0.17995832679986276,0.18885430866828198,0.35165249359408307,0.16235842029973074,0.004991135188906219,0.004369556930172365,0.03315934116844024,0.07465641735052257,836.2215332167896
AAAGATAGAGCTAATGCTAATCAAGGTGCTGCTGATCCAACTTGGTTTGATTCTGGTTCTCAATTTATCTTAAATTCTCAACAATTGGTTGAAGCTTTGTCTTTGTGTGATGATTTGTTG,0.06049855081861746,0.11835642840288882,0.21643334866717726,0.2893843006306697,0.16394307226785898,0.11552770493874766,0.021820271284210473,0.014036322989829663,678.881979595783
AAAGATAGAGCTAATGCTAATCAAGGTGCTGCTGATCCAACTTGGTTTGCTTCTGGTTCTCAATTTATCTTAAATTCTCAACAATTGGTTGCTGCTTTGTCTTTGTGTGCTGCTTTGTTG,0.2001095582431269,0.17134889450447857,0.11125784104883188,0.09933220301459021,0.07551928757476566,0.10146721369029223,0.09871874443128116,0.14224625749263356,1511.7721740223974
AAAGATAGAGCTAATGCTAATCAAGGTGCTGCTGCTCCAACTTGGTTTGATTCTGGTTCTCAATTTATCTTAAATTCTCAACAATTGGTTGCTGCTTTGTCTTTGTGTGCTGCTTTGTTG,0.06751782706806465,0.08491409984741062,0.09976849785708371,0.16408440858316942,0.2120723526293174,0.2514167698441389,0.09001522044288819,0.030210823727927143,1075.128664086294
AAAGATAGAGCTAATGCTAATCAAGGTGCTGCTGCTCCAACTTGGTTTGCTTCTGGTTCTCAATTTATCTTAAATTCTCAACAATTGGTTGAAGCTTTGTCTTTGTGTGCTGCTTTGTTG,0.17435189856413275,0.1431054317608208,0.10562243389644795,0.10449553715008304,0.0587762454545363,0.03995297292965054,0.1574470208334131,0.21624845941091553,2027.7040906050527
AAAGATAGAGCTAATGCTAATCAAGGTGCTGCTGCTCCAACTTGGTTTGCTTCTGGTTCTCAATTTATCTTAAATTCTCAACAATTGGTTGCTGCTTTGTCTTTGTGTGATGCTTTGTTG,0.12182489211956385,0.17510128598713415,0.18046712828872438,0.19119929654723722,0.15815720533191288,0.10457549022338451,0.05021612034856069,0.018458581153482517,724.241663062709
AAAGATAGAGCTAATGCTAATCAAGGTGCTGCTGCTCCAACTTGGTTTGCTTCTGGTTCTCAATTTATCTTAAATTCTCAACAATTGGTTGCTGCTTTGTCTTTGTGTGCTGATTTGTTG,0.1388275700071317,0.13967769583905687,0.09717165665328714,0.15423272059778356,0.10260118796753874,0.13520323160382133,0.12875537293111097,0.10353056440026961,1415.944115836241
AAAGATAGAGCTAATGCTAATCAAGGTGCTGCTGCTCCAACTTGGTTTGCTTCTGGTTCTCAATTTATCTTAAATTCTCAACAATTGGTTGCTGCTTTGTCTTTGTGTGCTGCTTTGTTG,0.004114221038613072,0.003165434940207108,0.0035133939339644965,0.0024198141178001144,0.0020668368519444324,0.03127808988896836,0.35029867375200324,0.6031435354764992,4790.107385358466
AAAGATAGAGGTAATGAAGAACAAGAAGATGATAATCCAACTTGGTTTGATTCTGGTTCTCAATTTATCTTAAATTCTCAACAATTGGTTGAAGCTTTGTCTTTGTGTGATGATTTGTTG,0.26947351751925636,0.1355618340607773,0.1371757294197377,0.10886397678636196,0.08046695281044311,0.12724287824885017,0.102241110770855,0.038974000383718385,918.2260763256511
AAAGATAGATTTGATTTGGAAGAATGTCAGAAGATTGTCTTGGATCCATCTAATATTGAATTGGATACTCCACCAGAATTTAGATTGTCTCAATTGGAATTTGGTTCTCAAGATTCATTT,0.022271877113925094,0.08963304557225549,0.08314180229291558,0.09897319962954672,0.10973425763765148,0.24497427396063856,0.16524808975807836,0.18602345403498888,2129.9915574017755
AAAGATAGGAAGATTAAATCTGGTAAGACTAATATTATTGGTGTTAAGAGAACTTTGGTCTTTCATGCTGGTAGAGCTCCAAGAGGTACTAGAACTAATTGGATTATTCATGAATATAGA,0.043716101507281675,0.05497975230433107,0.05439798136372545,0.024283552860035487,0.0,0.13022884779818844,0.3142192352780347,0.37817452888840325,3445.2913263599544
AAAGATCAAGAAAGAAATGAAGGTAATGATGAAGATCCAACTTGGTTTGATTCTGGTTCTCAATTTATCTTAAATTCTCAACAATTGGTTGAAGCTTTGTCTTTGTGTGATGATTTGTTG,0.08865311348947917,0.3567839621635024,0.27578799625085776,0.1477359023381743,0.13103902575798643,0.0,0.0,0.0,361.8297051787836
AAAGATCAGAATAGAGAAGATAATGGTGAAGAAGATCCAACTTGGTTTGATTCTGGTTCTCAATTTATCTTAAATTCTCAACAATTGGTTGAAGCTTTGTCTTTGTGTGATGATTTGTTG,0.1491784842178837,0.24014719201088605,0.07425189460685606,0.033146447026906514,0.17640172999256934,0.10939024335455348,0.11068424733089985,0.10679976145944488,1371.1977413204845
AAAGATCAGAATGATAATGAAAGAGGTGAAGAAGATCCAACTTGGTTTGATTCTGGTTCTCAATTTATCTTAAATTCTCAACAATTGGTTGAAGCTTTGTCTTTGTGTGATGATTTGTTG,0.17555126324445308,0.1298722578195451,0.1670474106149954,0.09177952844475484,0.09158259621921969,0.06152488429983808,0.1101393520091441,0.1725027073480498,1693.1013625596502
AAAGATCAGAATGATGAAGAAGAAGGTAATGATAGACCAACTTGGTTTGATTCTGGTTCTCAATTTATCTTAAATTCTCAACAATTGGTTGAAGCTTTGTCTTTGTGTGATGATTTGTTG,0.271893934674018,0.3517185946704334,0.08458257187482517,0.05394016741242342,0.047843935530085736,0.03560277839154597,0.10807179712686114,0.046346220319807105,837.5378579733201
AAAGATGAAAGAAATGAAGATGAAGATCAAGGTAATCCAACTTGGTTTGATTCTGGTTCTCAATTTATCTTAAATTCTCAACAATTGGTTGAAGCTTTGTCTTTGTGTGATGATTTGTTG,0.09150363969890826,0.16111195145463414,0.14588599632965846,0.15248615921142666,0.1718832788685092,0.11794602693483171,0.063648660997497,0.09553428650453452,1240.0307373309367
AAAGATGAACAAAGAGATAATAATGGTGAAGAAGATCCAACTTGGTTTGATTCTGGTTCTCAATTTATCTTAAATTCTCAACAATTGGTTGAAGCTTTGTCTTTGTGTGATGATTTGTTG,0.46563104293514673,0.16933098275825145,0.06282719950290039,0.06855787006641685,0.04975328347548357,0.041137342491297114,0.06243594928413419,0.08032632948636978,929.2111696842094
AAAGATGAAGAAAGAGATAATGGTGAACAAGATAATCCAACTTGGTTTGATTCTGGTTCTCAATTTATCTTAAATTCTCAACAATTGGTTGAAGCTTTGTCTTTGTGTGATGATTTGTTG,0.0867487110083563,0.10781637947609596,0.05714759741699687,0.0907057647138728,0.11565311882738194,0.14967404602455586,0.20350365030003142,0.18875073223270897,2122.2166182134365
AAAGATGAAGATAATAGAAATCAAGGTGAAGAAGATCCAACTTGGTTTGATTCTGGTTCTCAATTTATCTTAAATTCTCAACAATTGGTTGAAGCTTTGTCTTTGTGTGATGATTTGTTG,0.011318872908158169,0.02277637053253098,0.02816920156587181,0.11946139621289169,0.26211172568597196,0.27493591077306334,0.2204510224436878,0.06077549987782419,1610.244599674071
AAAGATGAAGATAGAAATAATCAAGGTGAAGAAGATCCAACTTGGTTTGATTCTGGTTCTCAATTTATCTTAAATTCTCAACAATTGGTTGAAGCTTTGTCTTTGTGTGATGATTTGTTG,0.1187417997001671,0.19911488019574858,0.1477559522572936,0.06595905559498398,0.117008936193436,0.21767874961424502,0.1101268624245235,0.023613764019602242,968.5662476490711
AAAGATGAGAATAATCAAAGAGATGGTGAAGAAGATCCAACTTGGTTTGATTCTGGTTCTCAATTTATCTTAAATTCTCAACAATTGGTTGAAGCTTTGTCTTTGTGTGATGATTTGTTG,0.017058431506683423,0.04535906822722704,0.08793877511885644,0.19086705407202642,0.2917646943019311,0.24235568172722788,0.08249422741820284,0.042162067627844906,1173.3690058833881
AAAGATGAGAATGAAGGTAGAAATGATCAAGAAGATCCAACTTGGTTTGATTCTGGTTCTCAATTTATCTTAAATTCTCAACAATTGGTTGAAGCTTTGTCTTTGTGTGATGATTTGTTG,0.20309798027267972,0.26272500814537825,0.22217518855528326,0.121495750950028,0.04178623256975961,0.07773743743672784,0.04967811323410656,0.02130428883603686,626.7975819422489
AAAGATGAGAATGATAGAAATCAAGGTGAAGAAGATCCAACTTGGTTTGATTCTGGTTCTCAATTTATCTTAAATTCTCAACAATTGGTTGAAGCTTTGTCTTTGTGTGATGATTTGTTG,0.007273237049441121,0.007927590139315212,0.0030168092139045027,0.00875367958803954,0.023890315850209495,0.09666698114412056,0.5357091152004917,0.31676227181447797,3560.7757584677156
AAAGATGATAATAATAGAGAACAAGGTGAAGAAGATCCAACTTGGTTTGATTCTGGTTCTCAATTTATCTTAAATTCTCAACAATTGGTTGAAGCTTTGTCTTTGTGTGATGATTTGTTG,0.25736365771322367,0.11508428989444525,0.10674986235641504,0.03176914363789406,0.16907187348187894,0.18347849210096265,0.0,0.13648268081518045,1364.6136105379437
AAAGATGATAATAATGAAAGACAAGGTGAAGAAGATCCAACTTGGTTTGATTCTGGTTCTCAATTTATCTTAAATTCTCAACAATTGGTTGAAGCTTTGTCTTTGTGTGATGATTTGTTG,0.07686302792518747,0.05155580473077382,0.055792476752076214,0.11385628862889492,0.11361198608462593,0.14090613290827578,0.17227564315562582,0.27513863981454006,2572.8542918599355
AAAGATGATAATCAAGAAAGAAATGGTGAAGAAGATCCAACTTGGTTTGATTCTGGTTCTCAATTTATCTTAAATTCTCAACAATTGGTTGAAGCTTTGTCTTTGTGTGATGATTTGTTG,0.22372293145981884,0.2372601083821631,0.1780685529276515,0.19704752853090177,0.07348600711316758,0.055423147857513115,0.02056221267673938,0.014429511052044664,520.6568131926067
AAAGATGATAATCAGAATAGAGAAGAAGGTGAAGATCCAACTTGGTTTGATTCTGGTTCTCAATTTATCTTAAATTCTCAACAATTGGTTGAAGCTTTGTCTTTGTGTGATGATTTGTTG,0.1643724726773428,0.19544793924963696,0.1301594789600586,0.10514038110229286,0.10798246400186823,0.12327111495997158,0.0785332750302647,0.09509287401856419,1224.1849761065525
AAAGATGATAATGAAAGAAATCAAGGTGAAGAAGATCCAACTTGGTTTGATTCTGGTTCTCAATTTATCTTAAATTCTCAACAATTGGTTGAAGCTTTGTCTTTGTGTGATGATTTGTTG,0.0013208179683844299,0.00016874998627231335,0.013513677080652046,0.07383503390381442,0.23024907582917517,0.4706427237122052,0.18958181370681923,0.020688107812677124,1483.9085021395206
AAAGATGATAGAAATGAGAATCAAGGTGAAGAAGATCCAACTTGGTTTGATTCTGGTTCTCAATTTATCTTAAATTCTCAACAATTGGTTGAAGCTTTGTCTTTGTGTGATGATTTGTTG,0.0031395098361162057,0.012003192880282424,0.014063897969040241,0.025112800231743403,0.026605762085257605,0.033381223360835884,0.32378466383960014,0.5619089497971241,4497.570860463286
AAAGATGATAGAGAAGGTAATGAACAGAATGAAGATCCAACTTGGTTTGATTCTGGTTCTCAATTTATCTTAAATTCTCAACAATTGGTTGAAGCTTTGTCTTTGTGTGATGATTTGTTG,0.10378119450194849,0.09638465539803187,0.12913977435709376,0.11529738634841041,0.11799999141207067,0.13903089712440003,0.1554834779318802,0.14288262292616458,1728.9532663996085
AAAGATGATAGAGAGAATAATCAAGGTGAAGAAGATCCAACTTGGTTTGATTCTGGTTCTCAATTTATCTTAAATTCTCAACAATTGGTTGAAGCTTTGTCTTTGTGTGATGATTTGTTG,0.1253704218667338,0.12613814137794327,0.05200141852488084,0.17023390455276757,0.10981406513808703,0.06384178093297048,0.21962973537732808,0.13297053222928895,1734.5041177491894
AAAGATGATAGATTCTTGGAAGAATGTCAGAAGATTGTCTTGGATCCATCTAATATTGAATTGGATACTCCACCAGAATTTAGATTGTCTCAATTGGAATTTGGTTCTCAAGATTCATTT,0.09286887082075036,0.06229170901596884,0.06933663702838547,0.06878277662375298,0.18912807567201717,0.1475484547043077,0.22968283308764725,0.14036064304717025,1920.1244882944864
AAAGATGATCAAAGAGGTAATGATGAAGAAGAGAATCCAACTTGGTTTGATTCTGGTTCTCAATTTATCTTAAATTCTCAACAATTGGTTGAAGCTTTGTCTTTGTGTGATGATTTGTTG,0.0094476401003606,0.03998705307438655,0.1279045276049894,0.24781679584932992,0.34378994848944816,0.22290549987018862,0.007877551508360649,0.00027098350293619245,765.8535555543452
AAAGATGATCAAGAAAGAGGTGATAATAATGAAGAACCAACTTGGTTTGATTCTGGTTCTCAATTTATCTTAAATTCTCAACAATTGGTTGAAGCTTTGTCTTTGTGTGATGATTTGTTG,0.08302859784812584,0.06265277442141787,0.0774872637770483,0.13836293323665344,0.24545074941696735,0.25685255634542464,0.08663030937767041,0.04953481557669213,1199.7037168178886
AAAGATGATGAAAGAAATAATCAAGGTGAAGAAGATCCAACTTGGTTTGATTCTGGTTCTCAATTTATCTTAAATTCTCAACAATTGGTTGAAGCTTTGTCTTTGTGTGATGATTTGTTG,0.00021279025543173092,0.002393952353087652,0.0003129275221325381,0.00031162181333590133,0.000304996206231633,0.001968178308001619,0.3082816536753135,0.6862138798664652,5165.101479336324
AAAGATGATGAAGATGGTAATGAAGAACAGAATAGACCAACTTGGTTTGATTCTGGTTCTCAATTTATCTTAAATTCTCAACAATTGGTTGAAGCTTTGTCTTTGTGTGATGATTTGTTG,0.14622001487553626,0.18389426144171456,0.13646128148363468,0.06091705352261037,0.14408614686636595,0.08376628451147226,0.13561148224610664,0.10904347505255926,1410.2850780889942
AAAGATGATGAGAATAGAAATCAAGGTGAAGAAGATCCAACTTGGTTTGATTCTGGTTCTCAATTTATCTTAAATTCTCAACAATTGGTTGAAGCTTTGTCTTTGTGTGATGATTTGTTG,0.08871634500443135,0.12983215892499764,0.1706087242849405,0.15232131305957863,0.1192113535206441,0.05174774238868743,0.10471975821099129,0.18284260460572907,1770.6214716936618
AAAGATGATGATAATAATGAAGAAGGTCAAGAAAGACCAACTTGGTTTGATTCTGGTTCTCAATTTATCTTAAATTCTCAACAATTGGTTGAAGCTTTGTCTTTGTGTGATGATTTGTTG,0.10411013876483965,0.08728972383637637,0.15114061086290673,0.15421710968687388,0.19663237246379311,0.12723722051106234,0.09655675556294785,0.08281606831120002,1263.2772974657219
AAAGATGATTTGTTGATTGTTGAAACTGAGAATAATGAAGGTATTGATAATATTGAGAATAATGCTGAAGAAGATTCTAAATGGTGGGATTCTGAAGATCAGAATTTGTTGTCTGATCAA,0.1345463953008716,0.09024686992701922,0.13021738078817216,0.21591047217507084,0.1915086142026928,0.17813748691417297,0.04159493512374252,0.017837845568257966,801.2184658784531
AAAGATGATTTGTTGATTGTTGAAACTGAGAATAATGAAGGTATTGATAATATTGAGAATAATGCTGAAGAAGATTCTAAATGGTGGGATTCTGAAGCTCAGAATTTGTTGTCTGCTCAA,0.0015844474095032754,0.0021582016938007814,0.000590577884196631,0.0013089757638642195,0.004832039582791577,0.019867908501353157,0.35821410282371674,0.6114437463407735,4847.858879616297
AAAGATGATTTGTTGATTGTTGAAACTGAGAATAATGAAGGTATTGATAATATTGAGAATAATGCTGAAGAAGATTCTAAATGGTGGGATTCTGAAGCTCAGAATTTGTTGTCTTCTCAA,0.20297721330642982,0.034036694417660746,0.2104783341835909,0.03758346634125473,0.16667921392231289,0.12403333985812175,0.06275028030442004,0.16146145766620906,1613.1062710806596
AAAGATGATTTGTTGATTGTTGAAACTGAGAATAATGAAGGTATTGATAATATTGAGAATAATGCTGAAGAAGATTCTAAATGGTGGGATTCTGAATCTCAGAATTTGTTGTCTGATCAA,0.06374612726829715,0.13320654298883342,0.11593255635302864,0.12529654238880103,0.1111357265608294,0.13483856418735002,0.16372032309919696,0.15212361715366338,1801.342828477874
AAAGATGATTTGTTGATTGTTGAAACTGAGAATAATGAAGGTATTGATAATATTGAGAATAATGCTGAAGAAGATTCTAAATGGTGGGATTCTGAATCTCAGAATTTGTTGTCTGCTCAA,0.1097052791272554,0.22863821937199033,0.2697725064284188,0.23215017789425357,0.07206952697869011,0.05027822562653369,0.021802705315587492,0.015583359257270637,551.7089439609998
AAAGATGATTTGTTGATTGTTGAAACTGAGAATAATGAAGGTATTGATAATATTGAGAATAATGCTGAAGAAGATTCTAAATGGTGGGATTCTGAATCTCAGAATTTGTTGTCTTCTCAA,0.17845348467628494,0.2194454339455356,0.2714042016787951,0.17622734888795688,0.039077603589766696,0.018174603077492853,0.07355837963172117,0.02365894451244685,649.192986130799
AAAGATGCTCAAGCTGGTAAAGAACCAGGTGGTTCTAGAGCTCATTCTTCTCATTTGAAATCTAAGAAAGGTCAATCTACTTCTAGACATAAGAAATTGATGTTTAAGACTGAAGGTCCA,0.12560819028840492,0.1263773658005893,0.1563001218967754,0.13954643819343368,0.10830323159113465,0.1295247886859166,0.10193319821189249,0.11240666533185291,1406.9216422342329
AAAGATGCTTTGTTGGATCATACTCCAATGTTTGATGAATTGGACTTTATTATGGATGGTGCTAAAGTTAATTCTAAAGAAGATTGGGTTGCTTTGTTTGGTGGTGATGGTAATGGTGAT,0.2057896357432222,0.16723253975046032,0.13788580037002376,0.20224546119917847,0.12479165288434449,0.13058854018597274,0.02202221733443667,0.009444152532361251,605.0833128520491
AAAGATGCTTTGTTGGATCATGATCCAATGTTTGATGAATTGGACTTTATTATGGATGGTGCTAAAGTTAATTCTAAAGAAGATTGGGTTGCTTTGTTTGGTGGTGATGGTAATGGTGAT,0.2813693131151194,0.31484097908458897,0.09162043348558863,0.1256209882697728,0.07514608415011031,0.06748906252361675,0.021949523733557425,0.02196361563764573,553.5828452844787
AAAGATGCTTTGTTGGATCATGCTCCAATGTTTGATGAATTGGACTTTATTATGGATGGTGCTAAAGTTAATTCTAAAGAAGATTGGGTTGCTTTGTTTGGTGGTGATGGTAATGGTGAT,0.006869711107770537,0.00035187236184484086,0.0005284404573900217,0.008936396902335038,0.00398782598252983,0.0008930027549329879,0.2930798393717432,0.6853529110614535,5126.3415730561055
AAAGATGGTAATGAATCTGCTCCAGCTGCTTCTTCTTCTCAATATAATGGATTTCAATCTCATTCTTTGTATGGTTCTGATAGAGCTAGAGATTTGCCATCTCAACAAACTAATCCAGAT,0.45043210478794005,0.2785690029747326,0.16260625824752994,0.060720913294235734,0.01646817905835749,0.012590165209528811,0.01427269655716617,0.0043406798705091934,309.4756373131835
AAAGATGGTCAGAATGAAGATGAAGATAGAAATGAACCAACTTGGTTTGATTCTGGTTCTCAATTTATCTTAAATTCTCAACAATTGGTTGAAGCTTTGTCTTTGTGTGATGATTTGTTG,0.09461129457365654,0.1668580449458574,0.19638140186288486,0.22275533282571433,0.17006932073720948,0.1280849455153815,0.012374510055486709,0.008865149483809278,621.063819338809
AAAGATGGTCATATGCAGAAAGGTGATGGTTTGAGAGCTTCTGATGATTTGCAGAAAGTTGTCTTGTGTAGAATTAGATATAAGAAAGAAGCTAATGTTAATGAATTTGGTTTGGTTAAT,0.18485737184783774,0.04959716432356734,0.16868620141034402,0.219061620156542,0.1457277183404488,0.1242569278570902,0.034289125495909366,0.07352387056826057,1039.2254169539922
AAAGATGGTGAACAGAATGATGAAAGAAATGAAGATCCAACTTGGTTTGATTCTGGTTCTCAATTTATCTTAAATTCTCAACAATTGGTTGAAGCTTTGTCTTTGTGTGATGATTTGTTG,0.16267092340388428,0.16366705662210357,0.19085220665886587,0.19104884176320266,0.1282375826888575,0.07668259550219486,0.06465807725215027,0.022182716108740994,730.7044051845044
AAAGATGGTGAATATGTTATTTCTAAAGTCTTCTATCAACAACAACAAATTAAACAATCTGATAAGATTGAACAAGACTTTCCAGAATCTTCTGGTGCTTTGATTGCTAAAGTTGATCCA,0.08564976299284532,0.12926137304773888,0.09592019062552075,0.17127716588047984,0.09283981248516075,0.23552110579573063,0.15887142842071725,0.03065916075180656,1157.6057751861833
AAAGATGGTGATAATAATAGAGAACAAGAAGAAGATCCAACTTGGTTTGATTCTGGTTCTCAATTTATCTTAAATTCTCAACAATTGGTTGAAGCTTTGTCTTTGTGTGATGATTTGTTG,0.004993572563501327,0.0029804287088629113,0.0016850806608969975,0.09619129790031006,0.22168164425731354,0.572452261381228,0.0996117602728553,0.0004039542550319109,1262.0650420770273
AAAGATGGTGATGAGAATGAACAGAATAGAGAAGATCCAACTTGGTTTGATTCTGGTTCTCAATTTATCTTAAATTCTCAACAATTGGTTGAAGCTTTGTCTTTGTGTGATGATTTGTTG,0.00683624439762466,0.003439053444513296,0.0042533286651591775,0.09957673353228,0.4296376845263141,0.2377651453466472,0.21169431070672695,0.006797499380734476,1300.9504197930737
AAAGATTTGATGGAAGATGAAGAACAAGAGAAAGATAGAGATAATGAGAATCAAGGTGAAGAAGATCCAACTTGGTTTGATTCTGGTTCTCAATTTATCTTAAATTCTCAACAATTGGTT,0.16995073042913594,0.09770939562462555,0.09063326144188795,0.21578228112404582,0.26316800276285146,0.11126982659992561,0.02251721292535153,0.028969289092176137,780.7051850136153
AAAGATTTGGAAGAATGTCAAAGATTGGAACCAACTGATAATACTAATTTGGAATTGGATTCTACTAATGAATTTAGATTGGATCAAATTGAATTTGATCAAGATTCATTTACTACTTGG,0.4779236434498889,0.04007085510263931,0.049558554234569605,0.0,0.0,0.0365056160298894,0.11081234970442948,0.2851289814785833,2245.2617320126565
AAAGATTTGGAAGAATGTCAAAGATTGGAACCAACTGATAATACTAATTTGGAATTGGATTCTACTAATGAATTTAGATTGGATCAAATTGAGTTCTCTCAAGATTCATTTACTACTTGG,0.11323902233388297,0.09114596311295657,0.1409085900658138,0.07548282732957474,0.17853834214848932,0.12455459923003605,0.1680373147806824,0.10809334099856399,1552.3737549268835
AAAGATTTGGAAGAATGTCAAAGATTGGAACCAACTGATAATACTAATTTGGAATTGGATTCTACTAATGAATTTAGATTGGCTCAAATTGAGTTCTCTCAAGATTCATTTACTACTTGG,0.06682177359011333,0.058128986352716315,0.06473733721180493,0.09812077977674395,0.19020734452357224,0.2633136519309304,0.20104038315856815,0.05762974345555073,1486.5626168370509
AAAGATTTGGAAGAATGTCAAAGATTGGAACCAACTGATAATACTAATTTGGAATTGGATTCTACTAATGAATTTAGATTGTCTCAAATTGAATTTGATCAAGATTCATTTACTACTTGG,0.02197717817850684,0.004422351567286733,0.005469445297095192,0.0146495396326215,0.095288394491692,0.1329530412835941,0.41580694204267854,0.3094331075065251,3313.2724800013816
AAAGATTTGGAAGAATGTCAAAGATTGGAACCAACTGATAATACTAATTTGGAATTGGATTCTACTAATGAATTTAGATTGTCTCAAATTGAGTTCTCTCAAGATTCATTTACTACTTGG,0.30620863596083353,0.26407177550127814,0.0816492147127726,0.04859820093202108,0.17242283840107245,0.040096069891230664,0.060855564181171815,0.026097700419619806,669.9221586201699
AAAGATTTGGAAGAATGTCAAAGATTGGATCCATCTGATGGTACTAATTTGGAATTGGAGAATGCTTCTGAATTTAGATTGGATCAAATTGAATTTGATCAAGATTCATTTACTACTGCT,0.03281753990110456,0.037145814414163245,0.04594094270052936,0.054688760258646656,0.13541795339482088,0.1992848646515487,0.32338852075335045,0.1713156039258361,2359.4012692488373
AAAGATTTGGAAGAATGTCAAAGATTGGATCCATCTGATGGTACTAATTTGGAATTGGAGAATGCTTCTGAATTTAGATTGGATCAAATTGAGTTCTCTCAAGATTCATTTACTACTGCT,0.001421473885818389,0.09216705482015976,0.06524929416592369,0.28917076302726036,0.42504359895686467,0.11451312621856716,0.005273373301023137,0.007161315624382824,728.540926063901
AAAGATTTGGAAGAATGTCAAAGATTGGATCCATCTGATGGTACTAATTTGGAATTGGAGAATGCTTCTGAATTTAGATTGGCTCAAATTGAATTTGCTCAAGATTCATTTACTACTGCT,0.07357229305818383,0.13760652631784312,0.24165864047064614,0.24449788895612148,0.204914805862657,0.07824393435921355,0.01034139890978,0.0091645120655549,592.2381168756855
AAAGATTTGGAAGAATGTCAAAGATTGGATCCATCTGATGGTACTAATTTGGAATTGGAGAATGCTTCTGAATTTAGATTGGCTCAAATTGAGTTCTCTCAAGATTCATTTACTACTGCT,0.010248894973060217,0.05155827602039005,0.05101270959858528,0.15940644474499926,0.30297981864452295,0.2536431968523924,0.08554786811354048,0.0856027910525094,1454.5928464177778
AAAGATTTGGAAGAATGTCAAAGATTGGATCCATCTGATGGTACTAATTTGGAATTGGAGAATGCTTCTGAATTTAGATTGTCTCAAATTGAATTTGATCAAGATTCATTTACTACTGCT,0.06238198207804855,0.12552796995708487,0.18112454732985828,0.1617099535339593,0.14343375192547086,0.1715389849003873,0.15428281027519072,0.0,922.1008421178976
AAAGATTTGGAAGAATGTCAAAGATTGGATCCATCTGATGGTACTAATTTGGAATTGGAGAATGCTTCTGAATTTAGATTGTCTCAAATTGAATTTGCTCAAGATTCATTTACTACTGCT,0.02292407805417492,0.02306445615721254,0.028525498106547344,0.05093574605259911,0.14683197454643607,0.11556783553562819,0.39332653483805774,0.21882387670934403,2724.9989991820185
AAAGCTAAATTGGAATCTGCTCAAGATAGAAATCCATCTCCACCAGTTGATGAAGTTGTTGAATTGGTTTGGGAGAATGGTCAAATTTCTACTCAATCTCAATCTTCTAGATCTAGAAAT,0.17852817284848874,0.15198734664440788,0.17088532397178852,0.13731143782465244,0.1894553385427604,0.08811378545813384,0.05094634571645779,0.0327722489933104,792.5612421161826
AAAGCTACTGGTAGAGATAAGATTATTTGTTCTTGTGTTAGAAGAATTGGTTTGAGGAAGACTTTGGTCTTCTATAAAGGTAGAGCTCCACATGGTCAGAAATCTGATTGGATTATGCAT,0.6200528389119189,0.20324012160711047,0.10387575683774776,0.03413176282076868,0.0014203734391456974,0.014533232960862164,0.008937675664938242,0.013808237757508024,321.4351025531426
AAAGCTAGAGATAATGAGAATCAAGGTGAAGAAGATCCAACTTGGTTTGATTCTGGTTCTCAATTTATCTTAAATTCTCAACAATTGGTTGAAGCTTTGTCTTTGTGTGATGATTTGTTG,0.0005513271262755339,0.0006471537780457387,0.00034302101178277836,0.09453005156750774,0.2672038578305871,0.4443705909478979,0.15825580651376173,0.0340981912241415,1486.4383558928457
AAAGCTAGAGATAATGAGAATCAAGGTGAAGAAGATCCAACTTGGTTTGATTCTGGTTCTCAATTTATCTTAAATTCTCAACAATTGGTTGAAGCTTTGTCTTTGTGTGATGCTTTGTTG,0.09196385027975101,0.09252700099053635,0.1602088634996302,0.08173497425368523,0.01812435438347318,0.033717824707316886,0.17058340556334628,0.35113972632226076,2862.265787111669
AAAGCTAGAGATAATGAGAATCAAGGTGAAGAAGATCCAACTTGGTTTGATTCTGGTTCTCAATTTATCTTAAATTCTCAACAATTGGTTGAAGCTTTGTCTTTGTGTGCTGATTTGTTG,0.19297168116081823,0.19415336438826658,0.08004121710749573,0.17865415939014692,0.15846295060024598,0.029479814165493175,0.089485614319001,0.07675119886853243,1070.0036143671555
AAAGCTAGAGATAATGAGAATCAAGGTGAAGAAGATCCAACTTGGTTTGATTCTGGTTCTCAATTTATCTTAAATTCTCAACAATTGGTTGCTGCTTTGTCTTTGTGTGATGATTTGTTG,0.025290673813626725,0.05586647375328054,0.12949873693055577,0.24203037790704662,0.2953192001530807,0.22104882366767772,0.026754329512111468,0.004191384262620377,803.3676937638082
AAAGCTAGAGATAATGAGAATCAAGGTGAAGAAGATCCAACTTGGTTTGCTTCTGGTTCTCAATTTATCTTAAATTCTCAACAATTGGTTGAAGCTTTGTCTTTGTGTGATGATTTGTTG,0.15044394765817784,0.30273041530218336,0.06240147054003038,0.0,0.1482484375062035,0.22982955802671307,0.04650965362994816,0.05983651733674377,1043.8288791052178
AAAGCTAGAGATAATGAGAATCAAGGTGAAGAAGCTCCAACTTGGTTTGATTCTGGTTCTCAATTTATCTTAAATTCTCAACAATTGGTTGAAGCTTTGTCTTTGTGTGATGATTTGTTG,0.05350998326817212,0.047855695566334976,0.0665849646293469,0.09907962683694725,0.12889331412306224,0.0926453526076557,0.2205677109901979,0.29086335197828295,2736.16864858981
AAAGCTAGAGATAATGAGAATCAAGGTGAAGAAGCTCCAACTTGGTTTGCTTCTGGTTCTCAATTTATCTTAAATTCTCAACAATTGGTTGCTGCTTTGTCTTTGTGTGCTGCTTTGTTG,0.054944977262026844,0.1221669755202284,0.19405266181714692,0.28306694977816615,0.1951835524652019,0.12674965857206777,0.019630614731545447,0.0042046098536166095,639.8885369117837
AAAGCTAGAGATAATGAGAATCAAGGTGAAGCTGATCCAACTTGGTTTGATTCTGGTTCTCAATTTATCTTAAATTCTCAACAATTGGTTGAAGCTTTGTCTTTGTGTGATGATTTGTTG,0.03724909166141632,0.05410459437884898,0.15766274696549432,0.24500147496524244,0.2932207055814311,0.19340010617644196,0.01925205674091199,0.00010922353021293453,730.7159153140096
AAAGCTAGAGATAATGAGAATCAAGGTGCTGAAGATCCAACTTGGTTTGATTCTGGTTCTCAATTTATCTTAAATTCTCAACAATTGGTTGAAGCTTTGTCTTTGTGTGATGATTTGTTG,0.09366214670511885,0.05654141827205643,0.13985780621640043,0.1040554675315366,0.14767245469053233,0.291894180104606,0.12161349852264287,0.04470302795710643,1235.763537621337
AAAGCTAGAGATAATGAGAATCAAGGTGCTGCTGCTCCAACTTGGTTTGCTTCTGGTTCTCAATTTATCTTAAATTCTCAACAATTGGTTGCTGCTTTGTCTTTGTGTGCTGCTTTGTTG,0.089831579484144,0.17088334429098587,0.2276228842397646,0.2579479706067298,0.13499837072894288,0.09439895140628789,0.015691430140599517,0.008625469102545582,582.5700071012138
AAAGCTAGAGATAATGCTAATCAAGGTGAAGAAGATCCAACTTGGTTTGATTCTGGTTCTCAATTTATCTTAAATTCTCAACAATTGGTTGAAGCTTTGTCTTTGTGTGATGATTTGTTG,0.17656585066867284,0.21696240638039707,0.15127512648216063,0.14149149978311498,0.08556842430174708,0.057042394454380904,0.08993139336678231,0.08116290456274418,1088.8728449766159
AAAGCTAGAGATAATGCTAATCAAGGTGAAGCTGCTCCAACTTGGTTTGCTTCTGGTTCTCAATTTATCTTAAATTCTCAACAATTGGTTGCTGCTTTGTCTTTGTGTGCTGCTTTGTTG,0.10106353152787366,0.07626180385016158,0.08056375701585129,0.04736734663220663,0.04357003725373963,0.033290839234080626,0.21089516696583038,0.40698751752025614,3295.4533303870494
AAAGCTAGAGATAATGCTAATCAAGGTGCTGAAGCTCCAACTTGGTTTGCTTCTGGTTCTCAATTTATCTTAAATTCTCAACAATTGGTTGCTGCTTTGTCTTTGTGTGCTGCTTTGTTG,0.16565276960915362,0.0851854386056107,0.10535505589581726,0.09406213262994728,0.09431373401196264,0.0641094719939003,0.13656387081552435,0.25475752643808386,2258.7787129879475
AAAGCTAGAGATAATGCTAATCAAGGTGCTGCTGATCCAACTTGGTTTGCTTCTGGTTCTCAATTTATCTTAAATTCTCAACAATTGGTTGCTGCTTTGTCTTTGTGTGCTGCTTTGTTG,0.04707962586836658,0.21315565401484876,0.09763895232713388,0.15691160153630046,0.28608749862677507,0.12946031789829038,0.05094123055047261,0.018725119177812246,815.1613368884381
AAAGCTAGAGATAATGCTAATCAAGGTGCTGCTGCTCCAACTTGGTTTGATTCTGGTTCTCAATTTATCTTAAATTCTCAACAATTGGTTGCTGCTTTGTCTTTGTGTGCTGCTTTGTTG,0.10125674868719939,0.17792568844274625,0.20585668599750065,0.2313232486285513,0.12788582979575153,0.09281248262991583,0.035712399631077134,0.02722691618725779,728.303241896883
AAAGCTAGAGATAATGCTAATCAAGGTGCTGCTGCTCCAACTTGGTTTGCTTCTGGTTCTCAATTTATCTTAAATTCTCAACAATTGGTTGAAGCTTTGTCTTTGTGTGCTGCTTTGTTG,0.0475332225803286,0.04707704282746984,0.04898177428742532,0.08911315868226033,0.14930104801064104,0.18993451828298805,0.2658852397188717,0.16217399561001516,2172.3946602179426
AAAGCTAGAGATAATGCTAATCAAGGTGCTGCTGCTCCAACTTGGTTTGCTTCTGGTTCTCAATTTATCTTAAATTCTCAACAATTGGTTGCTGCTTTGTCTTTGTGTGATGCTTTGTTG,0.06179926606439436,0.08887808026039504,0.3899832009780491,0.30696668086975754,0.0686792324615421,0.07920275493367873,0.0022994377474625577,0.002191346684720511,488.65431988682803
AAAGCTAGAGATAATGCTAATCAAGGTGCTGCTGCTCCAACTTGGTTTGCTTCTGGTTCTCAATTTATCTTAAATTCTCAACAATTGGTTGCTGCTTTGTCTTTGTGTGCTGATTTGTTG,0.14313205044742028,0.22031677361757138,0.22097788981627003,0.18624518246472258,0.19572883519024276,0.0216186627715036,0.009221558772356307,0.002759046919913026,459.0274331081281
AAAGCTAGAGATAATGCTAATCAAGGTGCTGCTGCTCCAACTTGGTTTGCTTCTGGTTCTCAATTTATCTTAAATTCTCAACAATTGGTTGCTGCTTTGTCTTTGTGTGCTGCTTTGTTG,0.346318287108122,0.25342858233758353,0.2383497262642304,0.1268837466944367,0.00039639641054887124,0.02387462140927456,0.010228656641102382,0.0005199831347016627,313.49445099653855
AAAGCTAGAGCTAATGAGAATCAAGGTGAAGAAGATCCAACTTGGTTTGATTCTGGTTCTCAATTTATCTTAAATTCTCAACAATTGGTTGAAGCTTTGTCTTTGTGTGATGATTTGTTG,0.06372261399799277,0.06624992061839613,0.04361115920808521,0.04129630305664772,0.01988434718436004,0.012655173286308177,0.23935265280947454,0.5132278298387355,3975.0694410490914
AAAGCTAGAGCTAATGAGAATCAAGGTGAAGAAGATCCAACTTGGTTTGCTTCTGGTTCTCAATTTATCTTAAATTCTCAACAATTGGTTGCTGCTTTGTCTTTGTGTGCTGCTTTGTTG,0.21793857602026007,0.22227688849970303,0.1708875560341585,0.08291861796686029,0.10590809431423179,0.07662168380772288,0.06645262325893565,0.05699596009812779,902.377303931225
AAAGCTAGAGCTAATGAGAATCAAGGTGAAGAAGCTCCAACTTGGTTTGCTTCTGGTTCTCAATTTATCTTAAATTCTCAACAATTGGTTGAAGCTTTGTCTTTGTGTGCTGCTTTGTTG,0.2930107504304814,0.2093942296552606,0.2044524812793029,0.12473387982046584,0.07825519515600918,0.04769092977358215,0.02285766827077536,0.019604865614122644,529.9779037669379
AAAGCTAGAGCTAATGAGAATCAAGGTGAAGCTGCTCCAACTTGGTTTGCTTCTGGTTCTCAATTTATCTTAAATTCTCAACAATTGGTTGCTGCTTTGTCTTTGTGTGCTGCTTTGTTG,0.045772797656085856,0.36041550571114433,0.030542279633188545,0.2137259037232898,0.2699751694102208,0.0650615725339831,0.007382938520511907,0.007123832811575647,568.1079075953018
AAAGCTAGAGCTAATGAGAATCAAGGTGCTGAAGCTCCAACTTGGTTTGCTTCTGGTTCTCAATTTATCTTAAATTCTCAACAATTGGTTGCTGCTTTGTCTTTGTGTGCTGCTTTGTTG,0.038467352535634214,0.0483786394781857,0.05684172826163663,0.08413634973450979,0.18479164074885354,0.20714887545778934,0.28987135883234355,0.09036405495104724,1828.2746787656795
AAAGCTAGAGCTAATGAGAATCAAGGTGCTGCTGATCCAACTTGGTTTGCTTCTGGTTCTCAATTTATCTTAAATTCTCAACAATTGGTTGCTGCTTTGTCTTTGTGTGCTGCTTTGTTG,0.17735749502096648,0.17725393931543554,0.18244053222972584,0.18915663376606576,0.08854973857428743,0.06394295614668416,0.04934696417803562,0.07195174076879902,960.8911847023163
AAAGCTAGAGCTAATGAGAATCAAGGTGCTGCTGCTCCAACTTGGTTTGATTCTGGTTCTCAATTTATCTTAAATTCTCAACAATTGGTTGCTGCTTTGTCTTTGTGTGCTGCTTTGTTG,0.07198789529645465,0.17436543958590456,0.16588498379871602,0.21919378161571665,0.1628931439539066,0.11486189619891692,0.04945558540283776,0.04135727414754685,886.7871432965728
AAAGCTAGAGCTAATGAGAATCAAGGTGCTGCTGCTCCAACTTGGTTTGCTTCTGGTTCTCAATTTATCTTAAATTCTCAACAATTGGTTGAAGCTTTGTCTTTGTGTGCTGCTTTGTTG,0.27217653117392415,0.1744646410011071,0.11471484911664397,0.07803326261521873,0.0951693427492818,0.08450077488050979,0.09975041444584187,0.08119018401747259,1120.5361153225685
AAAGCTAGAGCTAATGAGAATCAAGGTGCTGCTGCTCCAACTTGGTTTGCTTCTGGTTCTCAATTTATCTTAAATTCTCAACAATTGGTTGCTGCTTTGTCTTTGTGTGATGCTTTGTTG,0.06385810537309906,0.09637372121442415,0.04540663712633656,0.0760116307543574,0.12585237878997965,0.1421508045263313,0.27074323050023813,0.17960349171523363,2218.9680634607603
AAAGCTAGAGCTAATGAGAATCAAGGTGCTGCTGCTCCAACTTGGTTTGCTTCTGGTTCTCAATTTATCTTAAATTCTCAACAATTGGTTGCTGCTTTGTCTTTGTGTGCTGATTTGTTG,0.13567930633905192,0.14892016738205352,0.10743859681066557,0.1735737589612717,0.17016270041075,0.0942154430714565,0.09151674299444942,0.0784932840303015,1171.250883808121
AAAGCTAGAGCTAATGAGAATCAAGGTGCTGCTGCTCCAACTTGGTTTGCTTCTGGTTCTCAATTTATCTTAAATTCTCAACAATTGGTTGCTGCTTTGTCTTTGTGTGCTGCTTTGTTG,0.07286333400674976,0.07567434385950178,0.07019399257990075,0.07311494780854341,0.15286451579131846,0.2132872779231449,0.2354294240333676,0.1065721639974733,1784.3806225628205
AAAGCTAGAGCTAATGCTAATCAAGGTGAAGAAGATCCAACTTGGTTTGATTCTGGTTCTCAATTTATCTTAAATTCTCAACAATTGGTTGCTGCTTTGTCTTTGTGTGCTGCTTTGTTG,0.18248303432043236,0.18121606723276798,0.19463326243447956,0.17640356948458957,0.07940102147262972,0.058651340725180995,0.05934514179727881,0.06786656253264092,946.0832318422713
AAAGCTAGAGCTAATGCTAATCAAGGTGAAGAAGCTCCAACTTGGTTTGCTTCTGGTTCTCAATTTATCTTAAATTCTCAACAATTGGTTGCTGCTTTGTCTTTGTGTGCTGCTTTGTTG,0.1941111547689995,0.28888469992078575,0.24054709854393902,0.14684189215292756,0.022312894908431535,0.05241657192590967,0.015153320111742296,0.03973236766726472,628.0187035517295
AAAGCTAGAGCTAATGCTAATCAAGGTGAAGCTGATCCAACTTGGTTTGCTTCTGGTTCTCAATTTATCTTAAATTCTCAACAATTGGTTGCTGCTTTGTCTTTGTGTGCTGCTTTGTTG,0.14135862542390645,0.09481616696728312,0.13681042820474715,0.11342112693931423,0.14703435243681828,0.1583634303724526,0.058267909152977214,0.14992796050250087,1577.4052888885078
AAAGCTAGAGCTAATGCTAATCAAGGTGAAGCTGCTCCAACTTGGTTTGATTCTGGTTCTCAATTTATCTTAAATTCTCAACAATTGGTTGCTGCTTTGTCTTTGTGTGCTGCTTTGTTG,0.07102704184212025,0.15838126170885497,0.22989083813799105,0.2978244364778814,0.10026853008732999,0.10750285548026445,0.012390074959649755,0.022714961305908044,668.8057349163583
AAAGCTAGAGCTAATGCTAATCAAGGTGAAGCTGCTCCAACTTGGTTTGCTTCTGGTTCTCAATTTATCTTAAATTCTCAACAATTGGTTGAAGCTTTGTCTTTGTGTGCTGCTTTGTTG,0.2203690130123247,0.1847653890020274,0.06855385687233721,0.1326121861510505,0.09952848053664588,0.12624464207048267,0.10219041668526335,0.06573601566986821,1094.8994899711115
AAAGCTAGAGCTAATGCTAATCAAGGTGAAGCTGCTCCAACTTGGTTTGCTTCTGGTTCTCAATTTATCTTAAATTCTCAACAATTGGTTGCTGCTTTGTCTTTGTGTGATGCTTTGTTG,0.07359987216976094,0.0702203672016608,0.05526605552713412,0.059210558058851046,0.05251867501278103,0.046525545012259605,0.2671557726646976,0.37550315435285486,3258.03622246012
AAAGCTAGAGCTAATGCTAATCAAGGTGAAGCTGCTCCAACTTGGTTTGCTTCTGGTTCTCAATTTATCTTAAATTCTCAACAATTGGTTGCTGCTTTGTCTTTGTGTGCTGATTTGTTG,0.058354402224878026,0.07548652517009827,0.06742645072987848,0.12734417382054464,0.17045474271955172,0.2559780952009484,0.19522103283675551,0.049734577297344915,1413.8380675336161
AAAGCTAGAGCTAATGCTAATCAAGGTGAAGCTGCTCCAACTTGGTTTGCTTCTGGTTCTCAATTTATCTTAAATTCTCAACAATTGGTTGCTGCTTTGTCTTTGTGTGCTGCTTTGTTG,0.05072691495098855,0.022328926712421617,0.02367069865850968,0.10566727803087088,0.1999465182362979,0.19470436245269046,0.21759044827828417,0.1853648526799367,2234.6644407190724
AAAGCTAGAGCTAATGCTAATCAAGGTGCTGAAGATCCAACTTGGTTTGATTCTGGTTCTCAATTTATCTTAAATTCTCAACAATTGGTTGAAGCTTTGTCTTTGTGTGATGATTTGTTG,0.1271162757805095,0.2057436256572931,0.24758092630943931,0.17806235784355282,0.1307073380877305,0.045593007966888005,0.025629077123909372,0.03956739123067743,716.8518521730969
AAAGCTAGAGCTAATGCTAATCAAGGTGCTGAAGATCCAACTTGGTTTGATTCTGGTTCTCAATTTATCTTAAATTCTCAACAATTGGTTGAAGCTTTGTCTTTGTGTGCTGCTTTGTTG,0.027750511461573306,0.19718814110522667,0.31941409955983585,0.042391080609262395,0.2973826734596764,0.03656463619524126,0.033780023167267956,0.04552883444191625,834.6138619757459
AAAGCTAGAGCTAATGCTAATCAAGGTGCTGAAGATCCAACTTGGTTTGCTTCTGGTTCTCAATTTATCTTAAATTCTCAACAATTGGTTGCTGCTTTGTCTTTGTGTGCTGCTTTGTTG,0.12269017433142827,0.1337282711410366,0.09923491416985171,0.1022284660934809,0.10074974170958427,0.07684662548207669,0.16689020358358714,0.19763160348895453,2003.753579218318
AAAGCTAGAGCTAATGCTAATCAAGGTGCTGAAGCTCCAACTTGGTTTGATTCTGGTTCTCAATTTATCTTAAATTCTCAACAATTGGTTGCTGCTTTGTCTTTGTGTGCTGCTTTGTTG,0.02296292756805263,0.0025378892558332424,0.12706700223472836,0.24757298437039246,0.29998999953057826,0.2401378997907825,0.05848587271392008,0.0012454245357124394,885.4438771675237
AAAGCTAGAGCTAATGCTAATCAAGGTGCTGAAGCTCCAACTTGGTTTGCTTCTGGTTCTCAATTTATCTTAAATTCTCAACAATTGGTTGAAGCTTTGTCTTTGTGTGCTGCTTTGTTG,0.42957820779541106,0.30709774634351683,0.14437879827815242,0.08573592844428062,0.007594008633581032,0.006443421891828694,0.006177254468809446,0.012994634144419882,338.00053088954394
AAAGCTAGAGCTAATGCTAATCAAGGTGCTGAAGCTCCAACTTGGTTTGCTTCTGGTTCTCAATTTATCTTAAATTCTCAACAATTGGTTGCTGCTTTGTCTTTGTGTGATGCTTTGTTG,0.0034635465645945075,0.002964045308985687,0.0018329256990252442,0.0015479988008632202,0.0006669082707717599,0.0006203447497762093,0.31845679574668506,0.6704474348592981,5091.400567396634
AAAGCTAGAGCTAATGCTAATCAAGGTGCTGAAGCTCCAACTTGGTTTGCTTCTGGTTCTCAATTTATCTTAAATTCTCAACAATTGGTTGCTGCTTTGTCTTTGTGTGCTGATTTGTTG,0.11384326450374226,0.1399938175828744,0.11805039728570632,0.049185112965314894,0.11841421508878298,0.11014653716048634,0.19943592503841254,0.1509307303746802,1831.1646207357096
AAAGCTAGAGCTAATGCTAATCAAGGTGCTGAAGCTCCAACTTGGTTTGCTTCTGGTTCTCAATTTATCTTAAATTCTCAACAATTGGTTGCTGCTTTGTCTTTGTGTGCTGCTTTGTTG,0.0015912945268333587,0.0023287839900751985,0.0018001108189655511,0.003214316791205139,0.040199661498963424,0.11018978080287367,0.659433559431584,0.18124249213949978,3045.836709413576
AAAGCTAGAGCTAATGCTAATCAAGGTGCTGCTGATCCAACTTGGTTTGATTCTGGTTCTCAATTTATCTTAAATTCTCAACAATTGGTTGAAGCTTTGTCTTTGTGTGATGCTTTGTTG,0.003079474212384031,0.005921854868416548,0.02302158825274423,0.09181585178670129,0.2526130624582922,0.3666908830905055,0.21392082778343166,0.04293645754752461,1577.4442322108112
AAAGCTAGAGCTAATGCTAATCAAGGTGCTGCTGATCCAACTTGGTTTGATTCTGGTTCTCAATTTATCTTAAATTCTCAACAATTGGTTGCTGCTTTGTCTTTGTGTGCTGCTTTGTTG,0.12143812157535017,0.19549081794397824,0.045333333347677744,0.09443954332501785,0.08376613642641811,0.0667865027987807,0.14641582950627138,0.24632971507650578,2226.2080628728286
AAAGCTAGAGCTAATGCTAATCAAGGTGCTGCTGATCCAACTTGGTTTGCTTCTGGTTCTCAATTTATCTTAAATTCTCAACAATTGGTTGAAGCTTTGTCTTTGTGTGCTGCTTTGTTG,0.0017495345369816413,0.006770265034302917,0.03707798126789968,0.13245719514357068,0.33927634660420736,0.33692096666392546,0.13127375096557298,0.014473959783539207,1233.2207902507316
AAAGCTAGAGCTAATGCTAATCAAGGTGCTGCTGATCCAACTTGGTTTGCTTCTGGTTCTCAATTTATCTTAAATTCTCAACAATTGGTTGCTGCTTTGTCTTTGTGTGATGCTTTGTTG,0.08574467874907035,0.18148306856458912,0.18923458833895845,0.3226535425874968,0.10842409410141868,0.09094615642961504,0.012349841176857279,0.009164030051994225,572.4627019207653
AAAGCTAGAGCTAATGCTAATCAAGGTGCTGCTGATCCAACTTGGTTTGCTTCTGGTTCTCAATTTATCTTAAATTCTCAACAATTGGTTGCTGCTTTGTCTTTGTGTGCTGATTTGTTG,0.005656277217483052,0.09994043797642042,0.32043101912514244,0.21387418028848298,0.2571739545688662,0.05984999738159052,0.018682780340929666,0.024391353101084753,718.5595801651388
AAAGCTAGAGCTAATGCTAATCAAGGTGCTGCTGATCCAACTTGGTTTGCTTCTGGTTCTCAATTTATCTTAAATTCTCAACAATTGGTTGCTGCTTTGTCTTTGTGTGCTGCTTTGTTG,0.08589997983108079,0.05185559866016725,0.06947807493289802,0.09066036529029249,0.18622206860427182,0.22046187903693285,0.16730233244341067,0.12811970120094615,1784.9402876468243
AAAGCTAGAGCTAATGCTAATCAAGGTGCTGCTGCTCCAACTTGGTTTGATTCTGGTTCTCAATTTATCTTAAATTCTCAACAATTGGTTGAAGCTTTGTCTTTGTGTGATGATTTGTTG,0.1365063874120678,0.12570312132742537,0.10940216501425899,0.16964680884206956,0.10715543991551767,0.13572609283477746,0.133040016585558,0.08281996806832517,1307.4823696083888
AAAGCTAGAGCTAATGCTAATCAAGGTGCTGCTGCTCCAACTTGGTTTGATTCTGGTTCTCAATTTATCTTAAATTCTCAACAATTGGTTGAAGCTTTGTCTTTGTGTGCTGCTTTGTTG,0.20155198847054195,0.23409879133455336,0.19363276010282116,0.15147354990936335,0.08762233718390187,0.07878772925274602,0.03161299582246298,0.021219847923609276,614.4590268409062
AAAGCTAGAGCTAATGCTAATCAAGGTGCTGCTGCTCCAACTTGGTTTGATTCTGGTTCTCAATTTATCTTAAATTCTCAACAATTGGTTGCTGCTTTGTCTTTGTGTGATGCTTTGTTG,0.1734536514661762,0.194542218774674,0.10614907762647274,0.19901919200778412,0.12048624546835524,0.10686115896233575,0.05538122344833329,0.04410723224586856,865.8861072709175
AAAGCTAGAGCTAATGCTAATCAAGGTGCTGCTGCTCCAACTTGGTTTGATTCTGGTTCTCAATTTATCTTAAATTCTCAACAATTGGTTGCTGCTTTGTCTTTGTGTGCTGATTTGTTG,0.09422625713334801,0.10617965337316107,0.1735301786783605,0.15492961911845396,0.1745601850117132,0.13473454192727014,0.09438116525847455,0.06745839949921865,1163.8967512920435
AAAGCTAGAGCTAATGCTAATCAAGGTGCTGCTGCTCCAACTTGGTTTGATTCTGGTTCTCAATTTATCTTAAATTCTCAACAATTGGTTGCTGCTTTGTCTTTGTGTGCTGCTTTGTTG,0.04055314076541059,0.059347596167308274,0.10321805860494207,0.18430839670199808,0.2724635916817994,0.2568193921504426,0.07009310682142408,0.013196717106674869,970.4785334152464
AAAGCTAGAGCTAATGCTAATCAAGGTGCTGCTGCTCCAACTTGGTTTGCTTCTGGTTCTCAATTTATCTTAAATTCTCAACAATTGGTTGAAGCTTTGTCTTTGTGTGATGCTTTGTTG,0.19614043615160118,0.19185981460852186,0.14915186046162504,0.13316439312241643,0.12348320011267916,0.08489770860521333,0.07579586857961297,0.04550671835832995,885.1674852184888
AAAGCTAGAGCTAATGCTAATCAAGGTGCTGCTGCTCCAACTTGGTTTGCTTCTGGTTCTCAATTTATCTTAAATTCTCAACAATTGGTTGAAGCTTTGTCTTTGTGTGCTGATTTGTTG,0.15903461114683004,0.2524578192802773,0.1451223945194464,0.10993550262283117,0.0626854931126706,0.07450568038350759,0.09505320710148413,0.10120529183295278,1224.1955604372915
AAAGCTAGAGCTAATGCTAATCAAGGTGCTGCTGCTCCAACTTGGTTTGCTTCTGGTTCTCAATTTATCTTAAATTCTCAACAATTGGTTGAAGCTTTGTCTTTGTGTGCTGCTTTGTTG,0.08486957227611575,0.09067616169021664,0.13951702098615107,0.4155697149483319,0.19255004791086,0.054885579608681366,0.01989053768795721,0.0020413648916859975,569.5975122080563
AAAGCTAGAGCTAATGCTAATCAAGGTGCTGCTGCTCCAACTTGGTTTGCTTCTGGTTCTCAATTTATCTTAAATTCTCAACAATTGGTTGCTGCTTTGTCTTTGTGTGATGATTTGTTG,0.1564087428177292,0.19233686863988456,0.15570134725769827,0.1930720079497673,0.047950368720729906,0.09239084110667418,0.09993091050760164,0.06220891299991502,1030.92401347403
AAAGCTAGAGCTAATGCTAATCAAGGTGCTGCTGCTCCAACTTGGTTTGCTTCTGGTTCTCAATTTATCTTAAATTCTCAACAATTGGTTGCTGCTTTGTCTTTGTGTGATGCTTTGTTG,0.12035306375301838,0.20043497229891005,0.23285587704016447,0.3112447775429063,0.061004070346570835,0.05561059606818943,0.011585753445071175,0.006910889505169557,489.63596773623726
AAAGCTAGAGCTAATGCTAATCAAGGTGCTGCTGCTCCAACTTGGTTTGCTTCTGGTTCTCAATTTATCTTAAATTCTCAACAATTGGTTGCTGCTTTGTCTTTGTGTGCTGATTTGTTG,0.15941022539275337,0.18392524575307298,0.2515786784325582,0.25718464682354464,0.07164608002630399,0.06021541746477092,0.010112273858501662,0.005927432248494207,475.9797912950425
AAAGCTAGAGCTAATGCTAATCAAGGTGCTGCTGCTCCAACTTGGTTTGCTTCTGGTTCTCAATTTATCTTAAATTCTCAACAATTGGTTGCTGCTTTGTCTTTGTGTGCTGCTTTGTTG,0.17788181324799443,0.14317687361308376,0.14264560329691556,0.16687966839030535,0.14022870994957973,0.10869828705283802,0.0733227371390958,0.047166307310187366,934.6929310006469
AAAGCTGAGAATAGAGTTGATGAAGTCTTGGATCATAATGATAATCATGGTGAAGAAGAAGCTAAATGGTGGGATAATGAAGATCAATTCTTGTTGGATGATCAACAATTGGTTGAAGGT,0.0591538781601465,0.1487902835317423,0.14721585186235084,0.26287180743941646,0.17487184056614383,0.05422076415065471,0.08229323227122577,0.07058234201831975,1091.2489702063772
AAAGCTGAGAATAGAGTTGATGAAGTCTTGGATCATAATGATAATCATGGTGAAGAAGAAGCTAAATGGTGGGATAATGAAGATCAATTCTTGTTGGATTCTCAACAATTGGTTGAAGGT,0.13347351822072398,0.2046336882743763,0.10281595740194097,0.19065156518256343,0.18789380964697994,0.11651671195607367,0.04126325583612804,0.022751493481213695,750.4221002459337
AAAGCTGAGAATAGAGTTGATGAAGTCTTGGATCATAATGATAATCATGGTGAAGAAGAAGCTAAATGGTGGGATAATGAAGCTCAATTCTTGTTGGATGCTCAACAATTGGTTGAAGGT,0.24513581140585258,0.32884923653179404,0.15251695417323674,0.09077919010642149,0.05367964700241425,0.07489760282006837,0.03789179245245216,0.016249765507760437,553.3875798660684
AAAGCTGAGAATAGAGTTGATGAAGTCTTGGATCATAATGATAATCATGGTGAAGAAGAAGCTAAATGGTGGGATAATGAAGCTCAATTCTTGTTGGATTCTCAACAATTGGTTGAAGGT,0.005006960722573819,0.006674749726205304,0.021462415953292874,0.12385306819762563,0.33523802470739916,0.41021465990747896,0.09224483010562881,0.0053052906797956,1161.739859342593
AAAGCTGAGAATAGAGTTGATGAAGTCTTGGATCATAATGATAATCATGGTGAAGAAGAAGCTAAATGGTGGGATAATGAATCTCAATTCTTGTTGGATGATCAACAATTGGTTGAAGGT,0.13816874925336634,0.21386898572959917,0.15870444044017348,0.14169303977596612,0.05236629912756068,0.04871008525865225,0.1577161241132852,0.08877227630139682,1272.030853571799
AAAGCTGAGAATAGAGTTGATGAAGTCTTGGATCATAATGATAATCATGGTGAAGAAGAAGCTAAATGGTGGGATAATGAATCTCAATTCTTGTTGGATGCTCAACAATTGGTTGAAGGT,0.07243103386166722,0.06858783362966384,0.07952586106677521,0.06153467520433748,0.07137400848685718,0.05076934105397315,0.24499492687320062,0.35078231982352526,3072.4602250077382
AAAGCTGAGAATAGAGTTGATGAAGTCTTGGATCATAATGATAATCATGGTGAAGAAGAAGCTAAATGGTGGGATAATGAATCTCAATTCTTGTTGGATTCTCAACAATTGGTTGAAGGT,0.058830898518101526,0.0887867339541527,0.08052663005031299,0.137254178112495,0.15652533770231278,0.11863438238668828,0.19096912791626938,0.1684727113596673,1971.8338150105783
AAAGCTGGTAAATTCTCTGCTCCAGGATTTAGATTTCATCCAACTGATGAAGAATTGGTTGTTTATTATTTGAAGAGGAAGATTTGTTGTAAGAAATTGAGAGTTAATGCTATTGGTGTT,0.4367923500648377,0.2757371556604125,0.18867264789704993,0.053390872158123506,0.014484889618061925,0.012479078265119613,0.008963424172238577,0.009479582164156371,329.1164630765049
AAAGCTGGTAATGAATTGGGTCATGAATTGGAAATGTTGGATGATAAAGAAGAACAAGAGAAAGATAGAGATAATGAGAATCAAGGTGAAGAAGATCCAACTTGGTTTGATTCTGGTTCT,0.1502912141457778,0.11340865414372367,0.18701435819641682,0.2504526605031332,0.1851224161460199,0.06887886922690292,0.0,0.04483182763802562,754.2924567331092
AAAGCTGGTGCTGAACCACATCCATTTATTGATGAATTTATTCCAACTGTTGAAGAAGATGATGGTATTTGTTATACTCATCCACAGAAATTGCCAGGTTTGAAACAAGATGGTTCTGTT,0.1034993081799556,0.18223292067885008,0.09659175755746259,0.10061119268163081,0.16573194076048473,0.15416054025243014,0.1199878023340176,0.07718453755516853,1279.4206308343396
AAAGCTGTTTATGATAAATCTAAATTGATTGGTATGAGGAAGACTTTGGTCTTCTATAAAGGTAGAGCTCCAAATGGTCAGAAGACTGATTGGATTATGCATGAATATAGATTGGAATCT,0.026091380639010533,0.1312557703318424,0.29220048218767064,0.17391983249005402,0.1799743047577404,0.04783100077268865,0.024198402696890782,0.12452882612410254,1274.8921508459719
AAAGCTGTTTCTGTTTCTATGGGTTTGGGTGTTGAAGCTTTGGAACATTTGGATCCAGGTGAACAATTGAGAGGTGATTGTATGGATGCTCCATTGTTGGGTGTTCCACCAGCTGTTAGA,0.09582870313151214,0.17211201312424224,0.22751518801135437,0.2606769315414113,0.13772904799498698,0.08441268562588995,0.014468779483771966,0.007256651086831123,561.6462747526523
AAAGCTGTTTCTGTTTCTATGGGTTTGGGTGTTGAAGCTTTGGAACATTTGGCTCCAGGTGAACAATTGAGAGGTGATTGTATGGCTGCTCCATTGTTGGGTGTTCCACCAGCTGTTAGA,0.15346843683847838,0.16437003811394027,0.10472434563061023,0.13199862732446438,0.0829319163701342,0.08167935363726014,0.13315117792688924,0.14767610415822313,1619.451838997638
AAAGCTGTTTCTGTTTCTATGGGTTTGGGTGTTGAAGCTTTGGAACATTTGTCTCCAGGTGAACAATTGAGAGGTGATTGTATGTATGCTCCATTGTTGGGTGTTCCACCAGCTGTTAGA,0.06574684803347364,0.09020380371712976,0.0966867500647376,0.17928617986987253,0.21792114895747405,0.19174882344028227,0.1191819127261396,0.0392245331908906,1138.4979624866137
AAAGCTTATAATACTGGTACTAGGAAGAGAAGGAAGATTCATGGTGATAACTTTGGTGATGTTAGATGGCATAAGACTGGTAGAACTAAACCAGTTATCTTGGATGGTATTCAAAGAGGT,0.3322344488589796,0.19847217297133174,0.1873285812085996,0.08650809415705166,0.030692434808626892,0.08564846902864283,0.04814534763475221,0.030970451332015408,661.647045738982
AAAGCTTCTCATTCTTATGCTCCTAAAGATGGTTTGACTGGTGTTATTTCTGAATCTTGTGTTTCTGATGTTCCACCATTGACTGCTACTGTCTTGCCACCATTGACTTCTGATGTTATT,0.03772743082250911,0.11947056359936105,0.1525470380972574,0.1643213002426651,0.2820535017214468,0.21180762400178135,0.026132155597322373,0.0059403859176569125,776.9596831616113
AAAGCTTGTTTGATTTCTGAAGATTCTTGTAGGAAAGATCAAGAATCTGAGAAAGCTGTTGTTTGTTCTTCTGTTGGTTCTGGTAATTCTTTGGATGGTCCATCTGAATCTCCATCTTTG,0.5514686646604249,0.29023854989498815,0.10476875712982761,0.028238333331609695,0.007917313668803806,0.009403771922815989,0.005901445299916394,0.0020631640916134487,245.0011956321574
AAAGCTTTGCCAGGATTTAGAAATTTGCATGTTGATGATCAAATGGCTGTTATTCAATATTCTTGGATGGGTTTGATGGTCTTTGCTATGGGTTGGAGATCATTTACTAATGTTAATTCT,0.1691873018573473,0.19625749653666502,0.17585249954416488,0.12162205177251978,0.029420869370873556,0.038313386873630464,0.1292220176973959,0.14012437634740302,1488.969185745129
AAAGCTTTGGGTGAAGGTAGACAATGGTACTTCTATTCTAGGAAGACTCAAGAAAGAGTTACTTCTAATGGTTATTGGGGTTCTATGGGTATGGATGAACCAATTTATACTTCTTCTACT,0.33859870309255136,0.22170727179308117,0.16719608646544734,0.11344859957801526,0.06355378066868894,0.05419008565786823,0.03489252674173228,0.006412946002615518,466.55914997214893
AAAGGTGGTAAACCTAAGAAGACTAATTGGGTTATGCATCAATATCATTTGGGTACTGGTGAAGATGAACAGAATGGTGAATATGTTGTTTCTAAATTGTTCTTTCAACAACAATTTAAA,0.06724031625432633,0.07995244600474666,0.1445213538827382,0.2105230016212646,0.25298906883523276,0.19050149610234773,0.03968484984267514,0.01458746745666868,830.0442133085135
AAAGGTGTTGATGCTTGTCCAGGTGATGAAGATGCTGATGTTTCTGTCTTGCAATTGCAAGCTGAAATTGAGAATTTGGCTTTGGAAGAACAAGCTTTGGATAATCAAATTAGACAAACT,0.3507619868240936,0.35591170178082315,0.16384621190683632,0.04607272653926836,0.04860759594963036,0.02780284973748245,0.006640934507515012,0.00035599275435084987,307.1674761397287
AAAGGTTCTGTTGAAACTGCTTCTTCTACTTTGTTGTCTGATAGAGAAGAAGAGAATAGATTTATTTCTGGTTTGTTGTGTTCTAATTTGGATTATGATTTGTATAGAGATTTGCATGTT,0.09612391773585244,0.1321738088697044,0.15549490867002108,0.263416348692021,0.1831275165539127,0.12041385948580889,0.04160330983502449,0.007646330157655119,686.8531529686542
AAAGGTTCTTTGTTGGATGATTCTGCTGGTAAATCTACTGAAGATACTGCTGAATATTCTCCATTTAAAGGTGGTTATACTAAAGGTTTGGAAGGTGAATCTTTGGGTTGTTCTGGTTCT,0.4083697694984942,0.3164443281828738,0.1441489591498917,0.0765518485324175,0.01834388018513396,0.022177746116380095,0.008284568888016097,0.005678899446792715,321.36680351329846
AAAGGTTCTTTGTTGGATGATTCTGCTGGTAAATCTGATGAAGATACTGCTGAAGATCCATTTAAAGGTGGTTATACTAAAGGTTTGGAAGGTGAATCTTTGGGTTGTTCTGGTTCTTGA,0.4489433349533599,0.264547456495804,0.18478872121228354,0.049842321871719296,0.03111697072329539,0.011133645896589967,0.0069283067689315985,0.0026992420780162264,287.93269759724814
AAAGGTTCTTTGTTGGATGATTCTGCTGGTAAATCTGCTGAAGATACTGCTGAAGCTCCATTTAAAGGTGGTTATACTAAAGGTTTGGAAGGTGAATCTTTGGGTTGTTCTGGTTCTTGA,0.04217912450964936,0.04829084927452971,0.03257717542417972,0.025853559402563314,0.018631950399881518,0.02666318158032974,0.33723233605722025,0.4685718233516465,3944.517667005923
AAAGTCTTCTTTAAGAGAGCTGCTGAAGGTAAACAGAAATATTTGTGTGCTTCTAGAAATGATTGTACTATTGATAAATTTAGAAGGAAGAATTGTCCATCTTGTAGATTGAGGAAATGT,0.02057418653107907,0.18630157334373929,0.10240567451377422,0.11428611631722684,0.0810957450577867,0.07543364189736514,0.24805938598906654,0.17184367634996223,2037.4557413145023
AAAGTTAAACCAGAATTTGGTAATTTGCATATTGTTGAATCTGAATCTGAATCTGAAGAAGAAGAAGAAGATGAATCTGTTGATAAACCAGCTGAATCTTTGGATTCTGTTAAAGAGAAA,0.03926719174315542,0.03950764869307035,0.1465859871535575,0.3926206610994856,0.1547765772380768,0.14397007997346106,0.03641828432628831,0.04685356977290486,961.9782128342815
AAAGTTATTCAATTGGATCCATCTAATATTGAATTGGATACTCCACCAGAATTTAGATTGTCTCAATTGGAATTTGGTTCTCAAGATTCATTCTTGGCTTGGGGTACTGGTAAGACTGAT,0.12573877449671061,0.24774630140888051,0.18253971622794798,0.1978963098266823,0.11357848364549927,0.06723082315196106,0.03401305651132318,0.03125653473099506,699.7776780786304
AAAGTTATTGATTTGCAACCATCTAATATTGAATTGGATACTCCACCAGAATTTAGATTGTCTCAATTGGAATTTGGTTCTCAAGATTCATTCTTGGCTTGGGGTACTGGTAAGACTGAT,0.0029514716149446865,0.0022452659393914823,0.0019706921796190675,0.0019194057579450044,0.03085740602261415,0.07086657553169697,0.40886466105495306,0.4803245218988356,4236.349958240079
AAAGTTCAAATCTTGGATCCATCTAATATTGAATTGGATACTCCACCAGAATTTAGATTGTCTCAATTGGAATTTGGTTCTCAAGATTCATTCTTGGCTTGGGGTACTGGTAAGACTGAT,0.0802543609664206,0.28261032567863875,0.0,0.04457993621530563,0.039541582767301076,0.0,0.40937467221220974,0.14363912216012414,2105.12521125231
AAAGTTGCTTCTCAGAAGATTGATTTGGATGTTATTAGAGATATTGATTTGTATAGAATTGAACCATGGGATTTGCAAGAATCTTGTAGAATTGGTTATGAAGAAAGAAATGAATGGTAT,0.048229920906446,0.09705052422031542,0.09002210563786643,0.34828173862747314,0.16634126426181342,0.19893512674300684,0.022365375452543156,0.028773944150535562,869.375289498334
AAATACTTTGAAATTGATTCTACTTTGGATGAATTGGAACAAGTTGAATCTGGTGAAGGTAATGATGATTTGCCAGATGAAGAAGAAAGAGAAGAAGCTGGTAAATTTCCATCTATTGAA,0.10451379711123054,0.2733998768699714,0.15606166308938352,0.16255579619162472,0.1441839987920132,0.11495749296400909,0.019386225549884183,0.024941149431883282,687.714432268856
AAATATCCAACTGGTTTGAGAACTAATAGAGCTACTGAAGCTGGTTATTGGAAAGCTACTGGTAAAGATAAAGAAATTTATAGAGGTAAATCTTTGGTTGGTATGAAGAAGACTTTGGTT,0.27092530369326906,0.20249122731851416,0.16374641635666679,0.12039552854017997,0.030511033570876207,0.0354759423361844,0.09332854945830017,0.08312599872600909,1042.301940807378
AAATCATTTGATGAAGAAGAAGAGAATGGTGATACTATGATGCAAAGATGGGATTTGCATTGGAATAATGATGATAATGTTGATTTGTGGTCTTCATTTACTGAATCTTCTTCTTCTTTG,0.12782208605759143,0.12003116402949059,0.15905497552372516,0.16094013479228053,0.15114805080661303,0.10935158669455607,0.110645133391805,0.0610068687039381,1118.5499942222214
AAATCTACTGAAGATACTGCTGAATATTCTCCATTTAAAGGTGGTTATACTAAAGGTTTGGAAGGTGAATCTTTGGGTTGTTCTGGTTCTGCTGCTGCTGGTTCTTCTGGTACTTTGGAA,0.17837454898641042,0.15382872435089012,0.15854268559719598,0.1604217730776793,0.13392109136413313,0.10121371298247638,0.0630221506330868,0.050675313008127894,919.9360877926629
AAATCTGAAATGGGTCCATGGATGGATTCTTATTCTGGTCCATATGGTGATATGAGATTGGAAACTGCTAGAGATCATGTCTTGCCAATTGATTATTACTTTCCACCACAGAAGACTTGT,0.016947288602500422,0.02084019322078367,0.030460878641762335,0.10250725251113356,0.2331810294322832,0.3428981423604428,0.22470534601346212,0.028459869217631925,1479.0241742250676
AAATCTGATGAAGATACTGCTGAAGATCCATTTAAAGGTGGTTATACTAAAGGTTTGGAAGGTGAATCTTTGGGTTGTTCTGGTTCTGCTGCTGCTGGTTCTTCTGGTACTTTGGAATGA,0.07448927550266658,0.16059732587284897,0.1191734680551733,0.21279872072321757,0.1887485479479887,0.09753896023638216,0.1085620497308131,0.03809165193090968,994.218679687956
AAATCTGCTGAAGATACTGCTGAAGCTCCATTTAAAGGTGGTTATACTAAAGGTTTGGAAGGTGAATCTTTGGGTTGTTCTGGTTCTGCTGCTGCTGGTTCTTCTGGTACTTTGGAATGA,0.14150562048864251,0.11389771652483305,0.08804101739174308,0.06288317753230037,0.02788811043891369,0.051881926346299505,0.20998260143200626,0.3039198298452616,2675.869113387533
AAATCTGCTGTTCCATTGATGGGTACTGTTCCATTGACTAATCAACAGAATAATATTTCTTCTTCTTCTGTTAATTCTACTGGTAATGGTGCTGGTGTTACTAAAGAAAGAAGACCATCT,0.5262644242416149,0.29483332444117044,0.10956566371038888,0.05903282489802746,0.003632375046414418,0.005737521565162278,0.0007955537339725327,0.00013831236324907128,225.07522236824926
AAATCTTCTCATGTTATTGCTGGTTATAGGAAGACTTTGGTCTTCTATGAAGGTAGAGCTCCATTGGGTGATAGAACTAATTGGTTTATGCATGAATATAGATTGTGTGATATTGATGAT,0.21367995368212966,0.09981606434647658,0.1329459596970932,0.16956512822710446,0.13536103254773785,0.09793009970500371,0.07785528051379279,0.07284648128066175,1084.2615359287224
AAATGTAAACATGTTATTGATAAATCTGATGTTGTTGATGATTGGCCAGGTTTGCCAAGAGGTGTTAAATTTGATCCATCTGATCCAGAAATTATTTGGCATTTGTTGGCTAAATCTGGT,0.22234392535137346,0.09942465454823073,0.07685358413959352,0.18526241859004225,0.15215218042734838,0.16983470218934027,0.05728123949033512,0.0368472952637363,903.3819953068298
AAATGTAGACATGTTATTGATAGATCTGATGTTGTTGATGATTGGCCAGGTTTGCCAAGAGGTGTTAAATTTGATCCATCTGATCCAGAAATTATTTGGCATTTGTTGGCTAAATCTGGT,0.23373337517807483,0.25561813414689377,0.25412332426112166,0.16266862130595905,0.048111212030920884,0.028957061387371204,0.010607684910638985,0.006180586779019373,401.00717670099357
AAATGTCAACATGCTATTGATAATTCTGATGCTGCTGATGATTGGCCAGGTTTGCCAAGAGGTGCTAAATTTGATCCATCTGATCCAGAAATTATTTGGCATTTGTTGGCTAAATCTGGT,0.11589661842934249,0.16686767064825497,0.2212962913820192,0.19535576889920508,0.13783395403032841,0.09707358126536195,0.037064863558387166,0.028611251787100632,741.3958201875116
AAATGTCAACATGTTATTAATAATTCTAATGTTGTTAATAATTGGCCAGGTTTGCCAAGAGGTGTTAAATTTAATCCATCTAATCCAAATATTATTTGGCATTTGTTGGCTAAATCTGGT,0.023432843973760817,0.03143511674751542,0.03887810565088637,0.06074388764089618,0.09236350307237806,0.1217124708301227,0.3984337094060197,0.23300036267842075,2804.6926375139033
AAATGTCAACATGTTATTCAAAATTCTCAAGTTGTTCAACAATGGCCAGGTTTGCCAAGAGGTGTTAAATTTCAACCATCTCAACCACAAATTATTTGGCATTTGTTGGCTAAATCTGGT,0.2207637630733399,0.11588641782192369,0.14332520002298432,0.12796228770555765,0.08512514518804944,0.07918170939795778,0.0445102051270024,0.18324527166318483,1623.2646245386927
AAATGTCAACATGTTATTGAAAATTCTGAAGTTGTTGAAGAATGGCCAGGTTTGCCAAGAGGTGTTAAATTTGAACCATCTGAACCAGAAATTATTTGGCATTTGTTGGCTAAATCTGGT,0.09227503452538219,0.14348014033806364,0.15657562302445618,0.30754329887153553,0.16945750046277877,0.08842433106132383,0.027230098647341234,0.015013973069118905,665.980943297933
AAATGTCAACATGTTATTGATAATGAAGATGTTGTTGATGATTGGCCAGGTTTGCCAAGAGGTGTTAAATTTGATCCAGAAGATCCAGAAATTATTTGGCATTTGTTGGCTAAATCTGGT,0.008747205918224773,0.005430262582188208,0.006252829905448711,0.0043420176512701456,0.11370474429344102,0.08444211507964197,0.5476854502581349,0.22939537431165036,3088.011953628895
AAATGTCAACATGTTATTGATAATGATGATGTTGTTGATGATTGGCCAGGTTTGCCAAGAGGTGTTAAATTTGATCCAGATGATCCAGAAATTATTTGGCATTTGTTGGCTAAATCTGGT,0.11417280474910986,0.16082073619545853,0.1278634851178724,0.06342105640050519,0.033751985719386285,0.07325598655378901,0.22236764867342645,0.20434629659045225,2129.257987151792
AAATGTCAACATGTTATTGATAATGCTGATGTTGTTGATGATTGGCCAGGTTTGCCAAGAGGTGTTAAATTTGATCCAGCTGATCCAGAAATTATTTGGCATTTGTTGGCTAAATCTGGT,0.038819619866176,0.11717200818202746,0.11271180942890383,0.230012163884528,0.21676758985337444,0.1541898505075587,0.08400743077328911,0.046319527504142415,1072.5680172435236
AAATGTCAACATGTTATTGATAATTCTGATGTTGTTGATGACTTTCCAGGATTTCCAAGAGGTGTTAAATTTGATCCATCTGATCCAGAAATTATCTTTCACTTCTTTGCTAAATCTGGT,0.36557047422632505,0.21326745268727088,0.1299703911532753,0.06484530676567363,0.039353458633698324,0.025342477619355125,0.06268107998296701,0.09896935893143467,1034.9811555790122
AAATGTCAACATGTTATTGATAATTCTGATGTTGTTGATGATATGCCAGGTATGCCAAGAGGTGTTAAGATGGATCCATCTGATCCAGAAATTATTATGCATATGATGGCTAAATCTGGT,0.001329749672694072,0.00011278102407299942,0.0006071679657913949,0.0011305670030457263,0.003298601291602283,0.01728357572362841,0.35518899097866663,0.6210485663404984,4895.758021746632
AAATGTCAACATGTTATTGATAATTCTGATGTTGTTGATGATATTCCAGGTATTCCAAGAGGTGTTAAGATTGATCCATCTGATCCAGAAATTATTATTCATATTATTGCTAAATCTGGT,0.04879925116650841,0.057281091847503185,0.06578344635786945,0.11294648447348689,0.24043548609030413,0.22737575709594718,0.13577632560405628,0.11160215736432438,1655.1334023989893
AAATGTCAACATGTTATTGATAATTCTGATGTTGTTGATGATGCTCCAGGTGCTCCAAGAGGTGTTAAAGCTGATCCATCTGATCCAGAAATTATTGCTCATGCTGCTGCTAAATCTGGT,0.17465484817876967,0.18409219323843437,0.14488744190711939,0.1385968651555137,0.1475194416169751,0.11434969783664047,0.046280947365814694,0.049618564700732636,889.8629926916783
AAATGTCAACATGTTATTGATAATTCTGATGTTGTTGATGATGCTCCAGGTTTGCCAAGAGGTGTTAAAGCTGATCCATCTGATCCAGAAATTATTTGGCATTTGTTGGCTAAATCTGGT,0.19714822487585207,0.1022024686899013,0.05075956123489146,0.09661244996630862,0.23017378745366163,0.22970130954177176,0.054766455429033904,0.03863574280857943,995.9603687990705
AAATGTCAACATGTTATTGATAATTCTGATGTTGTTGATGATGCTCCAGGTTTGCCAAGAGGTGTTAAATTTGATCCATCTGATCCAGAAATTATTGCTCATTTGTTGGCTAAATCTGGT,0.5705923283497144,0.21385673842758748,0.1433699459280554,0.0576742962324108,0.002918653680421638,0.004541242684140861,0.005568894352012118,0.0014779003456573028,241.59138106377148
AAATGTCAACATGTTATTGATAATTCTGATGTTGTTGATGATGCTCCAGGTTTGCCAAGAGGTGTTAAATTTGATCCATCTGATCCAGAAATTATTTGGCATGCTTTGGCTAAATCTGGT,0.1208986163316193,0.25194734737242114,0.2985701767265123,0.13652337743798212,0.06942968020562666,0.09775409333684704,0.0012294648905550013,0.0236472436984364,582.8565554490056
AAATGTCAACATGTTATTGATAATTCTGATGTTGTTGATGATGCTCCAGGTTTGCCAAGAGGTGTTAAATTTGATCCATCTGATCCAGAAATTATTTGGCATTTGTTGGCTAAATCTGGT,0.36559199145418614,0.2531840787009084,0.2184906763809603,0.11293177818419278,0.02129979429085506,0.019244789583040173,0.0045178581581762165,0.004739033247680919,324.8623762119601
AAATGTCAACATGTTATTGATAATTCTGATGTTGTTGATGATGTTCCAGGTGTTCCAAGAGGTGTTAAAGTTGATCCATCTGATCCAGAAATTATTGTTCATGTTGTTGCTAAATCTGGT,0.01817663505487349,0.02181491211388172,0.05595150958141193,0.15134270618045098,0.2990117130172027,0.31085872532485764,0.12243525232758484,0.020408546399736462,1202.5760937862865
AAATGTCAACATGTTATTGATAATTCTGATGTTGTTGATGATTATCCAGGTTATCCAAGAGGTGTTAAATATGATCCATCTGATCCAGAAATTATTTATCATTATTATGCTAAATCTGGT,0.106998409302893,0.19304605897614838,0.22299314441532417,0.24701675527196348,0.12486235177383079,0.08394939832995606,0.015096978414877237,0.006036903515006856,543.4016353282134
AAATGTCAACATGTTATTGATAATTCTGATGTTGTTGATGATTGGCCAGGTGCTCCAAGAGGTGTTAAAGCTGATCCATCTGATCCAGAAATTATTGCTCATTTGTTGGCTAAATCTGGT,0.0446537974097361,0.06718900436631334,0.1586342943724312,0.3384100776086542,0.24768855621365246,0.1251541078185099,0.014690746170184558,0.0035794160405182816,662.1525519078274
AAATGTCAACATGTTATTGATAATTCTGATGTTGTTGATGATTGGCCAGGTGCTCCAAGAGGTGTTAAAGCTGATCCATCTGATCCAGAAATTATTTGGCATTTGTTGGCTAAATCTGGT,0.14341720385975418,0.18638160330570275,0.11897380467470747,0.07966582405310607,0.11777019899367534,0.14788910644447417,0.12746985284073317,0.07843240582784687,1265.0773521321119
AAATGTCAACATGTTATTGATAATTCTGATGTTGTTGATGATTGGCCAGGTGCTCCAAGAGGTGTTAAATTTGATCCATCTGATCCAGAAATTATTGCTCATTTGTTGGCTAAATCTGGT,0.13747768004795968,0.1906566628033403,0.20805796322654713,0.15892491859289898,0.11716444858301164,0.07322364470275593,0.05685963323707669,0.05763504880640971,915.4481299675765
AAATGTCAACATGTTATTGATAATTCTGATGTTGTTGATGATTGGCCAGGTGCTCCAAGAGGTGTTAAATTTGATCCATCTGATCCAGAAATTATTTGGCATGCTGCTGCTAAATCTGGT,0.03223891642557544,0.04865450244257291,0.020058192684599754,0.04477042806758091,0.05559476374700456,0.029550364884807834,0.3363741381080666,0.43275869363979186,3750.878393227087
AAATGTCAACATGTTATTGATAATTCTGATGTTGTTGATGATTGGCCAGGTGCTCCAAGAGGTGTTAAATTTGATCCATCTGATCCAGAAATTATTTGGCATGCTTTGGCTAAATCTGGT,0.03819889796476385,0.06178899864589699,0.11602952583904966,0.2312760887885522,0.28428328265687774,0.24190786767590228,0.02369568410617584,0.002819654322781429,800.2430703043264
AAATGTCAACATGTTATTGATAATTCTGATGTTGTTGATGATTGGCCAGGTGCTCCAAGAGGTGTTAAATTTGATCCATCTGATCCAGAAATTATTTGGCATTTGGCTGCTAAATCTGGT,0.185623025762077,0.12114143266587844,0.17167386136986476,0.13097812929436684,0.10134431429337433,0.13565460808846014,0.09073072350863869,0.06285390501733978,1074.3103487196195
AAATGTCAACATGTTATTGATAATTCTGATGTTGTTGATGATTGGCCAGGTGCTCCAAGAGGTGTTAAATTTGATCCATCTGATCCAGAAATTATTTGGCATTTGTTGGCTAAATCTGGT,0.2641437042896433,0.23206603903934916,0.3631529446057558,0.10063901462149454,0.009428959630351334,0.01027086919401145,0.011209742907892591,0.009088725711501919,370.5359220243602
AAATGTCAACATGTTATTGATAATTCTGATGTTGTTGATGATTGGCCAGGTTGGCCAAGAGGTGTTAAATGGGATCCATCTGATCCAGAAATTATTTGGCATTGGTGGGCTAAATCTGGT,0.08543935217823158,0.08596254941020745,0.0,0.047460110883896775,0.08419248935652722,0.10441889543514248,0.4226163684782253,0.16991023425776913,2439.0722345715612
AAATGTCAACATGTTATTGATAATTCTGATGTTGTTGATGATTGGCCAGGTTTGCCAAGAGGTGTTAAAGCTGATCCATCTGATCCAGAAATTATTGCTCATGCTTTGGCTAAATCTGGT,0.27689521002323536,0.26473056895997954,0.21998862162188118,0.13978143386918754,0.04524947396236649,0.03156761750406003,0.011924654403893635,0.009862419655396132,415.2744398571475
AAATGTCAACATGTTATTGATAATTCTGATGTTGTTGATGATTGGCCAGGTTTGCCAAGAGGTGTTAAAGCTGATCCATCTGATCCAGAAATTATTGCTCATTTGTTGGCTAAATCTGGT,0.4619595281113638,0.2952340087645595,0.1429028451455128,0.07047138829362294,0.005279559933229863,0.012513961447873164,0.0026175210688419845,0.009021187234996036,304.05335725683796
AAATGTCAACATGTTATTGATAATTCTGATGTTGTTGATGATTGGCCAGGTTTGCCAAGAGGTGTTAAAGCTGATCCATCTGATCCAGAAATTATTTGGCATGCTTTGGCTAAATCTGGT,0.19287201956081795,0.24745025218062397,0.21100639292242085,0.18119837649031534,0.06760428642559099,0.054578701966996976,0.025211105712088518,0.020078864741145352,564.0617614392678
AAATGTCAACATGTTATTGATAATTCTGATGTTGTTGATGATTGGCCAGGTTTGCCAAGAGGTGTTAAAGCTGATCCATCTGATCCAGAAATTATTTGGCATTTGGCTGCTAAATCTGGT,0.03469917173055948,0.06483593240345457,0.10486036084426535,0.1982550992633553,0.27354230313087624,0.22263813727859733,0.05976598200447136,0.041403013344420356,1084.9578150995694
AAATGTCAACATGTTATTGATAATTCTGATGTTGTTGATGATTGGCCAGGTTTGCCAAGAGGTGTTAAAGCTGATCCATCTGATCCAGAAATTATTTGGCATTTGTTGGCTAAATCTGGT,0.1961545896460342,0.19735576376224334,0.1394767386330097,0.07782896236289878,0.06903285689110364,0.08989817804905641,0.12994515087378203,0.1003077597818719,1309.834947213391
AAATGTCAACATGTTATTGATAATTCTGATGTTGTTGATGATTGGCCAGGTTTGCCAAGAGGTGTTAAATTTGATCCAGAAGATCCAGAAATTATTTGGCATTTGTTGGCTAAATCTGGT,0.003493342585526944,0.025731725617443916,0.10488461464778187,0.19023948073430236,0.297716970611472,0.2803674052590722,0.064143958761336,0.0334225017830646,1125.3884185441063
AAATGTCAACATGTTATTGATAATTCTGATGTTGTTGATGATTGGCCAGGTTTGCCAAGAGGTGTTAAATTTGATCCAGATGATCCAGAAATTATTTGGCATTTGTTGGCTAAATCTGGT,0.12380729071477181,0.1512580321256808,0.11004227048068464,0.049123464236449775,0.20042939901681853,0.2188589745045855,0.1148248426933643,0.03165572622764473,1066.9929415650986
AAATGTCAACATGTTATTGATAATTCTGATGTTGTTGATGATTGGCCAGGTTTGCCAAGAGGTGTTAAATTTGATCCAGCTGATCCAGAAATTATTTGGCATTTGTTGGCTAAATCTGGT,0.13587781245194905,0.1079288487792415,0.12458459344578614,0.15890067370899047,0.19731876141001384,0.11143619593150647,0.11275440198190266,0.051198712290609835,1086.2517776839063
AAATGTCAACATGTTATTGATAATTCTGATGTTGTTGATGATTGGCCAGGTTTGCCAAGAGGTGTTAAATTTGATCCATCTGATCCAGAAATTATTGCTCATGCTTTGGCTAAATCTGGT,0.09041156243130528,0.165877731391757,0.11912116068602349,0.17725443296178267,0.17818427489538158,0.06824730404808381,0.07398709084307921,0.1269164427425868,1407.4987917827198
AAATGTCAACATGTTATTGATAATTCTGATGTTGTTGATGATTGGCCAGGTTTGCCAAGAGGTGTTAAATTTGATCCATCTGATCCAGAAATTATTGCTCATTTGGCTGCTAAATCTGGT,0.4437217127421524,0.19646143820911985,0.28239023219572845,0.0619969798791533,0.007133861172735968,0.003778705288304435,0.0030773743685462277,0.001439696144259452,262.5791720899523
AAATGTCAACATGTTATTGATAATTCTGATGTTGTTGATGATTGGCCAGGTTTGCCAAGAGGTGTTAAATTTGATCCATCTGATCCAGAAATTATTGCTCATTTGTTGGCTAAATCTGGT,0.18741595964683405,0.25031545116807447,0.1732030517500896,0.2082127731421845,0.0745203618927484,0.0351609755721535,0.04370876698819921,0.027462659839716297,638.2450957359052
AAATGTCAACATGTTATTGATAATTCTGATGTTGTTGATGATTGGCCAGGTTTGCCAAGAGGTGTTAAATTTGATCCATCTGATCCAGAAATTATTTGGCATGCTTTGGCTAAATCTGGT,0.20606743795945928,0.27511005191697596,0.1331407963537268,0.1276746932935225,0.09762508847828506,0.06901476925834664,0.07718181048168396,0.014185352257999608,661.1481597004216
AAATGTCAACATGTTATTGATAATTCTGATGTTGTTGATGATTGGCCAGGTTTGCCAAGAGGTGTTAAATTTGATCCATCTGATCCAGAAATTATTTGGCATTTGGCTGCTAAATCTGGT,0.061311346056677436,0.0487000995791198,0.028107786636564647,0.0681148255015036,0.054056954601232325,0.1538059034470212,0.3202290056215817,0.2656740785562992,2833.3596672442823
AAATGTCAACATGTTATTGATAATTCTGATGTTGTTGATGATTGGCCAGGTTTGCCAAGAGGTGTTAAATTTGATCCATCTGATCCAGAAATTATTTGGCATTTGTTGGCTAAATCTGGT,0.10016350125359214,0.1284905008672506,0.130870015646097,0.19473694078746745,0.19740352187160284,0.15607769041890895,0.053415460995712094,0.038842368159369006,933.9009494615178
AAATGTCAACATGTTATTGATAATTCTGATGTTGTTGATGATTGGCCAGGTTTGCCAAGAGGTGTTAAATTTGATCCATCTGATCCAGATATTATTTGGCATTTGTTGGCTAAATCTGGT,0.064097847693101,0.13382501907056416,0.27344491236082746,0.2720486191813228,0.14148778143368576,0.08950416670574173,0.01614642326589279,0.00944523028886443,596.7576241696064
AAATGTCAACATGTTATTGATAATTCTGATGTTGTTGATGATTGGCCAGGTTTGCCAAGAGGTGTTAAATTTGATCCATCTGATCCAGCTATTATTTGGCATTTGTTGGCTAAATCTGGT,0.1148572073814337,0.14329507960945229,0.1829403815605014,0.15312295308886267,0.11770827519152696,0.09264528812976473,0.14061181789532753,0.05481899714313074,1115.9017301647714
AAATGTCAACATGTTATTGATAATTCTGATGTTGTTGATGATTGGCCAGGTTTGCCAAGAGGTGTTAAATTTGATCCATCTGCTCCAGAAATTATTTGGCATTTGTTGGCTAAATCTGGT,0.4390064603711969,0.27008029086003177,0.14827622562275525,0.05273696698729899,0.033819787375353856,0.03988951458751483,0.011537190753356963,0.004653563442491447,342.79591202128387
AAATGTCAACATGTTATTGATAATTCTGATGTTGTTGATGATTGGCCAGGTTTGCCAAGAGGTGTTAAATTTGATCCATCTGCTCCAGCTATTATTTGGCATTTGTTGGCTAAATCTGGT,0.5355099047811221,0.29932679555920666,0.10315698571496314,0.03512309426565583,0.007621902065355627,0.006768208909505264,0.005911544270459056,0.006581564433732191,272.5424742570869
AAATGTCAACATGTTATTGATAATTCTGATGTTGTTGATGATTGGCCAGGTTTGCCAAGAGGTGTTAAATTTGATGAAGAAGATCCAGAAATTATTTGGCATTTGTTGGCTAAATCTGGT,0.18243941843864753,0.09717702681262591,0.14689391344526923,0.09538070808820254,0.09517604877653224,0.08853085911596453,0.17915622465612835,0.11524580066662962,1535.9610726348346
AAATGTCAACATGTTATTGATAATTCTGATGTTGTTGATGATTGGCCAGGTTTGCCAAGAGGTGTTAAATTTGATGATGATGATCCAGAAATTATTTGGCATTTGTTGGCTAAATCTGGT,0.23840022489472457,0.24165009549326702,0.2646807574926271,0.12208499084074975,0.054530891952202426,0.05106486357986505,0.021910846390855426,0.00567732935570872,443.50602940985834
AAATGTCAACATGTTATTGATAATTCTGATGTTGTTGATGATTGGCCAGGTTTGCCAAGAGGTGTTAAATTTGCTCCATCTGATCCAGAAATTATTTGGCATTTGTTGGCTAAATCTGGT,0.05046206308876968,0.10650832323658108,0.18236602571157204,0.23681739636926832,0.24318676680923754,0.15241214283226143,0.023523758503596903,0.004723523448713045,694.960005246882
AAATGTCAACATGTTATTGATAATTCTGATGTTGTTGATGATTGGCCAGGTTTGCCAAGAGGTGTTAAATTTGCTCCATCTGATCCAGCTATTATTTGGCATTTGTTGGCTAAATCTGGT,0.09986276138095819,0.11655016704936517,0.07207305359430262,0.12869520249576824,0.17319352146500117,0.2700275016957075,0.12410749457800713,0.015490297740890073,1051.0924499523085
AAATGTCAACATGTTATTGATAATTCTGATGTTGTTGATGATTGGCCAGGTTTGCCAAGAGGTGTTAAATTTGCTCCATCTGCTCCAGAAATTATTTGGCATTTGTTGGCTAAATCTGGT,0.4992129551074957,0.2875134770653355,0.07428376534993274,0.06464159391706503,0.008579835072991976,0.024420265210137154,0.03350965359221668,0.007838454684825183,373.48887400867716
AAATGTCAACATGTTATTGATAATTCTGATGTTGTTGATGATTGGCCAGGTTTGCCAAGAGGTGTTAAATTTGCTCCATCTGCTCCAGCTATTATTTGGCATTTGTTGGCTAAATCTGGT,0.018165122451679266,0.0053306045825653155,0.007534569327441414,0.009249549282392468,0.01491669080350186,0.061744674599839754,0.43872940643148034,0.4443293825210995,4068.460530289517
AAATGTCAACATGTTATTGATAATTCTGATGTTGTTGATGATTTGCCAGGTTTGCCAAGAGGTGTTAAATTGGATCCATCTGATCCAGAAATTATCTTGCATTTGTTGGCTAAATCTGGT,0.23527137348330146,0.30606653892841074,0.25714554487292984,0.1412642241218899,0.029670672477787718,0.01964804435767491,0.005561769218824212,0.005371832539181166,358.62240547180687
AAATGTCAACATGTTATTGATAATTCTGATGTTGTTGATGCTTGGCCAGGTTTGCCAAGAGGTGTTAAATTTGATCCATCTGATCCAGAAATTATTTGGCATTTGTTGGCTAAATCTGGT,0.15564082092033635,0.11185278895423542,0.11318442258276161,0.06512257775805637,0.09361513102508612,0.08152069537775601,0.2005885802308558,0.17847498315091234,1956.4815577880122
AAATGTCAACATGTTATTGATAATTCTGATGTTGTTGATGCTTGGCCAGGTTTGCCAAGAGGTGTTAAATTTGATCCATCTGATCCAGCTATTATTTGGCATTTGTTGGCTAAATCTGGT,0.42911291754563996,0.28830040166543836,0.15638348070928096,0.07830418913407407,0.020197128788197086,0.01952829458437146,0.0034131987525625224,0.00476038882043554,301.97990527377647
AAATGTCAACATGTTATTGATAATTCTGATGTTGTTGATGCTTGGCCAGGTTTGCCAAGAGGTGTTAAATTTGATCCATCTGCTCCAGAAATTATTTGGCATTTGTTGGCTAAATCTGGT,0.2126500284321506,0.19414182397329793,0.15190593330390556,0.18374764139285438,0.08925137698976138,0.10828675798017387,0.03652256951926765,0.02349386840858875,677.0687192454594
AAATGTCAACATGTTATTGATAATTCTGATGTTGTTGATGCTTGGCCAGGTTTGCCAAGAGGTGTTAAATTTGATCCATCTGCTCCAGCTATTATTTGGCATTTGTTGGCTAAATCTGGT,0.5399502417558155,0.2596544245182033,0.17815251029036092,0.00211546449532097,0.018939691088957218,0.0002727139669977668,0.0002759399672961344,0.0006390139170481995,220.2077141664355
AAATGTCAACATGTTATTGATAATTCTGATGTTGTTGATGCTTGGCCAGGTTTGCCAAGAGGTGTTAAATTTGCTCCATCTGATCCAGAAATTATTTGGCATTTGTTGGCTAAATCTGGT,0.042488128779148565,0.05083582750140818,0.027149437737941238,0.05996040202301205,0.12786736865976664,0.20946012990349608,0.3397396248157487,0.14249908057947863,2227.599154022477
AAATGTCAACATGTTATTGATAATTCTGATGTTGTTGCTGATTGGCCAGGTTTGCCAAGAGGTGTTAAATTTGATCCATCTGATCCAGAAATTATTTGGCATTTGTTGGCTAAATCTGGT,0.14000520914835674,0.1690350556590723,0.08710750153245274,0.24886566037225594,0.1793506483223312,0.05133181229162769,0.09089330052156198,0.03341081215234134,866.7174285621334
AAATGTCAACATGTTATTGATAATTCTGATGTTGTTGCTGATTGGCCAGGTTTGCCAAGAGGTGTTAAATTTGATCCATCTGATCCAGCTATTATTTGGCATTTGTTGGCTAAATCTGGT,0.4645615178404996,0.31801466968346354,0.168993161174752,0.009848292641096526,0.011669753763418236,0.024058680207923355,0.0024407506507925455,0.00041317403805428204,254.7136617849717
AAATGTCAACATGTTATTGATAATTCTGATGTTGTTGCTGATTGGCCAGGTTTGCCAAGAGGTGTTAAATTTGATCCATCTGCTCCAGAAATTATTTGGCATTTGTTGGCTAAATCTGGT,0.0966386681932625,0.10234783754064687,0.08227768159581249,0.1186635747617982,0.165396638596425,0.2284419331827671,0.16982024969513493,0.036413416434152954,1234.5108661653323
AAATGTCAACATGTTATTGATAATTCTGATGTTGTTGCTGCTTGGCCAGGTTTGCCAAGAGGTGTTAAATTTGATCCATCTGATCCAGAAATTATTTGGCATTTGTTGGCTAAATCTGGT,0.15192530452457198,0.22288164896186277,0.23431833286187786,0.2066949959422623,0.10248286281379142,0.05584574071800431,0.018066657292837286,0.007784456884791947,504.4119564844599
AAATGTCAACATGTTATTGATAATTCTGATGTTGTTGCTGCTTGGCCAGGTTTGCCAAGAGGTGTTAAATTTGATCCATCTGCTCCAGAAATTATTTGGCATTTGTTGGCTAAATCTGGT,0.12078730136403133,0.05208298098634867,0.08588643728876513,0.17253076390141212,0.11902458674172663,0.2530612404065475,0.17603765010525924,0.02058903920590943,1166.4521047307853
AAATGTCAACATGTTATTGATAATTCTGATGTTGTTGCTGCTTGGCCAGGTTTGCCAAGAGGTGTTAAATTTGCTCCATCTGCTCCAGAAATTATTTGGCATTTGTTGGCTAAATCTGGT,0.07293869595222101,0.15069738890651793,0.19714188570312427,0.21012152423392602,0.1994220689791717,0.14073768924941732,0.019362015879904455,0.009578731095717278,670.9030635528189
AAATGTCAACATGTTATTGATAATTCTGATGTTGTTGCTGCTTGGCCAGGTTTGCCAAGAGGTGTTAAATTTGCTCCATCTGCTCCAGCTATTATTTGGCATTTGTTGGCTAAATCTGGT,0.15045201685590157,0.14340630908977728,0.15765427578835792,0.19353873195822008,0.15605935678499672,0.043548988764074155,0.05140816381928425,0.10393215693938793,1176.065626359634
AAATGTCAACATGTTATTGATAATTCTGCTGTTGTTGATGATTGGCCAGGTTTGCCAAGAGGTGTTAAATTTGATCCATCTGATCCAGAAATTATTTGGCATTTGTTGGCTAAATCTGGT,0.11425786513273203,0.11136511269535349,0.1466193956052771,0.19040491800235315,0.18999636432060685,0.12763892720658687,0.07285316885450932,0.04686424818258129,991.8598901487937
AAATGTCAACATGTTATTGATAATTCTGCTGTTGTTGATGATTGGCCAGGTTTGCCAAGAGGTGTTAAATTTGATCCATCTGATCCAGCTATTATTTGGCATTTGTTGGCTAAATCTGGT,0.12128818166635699,0.06495193231247899,0.040165400163073475,0.04455346178982449,0.07421692033714172,0.1658635437058636,0.2893857370478625,0.19957482297739823,2370.5309358716086
AAATGTCAACATGTTATTGATAATTCTGCTGTTGTTGATGATTGGCCAGGTTTGCCAAGAGGTGTTAAATTTGATCCATCTGCTCCAGAAATTATTTGGCATTTGTTGGCTAAATCTGGT,0.013133274755350593,0.020764382260154264,0.03346289795860365,0.13895831153449373,0.2742389580643128,0.34509020938727336,0.1519653818719154,0.02238658416789627,1304.749962834865
AAATGTCAACATGTTATTGATAATTCTGCTGTTGTTGATGATTGGCCAGGTTTGCCAAGAGGTGTTAAATTTGCTCCATCTGATCCAGAAATTATTTGGCATTTGTTGGCTAAATCTGGT,0.4315852295766057,0.2910568400895659,0.16620757814576,0.058017569588730965,0.031765277684801196,0.018391401893850978,0.0016769700785113223,0.0012991329421739954,277.37013132053505
AAATGTCAACATGTTATTGATAATTCTGCTGTTGTTGATGCTTGGCCAGGTTTGCCAAGAGGTGTTAAATTTGATCCATCTGATCCAGAAATTATTTGGCATTTGTTGGCTAAATCTGGT,0.14689441147199175,0.3019075339189742,0.26214014693433235,0.1650072271150043,0.0548416860670772,0.04332990151172248,0.009891979024521215,0.01598711395637652,488.3947760478047
AAATGTCAACATGTTATTGATAATTCTGCTGTTGTTGATGCTTGGCCAGGTTTGCCAAGAGGTGTTAAATTTGCTCCATCTGCTCCAGCTATTATTTGGCATTTGTTGGCTAAATCTGGT,0.41701249996792383,0.2959651310596033,0.1652305360938385,0.08223288249877765,0.010059609967352789,0.016272779475707447,0.007835981020465956,0.005390579916330499,310.0184586231045
AAATGTCAACATGTTATTGATAATTCTGCTGTTGTTGCTGATTGGCCAGGTTTGCCAAGAGGTGTTAAATTTGATCCATCTGATCCAGAAATTATTTGGCATTTGTTGGCTAAATCTGGT,0.17274010214134392,0.17620866400300447,0.2277922588603044,0.21152514970878739,0.14573612441014439,0.04848698729061844,0.015487407621465284,0.0020233059643316852,476.78039305022344
AAATGTCAACATGTTATTGATAATTCTGCTGTTGTTGCTGATTGGCCAGGTTTGCCAAGAGGTGTTAAATTTGCTCCATCTGCTCCAGCTATTATTTGGCATTTGTTGGCTAAATCTGGT,0.005281577690718636,0.004543786675426641,0.003714672639760531,0.06437411310736149,0.32509272875323497,0.4088994593817567,0.1761290469893837,0.01196461476235729,1376.7666070095518
AAATGTCAACATGTTATTGATAATTCTGCTGTTGTTGCTGCTTGGCCAGGTTTGCCAAGAGGTGTTAAATTTGATCCATCTGATCCAGAAATTATTTGGCATTTGTTGGCTAAATCTGGT,0.25794697591540305,0.20656194197195785,0.15066193985325535,0.14620935687489164,0.05706140353481461,0.043426945291140134,0.08788130652293549,0.05025013003560189,857.8460858569043
AAATGTCAACATGTTATTGATAATTCTGCTGTTGTTGCTGCTTGGCCAGGTTTGCCAAGAGGTGTTAAATTTGATCCATCTGCTCCAGCTATTATTTGGCATTTGTTGGCTAAATCTGGT,0.10796797702857362,0.11127862175678521,0.08519729645521422,0.10239528267095031,0.12715182308076656,0.10861905816004334,0.17828861312544078,0.17910132772222598,1967.2910202515818
AAATGTCAACATGTTATTGATAATTCTGCTGTTGTTGCTGCTTGGCCAGGTTTGCCAAGAGGTGTTAAATTTGCTCCATCTGATCCAGAAATTATTTGGCATTTGTTGGCTAAATCTGGT,0.041343773875159084,0.026836740002080885,0.009957287146471963,0.02222493396833506,0.027598350218971383,0.029338781720545114,0.2745939955250365,0.5681061375434001,4411.0597743194885
AAATGTCAACATGTTATTGATAATTCTGCTGTTGTTGCTGCTTGGCCAGGTTTGCCAAGAGGTGTTAAATTTGCTCCATCTGATCCAGCTATTATTTGGCATTTGTTGGCTAAATCTGGT,0.6059561258900462,0.24301028193991353,0.09767355697213018,0.016734928601742038,0.012596816750532994,0.009892138130330122,0.003961369659106027,0.010174782056198834,284.69291496796546
AAATGTCAACATGTTATTGATAATTCTGCTGTTGTTGCTGCTTGGCCAGGTTTGCCAAGAGGTGTTAAATTTGCTCCATCTGCTCCAGAAATTATTTGGCATTTGTTGGCTAAATCTGGT,0.5310286693264122,0.2815880634243632,0.13079872210075874,0.031156890101980896,0.006353496669817819,0.005225453409937578,0.008177283825836882,0.005671421140892708,271.9162874239958
AAATGTCAACATGTTATTGATAATTCTGCTGTTGTTGCTGCTTGGCCAGGTTTGCCAAGAGGTGTTAAATTTGCTCCATCTGCTCCAGCTATTATTTGGCATTTGTTGGCTAAATCTGGT,0.06539211264837669,0.12218616133869538,0.09299480191594245,0.17643187409792085,0.17490262733236653,0.17125361019667065,0.1299595583164647,0.06687925415356286,1285.8242002360573
AAATGTCAACATGTTATTGCTAATTCTGATGTTGTTGATGATTGGCCAGGTTTGCCAAGAGGTGTTAAATTTGATCCATCTGATCCAGAAATTATTTGGCATTTGTTGGCTAAATCTGGT,0.0009034360546121065,0.001385094619815165,0.0018201131988963748,0.005591969358299245,0.013989669918797729,0.021293855130432224,0.24765637302308768,0.7073594886960594,5182.273938529352
AAATGTCAACATGTTATTGCTAATTCTGATGTTGTTGATGATTGGCCAGGTTTGCCAAGAGGTGTTAAATTTGATCCATCTGATCCAGCTATTATTTGGCATTTGTTGGCTAAATCTGGT,0.5120254645334815,0.28766017397464116,0.1443600189262071,0.042201869774855794,0.0004974169243210563,0.004435628776583835,0.005767737688460597,0.0030516894014489286,251.88360721774234
AAATGTCAACATGTTATTGCTAATTCTGATGTTGTTGATGATTGGCCAGGTTTGCCAAGAGGTGTTAAATTTGATCCATCTGCTCCAGAAATTATTTGGCATTTGTTGGCTAAATCTGGT,0.19760772517529798,0.31180925615557004,0.23059216569141822,0.13785776917804288,0.034774379971822464,0.024591883935688803,0.024092230169304354,0.03867458972285523,614.490506954759
AAATGTCAACATGTTATTGCTAATTCTGATGTTGTTGATGATTGGCCAGGTTTGCCAAGAGGTGTTAAATTTGATCCATCTGCTCCAGCTATTATTTGGCATTTGTTGGCTAAATCTGGT,0.42104100498795216,0.2782847307966728,0.11313757552890027,0.13554246427744626,0.020895169551370975,0.0069212080803197195,0.009089615077312764,0.015088231700025007,375.47236626399865
AAATGTCAACATGTTATTGCTAATTCTGATGTTGTTGATGATTGGCCAGGTTTGCCAAGAGGTGTTAAATTTGCTCCATCTGATCCAGAAATTATTTGGCATTTGTTGGCTAAATCTGGT,0.28858244821125717,0.2599519335816813,0.23390561626209894,0.15354631634443783,0.02246504522704299,0.029155918410368888,0.006262403489375976,0.006130318473736968,367.73140766475717
AAATGTCAACATGTTATTGCTAATTCTGATGTTGTTGATGCTTGGCCAGGTTTGCCAAGAGGTGTTAAATTTGATCCATCTGATCCAGAAATTATTTGGCATTTGTTGGCTAAATCTGGT,0.13787482909167514,0.15450067262481046,0.33501784227612696,0.18436610661551758,0.06711972587425565,0.10543436959033721,0.015344610615830746,0.00034184331144621017,494.5298357948968
AAATGTCAACATGTTATTGCTAATTCTGATGTTGTTGATGCTTGGCCAGGTTTGCCAAGAGGTGTTAAATTTGCTCCATCTGCTCCAGCTATTATTTGGCATTTGTTGGCTAAATCTGGT,0.4580306091843378,0.27017052830890403,0.20017366647334348,0.035968860526394884,0.010355668407134588,0.006711511241817517,0.006622153494438274,0.011967002363629313,324.9626832880001
AAATGTCAACATGTTATTGCTAATTCTGATGTTGTTGCTGATTGGCCAGGTTTGCCAAGAGGTGTTAAATTTGATCCATCTGATCCAGAAATTATTTGGCATTTGTTGGCTAAATCTGGT,0.12265805790554747,0.146076157992205,0.09811872948739495,0.08482046339897932,0.02713364215303119,0.030975347266304,0.19153299143258606,0.298684610363952,2584.471371039294
AAATGTCAACATGTTATTGCTAATTCTGATGTTGTTGCTGATTGGCCAGGTTTGCCAAGAGGTGTTAAATTTGCTCCATCTGCTCCAGCTATTATTTGGCATTTGTTGGCTAAATCTGGT,0.16174393850247534,0.17290529492880452,0.1006327582857275,0.19092278035112628,0.13946058127160904,0.12045748604784602,0.06562898846440475,0.04824817214800646,939.4677063023028
AAATGTCAACATGTTATTGCTAATTCTGATGTTGTTGCTGCTTGGCCAGGTTTGCCAAGAGGTGTTAAATTTGATCCATCTGCTCCAGCTATTATTTGGCATTTGTTGGCTAAATCTGGT,0.08314501460607966,0.09933931762510384,0.09699488859116713,0.13278373017969575,0.1433803600203891,0.2143439138485472,0.14940583678505548,0.08060693834396186,1435.2289340747761
AAATGTCAACATGTTATTGCTAATTCTGATGTTGTTGCTGCTTGGCCAGGTTTGCCAAGAGGTGTTAAATTTGCTCCATCTGATCCAGCTATTATTTGGCATTTGTTGGCTAAATCTGGT,0.5973402831765313,0.23147338457940228,0.09317831986546288,0.029298295893270238,0.031043106788910677,0.006763786162148444,0.004797053723123983,0.0061057698111503505,271.62757141419496
AAATGTCAACATGTTATTGCTAATTCTGATGTTGTTGCTGCTTGGCCAGGTTTGCCAAGAGGTGTTAAATTTGCTCCATCTGCTCCAGAAATTATTTGGCATTTGTTGGCTAAATCTGGT,0.5777180303582131,0.28860374772044123,0.09722241277779514,0.019717206182726245,0.0005767122478901952,0.007630947355106303,0.006418514984401559,0.002112428373426076,235.37158876391686
AAATGTCAACATGTTATTGCTAATTCTGATGTTGTTGCTGCTTGGCCAGGTTTGCCAAGAGGTGTTAAATTTGCTCCATCTGCTCCAGCTATTATTTGGCATTTGTTGGCTAAATCTGGT,0.5452708537201225,0.1351931488819899,0.14054765517384743,0.03894283416514938,0.03454157702015405,0.02677490405170536,0.0252855222185309,0.05344350476850039,645.5866499904348
AAATGTCAACATGTTATTGCTAATTCTGCTGTTGTTGATGATTGGCCAGGTTTGCCAAGAGGTGTTAAATTTGATCCATCTGATCCAGAAATTATTTGGCATTTGTTGGCTAAATCTGGT,0.035518728213009984,0.12578027774051717,0.2201180080830076,0.20770927750176407,0.15626155754471532,0.20226144271779023,0.03566531165071005,0.016685396548485505,803.8354320315575
AAATGTCAACATGTTATTGCTAATTCTGCTGTTGTTGATGATTGGCCAGGTTTGCCAAGAGGTGTTAAATTTGATCCATCTGATCCAGCTATTATTTGGCATTTGTTGGCTAAATCTGGT,0.27474700441480204,0.256432423908948,0.19494462272149599,0.1454735120622868,0.03110600745742163,0.03965055213299273,0.022770577100041007,0.03487530020201178,594.6231576817379
AAATGTCAACATGTTATTGCTAATTCTGCTGTTGTTGATGATTGGCCAGGTTTGCCAAGAGGTGTTAAATTTGCTCCATCTGCTCCAGCTATTATTTGGCATTTGTTGGCTAAATCTGGT,0.2942554657563239,0.3172174353994913,0.23678556697793476,0.10227460036379744,0.023235815454772924,0.014476447912430827,0.008147901109491804,0.0036067670257569004,327.74093023951207
AAATGTCAACATGTTATTGCTAATTCTGCTGTTGTTGATGCTTGGCCAGGTTTGCCAAGAGGTGTTAAATTTGCTCCATCTGATCCAGCTATTATTTGGCATTTGTTGGCTAAATCTGGT,0.8200882514269915,0.05725093923504334,0.024572921942577586,0.03336890298369199,0.01628829108011618,0.008223574934678953,0.0026228777703828695,0.03758424062651761,427.1303615438395
AAATGTCAACATGTTATTGCTAATTCTGCTGTTGTTGATGCTTGGCCAGGTTTGCCAAGAGGTGTTAAATTTGCTCCATCTGCTCCAGAAATTATTTGGCATTTGTTGGCTAAATCTGGT,0.23510265007516173,0.1708361249874696,0.13814822311761488,0.1015743043982335,0.08365921400308071,0.08979014941905882,0.10296593896246885,0.07792339503691188,1119.2406493236363
AAATGTCAACATGTTATTGCTAATTCTGCTGTTGTTGATGCTTGGCCAGGTTTGCCAAGAGGTGTTAAATTTGCTCCATCTGCTCCAGCTATTATTTGGCATTTGTTGGCTAAATCTGGT,0.12379172641159525,0.1973386102624331,0.19805118593855672,0.1964691549274916,0.14891695660966395,0.07662785162095583,0.035785062111952766,0.02301945211735068,684.461873108193
AAATGTCAACATGTTATTGCTAATTCTGCTGTTGTTGCTGATTGGCCAGGTTTGCCAAGAGGTGTTAAATTTGATCCATCTGATCCAGAAATTATTTGGCATTTGTTGGCTAAATCTGGT,0.19078297347681109,0.2505126534118922,0.21728148443679537,0.15686947388700387,0.05735555818017266,0.07706254739799998,0.035988064219571216,0.014147244989753534,567.7502668779127
AAATGTCAACATGTTATTGCTAATTCTGCTGTTGTTGCTGATTGGCCAGGTTTGCCAAGAGGTGTTAAATTTGATCCATCTGCTCCAGCTATTATTTGGCATTTGTTGGCTAAATCTGGT,0.3893747961634863,0.19250235341918215,0.08353744751855344,0.07831229285872238,0.05623078840183688,0.08614900984223933,0.04981033575771884,0.06408297603826067,865.5737207634894
AAATGTCAACATGTTATTGCTAATTCTGCTGTTGTTGCTGATTGGCCAGGTTTGCCAAGAGGTGTTAAATTTGCTCCATCTGATCCAGCTATTATTTGGCATTTGTTGGCTAAATCTGGT,0.09783085298713932,0.18779394717225936,0.19221392723439965,0.2216637843720113,0.144604731406629,0.10147127341197494,0.029846395916760776,0.0245750874988256,713.6826657339718
AAATGTCAACATGTTATTGCTAATTCTGCTGTTGTTGCTGATTGGCCAGGTTTGCCAAGAGGTGTTAAATTTGCTCCATCTGCTCCAGAAATTATTTGGCATTTGTTGGCTAAATCTGGT,0.15042597076826672,0.13970503447174706,0.18718204213862677,0.12855242336264058,0.10262126974347709,0.1166687560090975,0.0643902868876426,0.11045421661850163,1286.9477285079436
AAATGTCAACATGTTATTGCTAATTCTGCTGTTGTTGCTGATTGGCCAGGTTTGCCAAGAGGTGTTAAATTTGCTCCATCTGCTCCAGCTATTATTTGGCATTTGTTGGCTAAATCTGGT,0.08179451307908372,0.06330414672275782,0.08612214984323949,0.13281135803029184,0.2108022005110478,0.2133855244549471,0.15172033962238263,0.06005976773624966,1349.2988259632589
AAATGTCAACATGTTATTGCTAATTCTGCTGTTGTTGCTGCTTGGCCAGGTTTGCCAAGAGGTGTTAAATTTGATCCATCTGATCCAGAAATTATTTGGCATTTGTTGGCTAAATCTGGT,0.1197784296528936,0.133197369775373,0.07844519957515694,0.10505508307903678,0.13045469467892376,0.11556795307322154,0.15201554509783222,0.16548572506756215,1830.6469717634304
AAATGTCAACATGTTATTGCTAATTCTGCTGTTGTTGCTGCTTGGCCAGGTTTGCCAAGAGGTGTTAAATTTGATCCATCTGATCCAGCTATTATTTGGCATTTGTTGGCTAAATCTGGT,0.2642027835268533,0.2664576998746197,0.2250872448790967,0.12293996573460339,0.054287300093248586,0.030414249570757536,0.027865590764981414,0.008745165555839502,447.04057275817763
AAATGTCAACATGTTATTGCTAATTCTGCTGTTGTTGCTGCTTGGCCAGGTTTGCCAAGAGGTGTTAAATTTGATCCATCTGCTCCAGAAATTATTTGGCATTTGTTGGCTAAATCTGGT,0.024335724945409698,0.02260130531336834,0.02096451421380179,0.027036164832799945,0.05533980117199255,0.0840774298429334,0.3836920922298175,0.38195296744987683,3609.13746417409
AAATGTCAACATGTTATTGCTAATTCTGCTGTTGTTGCTGCTTGGCCAGGTTTGCCAAGAGGTGTTAAATTTGATCCATCTGCTCCAGCTATTATTTGGCATTTGTTGGCTAAATCTGGT,0.20142803530332098,0.20493859746909307,0.21121878090309157,0.14583397081801328,0.06913643918721447,0.09335225976270728,0.03358454986799347,0.04050736668856577,743.8690075611464
AAATGTCAACATGTTATTGCTAATTCTGCTGTTGTTGCTGCTTGGCCAGGTTTGCCAAGAGGTGTTAAATTTGCTCCATCTGATCCAGAAATTATTTGGCATTTGTTGGCTAAATCTGGT,0.03146700766291329,0.05540447382958445,0.0929951754348184,0.231601904286442,0.26744221072281243,0.2379533404435184,0.06201603832163771,0.021119849298273388,987.4781314603435
AAATGTCAACATGTTATTGCTAATTCTGCTGTTGTTGCTGCTTGGCCAGGTTTGCCAAGAGGTGTTAAATTTGCTCCATCTGATCCAGCTATTATTTGGCATTTGTTGGCTAAATCTGGT,0.11516416580528421,0.14676788917339414,0.19584898553702246,0.12367869859272487,0.13996299893627867,0.10204142638463128,0.10324849940544718,0.07328733616521732,1157.4642827991013
AAATGTCAACATGTTATTGCTAATTCTGCTGTTGTTGCTGCTTGGCCAGGTTTGCCAAGAGGTGTTAAATTTGCTCCATCTGCTCCAGAAATTATTTGGCATTTGTTGGCTAAATCTGGT,0.16193010155981385,0.11819809482646915,0.09877312153677238,0.09876799575283411,0.05318898924403565,0.04365470750209821,0.14134755112766118,0.28413943845031553,2405.5205279166835
AAATGTCAACATGTTATTGCTAATTCTGCTGTTGTTGCTGCTTGGCCAGGTTTGCCAAGAGGTGTTAAATTTGCTCCATCTGCTCCAGCTATTATTTGGCATTTGTTGGCTAAATCTGGT,0.6055939292188477,0.2541440636137759,0.09313255048636664,0.0055742847616021985,0.018322949530619918,0.009987213260885633,0.010926557071381227,0.002318452056520818,253.06931386918995
AAATGTGAACATGTTATTGATGAATCTGATGTTGTTGATGATTGGCCAGGTTTGCCAAGAGGTGTTAAATTTGATCCATCTGATCCAGAAATTATTTGGCATTTGTTGGCTAAATCTGGT,0.006904949669519619,0.019002863212602094,0.07619804501813095,0.16361827993830108,0.3234547777697418,0.31319606431650365,0.08301070810767887,0.014614311967521965,1096.0282592140088
AAATGTGATCATGTTATTGATGATTCTGATGTTGTTGATGATTGGCCAGGTTTGCCAAGAGGTGTTAAATTTGATCCATCTGATCCAGAAATTATTTGGCATTTGTTGGCTAAATCTGGT,0.00238349865360317,0.08260102481056307,0.1763061824280051,0.09473905984502985,0.41363480209495945,0.15899962972720877,0.06975580913051443,0.0015799933101161543,852.7479220846518
AAATGTGCTCATGTTATTGATGCTTCTGATGTTGTTGATGATTGGCCAGGTTTGCCAAGAGGTGTTAAATTTGATCCATCTGATCCAGAAATTATTTGGCATTTGTTGGCTAAATCTGGT,0.03220580105382835,0.07490131613502296,0.17732068963080647,0.32321337494257096,0.22154373043621714,0.15517411442050338,0.008996463430848744,0.006644509950201884,686.3922770971825
AAATTGAAGAAATTGGGTAATTTGAAATTGCAAGAAGAAGGTGAAGCTTCTTCTACTACTTCTCCAACTGAAGAAACTACTCAGAAATTGACTGTTTCTCATATTGAAGGTTATGAATGT,0.26602148050246616,0.26765049217796055,0.11034097307993342,0.03283787112734155,0.11650634875856476,0.0812789085120371,0.05482691774971364,0.07053700809198267,946.4443457385571
AAATTGATTCAAGTTGATCCATCTAATATTGAATTGGATACTCCACCAGAATTTAGATTGTCTCAATTGGAATTTGGTTCTCAAGATTCATTCTTGGCTTGGGGTACTGGTAAGACTGAT,0.2389911523412508,0.10124405930163535,0.18782388812177833,0.08384559870127935,0.04957966837679886,0.12682454676773156,0.15165656455004556,0.06003452183948024,1147.7504565362124
AAATTGCCAGGTGTTAAACAAGATGGTTCTGTTTGTCACTTCTTTCATAGAACTGTTAAAGCTTATAATTCTGGTACTAGGAAGAGAAGGAAGATCTTGAATCATTTGAATCCATGTTCT,0.11915198316754919,0.04795264935528988,0.03953769670713291,0.10589904888551104,0.03131016896824863,0.0655292107129816,0.2873189444382048,0.30330029776508194,2879.486417069749
AAATTGTTGAATGAAATTCCAGATGCTCCAGGTGTTAATCAAAGACAATTTGATGAATTTGTTGGTGTTCCACAAGGTAATTCTGCTGAAGTTATTCAATCTACTTTGTTGAATAATTCT,0.08361943706861948,0.15666909766016018,0.20302671728826333,0.22469211448513815,0.19652452544779975,0.11587949404574176,0.015161789853749831,0.004426824150527609,603.0704907279212
AAATTTAGAGATGATTTGGAAGAATGTCAGAAGATTGTCTTGGATCCATCTAATATTGAATTGGATACTCCACCAGAATTTAGATTGTCTCAATTGGAATTTGGTTCTCAAGATTCATTT,0.21532009604737834,0.2334106553826697,0.23681804526572894,0.16050442253304456,0.08897779257489813,0.04711259240046651,0.012883756430540298,0.0049726393652736465,440.97957660038907
AAATTTATCTTGAAATCTAAGAAATTGGTTGAAGCTTTGTCTTTGTGTGATGATTTGTTGGGTTCTAAAGATAGAGAAGAGAAGACTAAATCTGGTTCTTTGAAAGATAAGAAACCATGT,0.2212214370944589,0.2709622218395917,0.143622333119961,0.1602844641826129,0.06634570558566376,0.11461069259929359,0.0,0.022953145578418155,575.1991635365991
AAATTTGATCCATCTGATCAAGAAATTATTTGGCATTTGTTGGCTAAAGTTGGTGCTGGTAATTCTAAACCACATCCATTTATTGATGAATTTATTACTTCTTTGGAAGTTGATGATGGT,0.16726566449826824,0.23841073999891443,0.1561023430689326,0.12388431921622274,0.1785600547312567,0.07665830565419586,0.025855038508007064,0.033263534324202336,714.0272130292291
AAATTTGATGATTTGAGAGAAGAATGTCAGAAGATTGTCTTGGATCCATCTAATATTGAATTGGATACTCCACCAGAATTTAGATTGTCTCAATTGGAATTTGGTTCTCAAGATTCATTT,0.0017119005273756622,0.0009568797432079686,0.0014201317100400893,0.006762181014208003,0.1186465543375441,0.42523619951988234,0.3985124431248483,0.04675371002289362,2006.462404508218
AACTTTAAGAGAAATTTGAATAATTGTCAGAAGATTGTCTTGAATCCATCTAATATTAATTTGAATACTCCACCAAACTTTAGATTGTCTCAATTGAACTTTGGTTCTCAAAATTCATTT,0.012026000926716305,0.021174376056230466,0.09352820696149734,0.21376766482261575,0.30959428560303703,0.2728216603889233,0.06273839423154251,0.014349411009437327,1007.1927759078058
AACTTTATTCATTGTGATCAATTTATTCAATTGCCACAATTGGAATCTCCATCTTTGCCATTGACTAAGAGACCAGTTTCTTTGACTTCTATTACTTCTTTGGAGAAGAATAAGAATATT,0.22352415985570892,0.22489293453312315,0.06953538091764604,0.20693979884608463,0.11013107525862785,0.03414724199118517,0.08637794519686248,0.04445146340076174,847.4104260152651
AACTTTCAATTCTCTAATCCAAATAGAATTTCTTCTTTGAGACCAGATTTGACTGAACAGAAGACTGGATTTCATGGTTTGGCTGATACTTCTAACTTTGATTGGGCTTCATTTGCTGGT,0.04150949514490291,0.08974748918334155,0.13517490189531287,0.24235241073910943,0.23497884322366674,0.20076300415200013,0.041774321868789197,0.013699533792877127,840.6809467520612
AAGAAACAATCTTCTGCTCAGAAACAAGTTTATGATAATGGTATTGCTAATGCTAGAGAGTTCTCTAATAATGGTACTTCTTCTACTACTTCTTCTTCTTCTCACTTTGAAGATGTCTTG,0.1424627847586001,0.19111356163500332,0.07386378286186608,0.06594638369299476,0.1637810393881927,0.054409232418436905,0.11010570510511625,0.19831751013978988,1869.8011753083367
AAGAAAGATTTGGAAGAATGTCAGAATTTGGAATTGGATCCAGCTAATATTGAATTGGATACTCCACCAGAATTTAGATTGGATCAATTGGAATTTGGTTCTCAAGATTCATTTATGGCT,0.0015310789499748234,0.0010590625922506684,0.0016670437470640781,0.005209241364454713,0.013201431986457153,0.07683588902452479,0.4412638624082433,0.4592323899270304,4181.687088399612
AAGAAAGATTTGGAAGAATGTCAGAATTTGGAATTGGATCCAGCTAATATTGAATTGGATACTCCACCAGAATTTAGATTGGCTCAATTGGAATTTGGTTCTCAAGATTCATTTATGGCT,0.1831136401106323,0.12754727760729684,0.08763724294796582,0.0,0.08328062926692148,0.05164398502561533,0.13063723592791865,0.33613998911364945,2696.4930138715636
AAGAAAGATTTGGAAGAATGTCAGAATTTGGAATTGGATCCAGCTAATATTGAATTGGATACTCCACCAGAATTTAGATTGTCTCAATTGGAATTTGGTGATCAAGATTCATTTATGGCT,0.001069027265193959,0.0016731144433922997,0.15223862589556258,0.31868689510294473,0.16714365075571874,0.1831279675368132,0.12007771348954543,0.055983005510828944,1251.4847817138482
AAGAAAGATTTGGAAGAATGTCAGAATTTGGAATTGGATCCAGCTAATATTGAATTGGATACTCCACCAGAATTTAGATTGTCTCAATTGGAATTTGGTGCTCAAGATTCATTTATGGCT,0.1567636764788628,0.10514909068230986,0.0650227815197248,0.2902652106855017,0.051491979698473696,0.09579362158626847,0.0484633938970747,0.18705024545178395,1694.8442721096417
AAGAAAGATTTGGAAGAATGTCAGAATTTGGAATTGGATCCAGCTAATATTGAATTGGATGATCCACCAGAATTTAGATTGGATCAATTGGAATTTGGTGATCAAGATTCATTTATGGCT,0.03259147738420851,0.03279105486599759,0.0,0.14483210287436102,0.0,0.05974704832661778,0.30226905396126047,0.4277692625875546,3666.7893054438305
AAGAAAGATTTGGAAGAATGTCAGAATTTGGAATTGGATCCAGCTAATATTGAATTGGATGATCCACCAGAATTTAGATTGTCTCAATTGGAATTTGGTTCTCAAGATTCATTTATGGCT,0.2755429451529905,0.178219454503012,0.024490780086145685,0.196790698517282,0.17454972693712614,0.07216118612868251,0.05476109885278258,0.023484109821978592,710.7313366493751
AAGAAAGATTTGGAAGAATGTCAGAATTTGGAATTGGATCCAGCTAATATTGAATTGGATGCTCCACCAGAATTTAGATTGGCTCAATTGGAATTTGGTGCTCAAGATTCATTTATGGCT,0.05898537601568827,0.051928256998537155,0.055048688148106366,0.08191343961717681,0.3487474225248307,0.25681499233190586,0.10257352096009649,0.043988303403658384,1245.1320294046782
AAGAAAGATTTGGAAGAATGTCAGAATTTGGAATTGGATCCAGCTAATATTGAATTGGATGCTCCACCAGAATTTAGATTGTCTCAATTGGAATTTGGTTCTCAAGATTCATTTATGGCT,0.0025366246102268724,0.011807752885922932,0.026350611469601846,0.10801455997487429,0.25313907891874426,0.32538769962055103,0.2157466770324066,0.05701699548767212,1625.9990441978662
AAGAAAGGTGAACCACATCATGAATTGCCACCAGGTTCTACTAAGAGAGCTTTGCCAAATAATACTTCTTCTTCTCCACAACCTAAGAAGAAACCATTGGATGGTGAATACTTTACTTTG,0.21909767911106598,0.26636421186309656,0.2555938570297299,0.12170504433746109,0.04947714470593567,0.04602265153605988,0.025400217137018438,0.01633919427963233,509.37646429537006
AAGAAATCTAAACCTAAGAAGACTAATTGGGTTATTCATCAATATCATGTTGGTATTCATGAAGATGAAAGAGAAGGTGAATTGGTTATGTCTAAAGTCTTCTTTCAAACTCAACCAAGA,0.26422243625421304,0.159504258771113,0.19727057081026386,0.1174168652073022,0.0520732989774618,0.04843754237267613,0.09802104384577288,0.06305398376119714,959.7702980762074
AAGAAATTGAGAGTTAATGCTATTGGTGTTGTTGATGTTTATAAAGTTGATCCATCTGAATTGCCAGGTTTGTCTATGTTGAAGACTGGTGATAGACAATGGTTCTTCTTTACTCCAAGA,0.22445866250116792,0.2725560418535699,0.24450503265200413,0.16023379500334167,0.04949986119824436,0.03392586641164665,0.008160586837490139,0.006660153542535219,403.8684466668884
AAGAAATTTCAAGTTGATGCTATTGCTGAAGTTGATATTTATAAATTTGAACCACCAGATTTGCCAGATAAATCTTGTTTGGGTACTGGTGATTTGAAATGGTACTTCTTCTGTCCAAGA,0.048718699981515894,0.019606813710973604,0.0606229476619272,0.1840243979056272,0.17282779761677103,0.19648562332296027,0.10844176356929823,0.2092719562309267,2134.253363006072
AAGAAGACTTTGGTTTATCATGAAGGTAAATCTCCACATGGTGTTAGAACTCCATGGGTTATGCATGAATATCATATTACTTGTTTGCCACATCATAAGAGGAAATATGTTGTTTGTCAA,0.31425436566520304,0.290634035183174,0.22316582480474453,0.08228210071728058,0.04149266633430187,0.032206988216657656,0.01342395782241247,0.0025400612562259087,355.44225546680934
AAGAAGATTACTTCTGTTAAATGTTCTTATGGTGGTTTGTTTAGAGCTGCTGTTGTTGCTGTTGTCTTCTTGATGTCTGTTTGTTCTTTGACTGTTGACTTTAGAGCTTCTGCTGTTTCT,0.3152010038783541,0.3414932182881613,0.23139087837164274,0.07811242510127077,0.0009900583469831116,0.014827013164312371,0.012039197484348823,0.005946205364926818,331.2698799831144
AAGAAGATTCCAATTTCTTCTTTGATTAGAATTGGTTCTTTGGGTACTGACTTTAATCCATCTTTGTTGCCATCTTTGACTGATTCTTCTCCATATAATGATAAGACTAAGACTGAACCA,0.03800177681351002,0.1147034545694742,0.047287380978961284,0.15480184442028733,0.14978878506598656,0.1277196573973901,0.14097871036472004,0.22671839038967034,2220.265726980507
AAGAAGATTGTCTTGGATCCATCTAAGATTGAATTGGATACTCCACCAGAATTTAGATTGTCTAAATTGGAATTTGGTTCTAAAGATTCATTCTTGGCTTGGGGTACTGGTAAGACTGAT,0.06044379340410513,0.10642437328940817,0.056409770664277534,0.08393875491992153,0.04467127824975317,0.0692538842859607,0.1821900741497497,0.3966680710368243,3216.2442328878888
AAGAATGAAAGAGAACAAGATGATAATGGTGAAGATCCAACTTGGTTTGATTCTGGTTCTCAATTTATCTTAAATTCTCAACAATTGGTTGAAGCTTTGTCTTTGTGTGATGATTTGTTG,0.11986143946808106,0.16653653807341173,0.09233043991622372,0.16486722941458784,0.19122933520598107,0.15171922082228276,0.07940376446829364,0.03405203263113806,944.7834873646511
AAGAATGCTCAAGAATTGACTACTGCTGATGCTTTGGAAACTATTGCTGCTGAAGAAGATTTGCCAGATTTGCCAGAACCAGCTTTGGATGAAAGAGAAGAAGATATTTGTTCTATTACT,0.20101727427041846,0.34129388064697364,0.1563344734909589,0.16749252920161037,0.0990418600622436,0.011515844942697875,0.023304137385097175,0.0,395.84919409901187
AAGAATGTTCCACAAGATACTTATGTCTTGTGTGTCTTGTTTAAGAAGAATGGTTTGGGTCCAAGACATGGTTCTCAATATGGTGCTCCATTTAAAGAAGAAGATTGGTCTGATAAAGAA,0.22795380702806994,0.2581373778440358,0.22303877935894903,0.1733862080815775,0.05126345825510868,0.041181847705806775,0.01600966760153674,0.009028854124915383,446.8771568183039
AAGACTAATTGGGTTATGCATCAATATCATTTGGGTACTGAAGATGATGAGAAAGATGGTGACTTTGTTGTTTCTAAAGTCTTGTATCAACAACAATTGAAACCATGTGAGAAGAATGAT,0.09326151522377395,0.18467930222708318,0.27025934865094353,0.2354106952954568,0.06679906355641183,0.1142280346451169,0.015207194559252653,0.020154845841961328,635.7289019723037
AAGACTAATTGGGTTATGCATGAATATAGATTGGAAGGTAAATTCTCTGCTCATAATTTGCCTAAGACTGCTAAGAATGAATGGGTTATTTGTAGAGTCTTTCAGAAATCTGCTGGTGGT,0.5847041347125486,0.2727945686574823,0.08542160049685947,0.0304637223856294,0.00048064772010303293,0.004490327715257264,0.0067659958704855425,0.014879002441634369,311.62871356875394
AAGACTACTAAAGATGGTGATAATTTGCAAGATCAAGATCAGAAATTGTGGGAAGGTGATGATCAATTTGAATTGTTGGATGATCAACAATTGGCTGAAGGTTTGGCTTTGTGTGATGAA,0.16835576310876144,0.20249989911604588,0.18586589708610116,0.2250075686007235,0.10103614545398926,0.05801345924107808,0.030523851621585253,0.028697415771715366,661.8543878151006
AAGACTACTAAAGATGGTGATAATTTGCAAGATCAAGATCAGAAATTGTGGGAAGGTGATTCTCAATTTGAATTGTTGGATTCTCAACAATTGGCTGAAGGTTTGGCTTTGTGTGATGAA,0.006189207757289032,0.04981686439158671,0.04620911700204838,0.19252799584168753,0.29884537923520355,0.23826857257797554,0.10906321637007552,0.05907964682413381,1336.1599798877144
AAGACTACTAAAGATGGTGATAATTTGCAAGCTCAAGATCAGAAATTGTGGGAAGGTGATGCTCAATTTGAATTGTTGGATGCTCAACAATTGGCTGAAGGTTTGGCTTTGTGTGATGAA,0.08777918897774366,0.08831671445666395,0.04681188579588958,0.05572554347077108,0.061784414034384866,0.14942363172626327,0.36053286262850787,0.14962575890977567,2213.5876628996443
AAGACTACTAAAGATGGTGATAATTTGCAAGCTCAAGATCAGAAATTGTGGGAAGGTGATTCTCAATTTGAATTGTTGGATTCTCAACAATTGGCTGAAGGTTTGGCTTTGTGTGATGAA,0.15728824096682986,0.15465478972272642,0.12899798756759215,0.09531376350641065,0.11272207151215365,0.11795829629048586,0.16908434297282926,0.06398050746097209,1241.7102965525396
AAGACTACTAAAGATGGTGATAATTTGCAATCTCAAGATCAGAAATTGTGGGAAGGTGATGATCAATTTGAATTGTTGGATTCTCAACAATTGGCTGAAGGTTTGGCTTTGTGTGATGAA,0.07498964135539841,0.020576958719591813,0.033932037705886084,0.015147445008484611,0.026871009757546357,0.01249743821964386,0.24658283279647145,0.5694026364369774,4331.106619015947
AAGACTACTAAAGATGGTGATAATTTGCAATCTCAAGATCAGAAATTGTGGGAAGGTGATGCTCAATTTGAATTGTTGGATTCTCAACAATTGGCTGAAGGTTTGGCTTTGTGTGATGAA,0.15970461803420594,0.22349487067050028,0.23666685691921271,0.21936356480360963,0.07868698094751536,0.05389670608405329,0.019524612828901743,0.008661789712001041,500.82148798793
AAGACTACTAAAGATGGTGATAATTTGCAATCTCAAGATCAGAAATTGTGGGAAGGTGATTCTCAATTTGAATTGTTGGATGATCAACAATTGGCTGAAGGTTTGGCTTTGTGTGATGAA,0.005807939956182232,0.007596557166507266,0.03613545108149823,0.02097037884124716,0.17512935504098398,0.4559654086871271,0.2706747990893434,0.027720110137110527,1660.3808869125978
AAGACTACTAAAGATGGTGATAATTTGCAATCTCAAGATCAGAAATTGTGGGAAGGTGATTCTCAATTTGAATTGTTGGATGCTCAACAATTGGCTGAAGGTTTGGCTTTGTGTGATGAA,0.13482400338901185,0.19990469275693465,0.07063906837998635,0.11825123203006363,0.09090177717153915,0.0845550170616943,0.19085399483624071,0.11007021437452952,1527.841323134171
AAGACTGAAGAAGAAGTTGAATCTTCTCATGGATTTAATAATTCTGGTGAATTGGCTCAGAAAGGTTATGGTGTTGATTCATTTGGTTATTCTGGTCAAGTTGGTGGATTTGGATTTATG,0.020529405351093925,0.023605850758314263,0.02737038784319935,0.050502261402980975,0.10114904300258605,0.13978613110762822,0.341359265061411,0.2956976554727862,3075.75722152521
AAGACTGAAGATGTTAAGAGACATGATATTGCTGAATCTTCTTTGGTTATTTCTGGTGATTCTCATTCTGATGCTTGTGATGAAGCTACTACTGCTGAATTGGTTGACTTTAAATGGTAT,0.11514785024515858,0.13130003348184668,0.12417932240771888,0.16630296184972515,0.17776564846861365,0.17239039750476626,0.08543492852187498,0.027478857520295916,938.5744577547296
AAGACTGATAATTCTGTCTTGAATCCACATGAGAATTTGGAATCTATGAGAAATATGATTGAGAATGATGTTAATAATATTGATTCTTTGGAACCACCATATGTTATGAAGAAATATCAT,0.4042809162859096,0.34205335183835467,0.0734519548100538,0.11942363504554993,0.00046256142296751226,0.01301552818217283,0.0015237428820853128,0.045788309532906274,535.2238242883182
AAGACTGGATTTCATGGTTTGGCTGATACTTCTAACTTTGATTGGGCTTCATTTGCTGGTAATGTTGAACATAATAATTCTGTTCCAGAATTGGGTATGTCTCATGTTGTTCCAAATTTG,0.24699594179307524,0.16567229899883373,0.14798263770360295,0.1016311526204262,0.1532464345223762,0.08385104222880684,0.06787434939275616,0.03274614274012266,790.7854399745112
AAGACTGGTAGAACTAAACCAGTTATCTTGAATGGTGTTCAGAAAGGTTGTAAGAAGATTATGGTCTTGTATATTTCTCCAGTTAGAGGTGGTAAACCAGAGAAGACTAATTGGGTTATG,0.10245172737142887,0.1546186526196197,0.13907504343399119,0.4087186856356042,0.04588936078564403,0.05975951325573571,0.05614739294549265,0.03333962395248368,769.6436894368654
AAGACTGTCTTGCCAATTCCAGAATTGGATGATGCTGTTGTTGAATCATTCTTCTCTTCTTCTACTGATTCTACTCCAATGTTTGAATATGAGAATTTGGAAGATAATTCTAAAGAATGG,0.16788746694304998,0.21859658665970463,0.18433252515026968,0.1645740708053303,0.08758450273241632,0.08146935465193701,0.03663692248822048,0.05891857056907161,865.4203332984018
AAGACTTATCAAGGTTCTTATGGATTTAGATTGGGATTCTTGCATTCTGGTACTGCTAAATCTGTTACTTGTACTTATTCTCCAGCTTTGAATAAGATGTTCTGTCAATTGGCTAAGACT,0.2183599733350139,0.16618115831390828,0.08708829674344223,0.07775337262312716,0.10482803147881357,0.12060316336798127,0.15837911214854378,0.06680689198916984,1218.705934152022
AAGACTTTGGTCTTCTATGAAGGTAGAGCTCCATTGGGTGATAGAACTAATTGGTTTATGCATGAATATAGATTGTGTGATATTGATGATCATTCTCAGAAATCTCCAAACTTTAAAGGT,0.0713748890241865,0.2154358829263082,0.1776301979868423,0.19823770083996392,0.1406665530880085,0.1635565217542613,0.03309825438042925,0.0,634.0624593135933
AAGAGAACTACTGGTTCTGGATTCTGGAAACCATCTGGTGTTGATAGGAAGATTAGAGATAAGAGAGGTAATGGTGTTGTTATTGGTATTAAGAAGACTTTGGTTTATCATGAAGGTAAA,0.4962598457018493,0.3422722496941084,0.09974877809411106,0.0153788808618975,0.009940832944883033,0.006883241515349421,0.015104092911650623,0.014412078276150573,341.8875238760744
AAGAGAAGGAAGATTAATACTGTTGATGCTGATGTTAGATGGCATAAGACTGGTAAGACTAAACCAGTCTTGTTGGATGGTAAACAATTGGGTTCTAAGAAGATTATGGTCTTGTATATG,0.5180333786713818,0.31780980973453754,0.12994811591379385,0.01414366905914161,0.002757514111536808,0.006792981024172602,0.006074774901326706,0.004439756584109145,256.17282293308295
AAGAGAATTGCTACTAAGATTAAATCTGCTTCTGCTACTTGTGATCCAAGAAATATTAAATGGAAATCTAATCCAACTAGAGCTTGTCCTAAATGTAATCATATTATTGATAATAATGAT,0.14819055179309773,0.2385568205913565,0.3688008123678814,0.13170774058070508,0.05841117066782758,0.05433290399913171,0.0,0.0,383.2988441292429
AAGAGAGAATTTGATGATTTGGAATGTCAGAAGATTGTCTTGGATCCATCTAATATTGAATTGGATACTCCACCAGAATTTAGATTGTCTCAATTGGAATTTGGTTCTCAAGATTCATTT,0.09957957690959875,0.05009468167830924,0.0,0.08297214880636464,0.22078430576228195,0.36510071168757086,0.09235489435318205,0.08911368080269247,1541.6921526995764
AAGAGAGACTTCTTGGATGAAGAATGTCAGAAGATTGTCTTGGATCCATCTAATATTGAATTGGATACTCCACCAGAATTTAGATTGTCTCAATTGGAATTTGGTTCTCAAGATTCATTT,0.001493767160456945,0.001849740808971399,0.0033600734860983676,0.013914475825200405,0.08843129664295911,0.2607789948331952,0.3673419082672293,0.26282974297588946,3055.7734921984256
AAGAGAGATGATAATGAGAATCAAGGTGAAGAAGATCCAACTTGGTTTGATTCTGGTTCTCAATTTATCTTAAATTCTCAACAATTGGTTGAAGCTTTGTCTTTGTGTGATGATTTGTTG,0.21867097861689333,0.20026554404902605,0.09070082806604651,0.13704084245729695,0.05248866786310191,0.1027871793931221,0.09100268984528484,0.10704326970922823,1272.8875543889492
AAGAGAGATTTGGACTTTGAAGAATGTCAGAAGATTGTCTTGGATCCATCTAATATTGAATTGGATACTCCACCAGAATTTAGATTGTCTCAATTGGAATTTGGTTCTCAAGATTCATTT,0.13594395136771398,0.15387347142566207,0.042290347709643815,0.11327183858641092,0.06698002376431063,0.09345521993750171,0.11032084538958795,0.28386430181916905,2394.9506491068237
AAGAGAGCTAGAAATACTGAAGCTGCTAGAAGATCTAGAGCTAGGAAATTGCAAAGAATGAAACAATTGGAAGATAAAGTTGAAGAATTGTTGTCTAAGAATTATCATTTGGAGAATGAA,0.11513934185379616,0.0772296068172317,0.09551549743978809,0.19187385410229013,0.15127873462525476,0.19348512790196498,0.10678576956051768,0.06869206769915653,1254.174663502192
AAGAGAGGTAATGGTGTTGTTATTGGTATTAAGAAGACTTTGGTTTATCATGAAGGTAAATCTCCACATGGTGTTAGAACTCCATGGGTTATGCATGAATATCATATTACTTGTTTGCCA,0.052587774459851404,0.026454900728575426,0.04907806294009829,0.08763485010263666,0.10364066507101959,0.19280895216885063,0.37798636442903993,0.10980843009992812,2093.7295115752945
AAGAGATTTGATGATTTGGAAGAATGTCAGAAGATTGTCTTGGATCCATCTAATATTGAATTGGATACTCCACCAGAATTTAGATTGTCTCAATTGGAATTTGGTTCTCAAGATTCATTT,0.1287686176285863,0.15384911130698545,0.11016004233171872,0.1698808593303884,0.11895883811976257,0.13278376154791136,0.08956966211974618,0.09602910761490097,1289.8285970765
AAGATCTTGAATCATTTGAATCCATGTTCTGGTGATGTTAGATGGCATAAGACTGGTAAGACTAGACAAGTTATTGTTGATGGTGTTCATAGAGGTTGTAAGAAGATTATGGTCTTGTAT,0.08953953960895347,0.050048802659883575,0.09903841760868204,0.05526410605877843,0.15685838316000725,0.15502569264178387,0.23990280985878326,0.1543222484031282,2020.4403848163743
AAGATGCATCAATATCATTTGGGTACTGAAGAAGATGAGAAAGATGGTGAATTTGTTATTTCTAAGATCTTCTATGATCATCAACAACAACAATTGGATCAAGGTGAGAAGAATGAACAA,0.2768142351506688,0.21002343479193217,0.19199011120057619,0.10082990964574998,0.049188850543250326,0.02079749366616281,0.07996534678435517,0.07039061821730457,923.7216737986355
AAGATTATGGTCTTGGAAGGTGGTAAAGCTGTTAAAGAGAATTGGGTTATGCATCAAGAACATTTGGGTATTGAAGAAGATGAGAAAGAAGGTGATGAAGTTGTTGAGAAGATCTTTGAA,0.07668409315186475,0.19085383157995814,0.19586536686934494,0.2152254972854239,0.17499263291127493,0.10358386886793207,0.018715926396178462,0.02407878293802295,703.8767719381505
AAGATTATGGTCTTGGATGGTGGTAAAGCTGTTAAAGATAATTGGGTTATGCATCAAGATCATTTGGGTATTGAAGAAGATGAGAAAGAAGGTGATGATGTTGTTGATAAGATCTTTGAT,0.10737685769571138,0.17451709419694617,0.18500403537965904,0.12846835741920612,0.14650594470516934,0.10599314664132095,0.12256796060429545,0.02956660335769157,944.2384414335461
AAGATTATGGTCTTGGCTGGTGGTAAAGCTGTTAAAGCTAATTGGGTTATGCATCAAGCTCATTTGGGTATTGAAGAAGATGAGAAAGAAGGTGATGCTGTTGTTGCTAAGATCTTTGCT,0.08507133412665796,0.08782110949059835,0.10185719857639945,0.06939724093720064,0.05156528068811121,0.06115601409454138,0.24575620169040857,0.29737562039608245,2751.315972511584
AAGATTATGGTCTTGTATACTAATTTGGTTAGAGGTGGTAAATCTGAGAAGACTAATTGGAAGATGCATCAATATCATTTGGGTACTGAAGAAGATGAGAAAGATGGTGAATTTGTTATT,0.019258602156159526,0.05597665469073692,0.10118291967267076,0.24723866444254294,0.22351337757388343,0.2765564401374267,0.06350703977112421,0.012766301555455653,965.4210358334751
AAGATTATGGTCTTGTATATGTCTACTGTTAAAGGTGGTAAACCTAAGAAGACTAATTGGGTTATGCATCAATATCATTTGGGTACTGGTGAAGATGAACAGAATGGTGAATATGTTGTT,0.05022798373564683,0.13476149412255545,0.14583571272275786,0.22320634384919588,0.14848493855296446,0.16881055077924312,0.10869565135105211,0.019977324886584394,949.5689309087767
AAGATTATGGTCTTGTATATGTCTATGGCTAGAGGTGGTAAACCAGAGAAGACTAATTGGGTTATGCATCAATATCATTTGGGTACTGGTGAAGATGAGAAAGATGGTGAATTTGTTATT,0.4542541297833563,0.34969789329749634,0.14857290006094387,0.022449086700234794,0.007746889394233197,0.010133439953639151,0.005753246669617568,0.001392414140478663,252.81763278162285
AAGATTATGGTCTTGTATGGTGGTAAAGCTGTTAAAGAAGAATGGGTTATGCATCAATATCATTTGGGTATTGAAGAAGATGAGAAAGAAGGTGATGAAGAAGTTTCTAAGATCTTCTAT,0.0005814051431927642,0.0016797445136567403,7.536140635663454e-05,0.001327727301886324,0.004485887022661378,0.02777470693831699,0.37191229925150526,0.5921628684224239,4770.891004327658
AAGATTATGGTCTTGTATGGTGGTAAAGCTGTTAAAGAGAATTGGGTTATGCATCAATATCATTTGGGTATTGAAGAAGATGAGAAAGAAGGTGATGAAGTTGTTTCTAAGATCTTCTAT,0.0485040441741889,0.030983516223854826,0.03465466308435148,0.015055426739662115,0.00741044788855692,0.009367510540608725,0.29638273130734705,0.55764166004143,4364.8470127615865
AAGATTATGGTCTTGTATGGTGGTAAAGCTGTTAAAGATAATTGGGTTATGCATCAATATCATTTGGGTATTGAAGAAGATGAGAAAGAAGGTGATGATGTTGTTTCTAAGATCTTCTAT,0.22332882651669775,0.22939917116286726,0.26479072776574025,0.18369177658982228,0.048539428509062225,0.03790888355903254,0.00961636683895425,0.0027248190578235488,394.96408251508797
AAGATTATGGTCTTGTATGGTGGTAAAGCTGTTAAAGATGATTGGGTTATGCATCAATATCATTTGGGTATTGAAGAAGATGAGAAAGAAGGTGATGATGATGTTTCTAAGATCTTCTAT,0.137434229812061,0.06049567272554621,0.0961963952190513,0.12405637311410915,0.16928572191384383,0.14959288665862883,0.19119468321792527,0.07174403733883455,1413.226988891482
AAGATTATGGTCTTGTATGGTGGTAAAGCTGTTAAAGCTAATTGGGTTATGCATCAATATCATTTGGGTATTGAAGAAGATGAGAAAGAAGGTGACTTTGTTGTTTCTAAGATCTTCTAT,0.4411941221732637,0.24791685574030867,0.1690675249623682,0.07570205699591043,0.007664177172921762,0.020819391870519316,0.022853059699332604,0.0147828113853753,403.25059565439483
AAGATTATGGTCTTGTATGGTGGTAAAGCTGTTAAAGCTAATTGGGTTATGCATCAATATCATTTGGGTATTGAAGAAGATGAGAAAGAAGGTGATGCTGTTGTTTCTAAGATCTTCTAT,0.1608967602510188,0.26150173945565175,0.15400871785564393,0.1512507126888528,0.07317632609246466,0.07941168269110574,0.04591489310408757,0.07383916786117482,963.0071763442763
AAGATTATGGTCTTGTATGGTGGTAAAGCTGTTAAGACTAATTGGGTTATGCATCAATATCATTTGGGTATTGAAGAAGATGAGAAAGAAGGTGATTATGTTGTTTCTAAGATCTTCTAT,0.38573944990154735,0.30562453137021134,0.17270374909053557,0.0798894307522795,0.024701170614289482,0.017894528434809983,0.007696703767945006,0.005750436068381951,324.5841330576713
AAGATTATGGTCTTGTTTGGTGGTAAAGCTGTTAAAGCTAATTGGGTTATGCATCAATTTCATTTGGGTATTGAAGAAGATGAGAAAGAAGGTGACTTTGTTGTTGCTAAGATCTTCTTT,0.1847374129002496,0.23929413993037366,0.2710225823934183,0.19828902476024332,0.061758159219725765,0.029131663414572465,0.011538477808010584,0.004228539573406308,413.6149281768453
AAGATTCAAGTCTTGGATCCATCTAATATTGAATTGGATACTCCACCAGAATTTAGATTGTCTCAATTGGAATTTGGTTCTCAAGATTCATTCTTGGCTTGGGGTACTGGTAAGACTGAT,0.0006225044051942463,0.0008350885054770053,0.0028402411660341715,0.01075793095862204,0.020890354143849422,0.06580815038651866,0.5410964014792002,0.3571493289551043,3785.3183908424517
AAGATTCAATCTAATATTGTTCCAGATTTGGAATTGGATACTCCACCAGAATTTAGATTGTCTCAATTGGAATTTGGTTCTCAAGATTCATTCTTGGCTTGGGGTACTGGTAAGACTGAT,0.0015879715637671119,0.0011183869771074864,0.0005598629785557747,0.012702114258672003,0.00046943922995354936,0.049682544993108466,0.45567234269267065,0.47820733730616494,4296.015369122461
AAGATTGATTTGGTTCAACCATCTAATATTGAATTGGATACTCCACCAGAATTTAGATTGTCTCAATTGGAATTTGGTTCTCAAGATTCATTCTTGGCTTGGGGTACTGGTAAGACTGAT,0.12366111807900466,0.07465102228874106,0.05385705123878745,0.08929914956467776,0.1705990500062531,0.17002267289599218,0.22937855030556922,0.08853138562097465,1618.3439981413012
AAGATTGGTAGAGGTGGTAAACCACATGCTTTGATTGATGAATTTATTCCAACTTTGGAAGATGATGAAGGTATTTGTTCTAAACATCCAGAGAAATTGCCAGGTGTTAAATCTGATGGT,0.024437021901642677,0.0245866646820561,0.022019676439962978,0.1067224849612679,0.27733976989678694,0.3552961678526417,0.15239633778135805,0.03720187648428361,1399.573588595988
AATAAACCACATACTTATTGTATTGGTGATGATCAGAATGTTACTCCAATCTTTGAAGATATCTTTCCACATTCTTCTTTGGGTTCTTTGGGTTCTAAAGCTTTGTTGCATTGGATTATT,0.10716636250957429,0.1632314474187436,0.18891547016517424,0.2645737625870212,0.13933653382798583,0.10777933415454592,0.016565207436680916,0.012431881900274024,621.7549428720805
AATAAAGAAGGTGAAGAGAATCATCAAGCTGAAGAAGAAGAGAATTTGTTGGATTCTGGTGGTGATCAATTTATCTTAAATTCTCAACAATTGGTTGAAGCTTTGGCTTTGTGTGATGAT,0.12854642135812352,0.20181406192299697,0.2582529660331812,0.23377397100352615,0.10632223106865939,0.056221036564562316,0.01463931079344276,0.00043000125550768847,464.86242668693114
AATAAAGAAGGTGAAGAGAATCATCAAGCTGAAGAAGAAGAGAATTTGTTGGATTCTGGTGGTGATCAATTTATCTTGAATGATCAACAATTGGTTGAAGCTTTGGCTTTGTGTGATGAT,0.004862842574459478,0.009241616922418755,0.029582967442859282,0.08223734208805841,0.25641863445346685,0.294677568772482,0.27320785850253637,0.04977116924371879,1677.8839929410535
AATAAAGAAGGTGAAGAGAATCATCAAGCTGAAGAAGAAGAGAATTTGTTGGATTCTGGTGGTGCTCAATTTATCTTAAATTCTCAACAATTGGTTGAAGCTTTGGCTTTGTGTGATGAT,0.17237705866920378,0.08671631423495865,0.035749467212743344,0.06782471028915855,0.106163416705233,0.19421047553340443,0.1998384801428598,0.13712007721243863,1827.25079711706
AATAAAGAAGGTGAAGAGAATCATCAAGCTGAAGAAGAAGAGAATTTGTTGGATTCTGGTGGTGCTCAATTTATCTTGAATGCTCAACAATTGGTTGAAGCTTTGGCTTTGTGTGATGAT,0.05652785783145164,0.07497028902114489,0.15666691270012564,0.31685723146059475,0.19749215719798377,0.1413101992825816,0.05004362728197853,0.006131725224139162,745.6133016124298
AATAAAGAAGGTGAAGAGAATCATCAAGCTGAAGAAGAAGAGAATTTGTTGGATTCTGGTGGTTCTCAATTTATCTTAAATTCTCAACAATTGGTTGAAGCTTTGGCTTTGTGTGATGAT,0.14653499299114858,0.1326890844647795,0.1458722538017421,0.1465158654550886,0.12995687550190038,0.05372590634399908,0.12231324730496589,0.1223917741363757,1441.1014178601463
AATAAAGAAGGTGAAGAGAATCATCAAGCTGAAGAAGAAGAGAATTTGTTGGATTCTGGTGGTTCTCAATTTATCTTGAATGATCAACAATTGGTTGAAGCTTTGGCTTTGTGTGATGAT,0.21097217077289146,0.252695335678844,0.125010713806683,0.1785774663363327,0.07919746263666352,0.07366789751369826,0.055904499834999316,0.023974453419887815,677.5725011764694
AATAAAGAAGGTGAAGAGAATCATCAAGCTGAAGAAGAAGAGAATTTGTTGGATTCTGGTGGTTCTCAATTTATCTTGAATGCTCAACAATTGGTTGAAGCTTTGGCTTTGTGTGATGAT,0.015816201734675513,0.027847844462345953,0.03936167304692031,0.09664194962249874,0.32339678692393525,0.2428283666095977,0.21636342875416573,0.03774374884586078,1451.5406974894356
AATAAAGATGATGAAAGAAATCAAGGTGAAGAAGATCCAACTTGGTTTGATTCTGGTTCTCAATTTATCTTAAATTCTCAACAATTGGTTGAAGCTTTGTCTTTGTGTGATGATTTGTTG,0.2745118777054958,0.27302359024774125,0.2308759544013484,0.11598694141879423,0.04124984901694861,0.04056123183643928,0.01502110229614901,0.008769453077083454,419.244472070534
AATAAAGCTTTGTTTGGTGAGAAAGAATGGTACTTCTTCTCTCCAAGAGATAGGAAATATCCAAATGGTTCTAGACCAAATAGAGTTGCTGGTTCTGGTTATTGGAAAGCTACTGGTACT,0.19060483484976665,0.17939963576137014,0.1606692889823163,0.10929316403152978,0.10905865262802585,0.06762945324516939,0.1026441879132669,0.08070078258855497,1132.260851096277
AATAAATCTGCTTGTCCATCTTCATTTGATGCTAATGCTATGACTAAGATTAATCCATCTCAACAATTGCAACAACAATTGAATAGAGTTCAACATAAACAATTGACTTCTTCTCATAAT,0.03132861987897957,0.022514617224645473,0.038983660975444104,0.07458221544066612,0.08379386604305646,0.2666484057215235,0.3860253371684507,0.0961232775472341,2099.202559387247
AATAAGATGTTCTGTCAATTGGCTAAGACTTGTCCAGTTCAATTGTGGGTTGATTCTACTCCACCACCAGGTACTAGAGTTAGAGCTATGGCTATTTATAAACAATCTCAACATATGACT,0.5679526922783292,0.2414409792381771,0.11573765623581118,0.031496800265925606,0.011577630850386145,0.007807467019479416,0.0029650811909559638,0.021021692920935493,354.61874279439394
AATAATAATATTACTCAAGCTAATAGATTTAATACTTTGCCAATTACTTCTGCTAAATCTCCACAGAACTTTAGGAAATACTTTACTTCATTTAATTCTAACTTTGAAGATTTGTCTCCA,0.1818027034973405,0.3658319845332634,0.07540852405816602,0.20197663598798554,0.11943303867174779,0.05554711325149684,0.0,0.0,404.20661217476305
AATAATAATATTGCTCAAGCTAATAGATTTAATGCTTTGCCAATTACTGCTGCTAAAGCTCCACAGAACTTTAGGAAATACTTTACTGCATTTAATTCTAACTTTGAAGATTTGGCTCCA,0.020965516167495344,0.05800822720627445,0.18914067034053547,0.30861869808249576,0.2582444376895212,0.1393240136587984,0.01944442917714707,0.006254007677732215,709.0696337770823
AATAATAGAGAAAGAGTTGATGCTACTACTATGAAAGCTGATCCAGTTTCTCCTAAATCTGCTACTCCAAATCCACCAAGAACTGAAAGAAGATCTTGTGATTCTGATCCAGTTCAAGAT,0.05677958066953813,0.0922825238213751,0.10869765687828759,0.22320681870558992,0.18506857800344503,0.19216419784479505,0.1053202340659413,0.03648041001102776,1084.5697903149287
AATAATCCATTGTTTAATAATAATGAATGGTATTACTTTGTTCCATTGACTGAAAGAGGTGGTAAGATCTTGTCTGTTCATAGGAAAGTTGCTGCTAGAGGTGGTTCTGAAGGTGGTACT,0.201500200165355,0.30410116306969526,0.1253680423854372,0.0,0.04963989960495652,0.09234808578312467,0.046720246952120195,0.18032236203931107,1574.8793135866636
AATAATGAACATACTGCTGATAGAGAAGCTTTGCCATATCAACAATTTAAACCAGGTGAGAAGAATGCTCAAGAATTGACTACTGCTGATGCTTTGGAAACTATTGCTGCTGAAGAAGAT,0.11640097559603037,0.23422753944099997,0.036210788947738284,0.09698815126647606,0.14337784125683978,0.1066937627928949,0.16193380416053665,0.10416713653848404,1470.051922112017
AATAATGAAGAATCTAATAATAAAGGTTCTGTTGAAACTGCTTCTTCTACTTTGTTGTCTGATAGAGAAGAAGAGAATAGATTTATTTCTGGTTTGTTGTGTTCTAATTTGGATTATGAT,0.09135059597499406,0.18381998271173833,0.11367180160347141,0.1014874130889743,0.09001746716540114,0.3349297982439928,0.08472294121142786,0.0,889.8459727129334
AATAATGAAGATAATGCTGTTGAAGATGTTGCTCATATGGCTACTGAGAAACCAGAAGATGGTGATAATCCATCTGATCAAGATCCTAAATGGTGGGAAGGTGAAGATCAATTCTTGTTG,0.3455894863622322,0.28975478453115155,0.18813947912376403,0.10198358313654089,0.03547355327991392,0.024747592919678034,0.010016135302626324,0.004295385344093057,345.210968612145
AATAATGAAGATAATGCTGTTGAAGATGTTGCTCATATGGCTACTGAGAAACCAGAAGATGGTGATAATCCATCTGATCAAGATCCTAAATGGTGGGAAGGTGAATCTCAATTCTTGTTG,0.15122198897105227,0.1859586830263202,0.04181612548137612,0.13066861079227593,0.1821295965378641,0.10780847131040543,0.14025055386586371,0.06014597001484215,1177.3653835994621
AATAATGAAGATAATGCTGTTGAAGATGTTGCTCATATGGCTACTGAGAAACCAGAAGATGGTGATAATCCATCTGCTCAAGATCCTAAATGGTGGGAAGGTGAAGCTCAATTCTTGTTG,0.018960662618147887,0.042922733203385466,0.032441249042172215,0.03159697940167882,0.053716383221522,0.06300049081754361,0.3473043713819244,0.4100571303136257,3673.503029876119
AATAATGAAGATAATGCTGTTGAAGATGTTGCTCATATGGCTACTGAGAAACCAGAAGATGGTGATAATCCATCTGCTCAAGATCCTAAATGGTGGGAAGGTGAATCTCAATTCTTGTTG,0.14791853638117847,0.17114798150273355,0.15645263602614978,0.13146598066501872,0.12389589878721778,0.11524548982203105,0.10974941829899848,0.04412405851667223,995.7472669112803
AATAATGAAGATAATGCTGTTGAAGATGTTGCTCATATGGCTACTGAGAAACCAGAAGATGGTGATAATCCATCTTCTCAAGATCCTAAATGGTGGGAAGGTGAAGATCAATTCTTGTTG,0.01665472577127077,0.01466212370775911,0.02331478241991039,0.03237996182002624,0.04923502296606306,0.08014551077892086,0.3861598650100974,0.3974480075259521,3704.29143629417
AATAATGAAGATAATGCTGTTGAAGATGTTGCTCATATGGCTACTGAGAAACCAGAAGATGGTGATAATCCATCTTCTCAAGATCCTAAATGGTGGGAAGGTGAAGCTCAATTCTTGTTG,0.018461350194783035,0.02805064095975543,0.06506588650681155,0.1644975565791599,0.2831486541097798,0.3040699917950749,0.11802732885816164,0.01867859099647377,1169.473951059999
AATAATGAAGGTATTGATAATATTGAGAATAATGCTGAAGAAGATTCTAAATGGTGGGATTCTGAAGATCAGAATTTGTTGTCTGATCAACAATTGGTTGAAGCTTTGTTCTTGTGTGAT,0.025947350140299624,0.04351040263520301,0.048431244577068634,0.18417010896128708,0.21662359295769976,0.30654264726689234,0.14639433308727523,0.028380320374274348,1265.1770701170337
AATAATGAAGGTATTGATAATATTGAGAATAATGCTGAAGAAGATTCTAAATGGTGGGATTCTGAAGATCAGAATTTGTTGTCTTCTCAACAATTGGTTGAAGCTTTGTTCTTGTGTGAT,0.005066625387673441,0.0035302256198936296,0.009155037359770444,0.02316326485768784,0.1082860127080253,0.18933248237414274,0.4326637594767724,0.22880259221603433,2934.036560171745
AATAATGAAGGTATTGATAATATTGAGAATAATGCTGAAGAAGATTCTAAATGGTGGGATTCTGAAGCTCAGAATTTGTTGTCTGCTCAACAATTGGTTGAAGCTTTGTTCTTGTGTGAT,0.06312374082847265,0.015877571492481507,0.1570956219242894,0.12272458556411409,0.18660762549178422,0.11571912341914971,0.13172399242606037,0.207127738853648,2085.0417022754154
AATAATGAAGGTATTGATAATATTGAGAATAATGCTGAAGAAGATTCTAAATGGTGGGATTCTGAAGCTCAGAATTTGTTGTCTTCTCAACAATTGGTTGAAGCTTTGTTCTTGTGTGAT,0.08241154052560047,0.04145809831062951,0.02563712963357903,0.030518808579748497,0.04060443210104546,0.09442357883183546,0.3120990923303528,0.37284731968720886,3384.5381880779864
AATAATGAAGGTATTGATAATATTGAGAATAATGCTGAAGAAGATTCTAAATGGTGGGATTCTGAATCTCAGAATTTGTTGTCTGATCAACAATTGGTTGAAGCTTTGTTCTTGTGTGAT,0.366515704179298,0.19032779522140927,0.13976417243877254,0.05254019527963813,0.07572855228230188,0.0325113168023142,0.04386120150694157,0.09875106228932436,1014.8173656436007
AATAATGAAGGTATTGATAATATTGAGAATAATGCTGAAGAAGATTCTAAATGGTGGGATTCTGAATCTCAGAATTTGTTGTCTGCTCAACAATTGGTTGAAGCTTTGTTCTTGTGTGAT,0.060002260923184905,0.09711645998256842,0.15257346007163083,0.1796934579289477,0.2647844079842904,0.19847247386596276,0.04113185912226903,0.006225620121145984,791.4498874780742
AATAATGGTCATCATAATCCATGTCATAGGAAATCATTTGATGAAGAAGAAGAGAATGGTGATACTATGATGCAAAGATGGGATTTGCATTGGAATAATGATGATAATGTTGATTTGTGG,0.14528017604611793,0.17865199625525102,0.08034617336852778,0.2331352790065535,0.10339335038853716,0.14796065985801216,0.08234100750500901,0.02889135757199132,881.8921834463414
AATAATTATGGTGATACTATTGAAGGTTTGTTGGATTTGCCAGATGATGATGCTCCAGAAGAAGCTGGTTTGGCTGCTCCAAGATTGTCATTCTTGCCAGCTGGTCATACTAGAAGATTG,0.10404087367800571,0.143932221626148,0.11867432981386883,0.18301097841384084,0.17941446033130531,0.16291422882740392,0.056287300875355994,0.051725606434071425,1013.1344031326482
AATAATTATGGTGCTACTATTGAAGGTTTGTTGGATTTGCCAGATGATGATGCTCCAGAAGAAGCTGGTTTGGCTGCTCCAAGATTGTCATTCTTGCCAGCTGGTCATACTAGAAGATTG,0.11019947134778989,0.13551302096651108,0.09141755679610732,0.040809291395395554,0.22924823808822553,0.1234559706245942,0.18169652586656257,0.08765992491481388,1472.6779222473394
AATAATTATGGTTCTACTATTGAAGGTTTGTTGGATTTGCCAGATGATGATGCTCCAGAAGAAGCTGGTTTGGCTGCTCCAAGATTGTCATTCTTGCCAGCTGGTCATACTAGAAGATTG,0.1233532208662094,0.10756077611597989,0.14326121451619722,0.1370412436644784,0.19853666530115524,0.1507549711325931,0.09533643037706535,0.04415547802632135,1044.6144911299898
AATAATTCATTTCAAATTCAAACTCAATATGGTACTAATGAAGTTGATACTTATATTTCTGACTTCTTGGATTCTATCTTGAAATCTCCAGATGAAGATCCAGAGAAACATAAATATGTT,0.13705353041717852,0.20683918908502302,0.08527104586652844,0.2283927341955922,0.13505343388901167,0.1256240060650998,0.0,0.0817660604815663,1003.5085655043366
AATACTAATGAAGAAAGAGATCAATCTGGTTTGTTGGATGATTGTTTGTCTTTGGCTGAAGTCTTGCAACAATCTAATTTGATCTTTCAATCTGGTTCTGACTTCTGGACTCCAGATGAA,0.0006752133616370574,0.0007359604466705956,0.0005601329578264278,0.0004375811640580236,0.0007762528744970151,0.008716234338818732,0.6093694830162738,0.37872914184021844,4000.2279300131495
AATACTGATTCTACTCATATGTTTGAATATTGGGCTTTGGAAGATAATTCTAAAGAATGGACTTCTTTGTTTGATAATGATATTTGGGTTACTACTGATGATGTTTCTTTGGCTGATAAA,0.09691303550996959,0.2535168820564622,0.08441538294732635,0.17226735153340936,0.16234784270395275,0.15989582101635672,0.035952726186394036,0.03469095804612907,843.1791391569925
AATACTTCTTCTTCTCCACAACCTAAGAAGAAACCATTGGATGGTGAATACTTTACTTTGCAAATTAGAGGTAGAGAAAGATTTGAAATGTTTAGAGAATTGAATGAAGCTTTGGAATTG,0.1829398158378684,0.10039640063952794,0.10347297001160305,0.07390542880805304,0.06555275485484388,0.19817155453276872,0.07712145168461165,0.19843962363072346,1903.003463589105
AATACTTTGCCAATTACTTCTGCTAAATCTCCACAGAACTTTAGGAAATACTTTACTTCATTTAATTCTAACTTTGAAGATTTGTCTCCATTGAGATCTAATGTTGGTGCTGGTTCTTTG,0.3066954990967991,0.25338155967995024,0.13031455931519317,0.13850743697216744,0.07125505717982566,0.07770762212207259,0.016187879773337837,0.00595038586065399,455.9348919378875
AATAGAAATACTAATTTGAATATTACTACTAATTCTACTTCTTCTTCTAATGCTTCTCCAAATACTACTACTATGAATGCTAATGCTGATTCTAATATTGCTGGTAATCCTAAGAATAAT,0.29035197406171487,0.12900581117731416,0.054267741384663754,0.01178231767014668,0.008172347463104456,0.003025344656741667,0.14143363086397123,0.36196083272234336,2774.6685438535533
AATAGAAATCAAGATAAAGAAGATGGTGAAGAAGATCCAACTTGGTTTGATTCTGGTTCTCAATTTATCTTAAATTCTCAACAATTGGTTGAAGCTTTGTCTTTGTGTGATGATTTGTTG,0.09087188171308017,0.08126964056420866,0.10051210235491158,0.08973829136374538,0.11939431872058558,0.19435186746146763,0.1311006021966334,0.19276129562536756,2032.0835558807435
AATAGAAATGATAAAGAACAAGATGGTGAAGAAGATCCAACTTGGTTTGATTCTGGTTCTCAATTTATCTTAAATTCTCAACAATTGGTTGAAGCTTTGTCTTTGTGTGATGATTTGTTG,0.3307265642996478,0.24956385348261192,0.09956575860858823,0.10074583683030804,0.05256453098551128,0.05867337188709807,0.0667883627676059,0.041371721138628754,745.985239822265
AATAGAATTGAAGAGAAGATTGAAGAAGAAGAAGAAGAAGAAGATGAAAGACAAGTTGTTTGGAAAGAAGAAGAAGAAAGACATTGTCCTAAATGTCAACATGTTATTGATAATTCTGAT,0.44596273211908816,0.25815250161498643,0.1292307863326454,0.10859166383424232,0.012039850849613844,0.011199228724519292,0.005665853571795772,0.02915738295310863,446.1759138107342
AATAGAATTGATGATAAGATTGATGATGATGATGATGATGATGATGATAGACAAGTTGTTTGGAAAGATGATGATGATAGACATTGTCCTAAATGTCAACATGTTATTGATAATTCTGAT,0.45249365487450377,0.2752736933152583,0.18121919299902356,0.058601383191023225,0.011397067667202377,0.010092700419338652,0.004924406767520326,0.005997900766129746,293.09524528476123
AATAGAATTGCTACTAAGATCTTGTCTGCTTCTGATCCATGTCCAACTGTTTGGAATACTAATCCAACTAGACATTGTCCAAATTGTCATCATGTTATTGATAATTCTCATGAAGTTGAT,0.06845015260189537,0.16069506742167977,0.2129392830786756,0.2788345904356891,0.15363889543739223,0.08714136042159533,0.024688209535745284,0.013612441067327405,641.8491885944187
AATAGAATTGCTACTAAGATTATGTCTGCTTCTGCTTCTTCTGATCCAAGACAAGTTGTTTGGAAATCTAATCCATCTAGACATTGTCCTAAATGTCAACATGTTATTGATAATTCTGAT,0.03976079507893047,0.020002137331470334,0.024738104670087024,0.05521611807582046,0.058770816336014046,0.07288991895275805,0.23047547391713083,0.4981466356377887,3954.541874376437
AATAGAATTGCTACTAAGATTATGTCTGCTTCTGCTTCTTCTGATCCAAGACAAGTTGTTTGGTTCTCTAATCCATCTAGACATTGTCCTAAATGTCAACATGTTATTGATAATTCTGAT,0.14610392076587633,0.1574985044236226,0.15583192628854267,0.19709860646639932,0.09255326591637995,0.06695982136526842,0.0967884364135078,0.08716551836040293,1173.5786705992255
AATAGAATTGCTGAGAAGATTATGGAAGCTGAAGCTGAAGAAGATCCAAGACAAGTTGTTTGGAAAGAGAATCCAGAAAGACATTGTCCTAAATGTCAACATGTTATTGATAATGAAGAT,0.12083871786349207,0.24315737397768172,0.037591311300138514,0.1006857870991167,0.11907525289231456,0.1384517766486471,0.16810746794277207,0.07209231227583743,1311.6207152883542
AATAGAATTGCTGAGAAGATTATGGAAGCTGAAGCTGAAGAAGATCCAAGACAAGTTGTTTGGAAAGAGAATCCAGAAAGACATTGTCCTAAATGTCAACATGTTATTGATAATTCTGAT,0.11162117421498094,0.11230469870212065,0.13889542629349724,0.15500917230103592,0.1924863952537244,0.20462514207249852,0.0517614257467738,0.03329656541536856,938.0667397372514
AATAGAATTGCTGATAAGATTATGGATGCTGATGCTGATGATGATCCAAGACAAGTTGTTTGGAAAGATAATCCAGATAGACATTGTCCTAAATGTCAACATGTTATTGATAATGATGAT,0.36230396128690306,0.18649991916658074,0.11008680920379574,0.0795654182450905,0.05811899165291802,0.077230178452434,0.0507934395446602,0.0754012824476176,933.3905388002513
AATAGAATTGCTGATAAGATTATGGATGCTGATGCTGATGATGATCCAAGACAAGTTGTTTGGAAAGATAATCCAGATAGACATTGTCCTAAATGTCAACATGTTATTGATAATTCTGAT,0.13106100501006715,0.3476403246803923,0.10378156297239526,0.17207784497591444,0.07044456035805177,0.15289428625862944,0.022100415744549518,0.0,539.4880230524434
AATAGAATTGCTGCTAAGATTATGGCTGCTGCTGCTGCTGCTGATCCAAGACAAGTTGTTTGGAAAGCTAATCCAGCTAGACATTGTCCTAAATGTCAACATGTTATTGATAATGCTGAT,0.04122696078743335,0.058723671273235224,0.10548331297967586,0.2320965328701958,0.2720526603931455,0.23947094554461973,0.04210241700027791,0.008843499151416755,870.0530714975182
AATAGAATTGCTGCTAAGATTATGGCTGCTGCTGCTGCTGCTGATCCAAGACAAGTTGTTTGGAAAGCTAATCCAGCTAGACATTGTCCTAAATGTCAACATGTTATTGATAATTCTGAT,0.5260578982620177,0.2892000709448901,0.07320118785547017,0.010948184570286849,0.018902776595782073,0.024271414787002316,0.027977185925444972,0.02944128105910603,482.3122903070912
AATAGAGAAGATGATAAGAATCAAGGTGAAGAAGATCCAACTTGGTTTGATTCTGGTTCTCAATTTATCTTAAATTCTCAACAATTGGTTGAAGCTTTGTCTTTGTGTGATGATTTGTTG,0.0027928832805254205,0.03997843443911899,0.0028434393458562205,0.004654197865510831,0.00675521644792701,0.10903153031530877,0.4929725137286084,0.34097178457714444,3612.3752513686804
AATAGAGATAAAGATCAGAATGAAGGTGAAGAAGATCCAACTTGGTTTGATTCTGGTTCTCAATTTATCTTAAATTCTCAACAATTGGTTGAAGCTTTGTCTTTGTGTGATGATTTGTTG,0.07319877727580426,0.08416802057891304,0.0780725555143261,0.18587739041992554,0.25245691731683606,0.1821133565599207,0.1066812537137121,0.03743172862056232,1105.036132459989
AATAGAGATTCTTCATTTCAATCTCATTTAAATTCATTTGAAGCTACTTCTGGTATGGCTCCATTGTTGGATAATGAGAAAGAAGAATATATTGAAATGAATGATTTGTTGATTCCAGAA,0.028199263232628672,0.08511583352982985,0.14035862695064988,0.09398527440186294,0.33345283301619794,0.20678077563323047,0.07846006352440987,0.03364732971119026,1074.2160740489014
AATAGAGCTACTAAAGCTGGTTATTGGAAAGCTACTGGTAAAGATAGGAAGATTACTTGTAAATCTTCTCATGTTATTGCTGGTTATAGGAAGACTTTGGTCTTCTATGAAGGTAGAGCT,0.11626322884411863,0.06433634870369535,0.07233587554571239,0.07104047667948435,0.08019657552665195,0.10656750337626454,0.2048734212933219,0.2843865700307509,2636.9458219875196
AATAGAGGTAATGAAGATCAAGATGAGAAAGAAGATCCAACTTGGTTTGATTCTGGTTCTCAATTTATCTTAAATTCTCAACAATTGGTTGAAGCTTTGTCTTTGTGTGATGATTTGTTG,0.14053367481521928,0.20502165984189075,0.12241081825675951,0.14832173790249253,0.1454069301842739,0.1610174065162666,0.05213507867142963,0.02515269381166785,808.7587489437437
AATAGAGTTACTGGTTCTGGATTCTGGAAAGCTACTGGTATTGATAAACCAGTTTATTCTAATTTGGATTGTGTTGGTTTGAAGAAATCTTTGGTTTATTATTTGGGTTCTGCTGGTAAA,0.6451955926297706,0.2913060062464141,0.03948834655848044,0.0019956012801351426,0.004916837775524267,0.010732583883921393,0.0049361555667733065,0.0014288760589807794,217.60518900100175
AATAGGAAATATCCAAATGCTGCTAGATCTTCTAGAGGTACTGCTACTGGTTATTGGAAAGCTACTGGTAAAGATAGAGTTATTGAATATAATTCTAGATCTGTTGGTTTGAAGAAGACT,0.300441969211413,0.21831460337547678,0.16615730516308874,0.12980365821026896,0.016447636474947347,0.12239410282501263,0.04644072473979249,0.0,513.381604112815
AATATCTTGAATCATAAACCATCTAAAGATTTGCCTAAATTGGCTAGGATTCAATCTGAAGATTTGGAATGGTACTTCTTCTCTCCAATTGAATATACTAATCCAAATAAGATGAAGATG,0.013976998041068988,0.07346369960269566,0.15982513552051478,0.267122025726911,0.245713473235424,0.20424355720053383,0.03540783547106795,0.0002472752017838532,763.9845020541886
AATATGAATAATCCATTGCAATCTCCATCTCCATCTTCTGTTCCACAGAATCCAACTATTAATCCACCAATTAATACTGCTTCTAATGAAACTAATTTGTCTCCACAAACTTCTAATGGT,0.15808586019518883,0.2650898604610133,0.06557119978119112,0.05854267588849562,0.0,0.09660156874235817,0.2932328770650007,0.06287595786675224,1427.4136333754777
AATATTATTGGTGTTAAGAGAACTTTGGTCTTTCATGCTGGTAGAGCTCCAAGAGGTACTAGAACTAATTGGATTATTCATGAATATAGAGCTACTGAAGATGATTTGTCTGGTACTAAT,0.13543841189168593,0.1907748973797063,0.2359452543293466,0.15046748090760967,0.08007713139866929,0.07448614782182672,0.10048968360630738,0.032320992664848024,845.4341011488923
AATATTGATATGGATACTCCACCAGACTTTAGATTGGATCAATTGGACTTTGGTTCTCAAGATTCTTATATTGCTTGGGGTGGTTCTAAATTTGGATTTGATTCTGGTGAACATGGTGGT,0.0789987688719271,0.08941784229735066,0.012287730975212137,0.06582371415688668,0.1751532681977296,0.22628343168391482,0.21064337830524688,0.1413918655117322,1957.9712043339243
AATATTGATATGGATACTCCACCAGACTTTAGATTGGCTCAATTGGACTTTGGTTCTCAAGATTCTTATATTGCTTGGGGTGGTTCTAAATTTGGATTTGATTCTGGTGAACATGGTGGT,0.0010407466954656993,0.002480020630714861,0.014006983726117436,0.030548926546212423,0.14357819199900979,0.30197666210385776,0.40578122598445304,0.10058724231416893,2234.662038285951
AATATTGATATGGATACTCCACCAGACTTTAGATTGTCTCAATTGGACTTTGGTGATCAAGATTCTTATATTGCTTGGGGTGGTTCTAAATTTGGATTTGATTCTGGTGAACATGGTGGT,0.001369987245894472,0.0010173731404452297,0.0009741365387931583,0.0008697196307526962,0.005914260649650605,0.08769234990530365,0.4464013705617744,0.45576080232738575,4179.729253774454
AATATTGATATGGATACTCCACCAGACTTTAGATTGTCTCAATTGGACTTTGGTGCTCAAGATTCTTATATTGCTTGGGGTGGTTCTAAATTTGGATTTGATTCTGGTGAACATGGTGGT,0.003916161541647795,0.005963739040937527,0.02624591733723579,0.0955519352244473,0.22975263264849494,0.33076311746537207,0.2570395503293408,0.050766946412523835,1675.2450770458809
AATATTGATATGGATACTCCACCAGACTTTAGATTGTCTCAATTGGACTTTGGTTCTCAAGATTCTTATATTGCTTGGGGTGGTTCTAAATTTGGATTTGATTCTGGTGAACATGGTGGT,0.08289099167282012,0.12211935476228504,0.16576894595767735,0.19404484650772708,0.09918445812828978,0.08683237780117813,0.10433320287347966,0.14482582229654273,1576.1334708536579
AATATTGATATGGATGATCCACCAGACTTTAGATTGGATCAATTGGACTTTGGTGATCAAGATTCTTATATTGCTTGGGGTGGTTCTAAATTTGGATTTGATTCTGGTGAACATGGTGGT,0.15356894541221858,0.19086448088793737,0.1236484065139127,0.1706098885764712,0.12907373775599254,0.09936149974042607,0.10053687125270179,0.03233616986033966,892.8310549729395
AATATTGATATGGATGATCCACCAGACTTTAGATTGTCTCAATTGGACTTTGGTTCTCAAGATTCTTATATTGCTTGGGGTGGTTCTAAATTTGGATTTGATTCTGGTGAACATGGTGGT,0.00044271230645299986,0.0009650838248039719,0.0012854042695105963,0.003196949298389208,0.05940292151179393,0.20553389655333806,0.47094983776361005,0.25822319447210107,3190.9346849218796
AATATTGATATGGATGCTCCACCAGACTTTAGATTGGCTCAATTGGACTTTGGTGCTCAAGATTCTTATATTGCTTGGGGTGGTTCTAAATTTGGATTTGATTCTGGTGAACATGGTGGT,0.12699426272104206,0.13918013367813156,0.24550293295800435,0.17635789705504662,0.13631426712833983,0.11224635458312718,0.05258062231416975,0.010823529562138693,681.947238533497
AATATTGATATGGATGCTCCACCAGACTTTAGATTGTCTCAATTGGACTTTGGTTCTCAAGATTCTTATATTGCTTGGGGTGGTTCTAAATTTGGATTTGATTCTGGTGAACATGGTGGT,0.0050289127430130495,0.0012653573539216144,0.008518917721852683,0.04096590807000077,0.1490197790996998,0.24827934098108287,0.37576991667340814,0.17115186735702126,2539.9408208027253
AATCAAGAAGTCTTGCATAATAATGAACATACTGCTGATCCAGAAGCTTTGCCATATCAAGAATCTAGAAATTGTGATATTACTATGGAAGAGAAAGCTGCTGAAGAAGATGCTGCTTAT,0.2920655228599373,0.2487576093661385,0.1925103394316691,0.13974908528342517,0.03419444580877412,0.049035776780816547,0.028160337644299725,0.015526882824939517,497.9325290699104
AATCATGAAAGACCATCTTCTGGTCCAGAAGCTGAACATGGTGCTGAGAATGGTGCTAAAGAAGCTTGGGATGATAAAGAAGAACAAGAGAAAGATAGAGATAATGAGAATCAAGGTGAA,0.5981776518579077,0.25657243761271803,0.11136706121460521,0.008352096140563954,0.01605100363968715,0.0025704218935878194,0.006695748793142186,0.00021357884778805357,223.71290047785965
AATCATGAAAGACCATCTTCTGGTCCAGAAGCTGAACATGGTGCTGAGAATGGTGCTAAAGAATGGTTTGATGATAAAGAAGAACAAGAGAAAGATAGAGATAATGAGAATCAAGGTGAA,0.10052988180074868,0.025286371885966122,0.0,0.22337057647420572,0.19812558938570493,0.2994752556793952,0.09323625286613436,0.05997607190784504,1313.7241839741178
AATCATGAAAGACCATCTTCTGGTCCAGAAGGTGAACATGGTGGTGAGAATGGTGCTAAAGAAGCTTGGGATGATAAAGAAGAACAAGAGAAAGATAGAGATAATGAGAATCAAGGTGAA,0.21373674174426827,0.20527078290865022,0.1934273334000322,0.15110726217266,0.0765882056394572,0.08905102347928064,0.03604177193720514,0.034776878718446355,712.2589293051755
AATCATGAAAGACCATCTTCTGGTCCAGAAGGTGAACATGGTGGTGAGAATGGTGCTAAAGAATGGTTTGATGATAAAGAAGAACAAGAGAAAGATAGAGATAATGAGAATCAAGGTGAA,0.013288359437518677,0.12032758945911112,0.033070649216798136,0.22144374797719799,0.26188870397218306,0.18270273025723183,0.13556690810231137,0.0317113115776478,1153.7718461970103
AATCATGAAAGACCATCTTCTGGTCCAGAATTGGAACATGGTTTGGAGAATGGTGCTAAAGAAATGTTGGATGATAAAGAAGAACAAGAGAAAGATAGAGATAATGAGAATCAAGGTGAA,0.11965810076213057,0.14446900829920314,0.029779229669841208,0.1861105268184316,0.14149423821223256,0.17548681809362382,0.08878134731921117,0.11422073082532586,1456.8435339925893
AATCATGAAAGACCATCTTCTGGTCCAGAATTGGAACATGGTTTGGAGAATGGTGCTAAAGAAGCTTGGGATGATAAAGAAGAACAAGAGAAAGATAGAGATAATGAGAATCAAGGTGAA,0.25648666787440244,0.19528659941214785,0.18114390440623776,0.12322075104073991,0.06147817753926368,0.03812384834489879,0.04500396212995217,0.09925608925235732,1050.533456812466
AATCATGAAAGACCATCTTCTGGTCCAGAATTGGAACATGGTTTGGAGAATGGTGCTAAAGAATGGTTTGATGATAAAGAAGAACAAGAGAAAGATAGAGATAATGAGAATCAAGGTGAA,0.3566037138342899,0.2562767255270346,0.16904328053969797,0.10376002172510303,0.04183328599546795,0.05447748162487429,0.007874558442224495,0.010130932311307628,410.45424957561846
AATCATGAAAGAGAAGAAGAAGAACCAGAATTGGAACATGGTTTGGAGAATGGTGCTAAAGAAATGTTGGATGATAAAGAAGAACAAGAGAAAGATAGAGATAATGAGAATCAAGGTGAA,0.15841964799349756,0.031877949612212464,0.0788515788194224,0.03519977091715308,0.28099393941472317,0.08712498288714635,0.17631121129012292,0.15122091906572202,1828.985520416045
AATCATGAAAGAGATGATGATGATCCAGAATTGGAACATGGTTTGGAGAATGGTGCTAAAGAAATGTTGGATGATAAAGAAGAACAAGAGAAAGATAGAGATAATGAGAATCAAGGTGAA,0.13261748256080316,0.10007218518150453,0.04125552768952372,0.1473335241201085,0.06534106184289748,0.060778950322714256,0.2152427179341413,0.2373585503483069,2328.3015138368905
AATCCAACTAGACATTGTCCAAATTGTCATCATGTTATTGATAATTCTCATGAAGTTGATGATTGGCCAGGTTTGCCAAGAGGTGTTAAATTTGATCCATCTGATCCAGAAATTATTTGG,0.032636737320403814,0.05735910528576662,0.13653475131038756,0.22568504067485712,0.24909699879617175,0.19798252929108426,0.08442688335652819,0.016277953964800758,958.2188249644277
AATCCAGATGAAGGTGAATCTTCTTCTGGTGTTAGAGGTGGTCCAACTACTCCTAAGACTAATACTCCAGATCCACCATCTTTGGTTGATGGTGTTGCTGGTGATGAAGAAGCATTTGAT,0.5660904841130889,0.2234769250991652,0.11758420148901463,0.029423135219697125,0.004671646681358177,0.029962300515814787,0.013217769416425017,0.015573537465436174,366.5001986564474
AATCCAGATGAAGGTGAATCTTCTTCTGGTGTTAGAGGTGGTCCAACTACTCCTAAGACTAATACTCCAGCTCCACCATCTTTGGTTGATGGTGTTGCTGGTGATGAAGAAGCATTTGAT,0.04424500825054522,0.05821316199129313,0.07199647070973701,0.13612071646757803,0.24147313942091775,0.21837422645279178,0.1483571306673008,0.0812201460398364,1495.9371805924031
AATCCAGATGATTTGGATAATAATAATGATAGAGACTTTGTTCATGGTTGTGGTGTTGTTGATAGAGAAGAAGATGCTGTTGTTGTTAGAGATCCATCTAGGAAGAGGAAAGCTACTATG,0.20419920163803246,0.19706393831423713,0.22816655985512693,0.14197939780823932,0.13140846491406477,0.07766922138998841,0.01288327698846025,0.006629939091850709,504.07018078329594
AATCCAGCTGCTTTGGCTAATAATAATGATAGAGCATTTGTTCATGGTTGTGGTGTTGTTGATAGAGAAGAAGATGCTGTTGTTGTTAGAGCTCCATCTAGGAAGAGGAAAGCTACTATG,0.031456197866837676,0.1898929400408708,0.15656964883283325,0.10484030606633844,0.12398856201886344,0.2306633666177074,0.08752197752502855,0.07506700103152047,1266.9575007673945
AATCCAGGTCAAGAATCTCCAATTGCTTGTATGGATTCTTCTGTTCAACAACCAGATATGGGTCATTTGGAAGGTGAAGTTCAAACTGAATGTGAACAAATTGATTGTCAGAATATCTTG,0.0456216129114089,0.11475245463850606,0.12773047041214836,0.15205219273860593,0.16858436985770545,0.14635955862450656,0.09520128108276579,0.14969805973435302,1678.425277304777
AATCCATATTGGAATCAACATATTGTTGGATTTAATCAACCAACTTATACTGGTAATGATAATAATTTGTTGATGTCATTCTGGAATGGTAATGGTGGTGACTTTATTGGTGATTCTGCT,0.10503158537277026,0.1320934472385249,0.26139138791956607,0.14585816023348747,0.15524820369335288,0.12034064789988545,0.048705674757262354,0.031330892885150695,813.6436440973183
AATCCATCTAGAGCTTGTCCAAATTGTCAACATATTATTGATAATTCTGATGTTACTCAAGAATGGCCAGGTTTGCCAAGAGGTGTTAAATTTGATCCATCTGATCAAGAAATTATTTGG,0.008612037727749423,0.010397729380951681,0.023575991309003556,0.08036852674159635,0.20367258212885808,0.19103093492084888,0.26038332165869155,0.22195887613230056,2554.865535187403
AATCCATCTCCACCAGTTGATGAAGTTGTTGAATTGGTTTGGGAGAATGGTCAAATTTCTACTCAATCTCAATCTTCTAGATCTAGAAATATTCCACCACCACAAGCTAATTCTTCTAGA,0.16277421053956295,0.25475485194113345,0.24755809473558038,0.060278875282442204,0.07128833696512925,0.03315549341247414,0.08386924465808744,0.08632089246559022,1061.8731988247962
AATCCATCTGATCAAGATCCTAAATGGTGGGATGGTGAAGATCAATTCTTGTTGACTGATCAACAATTGGCTGAATCTTTGCCATGTTTGGATGAGTTCTTGCAAGATCAAACTTCTGGT,0.0012108658417105296,0.000979921441721048,0.000524082354060697,0.000380173942061725,0.0004928414211076097,0.0004584312437789274,0.26280998993354526,0.7331436938220144,5343.571823761376
AATCCATCTGATCAAGATCCTAAATGGTGGGATGGTGAATCTCAATTCTTGTTGACTTCTCAACAATTGGCTGAATCTTTGCCATGTTTGGATGAGTTCTTGCAATCTCAAACTTCTGGT,0.07959245936545818,0.08007985250883422,0.039616241814555114,0.13263678331010773,0.14901875450335655,0.16779621951760626,0.19930827375613527,0.1519514152239468,1934.8507555625026
AATCCATCTGCTCAAGATCCTAAATGGTGGGATGGTGAAGCTCAATTCTTGTTGACTGCTCAACAATTGGCTGAATCTTTGCCATGTTTGGATGAGTTCTTGCAAGCTCAAACTTCTGGT,0.10319527372543576,0.08435960104647225,0.15248768943879493,0.14330806030359558,0.13346719195302476,0.12414851550666724,0.08972649907024051,0.16930716895576894,1736.5168284913334
AATCCATCTGCTCAAGATCCTAAATGGTGGGATGGTGAATCTCAATTCTTGTTGACTTCTCAACAATTGGCTGAATCTTTGCCATGTTTGGATGAGTTCTTGCAATCTCAAACTTCTGGT,0.11292320826800538,0.09738403363139302,0.13047877877663214,0.2105832540937462,0.17486112069318738,0.16634896470031185,0.07854781542515822,0.028872824411565794,934.1996917555863
AATCCATCTTCTCAAGATCCTAAATGGTGGGATGGTGAAGATCAATTCTTGTTGACTTCTCAACAATTGGCTGAATCTTTGCCATGTTTGGATGAGTTCTTGCAATCTCAAACTTCTGGT,0.12690563569295862,0.12768275625419823,0.16919420747951447,0.22155234517818237,0.11612123054839533,0.14124861759740692,0.07566325522105528,0.021631952028288763,828.2087673254232
AATCCATCTTCTCAAGATCCTAAATGGTGGGATGGTGAAGCTCAATTCTTGTTGACTTCTCAACAATTGGCTGAATCTTTGCCATGTTTGGATGAGTTCTTGCAATCTCAAACTTCTGGT,0.0005730435844062247,0.0006457390011136567,0.0006845422309933641,0.0013241945224730064,0.0012648851005784719,0.002836376156973126,0.2858873806300725,0.7067838387733897,5239.998195531147
AATCCATCTTCTCAAGATCCTAAATGGTGGGATGGTGAATCTCAATTCTTGTTGACTGATCAACAATTGGCTGAATCTTTGCCATGTTTGGATGAGTTCTTGCAATCTCAAACTTCTGGT,0.13558694849856676,0.16465798993059846,0.1787809858700433,0.2077142895271849,0.17439393231482656,0.10683696015423191,0.01897278657505708,0.01305610712949089,631.5525872103565
AATCCATCTTCTCAAGATCCTAAATGGTGGGATGGTGAATCTCAATTCTTGTTGACTGCTCAACAATTGGCTGAATCTTTGCCATGTTTGGATGAGTTCTTGCAATCTCAAACTTCTGGT,0.00037352544861394025,0.000701517175546145,0.0007126858417776313,0.0009267754937537509,0.0006993413392615104,0.0005820382534826766,0.3231456935130031,0.6728584229345611,5117.19554710094
AATCCATCTTCTCAAGATCCTAAATGGTGGGATGGTGAATCTCAATTCTTGTTGACTTCTCAACAATTGGCTGAATCTTTGCCATGTTTGGATGAGTTCTTGCAAGATCAAACTTCTGGT,0.0007975408864520512,0.0006334931963935289,0.0009924172737772903,0.000886040868533166,0.0008479468295554131,0.0011157830638581702,0.276600574064165,0.7181262038172654,5285.279927193598
AATCCATCTTCTCAAGATCCTAAATGGTGGGATGGTGAATCTCAATTCTTGTTGACTTCTCAACAATTGGCTGAATCTTTGCCATGTTTGGATGAGTTCTTGCAAGCTCAAACTTCTGGT,0.1357141355266911,0.16100105188389813,0.20668335019706446,0.2351621216945041,0.12574949085725048,0.10025971211481513,0.028179363555895436,0.007250774169881178,593.4369407417043
AATCCATCTTCTCAAGATCCTAAATGGTGGGATGGTGAATCTCAATTCTTGTTGACTTCTCAACAATTGGCTGAATCTTTGCCATGTTTGGATGAGTTCTTGCAATCTCAAACTTCTGGT,0.08979833809136907,0.0766591025887795,0.09142384484949269,0.1390634464559117,0.1447983200016882,0.1596308200780107,0.136281767742647,0.16234436019210122,1844.0730765961132
AATCCATCTTCTTTGTCTAATAATAATGATAGATCATTTGTTCATGGTTGTGGTGTTGTTGATAGAGAAGAAGATGCTGTTGTTGTTAGATCTCCATCTAGGAAGAGGAAAGCTACTATG,0.13771756592357434,0.11621236314908204,0.0718641602119434,0.16780595117400898,0.1663514707441792,0.16695287898184988,0.098884569056246,0.07421104075911616,1237.3672634665913
AATCCATTGGATGATGGTTCTGCTTGGGCTGCTGCTGCTGCTCAATGTAGATATGGTGATTTGGCTTCTTTGCATGGTGCTGGTGCTGCTGGTCCAGGTGATGGTTCTCCATCTGCTGCT,0.14534580992761492,0.14881648357891059,0.13724124951404926,0.1415274431707091,0.1339572190989575,0.13165740419250122,0.10942645260522245,0.05202793791203498,1068.181071297142
AATCCATTGGATGCTGGTTCTGCTTGGGCTGCTGCTGCTGCTCAATGTAGATATGGTGATTTGGCTTCTTTGCATGGTGCTGGTGCTGCTGGTCCAGGTGCTGGTTCTCCATCTGCTGCT,0.3478230509194215,0.21895942663936904,0.1943700701087217,0.07621996100962236,0.05475166986137987,0.089976929193839,0.012480849450504662,0.00541804281714195,435.8349711185071
AATCCATTGGATTATGGTTCTGCTTGGGCTGCTGCTGCTGCTCAATGTAGATATGGTGATTTGGCTTCTTTGCATGGTGCTGGTGCTGCTGGTCCAGGTTCTGGTTCTCCATCTGCTGCT,0.23606432787573872,0.09255900267073393,0.09719531432473645,0.09449054068645084,0.07696962564540381,0.08432371615111264,0.1464948940666658,0.17190257857915764,1781.4578914753192
AATGAACAAGAATCTGATATGGCTGTTAATCAAACTGCATTTCCATTGTTTCAAAGAAGGAAAGATGGTAATGAATCTGCTCCAGCTGCTTCTTCTTCTCAATATAATGGATTTCAATCT,0.015015061346026742,0.0075535038594544465,0.009341970110718892,0.0,0.01479593840933925,0.006881443155311389,0.22977389924073316,0.716638183878416,5179.185389894422
AATGAAGATCCAGAATATAAAGATAACTTTGATGTTGATCCATTTATTGGTAATGGTGATTTGGATCATGCTTTGGCTGGTGATCCATGGTATCCATTGTTTCCACAAGAAGAATTGGTT,0.2472122964956552,0.29610253341970355,0.18310581872892576,0.11116562075641005,0.06380120301425313,0.037766020984411966,0.03275379813844854,0.028092708462191803,585.0760951642661
AATGAAGATCCAGAATATAAAGATAACTTTGATGTTTCTCCATTTATTGGTAATGGTGATTTGGATCATGCTTTGGCTGGTGATCCATGGTATCCATTGTTTCCACAAGAAGAATTGGTT,0.22300659285281982,0.07479073271733276,0.0616661090980146,0.1376404217963244,0.07325071221681576,0.04542423271942611,0.20682705191329231,0.17739414668597425,1919.7676872011252
AATGAAGATCCAGACTTTACTGATACATTTGAAGTTGATCCAAACTTTGAACATGGTGACTTTGGTAATTCTTCTGGTGATCCATGGTTTCCATTGTTTCCACAAGAGAATACTTTGACT,0.1752122422249827,0.10073438490443559,0.09343918038656346,0.02780783672766431,0.049330078546367194,0.04588585353256162,0.20892891838778757,0.29866150528963753,2634.817981192379
AATGAAGATCCAGACTTTACTGATACATTTGAAGTTTCTCCAAACTTTGAACATGGTGACTTTGGTAATTCTTCTGGTGATCCATGGTTTCCATTGTTTCCACAAGAGAATACTTTGACT,0.0943095672340255,0.19549430765221706,0.3042043211545207,0.3486917868596468,0.0097217413768362,0.043988682654030664,0.00279150745629721,0.000798085612425881,409.0647630985353
AATGAAGATGAACAAGGTGATAGAAATAAAGAAGATCCAACTTGGTTTGATTCTGGTTCTCAATTTATCTTAAATTCTCAACAATTGGTTGAAGCTTTGTCTTTGTGTGATGATTTGTTG,0.0987828058818673,0.14525896546693903,0.018910776396385533,0.13506996450487102,0.10482900055463922,0.1114398194404133,0.2043739988919579,0.1813346688629266,2036.1800375541764
AATGAAGATGATAGGAAGAATCAAGGTGAAGAAGATCCAACTTGGTTTGATTCTGGTTCTCAATTTATCTTAAATTCTCAACAATTGGTTGAAGCTTTGTCTTTGTGTGATGATTTGTTG,0.004084939609774843,0.005566822135904953,0.028614130969535977,0.11627961298422206,0.26015641632238456,0.3596032298062517,0.1905021443565782,0.03519270381534777,1477.4318292998464
AATGAAGCTCCAGAATATAAAGATAACTTTGATGTTGCTCCATTTATTGGTAATGGTGATTTGGATCATGCTTTGGCTGGTGATCCATGGTATCCATTGTTTCCACAAGAAGAATTGGTT,0.0991097518668609,0.07122618663483386,0.07047250325399705,0.07864826575571392,0.1674229534038609,0.2336002296446029,0.2626261599617426,0.01689394947838786,1329.336909473683
AATGAAGCTCCAGAATATAAAGATAACTTTGATGTTTCTCCATTTATTGGTAATGGTGATTTGGATCATGCTTTGGCTGGTGATCCATGGTATCCATTGTTTCCACAAGAAGAATTGGTT,0.0006755828127262966,0.0014868871020553912,0.0011033651500445363,0.0006567308877603426,0.000832154582750968,0.00034832410552725085,0.3029064818268085,0.6919904735323268,5186.371349393542
AATGAAGCTCCAGACTTTACTGATACATTTGAAGTTTCTCCAAACTTTGAACATGGTGACTTTGGTAATTCTTCTGGTGATCCATGGTTTCCATTGTTTCCACAAGAGAATACTTTGACT,0.1682854630195736,0.15920756091980207,0.17815089690922864,0.17579768275023575,0.15592930840447428,0.12201973581215957,0.025624424690995296,0.01498492749353094,655.2938530292631
AATGAATCTCCAGAATATAAAGATAACTTTGATGTTGATCCATTTATTGGTAATGGTGATTTGGATCATGCTTTGGCTGGTGATCCATGGTATCCATTGTTTCCACAAGAAGAATTGGTT,0.23761472217133192,0.07968992731684908,0.09855835556204165,0.13199094766510852,0.11707354080606576,0.07259964581806677,0.07345844480679765,0.18901441585373863,1731.7966207071768
AATGAATCTCCAGAATATAAAGATAACTTTGATGTTGCTCCATTTATTGGTAATGGTGATTTGGATCATGCTTTGGCTGGTGATCCATGGTATCCATTGTTTCCACAAGAAGAATTGGTT,0.0013355908457821958,0.0,0.0016619379000737408,0.004451388360537483,0.11713288611075108,0.08447047491605726,0.309672814670801,0.4812749071959973,4071.144486365664
AATGAATCTCCAGAATATAAAGATAACTTTGATGTTTCTCCATTTATTGGTAATGGTGATTTGGATCATGCTTTGGCTGGTGATCCATGGTATCCATTGTTTCCACAAGAAGAATTGGTT,0.06401256793490133,0.1717454824173383,0.1327563665524536,0.2133473741104113,0.12615679560164722,0.1760227963048967,0.03957889179271284,0.07637972528563874,1123.16582198987
AATGAATCTCCAGACTTTACTGATACATTTGAAGTTGATCCAAACTTTGAACATGGTGACTTTGGTAATTCTTCTGGTGATCCATGGTTTCCATTGTTTCCACAAGAGAATACTTTGACT,0.0533101386205401,0.09654586036902779,0.05306903090056595,0.09476120876530209,0.031519292906448476,0.03909148874611477,0.23732346923577516,0.3943795104562256,3293.9929043822467
AATGAATCTCCAGACTTTACTGATACATTTGAAGTTGCTCCAAACTTTGAACATGGTGACTTTGGTAATTCTTCTGGTGATCCATGGTTTCCATTGTTTCCACAAGAGAATACTTTGACT,0.22678530107196107,0.29600957280627116,0.13728624985318633,0.07490428471911982,0.07851848923500453,0.09550904694950743,0.03979246635178002,0.05119458901316982,804.6762037583582
AATGAATCTCCAGACTTTACTGATACATTTGAAGTTTCTCCAAACTTTGAACATGGTGACTTTGGTAATTCTTCTGGTGATCCATGGTTTCCATTGTTTCCACAAGAGAATACTTTGACT,0.18019256565502328,0.1994255940257512,0.17564056874913803,0.14680440681028725,0.10061898674223933,0.0743244654210882,0.058491741562551554,0.06450167103392108,943.7221585541819
AATGAATTGAAGAAAAATTCTAAATCTTTGAAGAATAAGAATGAACAAGATATTGGTTCTTGTTATTCTTCTTTGGCTACTTCTCCATGTAGAGATGAAGCTTCTCAAATTCAATCATTT,0.44518557633774364,0.23574300998920053,0.17493636284094616,0.07809253776874957,0.023088881141343477,0.04295363192201655,0.0,0.0,292.99654506272344
AATGATAATGATAATGAGAATCAAGGTGAAGAAGATCCAACTTGGTTTGATTCTGGTTCTCAATTTATCTTAAATTCTCAACAATTGGTTGAAGCTTTGTCTTTGTGTGATGATTTGTTG,0.003927376170466454,0.005983714199635507,0.01953946863665569,0.08047491118483227,0.2475112257855048,0.3328428308233743,0.2524207621317466,0.05729971106778444,1711.9236945632358
AATGATATGCCATTCTTGACTGAAGAAGGTGAACAGAATGCTAATTCTACTCCAAACTTTGATTTGTCTATTACTCAAATGAATATGGCTCCATTGTCTCCAGCTTCTTCTTCTTCTACT,0.06960089722198765,0.04119241525889163,0.0254728348126296,0.11826059566304528,0.19768667675095908,0.28896088142328485,0.13669670826279093,0.12212899060641107,1763.715073961213
AATGATATGGTTGATAATCATGAGAATCAGAATGGTGAAGATCCTAAATGGTGGGAAGGTGAAGATCAATTCTTGTTGGATGATCAACAATTGGTTGAAGGTTTGTCTTTGTGTGATGAA,6.37408851622014e-05,0.000542012157325835,0.0008724732764291824,0.0015876033197858035,0.008232251361257168,0.030352854282787823,0.3621544860600585,0.5961945786571935,4777.696248797983
AATGATATGGTTGATAATCATGAGAATCAGAATGGTGAAGATCCTAAATGGTGGGAAGGTGAAGATCAATTCTTGTTGGATTCTCAACAATTGGTTGAAGGTTTGTCTTTGTGTGATGAA,0.08512470093772256,0.12371084753207658,0.20007985744448478,0.22066486146606767,0.1537844549858575,0.17339057900044352,0.026316248792951632,0.01692844984039572,746.2225974366013
AATGATATGGTTGATAATCATGAGAATCAGAATGGTGAAGATCCTAAATGGTGGGAAGGTGAAGCTCAATTCTTGTTGGATGCTCAACAATTGGTTGAAGGTTTGTCTTTGTGTGATGAA,0.097457309010889,0.08171174959830049,0.09095300180958704,0.10376044059928421,0.11604236612990443,0.1004961326689756,0.1770070934631361,0.23257190671992312,2278.203786531103
AATGATATGGTTGATAATCATGAGAATCAGAATGGTGAAGATCCTAAATGGTGGGAAGGTGAAGCTCAATTCTTGTTGGATTCTCAACAATTGGTTGAAGGTTTGTCTTTGTGTGATGAA,0.06979011917832288,0.11585885291941579,0.14329110849405616,0.2119275097867554,0.2441393010703459,0.1695205002736896,0.030205801219815455,0.01526680705759899,783.4608389112916
AATGATATGGTTGATAATCATGAGAATCAGAATGGTGAAGATCCTAAATGGTGGGAAGGTGAATCTCAATTCTTGTTGGATGATCAACAATTGGTTGAAGGTTTGTCTTTGTGTGATGAA,0.10010239092203227,0.13174351780290564,0.20474779556316203,0.20941378393588767,0.19947304822957637,0.12904559610101496,0.018489017517752008,0.006984849927669055,637.8920436704868
AATGATATGGTTGATAATCATGAGAATCAGAATGGTGAAGATCCTAAATGGTGGGAAGGTGAATCTCAATTCTTGTTGGATGCTCAACAATTGGTTGAAGGTTTGTCTTTGTGTGATGAA,0.059991605088952266,0.12743400094813978,0.17824846369205558,0.2925697633105282,0.19818276574194704,0.125711721643507,0.014642155570251733,0.0032195240046184095,622.9516656016979
AATGATATGGTTGATAATCATGAGAATCAGAATGGTGAAGATCCTAAATGGTGGGAAGGTGAATCTCAATTCTTGTTGGATTCTCAACAATTGGTTGAAGGTTTGTCTTTGTGTGATGAA,0.09876701053109867,0.07728919421913841,0.0546223963048048,0.19506986322018832,0.2054652610268596,0.17100181980621745,0.13231296168845438,0.06547149320323835,1296.881283441701
AATGATCAAGTTGTTGAATTGCAAGATTTGATTCAATCTCCAACTCCACATCCACCATCTCCACCAGCTCAAGCTTCTATTCCAGATGATTCTAGATCTAATGGTCAAACTAAAGATGAT,0.2468168912274115,0.248328301496835,0.22794489574851542,0.19708498244785624,0.038002337253517544,0.028279211912802953,0.008941791761122015,0.004601588151939341,386.0229594735246
AATGATGAAGTTACTGGTAAGATTAGAACTTTGATTTATCATTATGGTAAGATTCCAAGAGGTGATAGAACTGATTGGGTTATTCATGAATATAGATTGGAAGATAAAGTCTTGGCTCAA,0.28515380562753795,0.31332347538835664,0.23340753448275942,0.10086167362060487,0.0014501394277899652,0.06298282074721644,0.0014698353202648295,0.0013507153854698853,341.29438811193336
AATGATGAATCTGATTATTGGTTGTTGTCTAATGCTGAAATTTCTATGACTGATATTTGGAAGACTGATTCTGGTATTGATTGGGATTATGGTATTGCTGATGTTTCTACTCCACCACCA,0.0013451023243925503,0.0006825536864118902,0.0004220820069774489,0.000415822761806316,0.00020746526343394487,0.00011793224864807607,0.29162506861244514,0.7051839730958845,5239.767249146879
AATGATGAGAATAGAGATAAACAAGGTGAAGAAGATCCAACTTGGTTTGATTCTGGTTCTCAATTTATCTTAAATTCTCAACAATTGGTTGAAGCTTTGTCTTTGTGTGATGATTTGTTG,0.13865383950335866,0.08370174088650828,0.10352005852200276,0.13350108364826357,0.10019561845072623,0.05083634320604432,0.18003194565557523,0.20955937012752093,2084.731227021197
AATGATGCTTTGATTGATCATACTCCAATGTTTGATGAATTGGACTTTATTATGGATGGTGCTAAAGTTAATTCTAAAGAAGATTGGGTTGCTTTGTTTGGTGGTACTGATGAAGAACCA,0.08197058267890392,0.1462013182870257,0.18545420753861153,0.21938756527902756,0.16154868298498837,0.1195324434214081,0.07256785317959273,0.013337346630442247,775.2523730245732
AATGATGCTTTGATTGATCATGATCCAATGTTTGATGAATTGGACTTTATTATGGATGGTGCTAAAGTTAATTCTAAAGAAGATTGGGTTGCTTTGTTTGGTGGTACTGATGAAGAACCA,0.1269950307674078,0.18064416030056202,0.11443249910880048,0.1216268714805982,0.1251417233818981,0.06823702160342064,0.12184273066233213,0.14107996269498055,1560.8238321535916
AATGATGCTTTGATTGATCATGCTCCAATGTTTGATGAATTGGACTTTATTATGGATGGTGCTAAAGTTAATTCTAAAGAAGATTGGGTTGCTTTGTTTGGTGGTACTGATGAAGAACCA,0.1056536892076283,0.13161035475300162,0.19407447661405844,0.19004002814523818,0.10411182759830699,0.12451209692693171,0.12598498101225603,0.024012545742578682,932.4711805481398
AATGATGTTTCTAATGATTGGCCAGGTTTGCCAAGAGGTGTTAAATTTGATCCAACTGATCAAGAAATTATTTGGCATTTGTTGGGTAAAGTTGGTGTTGGTAATTGGAACTCTCATCCA,0.030686335606140848,0.08919226837029962,0.13576688617850566,0.24242828682291198,0.2452679409002964,0.18751507281217963,0.02845998517913212,0.04068322413053383,966.1404932993664
AATGATTTGCCAATTACTGATGCTAAAGATCCACAGAACTTTAGGAAATACTTTACTGACTTTAATTCTAACTTTGAAGATTTGGATCCATTGAGATCTAATGTTGGTGCTGGTTCTTTG,0.032338321049919155,0.06853401025138972,0.0790532051847246,0.3404125879402359,0.2969676380614385,0.08766309953907597,0.031268376278571604,0.06376276169464459,1047.9567085080346
AATGCTGAAATTTCTATGACTGATATTTGGAAGACTGATTCTGGTATTGATTGGGATTATGGTATTGCTGATGTTTCTACTCCACCACCAGGTATGGGTGAAATTGCTCCAACTGCTGTT,0.0044565175055729,0.0027639909115146047,0.004986566218758074,0.022647858014697514,0.0728547578478007,0.1772720802434885,0.42019810315375483,0.29482012610441277,3275.5546208036467
AATGCTGAAGAAGATTCTAAATGGTGGGATTCTGAAGATCAGAATTTGTTGTCTGATCAACAATTGGTTGAAGCTTTGTTCTTGTGTGATGATTTGTTGCAAGATCAATCTCCTAAGAGA,0.03856390772051804,0.06984010446063041,0.07677898664019686,0.07711774777705384,0.1444042700303332,0.05655661769680712,0.15021730441526096,0.38652106125919966,3120.5227315896595
AATGCTGAAGAAGATTCTAAATGGTGGGATTCTGAAGATCAGAATTTGTTGTCTTCTCAACAATTGGTTGAAGCTTTGTTCTTGTGTGATGATTTGTTGCAATCTCAATCTCCTAAGAGA,0.1203427331562477,0.09259033210846225,0.03963919455709175,0.07471285838300033,0.1150986679366774,0.16546019858693373,0.22322329039233155,0.1689327248792553,2056.225209693693
AATGCTGAAGAAGATTCTAAATGGTGGGATTCTGAAGCTCAGAATTTGTTGTCTGCTCAACAATTGGTTGAAGCTTTGTTCTTGTGTGATGATTTGTTGCAAGCTCAATCTCCTAAGAGA,0.044449228096596245,0.04604908490510066,0.04735939721892554,0.03611028365810664,0.02874411513416984,0.09014256552629613,0.4626789645698528,0.2444663608909521,2949.1168729817664
AATGCTGAAGAAGATTCTAAATGGTGGGATTCTGAAGCTCAGAATTTGTTGTCTTCTCAACAATTGGTTGAAGCTTTGTTCTTGTGTGATGATTTGTTGCAATCTCAATCTCCTAAGAGA,0.0335989011211164,0.07375559492184063,0.03040631103474365,0.054294166274578115,0.03310857412787505,0.03639637678254484,0.2974481873703122,0.4409918883669891,3708.3821342907017
AATGCTGAAGAAGATTCTAAATGGTGGGATTCTGAATCTCAGAATTTGTTGTCTGATCAACAATTGGTTGAAGCTTTGTTCTTGTGTGATGATTTGTTGCAATCTCAATCTCCTAAGAGA,0.026650537844635797,0.03239993019330666,0.02901719239920661,0.10979575273651467,0.21884676738785588,0.33079619761028217,0.2100944321074568,0.042399189720741484,1509.333323347687
AATGCTGAAGAAGATTCTAAATGGTGGGATTCTGAATCTCAGAATTTGTTGTCTGCTCAACAATTGGTTGAAGCTTTGTTCTTGTGTGATGATTTGTTGCAATCTCAATCTCCTAAGAGA,0.004015171663027638,0.002019879503261363,0.002498132561765083,0.004460719504231524,0.046737054998228146,0.07521670407492045,0.680303318567753,0.1847490191268127,3080.7055912571436
AATGCTGAAGAAGATTCTAAATGGTGGGATTCTGAATCTCAGAATTTGTTGTCTTCTCAACAATTGGTTGAAGCTTTGTTCTTGTGTGATGATTTGTTGCAAGATCAATCTCCTAAGAGA,0.21690710410459274,0.18186279876357628,0.19493327604308566,0.13387579675404152,0.10687083052540915,0.044181827314165985,0.07823281369540178,0.04313555279972687,824.1427838992865
AATGCTGAAGAAGATTCTAAATGGTGGGATTCTGAATCTCAGAATTTGTTGTCTTCTCAACAATTGGTTGAAGCTTTGTTCTTGTGTGATGATTTGTTGCAAGCTCAATCTCCTAAGAGA,0.14998620529685777,0.14012575780754719,0.1933003508171806,0.09521690620091311,0.08973412067384634,0.10801855876102318,0.1341364132772326,0.0894816871653992,1298.5676327072279
AATGCTGAAGAAGATTCTAAATGGTGGGATTCTGAATCTCAGAATTTGTTGTCTTCTCAACAATTGGTTGAAGCTTTGTTCTTGTGTGATGATTTGTTGCAATCTCAATCTCCTAAGAGA,0.06260569349665146,0.11547995491729075,0.06491931711413565,0.0888730242628321,0.08911074559769043,0.11476943345557684,0.1612875960956878,0.3029542350601349,2670.5561124241513
AATGCTTATACTAAAGGTACTAGGAAGAGAAGGAAAGTTCAAACTGATGATGATGATGAAACTAGATGGCATAAGACTGGTAAGACTAGACCAGTTATGGAGAATGGTGAAGTTATTGGT,0.495374441856342,0.2728572869920774,0.1615876099464346,0.015316034605778574,0.025457011841689293,0.013562965572407852,0.015748169917120206,9.647926815010218e-05,277.56209049773014
AATGCTTTGCCAATTACTGCTGCTAAAGCTCCACAGAACTTTAGGAAATACTTTACTGCATTTAATTCTAACTTTGAAGATTTGGCTCCATTGAGATCTAATGTTGGTGCTGGTTCTTTG,0.14457591278727044,0.19889598016599314,0.1652166206653131,0.14750718466762597,0.07268675410810536,0.08654306113707891,0.09303972521261719,0.09153476125599605,1191.6742038353
AATGCTTTGTCTTTGTGTAATAATTTGTTGGGTTCTCAGAATAGAAATAATAATACTAATTCTGGTTCTTTGAAGAATAAACAACCATGTATTGCTAATTATGCTCATTTGGGTCCAAAT,0.14054533376230072,0.07070298925437112,0.08744355264028673,0.1561410978551999,0.13849427945343046,0.257649223733732,0.06517425487373611,0.08384926842694301,1302.5027634220514
AATGGTATTGCTACTGGTATTATGTCTGCTTCTGCTTCTTCTGGTCCAGGTCAAGTTGTTTGGGATTCTAATCCATCTGGTGGTTGTCCTAAATGTCAAGGTGTTATTGGTAATTCTGGT,0.3315108391581671,0.22594704916113348,0.3386824607253465,0.013030289345318153,0.011217696580089025,0.011857360509380261,0.03791249225238091,0.029841812268184605,533.199510210124
AATGGTCAATCTAAAGTTCCACCAGGATTTAGATTTCATCCAACTGAAGAAGAATTGTTGCATTATTATTTGAGGAAGAAAGTTAATTCTCAGAAGATTGATTTGGATGTTATTAGAGAA,0.10375753670964728,0.2087858147023015,0.14345592873797094,0.24335010705902077,0.1704055778041534,0.09510471843546753,0.021384385653172803,0.01375593089826581,634.4851972211299
AATGGTGAAGATCCTAAATGGTGGGAAGGTGAAGATCAATTCTTGTTGGATGATCAACAATTGGTTGAAGGTTTGTCTTTGTGTGATGAATTGTTGCAAGATCAATCTTCTTCTGGTGAT,0.09240333966921482,0.16780189864265205,0.2525539402323876,0.26325150639739237,0.13244365172824565,0.071382143708352,0.015602886190703732,0.00456063343105182,533.5819148636859
AATGGTGAAGATCCTAAATGGTGGGAAGGTGAAGATCAATTCTTGTTGGATTCTCAACAATTGGTTGAAGGTTTGTCTTTGTGTGATGAATTGTTGCAATCTCAATCTTCTTCTGGTGAT,0.0005990905348083107,0.0009229749198364849,0.0007221801245317565,0.0011231481266222227,0.002342942361332348,0.07552248295093818,0.4805291614617221,0.4382380195202087,4137.329201056686
AATGGTGAAGATCCTAAATGGTGGGAAGGTGAAGCTCAATTCTTGTTGGATGCTCAACAATTGGTTGAAGGTTTGTCTTTGTGTGATGAATTGTTGCAAGCTCAATCTTCTTCTGGTGAT,0.088422832574911,0.16680806151731695,0.1237822303860675,0.17191084273107973,0.11436131464417008,0.18235990309196845,0.0666311688763888,0.0857236461780974,1231.584595895527
AATGGTGAAGATCCTAAATGGTGGGAAGGTGAAGCTCAATTCTTGTTGGATTCTCAACAATTGGTTGAAGGTTTGTCTTTGTGTGATGAATTGTTGCAATCTCAATCTTCTTCTGGTGAT,0.08223426392714767,0.14213935661946606,0.1600513698803515,0.14055304223448517,0.11427896431659412,0.09470364483394585,0.14275808108394433,0.12328127710406556,1538.1416254651374
AATGGTGAAGATCCTAAATGGTGGGAAGGTGAATCTCAATTCTTGTTGGATGATCAACAATTGGTTGAAGGTTTGTCTTTGTGTGATGAATTGTTGCAATCTCAATCTTCTTCTGGTGAT,0.00046094909959079285,0.000629404547570273,0.0004916403730554719,0.0005120988120971544,0.00032444444235085604,0.0005130459553230188,0.3218207027991685,0.6752477139708438,5128.287087074462
AATGGTGAAGATCCTAAATGGTGGGAAGGTGAATCTCAATTCTTGTTGGATGCTCAACAATTGGTTGAAGGTTTGTCTTTGTGTGATGAATTGTTGCAATCTCAATCTTCTTCTGGTGAT,0.02456833583066545,0.053182835562660964,0.09583930345354287,0.15305449862898116,0.132804534552639,0.12778905192694007,0.26682140618275624,0.14594003386181423,2018.5419070669998
AATGGTGAAGATCCTAAATGGTGGGAAGGTGAATCTCAATTCTTGTTGGATTCTCAACAATTGGTTGAAGGTTTGTCTTTGTGTGATGAATTGTTGCAAGATCAATCTTCTTCTGGTGAT,0.0003241040008776758,0.0003940238304016712,0.00040329770477625927,0.0007351399559485019,0.014278687089575205,0.0665325287828082,0.49812715814517716,0.41920506049043527,4058.492060862194
AATGGTGAAGATCCTAAATGGTGGGAAGGTGAATCTCAATTCTTGTTGGATTCTCAACAATTGGTTGAAGGTTTGTCTTTGTGTGATGAATTGTTGCAAGCTCAATCTTCTTCTGGTGAT,0.17911592727955125,0.20273935869041276,0.16158966124976734,0.12188242773929374,0.06177569698051388,0.08003708025531982,0.1287435698869946,0.06411627791814656,1084.9545740620767
AATGGTGAAGATCCTAAATGGTGGGAAGGTGAATCTCAATTCTTGTTGGATTCTCAACAATTGGTTGAAGGTTTGTCTTTGTGTGATGAATTGTTGCAATCTCAATCTTCTTCTGGTGAT,0.0028579665305069933,0.0031630143617758255,0.0027561331785280626,0.005397676561674739,0.007603898420689124,0.05625650173914229,0.4274117930151534,0.4945530161925295,4339.045640356409
AATGGTGATACTATGATGCAAAGATGGGATTTGCATTGGAATAATGATGATAATGTTGATTTGTGGTCTTCATTTACTGAATCTTCTTCTTCTTTGGATCCATTGTTGCATTTGTCTGTT,0.10023979268537091,0.09244915353301164,0.15071909377156026,0.1531241374727584,0.21813240697009076,0.160790586717442,0.06972540768962085,0.05481942116014507,1078.1968626950375
AATGGTGGTGGTCCATCTTCTGGTCCAGGTGCTGGTCATGGTGCTGGTAATGGTGCTGGTGGTGCTTGGGGTGGTGGTGGTGGTCAAGGTGGTGGTGGTGGTAATGGTAATCAAGGTGGT,0.1591483752340255,0.1685504607817594,0.041691733957353636,0.08375136907649564,0.041269957012585394,0.05374388531314617,0.20198150103273016,0.24986271759190395,2334.679489810744
AATGGTGGTGGTCCATCTTCTGGTCCAGGTGGTGGTGGTGGTGGTGAGAATGGTGCTGGTGGTGCTTGGGGTGGTGGTGGTGGTCAAGGTGGTGGTGGTGGTAATGGTAATCAAGGTGGT,0.11747099104018804,0.17902359948100174,0.23430932672776333,0.20727468933962,0.12086358518372968,0.09184005285543291,0.03685014449318436,0.012367610879079883,630.4458709488205
AATGGTGGTGGTCCATCTTCTGGTCCAGGTTTGGGTGGTGGTTTGGAGAATGGTGCTGGTGGTGCTTGGGGTGGTGGTGGTGGTCAAGGTGGTGGTGGTGGTAATGGTAATCAAGGTGGT,0.06899283021700144,0.20246133649646822,0.1359307377535514,0.2554956460392431,0.10764446898786013,0.11593853468266074,0.0586550000003431,0.054881445822871834,969.0411415333393
AATGGTGGTGGTGGTGGTGGTTTGAGAAATAAACAACAACCATGCTTTGGTGATTATGCTCATTTGGGTGGTACTGATGACTTTAAGAGAGATTTGGAAGATTGTCAGAAATTGGTCTTG,0.0812608563674165,0.04671912349862172,0.05633642966997381,0.14315520098636936,0.2036192160454274,0.31708962351744097,0.13242747712013575,0.019392072794614367,1167.7740231757903
AATGGTGTTCAGAAAGGTTGTAAGAAGATTATGGTCTTGTATATTTCTCCAGTTAGAGGTGGTAAACCAGAGAAGACTAATTGGGTTATGCATCAATATCATTTGGGTACTGAAGAAGAT,0.4035210492941027,0.26239675270608187,0.24553037865028743,0.0008335063721096784,0.050386466168986684,0.015340700244180694,0.021784561522829704,0.00020658504142118312,320.5786999549397
AATGGTTATGCTGATGTTGTTACTGAAGATCCAATGTCTTATAATGAAGAAGGTTGGGTTGTTTGTAGAGTCTTTAGGAAGAAGAATTATCAGAAGATTGATGATTGTCCTAAGATTACT,0.3411490225215839,0.30457614222222756,0.1581408768169741,0.10694491947004878,0.01958186038880405,0.04038993918343919,0.012536768313536544,0.01668047108338601,434.8117881789658
AATGGTTCTGTTTCTCACTTCTTTCATAGAACATTTAAAGCTTATAATACTGGTACTAGGAAGAGAAGGAAGATTAATACTGTTGATGCTGATGTTAGATGGCATAAGACTGGTAAGACT,0.20966209598392013,0.19587841445229898,0.1490813210925521,0.18301444536551825,0.08854387854190746,0.06863478905268733,0.06944668677981834,0.035738368731297265,784.2982688065588
AATGTCTTTGCTCAAGATTTGATGTTTAAACAAGAATTGGAAGGTTCTGATATTGGTTTGAACTTTATTCATTGTGATCAATTTATTCAATTGCCACAATTGGAATCTCCATCTTTGCCA,0.10167945350735312,0.25797920561594506,0.24754789592655685,0.22101343709535848,0.06534495004946021,0.06483473819176441,0.020500526308342936,0.02109979330521883,591.0851299762498
AATGTTACTGGTTTGGATCATGTCTTGTTGTATATGGATAGAACTGGTTCTAATATTTGTATGCCAGAATCTCAAACTACTACTCAACATCAAGATGATGTCTTGTTTATGCAATTGCCA,0.1722908917035802,0.1990268129405435,0.19056851707337943,0.14887392782129613,0.09432030958001593,0.1052818411338987,0.05918180323016835,0.03045589651711774,771.1124708172501
AATGTTGAACATAATAATTCTGTTCCAGAATTGGGTATGTCTCATGTTGTTCCAAATTTGGAATATAATTGTGGTTATTTGAAGACTGAAGAAGAAGTTGAATCTTCTCATGGATTTAAT,0.06758291872717757,0.1699919253323651,0.16819314745230945,0.11262349496605066,0.233088255844094,0.1858406047528407,0.06267965292516248,0.0,757.0530041131682
AATGTTTCTCCAATTCATGAACCAGAATCTCATAATTCTCCAGAAGCTCCAATCTTGTTTCCAGATGATTGGTATCCACCATCTATTGATCCAGCTGATTTGGATGAAGATTGGGATTAT,0.2872341032477779,0.1763347196393424,0.12115890636861712,0.0811289858605401,0.11033853937637253,0.11155946190337017,0.09481846592159185,0.01742681768238777,757.35796207532
AATGTTTCTCCAATTCATGAACCAGAATCTCATAATTCTCCAGAAGCTCCAATCTTGTTTCCAGATGATTGGTATCCACCATCTATTGATCCAGCTGATTTGGATGAAGCTTGGGATTAT,0.0008220663704368104,0.0013172339447363698,0.0032961254222650727,0.01133153442552192,0.02331200033983802,0.03362889338892585,0.25431073893961925,0.6719814071686566,5001.9155183261355
AATGTTTCTCCAATTCATGAACCAGAATCTCATAATTCTCCAGAAGCTCCAATCTTGTTTCCAGATGATTGGTATCCACCATCTATTGATCCAGCTGATTTGGATGAATCTTGGGATTAT,0.015085509645865875,0.028973023968671564,0.10900341165731817,0.1694383361647849,0.3489146970900806,0.2629745196464657,0.06098161354671253,0.004628888280100609,943.9331715643953
AATTCATTTGAAGCTACTTCTGGTATGGCTCCATTGTTGGATAATGAGAAAGAAGAATATATTGAAATGAATGATTTGTTGATTCCAGAATTGGGTGCTTCTTCTACTGAGAAATCTACT,0.11950922277247433,0.15030131323625268,0.26024406193112026,0.13277069218872323,0.11776515984448144,0.1916998981437042,0.027709651883243876,0.0,628.0266293768256
AATTCTAAACAATTGCCAGTTATTGATATTGAATTGGATACTCCACCAGAATTTAGATTGTCTCAATTGGAATTTGGTTCTCAAGATTCATTCTTGGCTTGGGGTACTGGTAAGACTGAT,0.14996322638042853,0.0905289255743643,0.11196373664556371,0.13328324564399785,0.059109892661950846,0.16494852371635585,0.11126649346421778,0.17893595591312125,1841.543476742147
AATTCTAAACCACATCCATTTATTGATGAATTTATTACTTCTTTGGAAGTTGATGATGGTATTTGTTATACTCATCCACAACATTTGCCAGGTGTTAAACAAGATGGTTCTGCTTCTCAT,0.2582766437095303,0.21794561144331182,0.1658764686815731,0.08330417106102303,0.08209918468359284,0.06109361711221509,0.061816308469764734,0.06958799483898916,934.1419414503448
AATTCTAAATTTGCTTCTTCTGGTTTGTTTGGTGTTGATGTTTATTCTGTTTGGAAGAGAGCTACTGAGAAGATTTCTGATGGTAATAATACTACTGATTCTAATCAGAAACATCATCCA,0.2863282054934421,0.23362897986807912,0.15571816534479985,0.19426437905854918,0.07196918533201381,0.04883792880431272,0.0032403701392570688,0.006012785959546076,411.63173649769925
AATTCTACTTCTTCTTCTAATGCTTCTCCAAATACTACTACTATGAATGCTAATGCTGATTCTAATATTGCTGGTAATCCTAAGAATAATGATGCTACTATTGATAATGAATTGACTCAA,0.08046686201127097,0.16191921931005906,0.15019299671623787,0.2234898847060281,0.19823141359102994,0.07375636023803168,0.11194326342734237,0.0,752.3707041712017
AATTCTAGATCTGTTGGTTTGAAGAAGACTTTGGTCTTCTATAGAGGTAGAGCTCCAAATGGTGAAAGAACTGATTGGGTTATGCATGAATATACTATGGATGAAGAAGAATTGGGTAGA,0.42129020441801135,0.2702884478843672,0.16512384716425454,0.08192771775755561,0.04150074544930482,0.00482148199722598,0.014762264179382575,0.00028529114989785554,298.6522775876294
AATTCTATGGCTGTCTTCTCTATCTTGAATAAGAATTTGTATCCATCTACTCCATCTTGGACTGAATTGTTTGCTACTACTAAAGATGATATTGATGAAGTTGATGATACTTCTGATTCT,0.02527474586096258,0.06675248615648569,0.051107133269737155,0.11231754085600072,0.24594574059455557,0.2808994935351773,0.1611569869456643,0.056545872781416796,1441.8581127785044
AATTCTCAATTGCCACCACCACCAGATTCTCATGGTGATGATTTGTTGAAAGATCCTAAGATGAGACATGATGATGGTTTGGAGAAAGATCCAGATAGATTGATTGATGATCCTAAAGAT,0.23852002628965277,0.15770155672427016,0.11872063150753391,0.1589925944961143,0.1343080995064448,0.12493071091295242,0.050563418754251355,0.016262961808780344,697.3617494842626
AATTCTCAATTGCCACCACCACCAGCTTCTCATGGTGCTGATTTGTTGAAAGCTCCTAAGATGAGACATGCTGATGGTTTGGAGAAAGCTCCAGCTAGATTGATTGCTGCTCCTAAAGAT,0.03093453389874516,0.004446280700800234,0.03299424122918928,0.02945761518643635,0.06967563305586288,0.0810136023345456,0.34018351811264735,0.4112945754817732,3691.6454725785006
AATTCTCAATTGCCACCACCACCATCTTCTCATGGTTCTGATTTGTTGAAGACTCCTAAGATGAGACATTCTGATGGTTTGGAGAAGACTCCATCTAGATTGATTTCTACTCCTAAAGAT,0.3905752894010403,0.12898581781892163,0.04142242419699613,0.12818403205404005,0.22667597016557184,0.06770150451887115,0.016281133421029974,0.00017382842352895808,474.76847109485067
AATTCTGTTGGTGATTCTAAATGGTGGGAAGGTGAAGATCAATTCTTGTTGGATGATCAACAATTGTTGGATGGTTTGTATTTGTGTGATGAAATCTTGCAAGGTCAATCTTTGAGAGAA,0.016733611985544572,0.015305529174105048,0.027447726004227003,0.10900778659700835,0.2173603954100589,0.2788748928531587,0.19822707500714934,0.1370429829687481,2001.8503178386834
AATTCTGTTGGTGATTCTAAATGGTGGGAAGGTGAAGATCAATTCTTGTTGGATTCTCAACAATTGTTGGATGGTTTGTATTTGTGTGATGAAATCTTGCAAGGTCAATCTTTGAGAGAA,0.18720357617361658,0.21155246634524294,0.24476223763744517,0.15221492067504702,0.08020504905159731,0.05844068850915211,0.03648570072369033,0.02913536088420842,653.742406596454
AATTCTGTTGGTGATTCTAAATGGTGGGAAGGTGAAGCTCAATTCTTGTTGGATGCTCAACAATTGTTGGATGGTTTGTATTTGTGTGATGAAATCTTGCAAGGTCAATCTTTGAGAGAA,0.053019675164613554,0.32852936753381906,0.06375454391831843,0.19879782896021955,0.1502070495520053,0.17032706677195386,0.028369038247709956,0.006995429851360358,669.6137223367614
AATTCTGTTGGTGATTCTAAATGGTGGGAAGGTGAAGCTCAATTCTTGTTGGATTCTCAACAATTGTTGGATGGTTTGTATTTGTGTGATGAAATCTTGCAAGGTCAATCTTTGAGAGAA,0.0013265284489228607,0.00047543382861990336,0.0051822258459774595,0.038772331681784455,0.12539291826083096,0.21324749309996355,0.3473367671678162,0.2682663016660846,3014.5889692772803
AATTCTGTTGGTGATTCTAAATGGTGGGAAGGTGAATCTCAATTCTTGTTGGATGATCAACAATTGTTGGATGGTTTGTATTTGTGTGATGAAATCTTGCAAGGTCAATCTTTGAGAGAA,0.14289975363903426,0.2246481498960796,0.10002196102501998,0.13891218115715734,0.06160627375153368,0.15554193943461123,0.09111582707272149,0.08525391402384234,1212.4038571969184
AATTCTGTTGGTGATTCTAAATGGTGGGAAGGTGAATCTCAATTCTTGTTGGATGCTCAACAATTGTTGGATGGTTTGTATTTGTGTGATGAAATCTTGCAAGGTCAATCTTTGAGAGAA,0.08813184033289435,0.1625644630701976,0.2193331080623033,0.21758107725742082,0.15921708837967494,0.10322159874668002,0.04995082415082896,0.0,622.9052029922441
AATTCTGTTGGTGATTCTAAATGGTGGGAAGGTGAATCTCAATTCTTGTTGGATTCTCAACAATTGTTGGATGGTTTGTATTTGTGTGATGAAATCTTGCAAGGTCAATCTTTGAGAGAA,0.186565622613647,0.19943983249236258,0.18862373910540312,0.14897393073598683,0.0746862062623334,0.12291132231657838,0.06488622805932306,0.01391311841436563,691.1330239809238
AATTCTTCTACTAATATGAAATCATTTAATTCTGATTTGTATTCTAGAAGACAAAGAGCTTCTTTGCCAATTATTGATGATTCTTTGTCTTATGATTTGGTTAATAAACAAGATGAAGAT,0.08890350836134404,0.08944791873316625,0.055313388251290604,0.34569073618401064,0.17521218245794315,0.16297887168026234,0.08245339433198293,0.0,791.4434587163124
AATTGGATTATGCATGAATATAGATTGATTGAACCATCTAGAAGAAATGGTTCTACTAAATTGGATGATTGGGTCTTGTGTAGAATTTATAAGAAACAATCTTCTGCTCAGAAACAAGTT,0.14334601670222696,0.07211190586871709,0.1560756098265996,0.1990657019865007,0.14125409050769575,0.1313917329732014,0.04985474923425611,0.10690019290080242,1283.4483353365067
AATTGGGTTATGCATCAATATCATTTGGGTACTGATGAAGATGAGAAAGATGGTCAATATGTTGTTTCTAAGATCTTCTATCAACAACCACAACAACAAGGTGTCTTGCAGAAAGGTGGT,0.2717561995635176,0.2757661653648031,0.19461521175670213,0.14530256296998698,0.04759176898284549,0.034872369548498636,0.024575852603904005,0.005519869209742012,422.9193026441934
AATTGGGTTATGCATCAATATCATTTGGGTACTGGTGAAGATGAAAGAGAAGGTGAATATGTTGTTTCTAAAGTCTTCTATCAACAACAACAACAAGTTAAACAAGGTGAGAAGATTGAA,0.08734766292399805,0.2128405408657533,0.22926958359248573,0.2607957800939573,0.11835030774630417,0.07005542207190088,0.01645524326060264,0.004885459444997922,526.1528516671201
AATTGTCAACATGTTATTGATAATTCTGATGTTGCTAAACAATGGCCAGGTTTGCCAACTGGTGTTAAATTTGATCCATCTGATTCTGAAATTATGCATCATTTGTTGGCTAAAGCTGGT,0.05714473830014347,0.09691958718617938,0.12393084105091233,0.23036299816058453,0.18663006054542983,0.20203396343621155,0.08934080360879262,0.013637007711746332,922.2605845421677
AATTGTCAACATGTTATTGATAATTCTGATGTTGTTGATGATTGGCCAGGTTTGCCAAATGGTGTTAACTTTGATCCATCTGATCCAGAAATTATTTGGCATTTGTTGGCTAATTCTGGT,0.004963702490623802,0.004994098266542476,0.005032757655895855,0.0032678548593132904,0.0028985271034708145,0.12082131167902882,0.5500421631081226,0.30797958483700233,3555.7375522815178
AATTGTCCATCTTGTAGATTGAGGAAATGTTATGAAGCTGGTATGACTTTGGGTGCTAGGAAATTGAAGAAATTGGGTAATTTGAAATTGCAAGAAGAAGGTGAAGCTTCTTCTACTACT,0.09203208502662698,0.5343688099752024,0.1031552488586528,0.02809773187036328,0.1114574866510467,0.09401631672853933,0.017592249223114795,0.019280071666453725,570.6894754725098
AATTGTGAAATTAATATTGAAGAAACTGTTGTCTTGCCACCATCTGAGAAGACTGAAGATGGTGATAATCCACAAGATCAAGATCCTAAATTGTGGGAAGGTGATGATCAATTTGAATTG,0.10298713357103151,0.2814980542636654,0.25857960361321,0.1290473523289288,0.1407800170892498,0.08173943045248519,0.00525927534758276,0.00010913333384651653,464.73455903534887
AATTGTGAAATTAATATTGAAGAAACTGTTGTCTTGCCACCATCTGAGAAGACTGAAGATGGTGATAATCCACAAGATCAAGATCCTAAATTGTGGGAAGGTGATTCTCAATTTGAATTG,0.08286971102816772,0.12506575917162915,0.05155932071592322,0.09206543762431246,0.2041508709348312,0.03797941231111383,0.30742944063854205,0.09888004757548043,1738.9358710735205
AATTGTGAAATTAATATTGAAGAAACTGTTGTCTTGCCACCATCTGAGAAGACTGAAGATGGTGATAATCCACAAGCTCAAGATCCTAAATTGTGGGAAGGTGATGCTCAATTTGAATTG,0.04097817016242448,0.04122910447610809,0.09178388254952029,0.24583692714856897,0.17767267536664616,0.2178527098998394,0.10641435866718732,0.07823217172970523,1373.0468372801856
AATTGTGAAATTAATATTGAAGAAACTGTTGTCTTGCCACCATCTGAGAAGACTGAAGATGGTGATAATCCACAAGCTCAAGATCCTAAATTGTGGGAAGGTGATTCTCAATTTGAATTG,0.22375890621175473,0.06432260525262687,0.039776232785099175,0.07102530110090705,0.37798880758691217,0.117199212414106,0.02964639764943351,0.0762825369991604,1110.3350020666735
AATTGTGAAATTAATATTGAAGAAACTGTTGTCTTGCCACCATCTGAGAAGACTGAAGATGGTGATAATCCACAATCTCAAGATCCTAAATTGTGGGAAGGTGATGATCAATTTGAATTG,0.20279724229536158,0.14282736539588733,0.22711504923750853,0.1126504281798448,0.009991885605515777,0.03717700947731995,0.12225455263582889,0.14518646717273312,1491.3410374885061
AATTGTGAAATTAATATTGAAGAAACTGTTGTCTTGCCACCATCTGAGAAGACTGAAGATGGTGATAATCCACAATCTCAAGATCCTAAATTGTGGGAAGGTGATGCTCAATTTGAATTG,0.09676815481641078,0.03651027195460629,0.06020656120752675,0.013438267146608424,0.04767798231566643,0.01108727665621082,0.2580239076375961,0.47628757826537427,3797.879403113603
AATTGTGAAATTAATATTGAAGAAACTGTTGTCTTGCCACCATCTGAGAAGACTGAAGATGGTGATAATCCACAATCTCAAGATCCTAAATTGTGGGAAGGTGATTCTCAATTTGAATTG,0.00038870199741752306,0.0006952573452028564,0.00021496888923983287,0.011947427600331009,0.1679371380404741,0.26056408382870044,0.49208379441775346,0.06616862788088053,2187.9070807470644
AATTTGAATCAAGTTACTACTTCTGATGATTTGGAATCTATGGCTGCTGAAGCTGATTTGCCAGACTTTACTACTTTGCCAGCTGATAAACATGTTGGTACTATTCAAGAAGTTCAGAAT,0.4900075492096427,0.10842791238202064,0.3031933497873068,0.036292117588349895,0.0018252311460753127,0.05710760112831105,0.0023425597672979753,0.0008036789909956877,305.6166585648849
AATTTGATTAAACAAGCTAAAGATGGTATGTTGGATTTGAATAAAGCTGCTGAAACTTTGGAAGTTCAGAAGAGAAGAATTTATGATATTACTAATGTCTTGGAAGGTATTGATTTGATT,0.002056889112422777,0.0012416908189269496,0.14281914753330005,0.22485718802141272,0.1732975400657121,0.2986403377450896,0.14898808991435422,0.008099116788781582,1135.9612724419496
AATTTGGAATTGGATCCAGCTAATATTGAATTGGATACTCCACCAGAATTTAGATTGGATCAATTGGAATTTGGTTCTCAAGATTCATTTATGGCTTGGGGTGAAGGTAGAGTTGCTGAT,0.014174831260636116,0.00019536482729524244,0.009476950052534738,0.02428078765682024,0.012373453104776593,0.006446923838579862,0.3066897945981542,0.6263618946612031,4812.098233418568
AATTTGGAATTGGATCCAGCTAATATTGAATTGGATACTCCACCAGAATTTAGATTGGCTCAATTGGAATTTGGTTCTCAAGATTCATTTATGGCTTGGGGTGAAGGTAGAGTTGCTGAT,0.0926772191694552,0.13307744200095517,0.15450986531987895,0.2129198591693007,0.22343526230496324,0.13938142022393388,0.03004193549306313,0.013956996318449738,729.1486282811209
AATTTGGAATTGGATCCAGCTAATATTGAATTGGATACTCCACCAGAATTTAGATTGTCTCAATTGGAATTTGGTGATCAAGATTCATTTATGGCTTGGGGTGAAGGTAGAGTTGCTGAT,0.0002369454023654453,0.00019071709079321035,0.011705235374750298,0.029930195134366334,0.15379823571676768,0.3429358023478881,0.40612843006648686,0.0550744388665821,2008.3154750641322
AATTTGGAATTGGATCCAGCTAATATTGAATTGGATACTCCACCAGAATTTAGATTGTCTCAATTGGAATTTGGTGCTCAAGATTCATTTATGGCTTGGGGTGAAGGTAGAGTTGCTGAT,0.01145142345627849,0.012027926626974097,0.04025758818507717,0.16484756024577446,0.2958271533714808,0.28318608371864473,0.12868497694128747,0.06371728745448281,1451.899105511644
AATTTGGAATTGGATCCAGCTAATATTGAATTGGATGATCCACCAGAATTTAGATTGGATCAATTGGAATTTGGTGATCAAGATTCATTTATGGCTTGGGGTGAAGGTAGAGTTGCTGAT,0.0005988462155854619,0.000527199151485487,0.000838318769765999,0.0006652978298524415,0.00036881682990979903,0.0003430660468476189,0.23111533172641766,0.7655431234301355,5467.173919539145
AATTTGGAATTGGATCCAGCTAATATTGAATTGGATGATCCACCAGAATTTAGATTGTCTCAATTGGAATTTGGTTCTCAAGATTCATTTATGGCTTGGGGTGAAGGTAGAGTTGCTGAT,0.14243369839394526,0.1433059067480576,0.07089475414004834,0.31647801379760276,0.11228406892437423,0.05222219883413621,0.026419974006211752,0.13596138515562375,1322.234478902881
AATTTGGAATTGGATCCAGCTAATATTGAATTGGATGCTCCACCAGAATTTAGATTGGCTCAATTGGAATTTGGTGCTCAAGATTCATTTATGGCTTGGGGTGAAGGTAGAGTTGCTGAT,0.006242717132295637,0.005652850585026729,0.003884051854041273,0.007628991647016349,0.002460645509671931,0.06551813927857343,0.5425039276908217,0.36610867630255306,3832.020825140582
AATTTGGAATTGGATCCAGCTAATATTGAATTGGATGCTCCACCAGAATTTAGATTGTCTCAATTGGAATTTGGTTCTCAAGATTCATTTATGGCTTGGGGTGAAGGTAGAGTTGCTGAT,0.03279964504665011,0.04437997908175793,0.08162825222131427,0.21863575757725595,0.306492070983072,0.21459712674923923,0.07447647854391365,0.026990689796796873,1043.0980010071453
AATTTGGATCAATCTGAATTGCCTAAGATTGAATTTGATCAACCAGGTTTGAGATTGAATCAATTGGATACTCCATTGGACTTTCATTTGGATCAATTGGATGATCCACCATCTGATTTG,0.005788669836230527,0.011506844975890126,0.04815910624769816,0.14662284997906036,0.3084129297369843,0.3308535894937168,0.1308136842706696,0.017842325459750154,1233.4372308857867
AATTTGGATCAATCTGAATTGCCTAAGATTGAATTTGATCAACCAGGTTTGAGATTGAATCAATTGGATACTCCATTGGACTTTCATTTGTCTCAATTGGATACTCCACCATCTGATTTG,0.022678286229182776,0.02566930409893839,0.010582367958727088,0.06141234120240612,0.14525764301145877,0.23515338569779656,0.358874446641995,0.1403722251594953,2298.577529559659
AATTTGGATTGTGTTGGTTTGAAGAAATCTTTGGTTTATTATTTGGGTTCTGCTGGTAAAGGTACTAAGACTGATTGGATGATGCATGAATTTAGATTGCCATCTACTACTAAGACTGAT,0.12326466246870428,0.12401948713157782,0.11503797080341653,0.05135357185843688,0.09109934577877474,0.0847387914330593,0.17148237469585723,0.2390037958301732,2260.376851857266
AATTTGGCTCAATCTGAATTGCCTAAGATTGAATTTGATCAACCAGGTTTGAGATTGAATCAATTGGATACTCCATTGGACTTTCATTTGGCTCAATTGGATGCTCCACCATCTGATTTG,0.03306813573103162,0.04752947440345714,0.05290485631109617,0.11021273091429427,0.2001684061227331,0.2944441944143413,0.18839517083013185,0.07327703127291454,1597.9316246469489
AATTTGGCTCAATCTGAATTGCCTAAGATTGAATTTGATCAACCAGGTTTGAGATTGAATCAATTGGATACTCCATTGGACTTTCATTTGTCTCAATTGGATACTCCACCATCTGATTTG,0.010745539837439378,0.021418051589232857,0.11456187162001137,0.19910358698906327,0.3760166244378589,0.23119726509050045,0.03021217580207707,0.016744884633816706,932.6311005082332
AATTTGGCTTTGGATCCAGCTAATATTGAATTGGATACTCCACCAGACTTTAGATTGGATCAATTGGAATTTGGTTCTCAAGATTCATTCTTGGCTTGGGGTGGTTCTAAAGTTGTTGAT,0.10069131145532006,0.16884650955101405,0.18098150627280096,0.1367234380195239,0.13229582468918744,0.1025491108998135,0.12451462733409878,0.053397671778241354,1085.3893141462136
AATTTGGCTTTGGATCCAGCTAATATTGAATTGGATACTCCACCAGACTTTAGATTGGCTCAATTGGAATTTGGTTCTCAAGATTCATTCTTGGCTTGGGGTGGTTCTAAAGTTGTTGAT,0.0165242903968239,0.031172772560845382,0.03341315937038483,0.04589481512424111,0.07938031950108752,0.06815814213767592,0.35823175219313746,0.3672247487158037,3460.5787080310724
AATTTGGCTTTGGATCCAGCTAATATTGAATTGGATACTCCACCAGACTTTAGATTGTCTCAATTGGAATTTGGTGATCAAGATTCATTCTTGGCTTGGGGTGGTTCTAAAGTTGTTGAT,0.2568449323179484,0.2300702215477392,0.19446584779510756,0.13620934856810418,0.08380381090709614,0.04488026607882202,0.018845932669466183,0.03487964011571619,619.0102834940935
AATTTGGCTTTGGATCCAGCTAATATTGAATTGGATACTCCACCAGACTTTAGATTGTCTCAATTGGAATTTGGTGCTCAAGATTCATTCTTGGCTTGGGGTGGTTCTAAAGTTGTTGAT,0.13170548328706608,0.13987377380975136,0.1092581783877641,0.11380469634042854,0.1081528614268895,0.1140151817871121,0.10857778380493323,0.1746120411560552,1774.3969000079167
AATTTGGCTTTGGATCCAGCTAATATTGAATTGGATACTCCACCAGACTTTAGATTGTCTCAATTGGAATTTGGTTCTCAAGATTCATTCTTGGCTTGGGGTGGTTCTAAAGTTGTTGAT,0.0012496005753204944,0.0015305684329150132,0.0019605717319299064,0.0010261080607434198,0.0014455148198287762,0.03466051661125985,0.519507336276466,0.43861978349153674,4184.957389281451
AATTTGGCTTTGGATCCAGCTAATATTGAATTGGATGATCCACCAGACTTTAGATTGGATCAATTGGAATTTGGTGATCAAGATTCATTCTTGGCTTGGGGTGGTTCTAAAGTTGTTGAT,0.16479693552757207,0.23363585072869314,0.20506450297574494,0.1248298668332166,0.09595888807603364,0.08239296054697828,0.04863110411474251,0.04468989119701883,804.5947809130828
AATTTGGCTTTGGATCCAGCTAATATTGAATTGGATGATCCACCAGACTTTAGATTGTCTCAATTGGAATTTGGTTCTCAAGATTCATTCTTGGCTTGGGGTGGTTCTAAAGTTGTTGAT,0.09884434484877372,0.05524979390096259,0.10249718531621628,0.12811483284220992,0.18939249718688178,0.16610231044863635,0.168067175354405,0.0917318601019144,1515.633190560352
AATTTGGCTTTGGATCCAGCTAATATTGAATTGGATGCTCCACCAGACTTTAGATTGGCTCAATTGGAATTTGGTGCTCAAGATTCATTCTTGGCTTGGGGTGGTTCTAAAGTTGTTGAT,0.00045891194875490173,0.0015961256955433043,0.00011814734763259856,0.0030634087743088498,0.0029666850090669656,0.04976982812843666,0.3814299171843735,0.5605969759118832,4624.533530492381
AATTTGGCTTTGGATCCAGCTAATATTGAATTGGATGCTCCACCAGACTTTAGATTGTCTCAATTGGAATTTGGTTCTCAAGATTCATTCTTGGCTTGGGGTGGTTCTAAAGTTGTTGAT,0.06650107345330722,0.009558328580148183,0.15367928319799767,0.12665217699316464,0.1778687367075739,0.1132025942004048,0.19383979222974043,0.15869801463766312,1927.7258235094548
AATTTGTCTAGAAGAAGATTCTCTGATGTTATTACTAATCAATTTCCATCTATGACTAATTCTAGAAATTCTATTTCTCATTCTTTGGATTTGTGGAATCATCCTAAGATTAATCCATCT,0.013189289545732234,0.026540111210005355,0.03282409465491857,0.16118138567247536,0.12996811087504206,0.14507248823235677,0.20795049714684646,0.2832740226626232,2735.4458058999207
AATTTGTCTAGAAGAAGATTTGATGATGTTATTACTAATCAATTTCCATCTATGACTAATTCTAGAAATGATATTTCTCATGATTTGGATTTGTGGAATCATCCTAAGATTAATCCATCT,0.029813430065558734,0.029995995870288478,0.05193753560012214,0.03312170939192171,0.05288102370944892,0.24047892870907112,0.44793665092056684,0.113834725733022,2298.399005559404
AATTTGTCTAGAAGAAGATTTGCTGATGTTATTACTAATCAATTTCCATCTATGACTAATTCTAGAAATGCTATTTCTCATGCTTTGGATTTGTGGAATCATCCTAAGATTAATCCATCT,0.18337690246653426,0.18449983101564896,0.07606147375889764,0.101862758819286,0.09035039191858589,0.056028086343425994,0.19841799703968954,0.10940255863793168,1501.1812755241958
AATTTGTCTATTCCAATTCAAGTTGATAAAGAATTGGATACTCCACCAGAATTTAGATTGTCTCAATTGGAATTTGGTTCTCAAGATTCATTCTTGGCTTGGGGTACTGGTAAGACTGAT,0.09046465228714469,0.15473165824116367,0.1688540709092841,0.2110566353849625,0.17828890506891976,0.09950446655117724,0.0755111469396505,0.021588464617697707,814.7493397505548
AATTTGTCTCAATCTGAATTGCCTAAGATTGAATTTGATCAACCAGGTTTGAGATTGAATCAATTGGATACTCCATTGGACTTTCATTTGGATCAATTGGATACTCCACCATCTGATTTG,0.0031221049068544757,0.021779149310483407,0.030820845780335338,0.28419007923768325,0.4313312355130477,0.1510997778518031,0.034940124389822705,0.04271668300996996,1056.0108859888612
AATTTGTCTCAATCTGAATTGCCTAAGATTGAATTTGATCAACCAGGTTTGAGATTGAATCAATTGGATACTCCATTGGACTTTCATTTGGCTCAATTGGATACTCCACCATCTGATTTG,0.09787712094035332,0.12036014492548518,0.24358612123551718,0.18123026819208776,0.15003138423926482,0.04984149865959677,0.13112082347657472,0.02595263833112028,900.230894333939
AATTTGTCTCAATCTGAATTGCCTAAGATTGAATTTGATCAACCAGGTTTGAGATTGAATCAATTGGATACTCCATTGGACTTTCATTTGTCTCAATTGGATACTCCACCATCTGATTTG,0.26902793353898724,0.1975198540565483,0.20809653357286254,0.0807786236423535,0.09314389779077326,0.06664660989841553,0.0674349889674613,0.017351558532598434,642.2673011224351
AATTTGTCTCAATCTGAATTGCCTAAGATTGAATTTGATCAACCAGGTTTGAGATTGAATCAATTGGATACTCCATTGGACTTTCATTTGTCTCAATTGGATGATCCACCATCTGATTTG,0.12110543726615017,0.16952631607231614,0.16598525188173766,0.1715923890714827,0.13663345381460296,0.11583224114469959,0.07325153068152193,0.046073380067488866,942.458554741412
AATTTGTCTCAATCTGAATTGCCTAAGATTGAATTTGATCAACCAGGTTTGAGATTGAATCAATTGGATACTCCATTGGACTTTCATTTGTCTCAATTGGATGCTCCACCATCTGATTTG,0.2059717821768708,0.18091776209650406,0.2969828670820101,0.17071270057495633,0.049936060718081925,0.058436500504697,0.02728973546733055,0.009752591379549022,504.89494073329604
ACATTCTATTTGGGTGATTCTCAAACTAATTGGATTATGCAAGAATATTCTTTGCCAGATTCTTCTTCTTCTTCTTCTAGATCTTCTAAGAGATCTTCTAGAGCTTCTTCTTCTTCTCAT,0.2832159265929553,0.2849502303425414,0.17620938470631492,0.11070782300547691,0.04134560043208369,0.057688277260470384,0.0145926715047518,0.0312900861554055,568.1861930719974
ACATTTAAAGCTTATAATACTGGTACTAGGAAGAGAAGGAAGATTAATACTGTTGATGCTGATGTTAGATGGCATAAGACTGGTAAGACTAAACCAGTCTTGTTGGATGGTAAACAATTG,0.11579946648089709,0.21656888467469465,0.22546577773531795,0.21946053442533084,0.07517805122582995,0.07367532424823746,0.03158764733073438,0.042264313878957696,758.2428935675762
ACATTTAGACATTCTGTTGTTGTTCCATATGAACCACCAGAAGTTGGTTCTGATTGTACTACTATTCATTATAATTATATGTGTAATTCTTCTTGTATGGGTGGTATGAATAGAAGACCA,0.034638595132931604,0.05663240109230199,0.15624626292899374,0.20684238448169728,0.2858646733124273,0.15478087631252682,0.08432944003156809,0.020665366707553073,953.0052451849099
ACATTTATTGAGAATGAAGAAGAAGAAGAATCTGATAATAAGAATGGTGATGAAGAAGAACCACCACAATGTAATTGGTTCTTGGATGAAATTTCTTTGCCATTGACTGTTGTTGATACT,0.05172651121089988,0.11059193635774955,0.11263998773281876,0.2657820960698974,0.2421152813000476,0.11260539880639504,0.06596377853068766,0.03857500999150408,957.0936226231952
ACATTTCCATGGTCTGAATCTGATGATGGTCAATTTATCTTAAATTCTCAACAATTGGTTGAAGCTTTGTCTTTGTGTGATGATTTGTTGGGTTCTCAAGATAGAGAAGAGAATACTAAT,0.356365106654138,0.16297606700931463,0.1343762731479782,0.059986294533706214,0.0638480867828756,0.06928858387382215,0.050077296785710705,0.10308229121245446,1093.2567823780128
ACATTTGATGAATATTTGTTGTCTACTCCACCAGCTATCTTTCCAGATTTGAAATTGACTGATCAAGAAGCTTCTGAAGTTATGAGATCTATTGATCCAAATGATAATTCTGATTCTTTG,0.0006305371486889989,0.0006343983119871926,0.0015692134879779936,0.004436534082363891,0.08388027602708781,0.09921539467166549,0.6280650097501798,0.1815686365200489,2985.5018866095406
ACATTTGATGAATATTTGTTGTCTACTCCACCAGCTATCTTTCCAGATTTGAAATTGACTGCTCAAGAAGCTTCTGAAGTTATGAGATCTATTGATCCAAATGATAATTCTGATTCTTTG,0.09035411642620655,0.04545370487770581,0.03212338162450264,0.07170025579679704,0.08903552978331196,0.08281907102562167,0.2573818998714652,0.3311320405943892,3023.425342437974
ACATTTGATGAATATTTGTTGTCTGATCCACCAGCTATCTTTCCAGATTTGAAATTGACTGATCAAGAAGCTTCTGAAGTTATGAGATCTATTGATCCAAATGATAATTCTGATTCTTTG,0.2528755796279342,0.2261547475017236,0.08740690623803397,0.18729079349658578,0.08306174303201577,0.05150824929045953,0.07817632947714188,0.03352565133610526,760.3804251806309
ACATTTGATGAATATTTGTTGTCTGATCCACCAGCTATCTTTCCAGATTTGAAATTGACTTCTCAAGAAGCTTCTGAAGTTATGAGATCTATTGATCCAAATGATAATTCTGATTCTTTG,0.007234482205202274,0.006975500709881288,0.008627111384532473,0.007032606264709311,0.0017822263703231327,0.003039284166995395,0.3365986246201946,0.6287101642781615,4883.664491363305
ACATTTGATGAATATTTGTTGTCTGCTCCACCAGCTATCTTTCCAGATTTGAAATTGACTGCTCAAGAAGCTTCTGAAGTTATGAGATCTATTGATCCAAATGATAATTCTGATTCTTTG,0.011649014754502097,0.0184764977103544,0.030610321110599848,0.06542046324508818,0.19463479380417084,0.33034970394743696,0.30263636369803676,0.04622284172981091,1727.715441904557
ACATTTGATGAATATTTGTTGTCTGCTCCACCAGCTATCTTTCCAGATTTGAAATTGACTTCTCAAGAAGCTTCTGAAGTTATGAGATCTATTGATCCAAATGATAATTCTGATTCTTTG,0.118478914447051,0.13556582583031349,0.1618826389400963,0.2142149515909876,0.17398022431227514,0.1469272643285011,0.032318544112628335,0.016631636438146993,731.3904191263067
ACATTTGTTAGAATGTCTTCATTCTCTAGAATTAGATTTAATGGTACTTCTGTTACTTCTAGGAAAGTTACTGTTGCTAAGAAGAGAATTTCTAATAGAGGATTCTTGTTGTTGTCTATT,0.048895590044561336,0.071900395644383,0.04212211860468059,0.06685703602772357,0.03335679011810587,0.037922890812636195,0.25464716074114796,0.4442980180067615,3632.473152883889
ACTAAATTGTTGGATTCTGTTCAACCAATTGCTAGAGAATTGCATCAATTTACATTTGATTTGTTGATTAAATCTCATATGGTTTCTGTTGACTTTCCAGAAATGATGGCTGAAATTATT,0.2018093128091809,0.13536340949472694,0.25112072803178676,0.0,0.33144033335855116,0.0,0.0,0.08026621630575442,912.1162844408286
ACTAAGAATCCAGAATTGCAAGCTATTAAGAGAGAAGCTGAAGATACTGTTGGTGAATCTATTAAGAAGAGATGTGGTAAATTGATGAGATCTAAGAATGTTACTGGATTTGTCTTTAAA,0.3056459053127524,0.26907786630723174,0.19016471835134557,0.12733583694921885,0.03915410834236906,0.036420369347421266,0.02126030470103427,0.010940890688626784,437.56241126748614
ACTAATAGAGCTACTGTTGCTGGATTCTGGAAAGCTACTGGTAGAGATAAGATTATTTGTTCTTGTGTTAGAAGAATTGGTTTGAGGAAGACTTTGGTCTTCTATAAAGGTAGAGCTCCA,0.11522744249941125,0.14491631295677057,0.10753715542250467,0.12801377956335266,0.15612556563179872,0.25084297804629435,0.08015060875596088,0.017186157123906767,928.8998664671642
ACTAATGCTTATTCTAATTCTATTTCTAATTCTAATTCTAATTCTACTGGTAATTTAAATTCTTCTTACTTTAATTCTTTGAATATTGATTCTATGTTGGATGATTATGTTGCTGCTGAT,0.3042590182877218,0.306122181714333,0.06310061142957447,0.16901072371473283,0.04996980022620658,0.0,0.04703074392365158,0.06050692070377972,764.8140038132782
ACTAATGTCTTGGAAGGTATTGATTTGATTGAGAAACCATTTAAGAATAGAATCTTGTGGAAAGGTGTTGATGCTTGTCCAGGTGATGAAGATGCTGATGTTTCTGTCTTGCAATTGCAA,0.010643818824937,0.009916684957478336,0.04988061594280351,0.20695023934725362,0.36992571059142887,0.3151782267224063,0.03635289614724006,0.0011518074664523994,938.8859009113497
ACTAATTGGGTTATGCATCAATATCATTTGGGTATTGGTGAAGATGAAAGAGATGGTGAATATGTTGTTTCTAAATTGTTCTTTCAACAACAATTTAAACCAGGTGATAAGAATGCTCAA,0.42125901296934326,0.24641781318570374,0.12190516551590516,0.0870705995039996,0.048268761818347314,0.017959455166185988,0.0454297548982368,0.011689436942278067,456.32747832073903
ACTAATTTGTCTCCACAAACTTCTAATGGTAATGAAACTTTGATTTCTCCAAGAGCTCAACAACATACTTCTATTAAAGATAATAGATTGTCTTTGCCAAATGGTGCTAATTCTAATTTG,0.0741192507349893,0.1392031724268056,0.1967574103470273,0.23056312466630643,0.21911276488619985,0.09964255468242904,0.022913920650554316,0.01768780160568819,698.0794417832743
ACTACTCCAGGTTCTACTTATTTGGATACTCCAGATGATTCATTTGAAACTGATCCAATGTATGAATCTTTGGATACTTCTAAGACTTGGCCATCTTTGTTTCCAGAAGAAGATGTTTCT,0.0011698031743160844,0.0016960653948628222,0.0009407633431304069,0.003541299844014094,0.013047512280170339,0.059858590552036926,0.40610086551894475,0.5136450998925244,4412.22192973754
ACTACTCCAGGTTCTACTTATTTGGATACTCCAGATGATTCATTTGAAACTGCTCCAATGTATGAATCTTTGGATACTTCTAAGACTTGGCCATCTTTGTTTCCAGAAGAAGATGTTTCT,0.21157901974058876,0.25710833993632415,0.20515139955665482,0.18926676645855153,0.046030553887220764,0.045335331120205984,0.012742114959398613,0.03278647434105551,590.1544557250634
ACTACTCCAGGTTCTACTTATTTGGATACTCCAGATGATTCATTTGAAACTTCTCCAATGTATGAATCTTTGGATACTTCTAAGACTTGGCCATCTTTGTTTCCAGAAGAAGATGTTTCT,0.17481501275460565,0.27529906168833085,0.11349415466228831,0.0928847406481461,0.05242812595607006,0.08360159201029123,0.16213186011985872,0.04534545216040905,1036.4223824669207
ACTACTCCAGGTTCTACTTATTTGGATGATCCAGATGATTCATTTGAAACTTCTCCAATGTATGAATCTTTGGATACTTCTAAGACTTGGCCATCTTTGTTTCCAGAAGAAGATGTTTCT,0.0002695794798203797,0.0003426066685824452,0.013259114628590992,0.06874167562106642,0.26160475446808995,0.4064632162317114,0.20360919865904384,0.04570985424309468,1613.4652554064332
ACTACTCCAGGTTCTACTTATTTGGATGCTCCAGATGATTCATTTGAAACTTCTCCAATGTATGAATCTTTGGATACTTCTAAGACTTGGCCATCTTTGTTTCCAGAAGAAGATGTTTCT,0.001718557076046676,0.0022478051031153815,0.004116575190858435,0.037230542894965864,0.2915321069052191,0.43386011786178685,0.2136586193947609,0.015635675573246743,1491.3418245612609
ACTACTGAAGCTACTACTGTTAAAGTTGATCCAGTTACTCCTAAATCTGTTACTCCAGAACCACCAAGAATTGAGAATAGATGGTCTAATTTGGATTTGGGTCAAGAATCTCATCATATT,0.08727581107998061,0.05403707942720283,0.1420171590997711,0.24613041193154456,0.2183131444589115,0.1846095685904303,0.043585117423132425,0.024031707989026697,878.3983685713487
ACTACTGATGATGTTTCTTTGGCTGATAAAGCTATTGAATCTACTGAAGAAGTTTCTTTGGTTCCATCTAATTTGGAAGTTTCTACTACTTCATTCTTGCCAACTCCAGTCTTGGAAGAT,0.19422962827151555,0.15566968395571842,0.12070354380154849,0.22433933439477705,0.12398047021351626,0.16050697326929847,0.013110106769249431,0.007460259324376329,610.106634032103
ACTACTGGTAGAGATAGAGATGTTTCTTATAATGATGAAGTTACTGGTAAGATTAGAACTTTGATTTATCATTATGGTAAGATTCCAAGAGGTGATAGAACTGATTGGGTTATTCATGAA,0.3044132475135877,0.22274716754891463,0.13774384843165666,0.09223439750924357,0.08181021268154587,0.02536607513571169,0.10266454660075244,0.03302050457858736,761.47974459514
ACTACTTCTCCATCTGAAGCTGTTATGAGAGAACATGCTTATTCTAGAGCTAGAACTAAGAATAATTATGGTTCTACTATTGAAGGTTTGTTGGATTTGCCAGATGATGATGCTCCAGAA,0.08586857815298851,0.12959160569585648,0.15137121792985703,0.10334683370309673,0.0987180266377162,0.11150243676538639,0.1659138623453349,0.15368743876976382,1779.0047086509842
ACTACTTTGCCACCAACTCCATTGTTGACTGTCTTGCAAAGACCAACTGAATTGCAACCAACTCCATCTCCACCAAGAATGCATTTGCCAGTCTTGCATGTTCCAGATCAATCTATGCAT,0.04882261145588907,0.04366362850231364,0.07087762447452912,0.06629365726657105,0.07483795915254456,0.0969606501522102,0.29432286428034593,0.3042210047155964,2960.103085690123
ACTACTTTGCCAGCTGATAAACATGTTGGTACTATTCAAGTTGTTCATAATTCTGAACATAATTTGAATCAAGTTACTACTTCTGATGATTTGGAATCTATGGCTGCTGAAGCTGATTTG,0.03951428893300676,0.045435724582434785,0.04565736524213244,0.22890210843913156,0.29203226607011806,0.2587072186564285,0.0863832848005596,0.0033677432761883676,967.0175621090624
ACTAGACAAGTTATTGTTGATGGTGTTCATAGAGGTTGTAAGAAGATTATGGTCTTGTATATGTCTACTGGTAAAGGTGGTAAACCAGAGAAGACTAATTGGGTTATGCATCAATATCAT,0.6123762241378946,0.24021838444781404,0.07638251324266958,0.05120899303702328,0.011732603254880455,0.0006310858651153213,0.005141437581792304,0.0023087584328105922,234.32392617365755
ACTAGATCTCAATTCTCTTCTGCTTTGTGGGAATTGTTGGAATCTATTCCATCTACTCCAGCTTCTGCTTGTGAAGGTCCATTGAATCAAACATTTGTTAGAATGTCTTCATTCTCTAGA,0.24553178386551025,0.22103160625615698,0.10184221177402679,0.1722805151297099,0.08913895985826706,0.04343181313166012,0.0599257891157254,0.06681732086894343,913.6515721453598
ACTAGATGGCATAAGACTGGTAAGACTAGACCAGTTATGGAGAATGGTGAAGTTATTGGTTGGAAGAAGATTATGGTCTTGTATACTAACTTTAAGAAGAAATCTAAACCTAAGAAGACT,0.16116074981988426,0.32429527064947905,0.20053982772928233,0.10742647543433612,0.03176176871190644,0.029544162709567893,0.029893647845094046,0.11537809710044984,1094.54138816914
ACTATGGTTGATGAAATTCCAATGTCTGTTCCATCTTTGATGACTGGTTTGGATCAAGATGATGACTTTGTTCCATGGTTGAATCATCATCCAGATTTGGATGGTTATTGTGATGACTTT,0.07066597402115418,0.04443669053358068,0.07694134265518758,0.03925374990866374,0.04932458421158318,0.08636375117574213,0.24304055791320214,0.38997334958088636,3330.373616836914
ACTATGGTTGATGAAATTCCAATGTCTGTTCCATCTTTGATGACTGGTTTGGCTCAAGATGATGACTTTGTTCCATGGTTGAATCATCATCCAGCTTTGGATGGTTATTGTGCTGACTTT,0.18500120796256977,0.12735489897979357,0.12116085277060826,0.08653897513289768,0.08635328761349938,0.10709880392787932,0.13545712738264404,0.15103484623010807,1663.4221660833202
ACTATGGTTGATGAAATTCCAATGTCTGTTCCATCTTTGATGACTGGTTTGTCTCAAGATGATGACTTTGTTCCATGGTTGAATCATCATCCATCTTTGGATGGTTATTGTTCTGACTTT,0.2767803113879241,0.22602696087738328,0.19923305713247796,0.14340505727389236,0.057483551517428115,0.05233239053390625,0.02992907658949232,0.014809594687495627,516.898476378863
ACTATTCAAGTTGTTCATAATTCTGAACATAATTTGAATCAAGTTACTACTTCTGATGATTTGGAATCTATGGCTGCTGAAGCTGATTTGCCAGACTTTACTACTTTGCCAGCTGATAAA,0.3533149804846712,0.2787746860117862,0.19903707106584,0.10438483768379236,0.024647492168469086,0.017515624259548526,0.015028952096213615,0.007296356229679021,362.30848065783147
ACTATTTCTGATAATGCTAAAGAATTGTGTAAAGCTGTTTCTGTTTCTATGGGTTTGGGTGTTGAAGCTTTGGAACATTTGTCTCCAGGTGAACAATTGAGAGGTGATTGTATGTATGCT,0.2747795215109134,0.1678520281488479,0.0976917021738828,0.14173283734664202,0.09186822825983114,0.12593219660879876,0.059160158293329206,0.04098332765775485,837.627060190541
ACTCAATCTCAATCTTCTAGATCTAGAAATATTCCACCACCACAAGCTAATTCTTCTAGAGCTAGAGAAATTGGTAATGGTTCTAAGACTACTATGGTTGATGAAATTCCAATGTCTGTT,0.27434731663717515,0.1656163874893448,0.0,0.18287433698427236,0.10813744695902378,0.0,0.20355432895327327,0.06547018297691069,1195.3555294987138
ACTCAATTTCATGATGTTGATTATATTGAAGATGATATGAGAGCTTTGCCAGAACAAACTGAGAATCAAGATCAAATTATTGAGAATCAAATTGATGAAACTGGTACTAAAGTTGATAAT,0.387523631162678,0.12996555818897448,0.0401844753976199,0.07175426793477391,0.12728942952035172,0.05920104215650306,0.029950672890721994,0.154130922748377,1372.3078990630931
ACTCATTATTTGCATAAGAAAGTCTTGGATACTTCATTCTCTGCTAAAGCTATTGGTGAAGTTGATTTGAATAAATCTGAACCATGGGAATTGCCATGGATGGCTAAGATGGGTGAGAAA,0.0003813661830794154,0.009464637510004158,0.05987260682030164,0.13967478595636942,0.37216795936364816,0.3100617625622017,0.06537506219839095,0.04300181940600453,1244.1208608102809
ACTCCACAAGAGTTCTTGTGTATGAAAGCTTTGTTGTTGTTCTCTATTATTCCAGTTGATGGTTTGAAGAATCAGAAATTCTTTGATGAATTGAGAATGAATTATATTAAAGAATTGGAT,0.04813149514071876,0.24213116811736304,0.059892261327029475,0.10694491651205455,0.04742908611824847,0.1764703534181152,0.08927893222155864,0.2297217871449119,2105.153944397484
ACTCCACCAACTCCATTGCCACCAGCTACTTTGACTGTTCCACCAAGACCAACTAGACCAACTACTTTGCCACCAACTCCATTGTTGACTGTCTTGCAAAGACCAACTGAATTGCAACCA,0.05855133104120628,0.10875669513317845,0.0896715673660975,0.15511575507767084,0.128708379331055,0.13210699374202778,0.2088589370650494,0.1182303412437148,1711.9503155632003
ACTCCACCAACTTTGCATGGTAATCAAGCTAGAGCTTCTGGTTACTTTATGGTCTTGATTAGAGCTAAATTGGATTCTTATTCTTCATTTACTACTTCTCCATCTGAAGCTGTTATGAGA,0.1925094769109262,0.238287616242526,0.20960494541461316,0.16603182083649773,0.07113753062542202,0.04991825474677401,0.042286395354075954,0.030223959869164943,659.1844279607129
ACTCCACCATCTGATTTGAGATTGGATCAATTGGATACTCCACCAGACTTTAGATTGTCTCAATTGGATTTGCCATCTGGTTCTCAAGATTCATTCTTGGGTTGGGCTTCTAAAGGTACT,0.058030396379956356,0.058385751868761104,0.04425769610336197,0.08942585399290705,0.1401918734321889,0.2093322229505907,0.28646226834262045,0.11391393692961348,1941.1309884467662
ACTCCACCATCTGATTTGAGATTGGCTCAATTGGATACTCCACCAGACTTTAGATTGTCTCAATTGGATTTGCCATCTGGTTCTCAAGATTCATTCTTGGGTTGGGCTTCTAAAGGTACT,0.003367142068245985,0.021948672754721014,0.044419953680681495,0.2235908951916334,0.3321518371446912,0.3143751768501518,0.04645900521164064,0.01368731709823461,1022.3804283806346
ACTCCACCATCTGATTTGAGATTGTCTCAATTGGATACTCCACCAGACTTTAGATTGGATCAATTGGATTTGCCATCTGGTTCTCAAGATTCATTCTTGGGTTGGGCTTCTAAAGGTACT,0.18869376605564478,0.26782754759470095,0.13000660812916584,0.19485713477783032,0.12189221052155302,0.05583102874261066,0.033330352578660474,0.007561351599834036,533.3742665861932
ACTCCACCATCTGATTTGAGATTGTCTCAATTGGATACTCCACCAGACTTTAGATTGGCTCAATTGGATTTGCCATCTGGTTCTCAAGATTCATTCTTGGGTTGGGCTTCTAAAGGTACT,0.318481651294515,0.19937985422274673,0.12329381658401091,0.07862718004484802,0.04184451676853786,0.06487155585941341,0.131277874759106,0.04222355046682208,902.1820366885754
ACTCCACCATCTGATTTGAGATTGTCTCAATTGGATACTCCACCAGACTTTAGATTGTCTCAATTGGATTTGCCATCTGGTGATCAAGATTCATTCTTGGGTTGGGCTTCTAAAGGTACT,0.002326032291211646,0.006607838131023104,0.041457884942502285,0.03382187116803374,0.29635339726464804,0.44164866535284797,0.1643969949104693,0.013387315939264054,1375.5633760941876
ACTCCACCATCTGATTTGAGATTGTCTCAATTGGATACTCCACCAGACTTTAGATTGTCTCAATTGGATTTGCCATCTGGTGCTCAAGATTCATTCTTGGGTTGGGCTTCTAAAGGTACT,0.32423807725028714,0.22746607265968924,0.16519019719989356,0.11798687480968188,0.06738966521383818,0.06563438002724947,0.018654714938559643,0.013440017900800983,488.5247237843745
ACTCCACCATCTGATTTGAGATTGTCTCAATTGGATACTCCACCAGACTTTAGATTGTCTCAATTGGATTTGCCATCTGGTTCTCAAGATTCATTCTTGGGTTGGGCTTCTAAAGGTACT,0.1380433691184876,0.08333321568622251,0.17177379413492677,0.23004225002139,0.09522017913597888,0.16449068683296247,0.0512112269071765,0.06588527816285526,1057.7002059022789
ACTCCACCATCTGATTTGAGATTGTCTCAATTGGATGATCCACCAGACTTTAGATTGTCTCAATTGGATTTGCCATCTGGTTCTCAAGATTCATTCTTGGGTTGGGCTTCTAAAGGTACT,0.005149384310070113,0.015101896126964703,0.05288306856750452,0.14906190855459628,0.2950406484691134,0.3330057620618802,0.12866039374868166,0.02109693816118914,1244.6045361707736
ACTCCACCATCTGATTTGAGATTGTCTCAATTGGATGCTCCACCAGACTTTAGATTGTCTCAATTGGATTTGCCATCTGGTTCTCAAGATTCATTCTTGGGTTGGGCTTCTAAAGGTACT,0.014299382792877473,0.032699730347411624,0.0850942050634693,0.2160324345634197,0.34475306992925603,0.26640271424311135,0.03233988102530145,0.008378582035152992,910.3366958579921
ACTCCAGATGAATGGTTTGATTCTGGTTCTCAATTTATCTTAAATTCTCAACAATTGGTTGAAGCTTTGTCTTTGTGTGATGATTTGTTGGGTTCTCAAGATAGAGAAGAGAATACTAAT,0.09832700049627516,0.1648818610907039,0.20392144450698813,0.18206326973310713,0.16148676871739126,0.15021176602927908,0.0,0.039107889426255454,787.678735035195
ACTCCAGCTGCTCCACCATTGTATGCTACTGGTAGATTGTCTCAAGCTCAATTGATGCCATCTCCACCAATGCCAGTTCCACCAGCTGCTTTGTTTAATAGATTGTTGGATGATTTGGGT,0.005966789801917594,0.00771856469082491,0.008220263886840566,0.2836222662905882,0.294615629323498,0.37444430679766466,0.023123746960408226,0.0022884322482577724,956.2589918583056
ACTCCAGCTGCTCCAGCTCCAGCTCCATCTTGGCCATTGTCTTCTTCTGTTCCATCTCAGAAGACTTATCAAGGTTCTTATGGATTTAGATTGGGATTCTTGCATTCTGGTACTGCTAAA,0.09097498491573673,0.08512127302752537,0.1242165135301064,0.17854410647026675,0.1901081672885433,0.21804219905390793,0.09947664658810058,0.01351610912581291,949.5074299034145
ACTCCAGGTTCTACTTATTTGGATACTCCAGATGATTCATTTGAAACTGATCCAATGTATGAATCTTTGGATACTTCTAAGACTTGGCCATCTTTGTTTCCAGAAGAAGATGTTTCATTT,0.0009272110418934975,0.0005330793830137092,0.00065929822178104,0.0002943142892030807,0.04385662790870954,0.4136519727755148,0.4307071741650984,0.109370322214786,2410.5362620172755
ACTCCAGGTTCTACTTATTTGGATACTCCAGATGATTCATTTGAAACTGCTCCAATGTATGAATCTTTGGATACTTCTAAGACTTGGCCATCTTTGTTTCCAGAAGAAGATGTTTCATTT,0.0008836732469826083,0.0029996938483467343,0.011015081224467118,0.055574511338675824,0.22104114467675468,0.2940578367143938,0.3320291520085481,0.08239890694183115,1988.3806555809686
ACTCCAGGTTCTACTTATTTGGATACTCCAGATGATTCATTTGAAACTTCTCCAATGTATGAATCTTTGGATACTTCTAAGACTTGGCCATCTTTGTTTCCAGAAGAAGATGTTTCATTT,0.10845903169042329,0.17147930242368664,0.15424071435465725,0.15492124899090182,0.09160819731103188,0.08521211496237469,0.15088519239006623,0.08319419787685833,1289.6334735154924
ACTCCAGGTTCTACTTATTTGGATGATCCAGATGATTCATTTGAAACTTCTCCAATGTATGAATCTTTGGATACTTCTAAGACTTGGCCATCTTTGTTTCCAGAAGAAGATGTTTCATTT,0.061598672032912576,0.12601761910536943,0.1967352485135044,0.23951912219781216,0.1881691604933362,0.14115418854060355,0.024756148907182373,0.02204984020927924,762.5590390143079
ACTCCAGGTTCTACTTATTTGGATGCTCCAGATGATTCATTTGAAACTTCTCCAATGTATGAATCTTTGGATACTTCTAAGACTTGGCCATCTTTGTTTCCAGAAGAAGATGTTTCATTT,0.12056968989235606,0.0882240084330579,0.06274001939626403,0.0925464679445559,0.23329993285765288,0.19289861031767025,0.18094854702365076,0.028772724134792208,1200.0604487413202
ACTCCATCATTTGAAGATCCAGGTAACTTCTCTCAGAATACTTCTCCAATGTTTACTGATTTGGATGTTGCTGGTCATGAAGATTGGCCATCTTTGTTTGATCATTCTTCTGAACCATTG,0.1671166965409093,0.17072682399850056,0.15036463405975142,0.17709201214767176,0.10134022887300997,0.11783082036481099,0.03576740099806721,0.07976138301727877,1039.2809025346098
ACTCCATCATTTGAAGCTCCAGGTAACTTCTCTCAGAATACTTCTCCAATGTTTACTGATTTGGATGTTGCTGGTCATGAAGATTGGCCATCTTTGTTTGATCATTCTTCTGAACCATTG,0.0579151025014243,0.06356700215512877,0.1441329193558563,0.21934675270934625,0.26459688321994135,0.19183095488888166,0.03662267362834279,0.021987711541078602,878.8599184997863
ACTCCATCATTTGAATCTCCAGGTAACTTCTCTCAGAATACTGATCCAATGTTTACTGATTTGGATGTTGCTGGTCATGAAGATTGGCCATCTTTGTTTGATCATTCTTCTGAACCATTG,0.015527145262295866,0.001680872572349676,0.004524573122547281,0.013137758480030952,0.02017477479850429,0.027383598853339457,0.25747947820244677,0.6600917987084857,4927.10572702754
ACTCCATCATTTGAATCTCCAGGTAACTTCTCTCAGAATACTGCTCCAATGTTTACTGATTTGGATGTTGCTGGTCATGAAGATTGGCCATCTTTGTTTGATCATTCTTCTGAACCATTG,0.29605023593505747,0.26189237240096935,0.15609707556696667,0.08570957108487053,0.043265014820636084,0.051167692368380535,0.06166218604869888,0.04415585177442054,742.2512014117101
ACTCCATCATTTGAATCTCCAGGTAACTTCTCTCAGAATACTTCTCCAATGTTTACTGATTTGGATGTTGCTGGTCATGAAGATTGGCCATCTTTGTTTGATCATTCTTCTGAACCATTG,0.05048599194226568,0.27332627496106776,0.16154246923102247,0.02670867825095622,0.08054636019038415,0.06390458344161937,0.1627661526827977,0.18071948929988665,1858.9136194553223
ACTCCATCTAATTTGGACTTTGACTTTGCTTTGCCACAAACTGCTACTGCTCCAGATGCTAAGACTGTCTTGCCAATTCCAGAATTGGATGATGCTGTTGTTGAATCATTCTTCTCTTCT,0.13289514388241108,0.17119743022316838,0.17618605995152095,0.21939324702977897,0.11014968191643146,0.11725867168929159,0.04031651808828758,0.03260324721911,781.4372449371278
ACTCCATCTCCACCAAGAATGCATTTGCCAGTCTTGCATGTTCCAGATCAATCTATGCATCCATTGACTCATCAATCTACTCCAAATGATCCAGATTCTCCAGAACCAAGATCTCCAACT,0.08885758941109882,0.1655595823922505,0.20991879657932014,0.2232224681104111,0.18498958187586076,0.10041780799296962,0.019762203946147982,0.007271969691941076,607.4837524442308
ACTCCATCTGGTTCTTGTAGATATGATTCTTCTTTGGGTTTGTTGACTAAGAAATTTGTTAATTTGATTAAACAAGCTAAAGATGGTATGTTGGATTTGAATAAAGCTGCTGAAACTTTG,0.014345802431841498,0.018557550674296597,0.03825246467360454,0.15254655546877935,0.3574501435123831,0.3324929822478505,0.07412778984802437,0.012226711143220026,1093.600351938447
ACTGAAAGACCAGTTTGTTCTAATTGGGCTTCTTTGGATAGATTGGTTGCTTGGCAATTGAATAATGGTCATCATAATCCATGTCATAGGAAATCATTTGATGAAGAAGAAGAGAATGGT,0.030870059846186352,0.21741367227383707,0.192065266836548,0.17147794616188747,0.15209778157105389,0.09903482243325201,0.10020632959966376,0.036834121277571505,949.4322119674757
ACTGAACCAGATTGGTTTGATTCTGGTTCTCAATTTATCTTAAATTCTCAACAATTGGTTGAAGCTTTGTCTTTGTGTGATGATTTGTTGGGTTCTCAAGATAGAGAAGAGAATACTAAT,0.0910308981128475,0.1417181320978885,0.1993713629546528,0.22008464763112967,0.19514817748102276,0.12815545449097637,0.019379445800487553,0.0051118814309947715,628.1372937981639
ACTGAAGAAGATCCAATTATTAAACAAGATACTCCATCTAATTTGGACTTTGACTTTGCTTTGCCACAAACTGCTACTGCTCCAGATGCTAAGACTGTCTTGCCAATTCCAGAATTGGAT,0.039021362894590246,0.044495023082572985,0.0550302460218993,0.044796457401812324,0.0781855360485898,0.1418765280417664,0.3715536523729032,0.22504119413586585,2703.9396381064435
ACTGAAGATCCATGGTTTGATTCTGGTTCTCAATTTATCTTAAATTCTCAACAATTGGTTGAAGCTTTGTCTTTGTGTGATGATTTGTTGGGTTCTCAAGATAGAGAAGAGAATACTAAT,0.23651866716690467,0.2765935451258818,0.15781904626754198,0.10282077994054215,0.030400046339093698,0.04084530054696001,0.0871076974844494,0.06789491712862637,938.6795025986012
ACTGAATCTCCAGGTGATTGGTCTGACTTTCAATTTATCTTAAATTCTCAACAATTGGTTGAAGCTTTGTCTTTGTGTGATGATTTGTTGGGTTCTCAAGATAGAGAAGAGAATACTAAT,0.3738253556372825,0.25048610194473075,0.13916920525057008,0.059572766751358266,0.04529138353308697,0.06810877652326273,0.046179787368651457,0.017366622991057172,546.92647737589
ACTGACTTTATTGATGAAGAAGTCTTGATGTCTTTGGTTATTGAAATGGGTTTGGATAGAATTAAAGAATTGCCAGAATTGTGGTTGGGTCAGAATGAATTTGACTTTATGACTGACTTT,0.16710484538444567,0.1868090335662209,0.09241615231604386,0.12376520949640889,0.054888731237511236,0.11913160283130077,0.1894213195825995,0.06646310558546917,1277.6145752518278
ACTGACTTTATTGATGAAGAAGTTATTATGTCTATTGTTATTGAAATGGGTATTGATAGAATTAAAGAAATTCCAGAAATTTGGATTGGTCAGAATGAATTTGACTTTATGACTGACTTT,0.11148223954985664,0.1495532176738077,0.184963391224302,0.0825686574274593,0.10985531874309436,0.23843218646789166,0.03446466559848275,0.08868032331510563,1216.3665218279177
ACTGACTTTATTGATGAAGAAGTTGCTATGTCTGCTGTTATTGAAATGGGTGCTGATAGAATTAAAGAAGCTCCAGAAGCTTGGGCTGGTCAGAATGAATTTGACTTTATGACTGACTTT,0.20243830976340185,0.23501303414776145,0.21314904620312616,0.12110112780411243,0.0690521599646081,0.05709416858140958,0.06499074316825715,0.03716141036732325,750.450275415872
ACTGATCAAGGTAAAGAAACTTCTGAAATTAATAATGAAGATAATGCTGTTGAAGATGTTGCTCATATGGCTACTGAGAAACCAGAAGATGGTGATAATCCATCTGATCAAGATCCTAAA,0.14738561128828875,0.09125424198365262,0.056430394221653545,0.07557249883033075,0.06703141527612436,0.0935269249738626,0.25235540765984554,0.21644350576624174,2307.9492187495725
ACTGATCAAGGTAAAGAAACTTCTGAAATTAATAATGAAGATAATGCTGTTGAAGATGTTGCTCATATGGCTACTGAGAAACCAGAAGATGGTGATAATCCATCTGCTCAAGATCCTAAA,0.04392893852160695,0.05524742773570154,0.06832853046801816,0.13420979116203977,0.1298635790639658,0.4127213982037303,0.14259634462624227,0.013103990218695261,1223.5852537086867
ACTGATCCAGGTTCTACTTATTTGGATACTCCAGATGATTCATTTGAAACTTCTCCAATGTATGAATCTTTGGATACTTCTAAGACTTGGCCATCTTTGTTTCCAGAAGAAGATGTTTCT,0.08840610795311932,0.11779530133821085,0.13973968611591542,0.16192398362258487,0.20248572081919539,0.21681940751515114,0.04432004391552029,0.028509748720302725,914.2725160227427
ACTGATCCAGGTTCTACTTATTTGGATGATCCAGATGATTCATTTGAAACTGATCCAATGTATGAATCTTTGGATACTTCTAAGACTTGGCCATCTTTGTTTCCAGAAGAAGATGTTTCT,0.1397171606668289,0.13310596455132984,0.2420864982289322,0.20789260282380329,0.14539413434270818,0.1140109051716808,0.01503618302004043,0.002756551194676412,557.3214823703127
ACTGATGAAGATGAGAAAGATGGTCAATATGTTGTTTCTAAGATCTTCTATCAACAACCACAACAACAAGGTGTCTTGCAGAAAGGTGGTGATAAAGCTGAAGAAGAAGTTTCTGAAGAT,0.07314116379797114,0.11038357758941003,0.04550647848299668,0.18282904130106747,0.09009221888964697,0.10056237854577486,0.13566927406335025,0.26181586732978257,2363.305462311916
ACTGATGCTATTGATGAAGAAGTCTTGATGTCTTTGGTTATTGAAATGGGTTTGGATAGAATTAAAGAATTGCCAGAATTGGCTTTGGGTCAGAATGAAGCTGATGCTATGACTGATGCT,0.3489496336121164,0.30093125564315726,0.18683919228735674,0.08340602515926958,0.027816332955944215,0.019818534019774882,0.015039729233923297,0.017199297088457643,421.33310143627966
ACTGATGCTATTGATGAAGAAGTTGCTATGTCTGCTGTTATTGAAATGGGTGCTGATAGAATTAAAGAAGCTCCAGAAGCTGCTGCTGGTCAGAATGAAGCTGATGCTATGACTGATGCT,0.016495376724143685,0.014521839474096066,0.0192430927483493,0.03665160788047131,0.11784621787945612,0.22018137946922323,0.36716655891572825,0.20789392690853212,2694.9756720006417
ACTGATGTCTTGGATCCTAAGAAGAATGGTGGTGAATTGGTTGGTATTAAACATTCATTTACATTTATTGAGAATGAAGAAGAAGAAGAATCTGATAATAAGAATGGTGATGAAGAAGAA,0.36094690980951716,0.21789432464962677,0.08982861049419924,0.10693327247784158,0.04742392209625039,0.13233835465330376,0.044634605819261076,0.0,518.7246220318498
ACTGCTCCAGGTTCTACTTATTTGGATACTCCAGATGATTCATTTGAAACTTCTCCAATGTATGAATCTTTGGATACTTCTAAGACTTGGCCATCTTTGTTTCCAGAAGAAGATGTTTCT,0.22964155228610628,0.21004344316923548,0.07793282182215774,0.1159654427613297,0.12343105555685854,0.03827103397864331,0.1548950056458614,0.0498196447798075,1031.2905615000375
ACTGCTCCAGGTTCTACTTATTTGGATGCTCCAGATGATTCATTTGAAACTGCTCCAATGTATGAATCTTTGGATACTTCTAAGACTTGGCCATCTTTGTTTCCAGAAGAAGATGTTTCT,0.07153157151491872,0.0932939297222114,0.15824011789293196,0.26489716422595516,0.17621918120535168,0.16998650853019673,0.04054222556204287,0.025289301346391502,847.3342996954062
ACTGCTGAATTGGTTGACTTTAAATGGTATCCAGAATTGGAATCTTTGGACTTTACTTTGTTCTCTCCATTGCATTCTCAAGTTCAATCTGAATTGGGTTCTTCTTATAATACATTTCAA,0.00012087268572117098,0.0022324646966479416,0.00021486787569722487,0.000345305451264913,0.0007742067127510106,0.0008467716813681426,0.2878969006534611,0.7075686102430885,5246.782848136603
ACTGCTGATCCAGAAGCTTTGCCATATCAAGAATCTAGAAATTGTGATATTACTATGGAAGAGAAAGCTGCTGAAGAAGATGCTGCTTATCCATCTTCTGAGAAACCAGAAGATGGTGAT,0.2720401529138449,0.27370602058912763,0.12309535769666781,0.1648512987346978,0.04874002243021856,0.03400274634123014,0.06880994630872452,0.014754454985488536,581.3053844817528
ACTGGATTTGCTGATCAATTGGAAATGATGTTGGAAGGTCAAGAAGATAGAGAACAGAAAGAAGAAGCTGATTTGACTGGATTTGCTGATTCTTTGGAAACTATGTTGGAAGGTCAAGAA,0.055634640528259234,0.143936550883744,0.09889824946110236,0.211913822536522,0.14097274465961665,0.17484004091484118,0.08845413328700388,0.08534981772891057,1297.0438873796427
ACTGGATTTGCTGATTCTTTGGAAACTATGTTGGAAGGTCATGAAGATAGAGAACAACCAGAAGAAGCTGAATTGACTGTTACTCAACAACAACAACAACAACAACAACAACAACAAAGA,0.2965820921479935,0.288168591171734,0.22669512947538334,0.11877359156868128,0.03213897370578202,0.023045070624882015,0.00822664693396069,0.006369904371583182,362.19094501633924
ACTGGTAAGACTAAACCAGTTATCTTGGATGGTGTTCAAAGAGGTTGTAAGAAGATTATGGTCTTGTATGCTTCTATTGTTAGAGGTGGTAAACCAGAGAAGACTAATTGGGTTATGCAT,0.13518307924524786,0.07945884468528192,0.031434041828209726,0.021594147796773242,0.006576759817479176,0.00038314638348958325,0.20597370174999136,0.5193962784935271,3900.7152715959696
ACTGGTACTAGAACTAATAGAGCTACTATGGCTGGATTCTGGAAAGCTACTGGTAGAGATAAAGCTGTTTATGATAAATCTAAATTGATTGGTATGAGGAAGACTTTGGTCTTCTATAAA,0.12809133740572778,0.1288757187412857,0.12751201401416498,0.2561492347214786,0.12622203102264073,0.093927369244197,0.04751922954805595,0.0917030653024493,1147.3628944509687
ACTGGTAGAACTAAGACTGTTGTCTTGGATGGTGTTCAAAGAGGTTGTAAGAAGATTATGGTCTTGTATGAAGGTAAATCTGTTAAGACTAATTGGGTTATGCATCAATATCATTTGGGT,0.14792538996070578,0.21573394941509974,0.2623345105769993,0.21363129664240596,0.08530443581677097,0.0552552498784027,0.012297630364894679,0.007517537344720888,483.97153805906373
ACTGGTGAAGATGAAAGAGAAGGTGAATATGTTGTTTCTAAAGTCTTCTATCAACAACAACAACAAGTTAAACAAGGTGAGAAGATTGAAGAAGAATTGCCAGAAGATTCTGAATGTTTG,0.1420502404509448,0.14292010065833968,0.08837986538525293,0.0,0.2799544484445514,0.13020401746412555,0.13174423267133337,0.08474709492545225,1358.9263997436183
ACTGGTTCTAGGAAGAGAAGGAAGATTTGTGGTCAAGACTTTGGTGATGTTAGATGGCATAAGACTGGTAGAACTAAACCAGTTATCTTGAATGGTGTTCAGAAAGGTTGTAAGAAGATT,0.13157073617396245,0.08825094932600422,0.03638213232720161,0.1461706243948591,0.0288112562304206,0.06699913736380726,0.2576084089529615,0.2442067552307833,2456.6553970618875
ACTGGTTGGGATTCTCCAGAAGACTTCTCTCAATTTATCTTAAATTCTCAACAATTGGTTGAAGCTTTGTCTTTGTGTGATGATTTGTTGGGTTCTCAAGATAGAGAAGAGAATACTAAT,0.2181310189248645,0.22975427286832958,0.1908496316267524,0.1968981316263687,0.05709548669542731,0.056233144644499466,0.03477120795071374,0.016267105663044446,559.1169857557879
ACTGGTTTGTCTCAAGATGATGACTTTGTTCCATGGTTGAATCATCATCCATCTTTGGATGGTTATTGTTCTGACTTCTTGAGAGATGTTTCTTCTCCAGTTACTGTTAATGAACAAGAA,0.05952188143577041,0.15399352336291638,0.1269700277971006,0.2550604796280549,0.18852829176281605,0.12860118371641577,0.06703277140552076,0.02029184089140524,834.8620956147338
ACTGTCTTGTTGACTCAAGCTAAGAGAACTTTGGAAGATGAGAAAGAAATGATTACTCCACCATCTTCTACTGTTAGGAAGACTATGAAAGAAGTTAATAAGAGACCATCTCATCCATTG,0.027018363337520137,0.05436762648994572,0.06724041598576544,0.10005495026266699,0.27511538692526094,0.2971821328017046,0.12529065542715886,0.05373046876997735,1372.576865427021
ACTGTTAGAGGTGTTCCAATTGAAGCTAGAAGATTGAGAGAATTGAATCATATTAGAGAACATTTGAATTTGCCATTGGTTAGATCTGCTGCTACTGAAGAACCAGGTGCTCCATTGACT,0.1868431777948037,0.11962830247491596,0.08454460695409698,0.10378821596800836,0.11716502886386969,0.11676918116859987,0.14965726504926935,0.121604221726436,1544.8878788939435
ACTGTTGCTGGTTATTGGAAAGCTACTGGTAAAGATAGGAAGATTAAATCTGGTAAGACTAATATTATTGGTGTTAAGAGAACTTTGGTCTTTCATGCTGGTAGAGCTCCAAGAGGTACT,0.5658423583064219,0.2631578893074846,0.10666919069966095,0.043913562515006464,0.0075220763061227686,0.005669889651323937,0.007120340629653355,0.00010469258432599115,234.1914712635263
ACTGTTGGTGACTTTGATGGATTCTCTATTTCTGATTTGGAGAATGCTGATTTGGGTACTCCACCAGACTTCTTGACTTTGGCTGATCAAGAATCTTTGTTGAATTGGATTGGTTGGTTG,0.04054079558418688,0.07138084027677963,0.07567020045092071,0.10133875926164902,0.13982206615545362,0.19508953879524382,0.12219832901935655,0.2539594704564098,2402.5921491364334
ACTGTTGGTGACTTTGATGGATTCTCTATTTCTGATTTGGAGAATGCTGATTTGGGTACTCCACCAGACTTCTTGACTTTGGCTGCTCAAGAATCTTTGTTGAATTGGATTGGTTGGTTG,0.09725206609156088,0.1645618723423616,0.09351180399241625,0.1767988573904072,0.14374922089004588,0.13371265340639205,0.09019624875157524,0.10021727713524099,1334.3495828053683
ACTGTTGGTGACTTTGATGGATTCTCTATTTCTGATTTGGAGAATGCTGATTTGGGTGATCCACCAGACTTCTTGACTTTGGCTGATCAAGAATCTTTGTTGAATTGGATTGGTTGGTTG,0.03296078023488585,0.033162619183134,0.054197909387282694,0.15693560853091604,0.2366382928547902,0.308594297751162,0.1452047195479202,0.03230577250990901,1292.703587889922
ACTGTTGGTGACTTTGATGGATTCTCTATTTCTGATTTGGAGAATGCTGATTTGGGTGATCCACCAGACTTCTTGACTTTGGCTTCTCAAGAATCTTTGTTGAATTGGATTGGTTGGTTG,0.001331477170638551,0.0009413620551478605,0.0009403567651919595,0.0013992678062902213,0.001134742661094604,0.001121484637687017,0.30925301001967315,0.6838782988842765,5152.813016242853
ACTGTTGGTGACTTTGATGGATTCTCTATTTCTGATTTGGAGAATGCTGATTTGGGTGCTCCACCAGACTTCTTGACTTTGGCTGCTCAAGAATCTTTGTTGAATTGGATTGGTTGGTTG,0.0016527001757357732,0.002032336369917896,0.0022850353444593555,0.002822144216998524,0.002684143460371601,0.00232841729936029,0.32163121558057484,0.6645640075525815,5066.4027636193405
ACTGTTGGTGACTTTGATGGATTCTCTATTTCTGATTTGGAGAATGCTGATTTGGGTGCTCCACCAGACTTCTTGACTTTGGCTTCTCAAGAATCTTTGTTGAATTGGATTGGTTGGTTG,0.0867479134754847,0.11455385002149683,0.07421182269899763,0.13853760915375546,0.18164915248121233,0.13914881037331492,0.13576644873604093,0.1293843930596973,1636.4541778360838
ACTGTTTATGATTCTGCTATTCATTCTGATTCTTGTATTAGAGTTGCTAATAGACCAGAACCAACTGCTTTGAAACCAACTGTTCCAGATGCTACTCCAACTGTTGCTGCATTTATTGAT,0.4642103237185295,0.2622408901529953,0.23181661770025833,0.028648313529039238,0.0006491740403935056,0.002285998736988862,0.0024003249183335825,0.0077483572034617535,279.59404438580185
ACTGTTTCTCATATTGAAGGTTATGAATGTCAACCAATCTTCTTGAATGTCTTGGAAGCTATTGAACCAGGTGTTGTTTGTGCTGGTCATGATAATAATCAACCAGATTCATTTGCTGCT,0.2114882684409348,0.21784961001932462,0.16291148303347286,0.15663752771145825,0.09923900256952622,0.07846361692879182,0.037360838714245954,0.03604965258224539,722.1280464331542
ACTTCATTCTCTGCTAAAGCTATTGGTGAAGTTGATTTGAATAAATCTGAACCATGGGAATTGCCATGGATGGCTAAGATGGGTGAGAAAGAATGGTACTTCTTCTGTGTTAGAGATAGA,0.2149603037220339,0.2731915410800087,0.17597705170160347,0.15397192952452957,0.06689155938394241,0.06740629150567452,0.03410182851724248,0.013499494564965001,546.805703814812
ACTTCTAATAAACCATCTTTGGTTAACTTCTCTCACTTCTTGAGACCAGCTACATTTGCTAAGACTACTAATAATAATTTGCATGATACTAAAGAGAAATCTCCACAATCTCCACCAAAT,0.0841670615757683,0.08468246779687497,0.0523664975738464,0.062337833380334357,0.05529251065407376,0.06428998594984178,0.19515146381131512,0.4017121792579454,3269.9160669223993
ACTTCTAATGGTTATTGGGGTTCTATGGGTATGGATGAACCAATTTATACTTCTTCTACTCATAAGAAAGTTGGTATTAAGAAATATTTGACATTCTATTTGGGTGATTCTCAAACTAAT,0.011855161665726666,0.050692971698837574,0.07990628676249421,0.25902342108636667,0.29886841065519626,0.2517407038069907,0.0384826671296481,0.009430377194739796,900.2945688870977
ACTTCTCAATCTACTGGTGTTATGCCAGAATCTATGAATCCAACTATGTCTGTTAATCCACAATATAAAGAAGGTCAGAATGGTGGTGGTACTAGATCTCAATTCTCTTCTGCTTTGTGG,0.1846137230989757,0.6170067489173838,0.14581737024518415,0.022000930489095485,0.007257429050867689,0.00465049290826573,0.011232495156444615,0.007420810133782761,320.3399567795687
ACTTCTGAAGCTATGTATATGGAAGATGAAGTTCAAAGAAATGTTGAAAGACCATCTTCTGAAGATGAACCAGCTCCAGAAACTATGATTCATGATAAAGAAGATGAGAATGATCAAGAA,0.1956486650390899,0.14763505580291256,0.060863686763453835,0.08150963607792341,0.024099182240053234,0.2017492007303372,0.11340874523918393,0.17508582810704584,1823.9322000162542
ACTTCTGGTCAAAGACAACAATTGTTGTATGAACAATTTCAATATCAAACTCCAGAGAATCAATTGAATAATTATATGCATCCATCTACTACTTTGAATCAATTTACTGATAATATGTGG,0.024485712548480414,0.036953480237104895,0.16757791956067994,0.20402096978648157,0.25334798223489646,0.2300482975260788,0.03974115039525536,0.0438244877110225,1058.3285508730507
ACTTCTTGTTCTAGAAGATTCTATCAATTGACTAAATTGTTGGATTCTGTTCAACCAATTGCTAGAGAATTGCATCAATTTACATTTGATTTGTTGATTAAATCTCATATGGTTTCTGTT,0.2891973000725474,0.3259967274768808,0.21918037495413828,0.11233626043083982,0.01511930321861441,0.018066923740546033,0.009544419300680049,0.010558690805753267,374.52774367981385
ACTTCTTTGTTTGATAATGATATTCCAGTTACTACTGATGATGTTTCTTTGGCTGATAAAGCTATTGAATCTACTGAAGAAGTTTCTTTGGTTCCATCTAATTTGGAAGTTTCTACTACT,0.41889107345246257,0.3147798058161775,0.16922277793319435,0.04468253533585483,0.012830854221855455,0.021873910243752244,0.010708673955358934,0.0070103690413441415,325.46987010235176
ACTTGGCCATTTGAAGATGATTCTGGTTCTCAATTTATCTTAAATTCTCAACAATTGGTTGAAGCTTTGTCTTTGTGTGATGATTTGTTGGGTTCTCAAGATAGAGAAGAGAATACTAAT,0.11523422482645039,0.10048122432814109,0.0669159462823239,0.10241705159888397,0.022710509852579268,0.02816648339655488,0.27074688044812567,0.29332767926694087,2734.7572713521286
ACTTGGGAAGACTTTCCAGATTCTGGTTCTCAATTTATCTTAAATTCTCAACAATTGGTTGAAGCTTTGTCTTTGTGTGATGATTTGTTGGGTTCTCAAGATAGAGAAGAGAATACTAAT,0.000729036759077303,0.0010156169015020043,0.021841968179264804,0.14672285976808624,0.3654985587811333,0.4113782275581039,0.05247916057018434,0.0003345714826482032,1061.3436124243292
ACTTGGTCTTCTTCTTACTTCTATGATGAATTGCCATCTGGTGTTAGATCTGTTACTGAACCATTGAATTATGTTTCTAAACAGAAACAGAATGTCTTTGCTCAAGATTTGATGTTTAAA,0.05936909942738241,0.039821768407291874,0.0985009810384235,0.03297852769322088,0.048752244957135135,0.054418037126391164,0.3946092901305054,0.2715500512196496,2927.767001577187
ACTTTGAATCAATTTACTGATAATATGTGGTTTAAAGATGATCAAGCTGCTTTGTATGTTCAACCACCACAATCTTCTTCTGGTGCATTTACTTCTCAATCTACTGGTGTTATGCCAGAA,0.09504594822365596,0.2151629381223218,0.1774051507991917,0.1583892361104226,0.19902514365927035,0.07622967571354325,0.022037547204239092,0.05670436016735527,876.1051598216426
ACTTTGGTCTTCTATAAAGGTAGAGCTCCACATGGTCAGAAATCTGATTGGATTATGCATGAATATAGATTGGATGATACTCCAATGTCTAATGGTTATGCTGATGTTGTTACTGAAGAT,0.25834363044646624,0.18682154366314963,0.1406426930945319,0.10762912845090858,0.11933131953856767,0.08879968751798817,0.05990008051139106,0.03853191677699658,794.4647577227867
ACTTTGTCTCAAATTTATCATTGGATTCATGTTCACTTTCCATATTATAAACAGAAAGATGCTTCTTGGCAAAATTCTATTAGACATAATTTGTCTTTGAATGATGCATTTATTAAGACT,0.046994435030781795,0.118205526503501,0.204670775641353,0.24799380947933736,0.21996594378120257,0.10768838229418021,0.0544811272696441,0.0,681.1985417180242
AGAACTAATTGGATTATTCATGAATATAGAGCTACTGAAGATGATTTGTCTGGTACTAATCCAGGTCAATCTCCATTTGTTATTTGTAAATTGTTTAAGAAAGAAGAATTGGTCTTGGGT,0.19443189645858613,0.1422709247086258,0.021994605930278726,0.11782213141454596,0.13934141549380272,0.19441890133091932,0.14753904759334416,0.04218107706989719,1150.1762082088953
AGAAGACAATCTTTGAAGACTATGTCTGTTTCTCAAGAAACTGGTGTTTCTACTGATATGAATACTGATATTTCTTCTGACTTTGAATTTGGTAAGAGAAGATTTGATTCTCAAGAAGAT,0.07361635462067777,0.05212132948920953,0.14928101473293545,0.21203589185513871,0.3680836398785083,0.0924686845310291,0.03287331757230976,0.019519767320191554,795.981084754126
AGAAGAGGTCCAACTGGTTATTTGGTCTTGGATGAAGAACAACAACCATCTCAACCACAATCTGCTTTGGAATGTCATCCAGAAAGAGGTTGTGTTCCAGAACCAGGTGCTGCTGTTGCT,0.12849263277615075,0.1885325625864724,0.10659291202607662,0.1189591299529554,0.12134174215233252,0.1374065479018846,0.10923939997568008,0.08943507262844752,1289.4526600506051
AGAATGTTGTACTTTGCTCCAGATTTGGTCTTTAATGAATATAGAATGCATAAATCTAGAATGTATTCTCAATGTGTTAGAATGAGACATTTGTCTCAAGAATTTGGTTGGTTGCAAATT,0.027035770734204014,0.09067109079252371,0.1794233004127891,0.2102507687418293,0.2664122306354424,0.1569471784994097,0.05850664293431394,0.010753017249487816,827.1944963709925
AGAATTAATGGTGAATTGGCTAAGAAACCACCATATTCTTATGCTACTTTGATTTGTTTGGCTATCTTGCAATCTCAAGAAGGTAAATTGACTTTGTCTCAAATTTATCATTGGATTCAT,0.10140524457489071,0.15303931604676002,0.06309163459658108,0.11265778658277736,0.14988807423465125,0.2788457842873403,0.14107215967699913,0.0,988.6903588387693
AGAATTATTGCTTGTAAGAGGAAGAATCCAACTTCTTGTTCTAGAAGATTCTATCAATTGACTAAATTGTTGGATTCTGTTCAACCAATTGCTAGAGAATTGCATCAATTTACATTTGAT,0.16809492522085626,0.1383744051068234,0.07606121642494808,0.18674775935472926,0.15058347706974629,0.11205579357432544,0.11338132899696685,0.05470109425160444,1084.0281650566446
AGACAATTGGTTCATGTTGTTAAATGGGCTAAAGCTTTGCCAGGATTTAGAAATTTGCATGTTGATGATCAAATGGCTGTTATTCAATATTCTTGGATGGGTTTGATGGTCTTTGCTATG,0.5273406543188008,0.26491391339994036,0.11013055204039163,0.04752411114840371,0.01816940160979478,0.01149255378085864,0.011628502013852371,0.008800311687957602,315.04364904292316
AGACATGTTGATAGAGAACCAGTTGAATATTTGTTTGCTAATGAAGAGAATATGGATGGTTTGTCTATTATGAATGATTTGACTATTCCAATGATTGCTCAACAAGAAGATTTGATCTTG,0.07958357298789678,0.1601418234291328,0.13203939573715778,0.11788619965698029,0.11763325009348036,0.08510452154105327,0.19682570003869887,0.1107855365155998,1572.018727816771
AGAGAAACTGAAAGAGTTAAATGGAAATCTAATCCATCTAGAGCTTGTCCAAATTGTCAACATATTATTGATAATTCTGATGTTACTCAAGAATGGCCAGGTTTGCCAAGAGGTGTTAAA,0.4250823800265368,0.3048766992053578,0.15387404847661318,0.06438865193852525,0.020826603238757724,0.01762086157919431,0.003954719300213846,0.009376036234801056,326.4002282056925
AGAGAAGCTGAAGATACTGTTGGTGAATCTATTAAGAAGAGATGTGGTAAATTGATGAGATCTAAGAATGTTACTGGATTTGTCTTTAAGAAGATTACTTCTGTTAAATGTTCTTATGGT,0.08299689719642267,0.19484532150480646,0.1377025401403038,0.12294231618999249,0.10904757126057182,0.11411310622627717,0.08980453852539355,0.14854770895623193,1580.618909576956
AGAGAAGTTATTCAGAATCCAGGTCCAAGACATCCAGAAGCTGCTTCTGCTGCTCCACCAGGTGCTTCTTTGTTGTTGTTGCAACAACAACAACAACAACAACAACAACAACAACAACAA,0.09229847926694505,0.07429094329199064,0.05168308362085366,0.07177833548878974,0.04092818286698815,0.10998166985642226,0.27820667490422235,0.28083263070378806,2770.9985705774316
AGAGACTTTAAAGATTTGGAAGAATGTCAGAAGATTGTCTTGGATCCATCTAATATTGAATTGGATACTCCACCAGAATTTAGATTGTCTCAATTGGAATTTGGTTCTCAAGATTCATTT,0.14768700110036262,0.31841009706222306,0.0787602062580062,0.18751456913033837,0.1455317245652958,0.07735468726497743,0.019567433700852014,0.025174280917944578,642.8607639658342
AGAGACTTTGTTCATGGTTGTGGTGTTGTTGATAGAGAAGAAGATGCTGTTGTTGTTAGAGATCCAGATAGGAAGAGGAAAGCTACTATGGATATGGTTGTTGCTCCATCTAATAATGGT,0.17723107011286673,0.14265309118748598,0.05880983354972442,0.13126513759267347,0.18628761701277916,0.12996076472608536,0.1314981024370867,0.04229438338129812,1074.0857857702708
AGAGATAAACAAAGGAAACCAGGTGGTCCATGGAGACCAGAACCAAATACTTCTTCTCCATCTATGCCAGAATTGTCTCCAGTCTTGGGTTTGCATCAAGGTCAAGGTGCTGGTGATTCT,0.14678189959542712,0.14768073463589287,0.16497198483665076,0.19463159045569228,0.1539714337426994,0.10850087240868328,0.043913742319327986,0.03954774200562644,837.7497151919139
AGAGATAAAGAGAATGATAATCAAGGTGAAGAAGATCCAACTTGGTTTGATTCTGGTTCTCAATTTATCTTAAATTCTCAACAATTGGTTGAAGCTTTGTCTTTGTGTGATGATTTGTTG,0.002714432104832185,0.006806509269381132,0.03125119413423541,0.11059191878901377,0.2973300124772113,0.3412204190078044,0.1803284170774303,0.029757097140091622,1418.4993566108974
AGAGATAAAGATAATGAGAATCAAGGTGAAGAAGATCCAACTTGGTTTGATTCTGGTTCTCAATTTATCTTAAATTCTCAACAATTGGTTGAAGCTTTGTCTTTGTGTGATGATTTGTTG,0.011539497703490033,0.03980626656582347,0.10256524637342558,0.21610841086213886,0.2988973688142275,0.22665355517014893,0.061155918820704085,0.043273735690041476,1124.155397653609
AGAGATAAATTTGATTTGGAAGAATGTCAGAAGATTGTCTTGGATCCATCTAATATTGAATTGGATACTCCACCAGAATTTAGATTGTCTCAATTGGAATTTGGTTCTCAAGATTCATTT,0.11136113786671736,0.15387248279010438,0.23649595895993103,0.23094109972183868,0.14192520644219409,0.09254729308582017,0.027541781670265227,0.005315039463129218,584.0956900558219
AGAGATGAAGCTTCTCAAATTCAATCATTTAAACCATCTTCTACTACTAATGATTCTTCTTCTATTTGGATTTCTCCAGACTTTATCTTGGATTCTTCTAAAGATTATCCACAAATTAAA,0.03711206540603228,0.07467865040750435,0.0,0.08246049130271753,0.10971140670091115,0.20410271733086632,0.13767806557017453,0.3542566032817938,3035.348550054536
AGAGATGATAAAGAATTTCAAGAATTGTGTAAGATTGTCTTGGATCCATCTAATATTGAATTGGATACTCCACCAGAATTTAGATTGTCTCAATTGGAATTTGGTTCTCAAGATTCATTT,0.07183000905228339,0.1806746699521956,0.06703606953260967,0.15960140649480464,0.17695438689651105,0.09875966126563775,0.11658256573041838,0.12856123107553952,1544.0540349710598
AGAGATGATAAGAATGAGAATCAAGGTGAAGAAGATCCAACTTGGTTTGATTCTGGTTCTCAATTTATCTTAAATTCTCAACAATTGGTTGAAGCTTTGTCTTTGTGTGATGATTTGTTG,0.05750547987524852,0.06428624553370893,0.02385224905476994,0.08518218304894389,0.15111005655377263,0.21669598167916623,0.2488889709048347,0.15247883334955534,2099.9326081876093
AGAGATGATTTGAAATTTGAAGAATGTCAGAAGATTGTCTTGGATCCATCTAATATTGAATTGGATACTCCACCAGAATTTAGATTGTCTCAATTGGAATTTGGTTCTCAAGATTCATTT,0.10193511228516007,0.02563983077776856,0.06342130413291511,0.1698696774499455,0.2260069152443842,0.18686854873389697,0.16544417973791806,0.06081443163801162,1369.697394670484
AGAGATGCTAGAACTATTGAGAATGATTCTGAAATTAAATCTACTAATAATGCTTCTGGTTCTGGTGCTAATCAATATACTACTTTGACTTCTCCATATCCAATGAATGATATCTTGTAT,0.10650921679472017,0.15308776807234276,0.13253437956490954,0.16904018081201594,0.16492908143980944,0.1952538465208609,0.042335046875467575,0.03631047991987377,912.216809856959
AGAGATGGTAAGAATGAGAATGATCAAGAAGAAGATCCAACTTGGTTTGATTCTGGTTCTCAATTTATCTTAAATTCTCAACAATTGGTTGAAGCTTTGTCTTTGTGTGATGATTTGTTG,0.03685605901503482,0.13403292168064926,0.1821657904444432,0.22623143626982833,0.18219967763922598,0.14532120832593234,0.00229153634003802,0.09090137028484822,1130.1181985087164
AGAGATTTGGGTGAAATGTTGAGAGCTACTATTGCTGATAGATATTATAGAGAAACTGCTAGATTGGCTAGAGTCTTGTTCTTGCATTTGTATTTGTTCTTGACTAGAGAAATCTTGTGG,0.3612550306817064,0.30977832579067954,0.24352099790080176,0.06458638838734175,0.014311684048194991,0.005796147751860576,0.0006053896054699136,0.00014603583394509896,259.47070559687575
AGAGCATTTGTTCATGGTTGTGGTGTTGTTGATAGAGAAGAAGATGCTGTTGTTGTTAGAGCTCCAGCTAGGAAGAGGAAAGCTACTATGGATATGGTTGTTGCTCCATCTAATAATGGT,0.12835967805112947,0.1036354403580433,0.07887601297869373,0.06513975514711436,0.08588586493219542,0.10603490993715094,0.14844125353612383,0.28362708505954887,2499.9287316231676
AGAGCTAAATTGGATTCTTATTCTTCATTTACTACTTCTCCATCTGAAGCTGTTATGAGAGAACATGCTTATTCTAGAGCTAGAACTAAGAATAATTATGGTTCTACTATTGAAGGTTTG,0.06558700141975492,0.0824857882590766,0.10201620106553258,0.22770291737395548,0.20196829601131025,0.20289622388312203,0.06843211100035854,0.048911460986889636,1094.6567419569392
AGAGCTTCTGGTTACTTTATGGTCTTGATTAGAGCTAAATTGGATTCTTATTCTTCATTTACTACTTCTCCATCTGAAGCTGTTATGAGAGAACATGCTTATTCTAGAGCTAGAACTAAA,0.1291709628622786,0.14555739005089013,0.14144543226995532,0.17794565149481278,0.14256020902944827,0.11129487395394413,0.07187962230131523,0.08014585803735567,1144.3543806018142
AGAGGTAGAGGTAGAGGTAAAGGTAAATCTAGAGATAAACAAAGGAAACCAGGTGGTCCATGGAGACCAGAACCAAATACTTCTTCTCCATCTATGCCAGAATTGTCTCCAGTCTTGGGT,0.08016446299379135,0.08065535886404199,0.09975237529455723,0.17811999766555928,0.0,0.14695835933132953,0.2230451486269828,0.19130429722373776,2144.574971563209
AGAGGTCAATCTAGAGGTAGAGGTAGAGGTAGAGGTAGAGGTAGAGGTAAAGGTAAATCTAGAGATAAACAAAGGAAACCAGGTGGTCCATGGAGACCAGAACCAAATACTTCTTCTCCA,0.09075728371847096,0.25111087618856953,0.1694002732900616,0.15124239494985356,0.17886562687308152,0.06239146225710134,0.0420863374284592,0.05414574529440231,879.0793787226567
AGAGGTGATCAGAAATTGGATGAACATGATAATGATATGGTTGATAATCATGAGAATCAGAATGGTGAAGATCCTAAATGGTGGGAAGGTGAAGATCAATTCTTGTTGGATGATCAACAA,0.0036218782560726473,0.003263205637920781,0.0019755883805912433,0.004067227877841217,0.0035220107002395125,0.025284067333031766,0.370874562574308,0.5873914592399948,4736.495485507441
AGAGGTGATCAGAAATTGGATGAACATGATAATGATATGGTTGATAATCATGAGAATCAGAATGGTGAAGATCCTAAATGGTGGGAAGGTGAATCTCAATTCTTGTTGGATTCTCAACAA,0.15539496854540483,0.14431988922189212,0.16361670559751879,0.21247820102178516,0.09423212643657385,0.1095660517666275,0.07760349479661283,0.0427885626135849,909.4029555713594
AGAGGTGCTCAGAAATTGGATGAACATGATAATGATATGGTTGATAATCATGAGAATCAGAATGGTGAAGATCCTAAATGGTGGGAAGGTGAAGCTCAATTCTTGTTGGATGCTCAACAA,0.3587954787257232,0.3152329765180845,0.10690029227532018,0.07859907701157387,0.04481738640496329,0.009264052768568853,0.05624183710421006,0.030148899191555993,585.2915600298761
AGAGGTGCTCAGAAATTGGATGAACATGATAATGATATGGTTGATAATCATGAGAATCAGAATGGTGAAGATCCTAAATGGTGGGAAGGTGAATCTCAATTCTTGTTGGATTCTCAACAA,0.186175510500297,0.11238934597935733,0.10811120115126178,0.1930456978074011,0.11007513015930297,0.07963642319099574,0.09208967079137298,0.11847702042001118,1368.7410068895806
AGAGGTGGTAAACCAGAGAAGACTAATTGGGTTATGCATCAATATCATTTGGGTACTGGTGAAGATGAGAAAGATGGTGAATTTGTTATTTCTAAGATCTTCTATCAACAACAAGCTAAA,0.3651600089442033,0.3868758561288715,0.13744034465678673,0.06989397505988662,0.018336451461092727,0.005563570266797849,0.016518335817260487,0.0002114576651006858,290.23204223682234
AGAGGTGGTAAATCTGAGAAGACTAATTGGAAGATGCATCAATATCATTTGGGTACTGAAGAAGATGAGAAAGATGGTGAATTTGTTATTTCTAAGATCTTCTATGATCATCAACAACAA,0.32109292511922355,0.23659672607169202,0.23174609269490293,0.08215506121166773,0.07356485436440996,0.04152571277922711,0.004168995059988861,0.009149632698887834,402.039491873615
AGAGGTGTTAAATTTGATCCATCTGATCAAGAATTGTTGGGTCATTTGGCTGCTAAAGTTGGTGTTGATGGTGCTAAATTGCATCCATTTATTGATGAATTTATTATGACTTTGTATGAA,0.1546888693578699,0.14451925762280954,0.10999232309474341,0.12275291863359598,0.1306554949375178,0.19242745759998237,0.09222808221377046,0.05273559653971042,1090.6878501661638
AGAGGTTCTCAGAAATTGGATGAACATGATAATGATATGGTTGATAATCATGAGAATCAGAATGGTGAAGATCCTAAATGGTGGGAAGGTGAAGATCAATTCTTGTTGGATTCTCAACAA,0.10793012720823712,0.08884722204386075,0.05697681163882372,0.11263963651063807,0.13536096547792625,0.15888651161125922,0.24569901027000837,0.09365971523924647,1664.0868147282663
AGAGGTTCTCAGAAATTGGATGAACATGATAATGATATGGTTGATAATCATGAGAATCAGAATGGTGAAGATCCTAAATGGTGGGAAGGTGAAGCTCAATTCTTGTTGGATTCTCAACAA,0.2377369363329735,0.2180875023418776,0.1305119750559201,0.0621453343806412,0.04134132568874199,0.02563658348408395,0.0843044959511817,0.20023584676457995,1718.0776910036502
AGAGGTTCTCAGAAATTGGATGAACATGATAATGATATGGTTGATAATCATGAGAATCAGAATGGTGAAGATCCTAAATGGTGGGAAGGTGAATCTCAATTCTTGTTGGATGATCAACAA,0.11020832868385223,0.11088320145662088,0.09680284008705205,0.0792244034262804,0.03194117610280047,0.10695975796916014,0.21645002227740096,0.24753026999683286,2417.9447082953666
AGAGGTTCTCAGAAATTGGATGAACATGATAATGATATGGTTGATAATCATGAGAATCAGAATGGTGAAGATCCTAAATGGTGGGAAGGTGAATCTCAATTCTTGTTGGATGCTCAACAA,0.07199001191462198,0.0384788894015814,0.041990871120882414,0.047487211218402936,0.11527656174508973,0.2000213770461879,0.33174854788256214,0.15300652967067138,2251.303855320459
AGAGGTTCTCAGAAATTGGATGAACATGATAATGATATGGTTGATAATCATGAGAATCAGAATGGTGAAGATCCTAAATGGTGGGAAGGTGAATCTCAATTCTTGTTGGATTCTCAACAA,0.2602502702465277,0.12322067825122315,0.07619800788243566,0.1190532087862997,0.10559800458664634,0.0701608244268135,0.0993870836001172,0.14613192221993682,1514.1394469754553
AGAGGTTGTAAGAAGATTATGGTCTTGTATATGTCTACTGGTAAAGGTGGTAAACCAGAGAAGACTAATTGGGTTATGCATCAATATCATTTGGGTACTGAAGATGATGAGAAAGATGGT,0.0585160332616217,0.11038942987700122,0.16383200808077342,0.20315414942585533,0.16577847149055172,0.18102187824409577,0.04748676342947989,0.06982126619062111,1129.554900369075
AGAGTTCCATATCCATCTCCAACTTGTGTTAAATCTGAAATGGGTCCATGGATGGATTCTTATTCTGGTCCATATGGTGATATGAGATTGGAAACTGCTAGAGATCATGTCTTGCCAATT,0.28052774595158836,0.2275676376744308,0.19602806651665639,0.13483654397363265,0.09409654488659139,0.04949093867757564,0.007763320311826168,0.009689202007698605,447.14326439345143
AGAGTTTCTGGTGGTGGTATCTTTGCTGGTTCTTCTACTATTGGTAATGGTTCTACTAGAGATTTGTCTGGTTCTAAAGATCAAACTACTACTAATAATAATTCTAATTTGAAACCAATT,0.5903124819979777,0.17563452511042607,0.15380178233807554,0.0022291541174061244,0.0,0.07025626733894647,0.002977480457792525,0.004788308639375605,313.7825322329178
AGATATAGAATTATCTTGAGATCTACTATGGGTCCAATTGATGTTTATTTGGTTTCTGAATTTGAAGGTAAATTTGAAGATACTAATGGTTCTGGTGCTGCTCCACCAGCTTGTTTGCCA,0.13955134857528131,0.09360393769636689,0.04341256080334865,0.11627761052478408,0.1031361000236511,0.1279135196769556,0.1402121933603487,0.23589272933926356,2230.598013692852
AGATATTTGAGAGCTTCTGTTAGACAATTGCATAGACAAGCTCATATGAGAGGTAGAGATAGAGATTTGGGTGAAATGTTGAGAGCTACTATTGCTGATAGATATTATAGAGAAACTGCT,0.08510604266904967,0.10365397754768017,0.0668851029846255,0.10450255002214165,0.11476132338737485,0.1231715657058631,0.18278860206801534,0.21913083561524963,2233.4687567949245
AGATCATTTGTTCATGGTTGTGGTGTTGTTGATAGAGAAGAAGATGCTGTTGTTGTTAGATCTCCATCTAGGAAGAGGAAAGCTACTATGGATATGGTTGTTGCTCCATCTAATAATGGT,0.2063213053212148,0.1981490665965771,0.10502804065059043,0.18754033976895357,0.11089655267587739,0.09885568453355183,0.0652337430220959,0.02797526743113897,770.2500204773046
AGATCTAGAGCTAGGAAATTGCAAAGAATGAAACAATTGGAAGATAAAGTTGAAGAATTGTTGTCTAAGAATTATCATTTGGAGAATGAAGTTGCTAGATTGAAGAAATTGGTTGGTGAA,0.37024429745803544,0.2483410193130569,0.0767853708310544,0.06855480900975984,0.12161370718270562,0.0,0.11446079620538782,0.0,562.4950400410055
AGATCTGATTCTCACTTTGCTAATGATTATGTTACTGCTCAAGAAGTTTCTTTGGCTGAAACTTCTGAAGCTATGTATATGGAAGATGAAGTTCAAAGAAATGTTGAAAGACCATCTTCT,0.30790354413121285,0.255120373703212,0.135225431238835,0.08048715105934842,0.08923827666404366,0.0,0.06719166406870732,0.06483355913464071,844.6089890888362
AGATCTTCTAGAGCTTCTTCTTCTTCTCATAAACCAGATTATTCTAAATGGGTTATTTGTAGAGTTTATGAACAGAATTGTTCTGAAGAAGAAGATGATGATGGTACTGAATTGTCTTGT,0.12427206422029662,0.16817311870276874,0.15282889205317343,0.14532847100990262,0.053709866036386965,0.04130013800017905,0.1496304615010708,0.16475698847622178,1711.9953415067007
AGATCTTCTGTTGTTATTGAATCTACTAAAGAATTGGAAGAGAAACCATTTCATTGTCATATTTGTCCTAAATCATTTAAGAGATCTGAACATTTGAAGAGACATGTTAGATCTGTTCAT,0.5701074897678643,0.2979215600652689,0.06070305105235627,0.05462404513760232,0.009755138754979633,0.00040329045238940626,0.006222931377116932,0.0002624933924223222,226.2378114174079
AGATCTTGTGATTCTGATCCAGTTCAAGATTCTGCTTGTGGTGGTCCATTGGCTCAACATGTTGAAACTCAATGTGCTGATTTGGATGGTCCATTGGAAATTGAGAATCCACAACATAGA,0.22784423229815084,0.44712210547038783,0.16672891693031802,0.10055420461522983,0.003295694353008107,0.02299191783590173,0.02946760015890096,0.001995328338102647,365.9709058483973
AGATGTTCTCATATTATTGATAATTCTGATGTTGTTCATCAATGGCCAGGTTTGCCTAAAGGTGTTAAATTTGATCCATCTGATCAAGAATTGTTGTCTCATTTGTTGGCTAAACATGAT,0.09203656620039853,0.07408012975607133,0.10307284767615807,0.1738241546547394,0.19952553864128855,0.1940307912197892,0.11950280023882445,0.04392717161273045,1157.5546140670874
AGATGTTCTGATTCTGATGGTTTGGCTCCACCACAACATTTGATTAGAGTTGAAGGTAATTTGAGAGTTGAATATTTGGATGATAGAAATACATTTAGACATTCTGTTGTTGTTCCATAT,0.03328663475560245,0.05023570366455281,0.10355027522266541,0.17565652938230114,0.22140583763526495,0.2669687051828678,0.06946116258145259,0.07943515157529286,1356.8517910828298
AGATTGAGAGAATTGAATCATATTAGAGAACATTTGAATTTGCCATTGGTTAGATCTGCTGCTACTGAAGAACCAGGTGCTCCATTGACTACTCCACCAACTTTGCATGGTAATCAAGCT,0.6634923426542867,0.28698204358767915,0.030329476736708428,0.00034276562842458974,0.0006840603057735648,0.0004948994011627024,0.00994353750636756,0.007730874179597271,251.21392891285618
AGATTGCAATCTAACTTTAATGGTATTAATACTAAGAATCCAGAATTGCAAGCTATTAAGAGAGAAGCTGAAGATACTGTTGGTGAATCTATTAAGAAGAGATGTGGTAAATTGATGAGA,0.0142342417867122,0.028642813450985915,0.053136990221648,0.17395135706317919,0.27585477087863064,0.29573614541949594,0.1188136908678172,0.03962999031153091,1287.8137350074187
AGATTGGCTAGAGTCTTGTTCTTGCATTTGTATTTGTTCTTGACTAGAGAAATCTTGTGGGCTGCTTATGCTGAACAAATGATGAGACCAGATTTGTTTGATTGTTTGTGTTGTGATTTG,0.3675029774802517,0.3245206339101951,0.17489890634178473,0.06470730611012475,0.038525511397880845,0.0169166204425112,0.006233324524782718,0.006694719792468965,331.3971698164568
AGATTGTCTGATTATGCTAATTTGGGTGCTGAAGATTTGAAGAAAGATTTGGAAGATTGTCAAGATTTGGTCTTGGATCCAGCTAATATTGAATTGGATACTCCACCAGACTTTAGATTG,0.07697602361519378,0.1683022808623352,0.22961473706154434,0.2626529472961285,0.1485882196326533,0.09443333976831676,0.012126049131810271,0.007306402632017896,575.979046283906
AGATTGTCTGATTATGCTAATTTGGGTGCTGAAGATTTGAAGAAAGATTTGGAAGATTGTCAAGATTTGGTCTTGGATCCAGCTAATATTGAATTGGATGATCCACCAGACTTTAGATTG,0.12946655239965943,0.05065641583911685,0.05370042053032696,0.06392575449127035,0.14175241862004342,0.15822632139306844,0.21346402572748072,0.18880809099903376,2158.931034214829
AGATTGTCTGATTATGCTAATTTGGGTGCTGAAGATTTGAAGAAAGATTTGGAAGATTGTCAAGATTTGGTCTTGGATCCAGCTAATATTGAATTGGATGCTCCACCAGACTTTAGATTG,0.0706030772504975,0.10655313439171146,0.17570939530618948,0.19609405909720093,0.1391454564765548,0.1294303237243642,0.09822104003914554,0.08424351371433604,1263.0791707690437
AGATTGTCTGATTATGCTCAAATTGGTGTTGAAGATTTGAAGAGAGATTTGGAAGAATGTCAGAAATTGTCTGTTGTTGATCCAGGTAATATTGAATTGGATACTCCACCAGACTTTAGA,0.2405602524940002,0.1774911230039169,0.16962618545123034,0.15144409176910814,0.0632132336567187,0.08819953058149134,0.05205833758254517,0.05740724546098917,875.7116561651219
AGATTGTCTGATTATGCTCAAATTGGTGTTGAAGATTTGAAGAGAGATTTGGAAGAATGTCAGAAATTGTCTGTTGTTGATCCAGGTAATATTGAATTGGATGATCCACCAGACTTTAGA,0.05176817727508852,0.10941349570226482,0.20670170380688813,0.23516589733889065,0.22342010781611976,0.14484154736344937,0.022302064124372602,0.006387006572926147,684.839570001883
AGATTGTCTGATTATGCTCAAATTGGTGTTGAAGATTTGAAGAGAGATTTGGAAGAATGTCAGAAATTGTCTGTTGTTGATCCAGGTAATATTGAATTGGATGCTCCACCAGACTTTAGA,0.12071432216703211,0.23076170612924418,0.18776306730150621,0.16763689591684017,0.07137160354184657,0.11617976952940016,0.08396720605250128,0.02160542936162919,784.2752939201848
AGATTGTCTTCTTCTATGGATGCTAGACAACAAATTGCTGCTTCTGGTATTAATCCAATTACTCAATTTCATGATGTTGATTATATTGAAGATGATATGAGAGCTTTGCCAGAACAAACT,0.26384712712264896,0.18665005953430672,0.2926966410872839,0.16702466606338073,0.03542427197727111,0.024103009778114127,0.029327498321537762,0.0009267261154567275,402.5870605351356
AGATTTAAAGATGATTTGGAAGAATGTCAGAAGATTGTCTTGGATCCATCTAATATTGAATTGGATACTCCACCAGAATTTAGATTGTCTCAATTGGAATTTGGTTCTCAAGATTCATTT,0.04178337582424119,0.16815696361198434,0.20797200308650693,0.13925973915990875,0.1235208250534402,0.1531954716376106,0.11625574378982302,0.04985587783648504,1105.1342471471762
AGATTTACTCAAACTCAAGAACCATTGATTACTTCTAATAAACCATCTTTGGTTAACTTCTCTCACTTCTTGAGACCAGCTACATTTGCTAAGACTACTAATAATAATTTGCATGATACT,0.48982669856294475,0.28346927907089126,0.1448355916076604,0.05411877650762222,0.016058342954642944,0.0025497554090609617,0.00895860973835559,0.0001829461488218816,253.09971262594874
AGATTTATCTTGAGATCTAGAAGATTGGTTGAAGCTTTGTCTTTGTGTGATGATTTGTTGGGTTCTAGAGATAGAGAAGAAAGAACTAGATCTGGTTCTTTGAAAGATAAGAGACCATGT,0.17131483366895536,0.08618194940926259,0.09326407441361884,0.1546390368300545,0.16881474335386623,0.16684235798785527,0.06951246115766635,0.08943054317872084,1258.2576305913212
AGATTTCATCCAACTGAAGAAGAATTGTTGCATTATTATTTGAGGAAGAAAGTTAATTCTCAGAAGATTGATTTGGATGTTATTAGAGAAGTTGATTTGAATAAATTGGAACCATGGGAT,0.28640105478011335,0.27530037098081556,0.19872611864856576,0.13602570043413792,0.034621962120444535,0.04098774587902747,0.01777397141236847,0.010163075744526977,431.99023489598926
AGATTTCATCCAACTGATGAAGAATTGATTACTCATTATTTGCATAAGAAAGTCTTGGATACTTCATTCTCTGCTAAAGCTATTGGTGAAGTTGATTTGAATAAATCTGAACCATGGGAA,0.015447897389905922,0.03532385064026148,0.05941511829516573,0.1895630842852827,0.2657010823329802,0.3082936787905026,0.11201205919947765,0.014243229066423677,1129.4286018670994
AGATTTCATCCAACTGATGAAGAATTGATTGGTTATTATTTGTCTAGGAAGATTGAAGGTTTGGAAATTGAATTGGAAGTTATTCCAGTTATTGATTTGTATAAATTTGATCCATGGGAA,0.07894401254908795,0.07942743485735393,0.14735056793802925,0.17540823958419674,0.038895969871328484,0.10854076229648396,0.18304119592228627,0.18839181698123347,2014.1277783728367
AGATTTCATCCAACTGATGAAGAATTGGTTGTTTATTATTTGAAGAGGAAGATTTGTTGTAAGAAATTGAGAGTTAATGCTATTGGTGTTGTTGATGTTTATAAAGTTGATCCATCTGAA,0.09778271082437784,0.23365604816710864,0.12167558171290865,0.23763528792332955,0.15657803634366624,0.10083168086080434,0.02267209855679421,0.029168555611010515,727.9347771851315
AGATTTCATCCAACTGATGTTGAATTGGTTAGATATTATTTGAAGAGGAAAGTTATGGGTAAGAAATTTCAAGTTGATGCTATTGCTGAAGTTGATATTTATAAATTTGAACCACCAGAT,0.14301129217015673,0.28777407496605306,0.11863707479311969,0.2118409253193218,0.09394950052821854,0.043694974219867996,0.044211852770029,0.05688030523323319,839.3601231029287
AGGAAACCAGTTATTACTTTGACTGATACTTGTTCTAAGACTTCTTCTTTGGATTCTGATCATACTTCTCATAGAACTGTTGATTCTATGTCTCATGAACCACCATTGCCACAACCACAA,0.3097383675848361,0.4595558166843424,0.10409725633086164,0.08549551612026815,0.006225092823688751,0.017546839326675785,0.009232290696707907,0.008108820432619217,334.12948620197545
AGGAAAGATAATGAAGATAATCAAGGTGAAGAAGATCCAACTTGGTTTGATTCTGGTTCTCAATTTATCTTAAATTCTCAACAATTGGTTGAAGCTTTGTCTTTGTGTGATGATTTGTTG,0.0549630669762695,0.07741949507247145,0.04103586262242922,0.08548694392906159,0.12998630668683356,0.1813659983613565,0.28546221070771854,0.14428011564385954,2086.6054336127663
AGGAAAGATCAAGAATCTGAGAAAGCTGTTGTTTGTTCTTCTGTTGGTTCTGGTAATTCTTTGGATGGTCCATCTGAATCTCCATCTTTGTCTTTGAAGAGGAAACATTCTAATATTCAA,0.15621333955919844,0.2043209077720066,0.11663012081749088,0.1214834045344884,0.09236018012460737,0.12886739152833285,0.08692786364002035,0.09319679202385503,1233.7279083702765
AGGAAAGTTACTGTTGCTAAGAAGAGAATTTCTAATAGAGGATTCTTGTTGTTGTCTATTATGGGTGCTTTGTGTGCTATCTTCTGGGTCTTTAAAGCTACTGTTGGTGTTATGGGTAGA,0.033079857132324315,0.09984727578299232,0.08232561412179648,0.05512589857593431,0.03259710482962022,0.18192705406600185,0.33747837518856216,0.1776188203027683,2359.6796950356425
AGGAAAGTTCAAACTGATGATGATGATGAAACTAGATGGCATAAGACTGGTAAGACTAGACCAGTTATGGAGAATGGTGAAGTTATTGGTTGGAAGAAGATTATGGTCTTGTATACTAAT,0.26149495447025556,0.1904006352926602,0.3238600035456986,0.19034429744348466,0.00015148666474122744,0.023884222811731557,0.00014257672644359058,0.009721823044984527,377.30399229479656
AGGAAAGTTGTCTTGCAACAACCACAACAAGGTGATAAAGCTGAACAAGAAGTTTCTGAAGATATCTTTGCTGCTGTTACTCCAACTGCTGATCCAGTTACTCCTAAATTGGCTACTCCA,0.09356119166921487,0.1506145981999508,0.13970705855211207,0.11433764090266543,0.165952444387124,0.12006217091605464,0.10412778491733372,0.11163711045554447,1422.9439383393621
AGGAAATTGGAAGATGACTTTGAATGTCAGAAGATTGTCTTGGATCCATCTAATATTGAATTGGATACTCCACCAGAATTTAGATTGTCTCAATTGGAATTTGGTTCTCAAGATTCATTT,0.3370780825681601,0.1985222734418628,0.09207262513432049,0.06393600490933392,0.04860862232583734,0.052750564264645236,0.09912418955585199,0.1079076377999881,1210.1911215564598
AGGAAGATTCAAACTGATGATGTTCCAGATGGTGGTACTGATGTTAGATGGCATAAGACTGGTAAGACTAGACCAGTTGATCAATGTGGTAAGATCTTGGGTCATAAGAAGATTATGGTT,0.10715329926349502,0.140621040298649,0.10434978890734747,0.17597761441702967,0.09181700263566146,0.12383919518046506,0.13394578274943844,0.12229627654791392,1533.3000913080682
AGGAAGATTCAAACTGATGATGTTCCAGATGGTGGTACTGATGTTAGATGGCATAAGACTGGTAAGACTAGACCAGTTGCTCAATGTGGTAAGATCTTGGGTCATAAGAAGATTATGGTT,0.2629979930965793,0.1890060643683964,0.0,0.20870132014925724,0.11106853743985703,0.0688758230437541,0.06969057202099034,0.08965968988116557,1114.735300817488
AGGAAGATTCATGGTGATAACTTTGGTGATGTTAGATGGCATAAGACTGGTAGAACTAAACCAGTTATCTTGGATGGTATTCAAAGAGGTTGTAAGAAGATTATGGTCTTGTATGTTTCT,0.21344193070614456,0.22906556346556542,0.15935744179095826,0.15808449604431923,0.07010901893593785,0.0586926078794709,0.08578107360455012,0.025467867573053634,733.2582780334315
AGGAAGATTGTCTTGGATCCATCTAGAATTGAATTGGATACTCCACCAGAATTTAGATTGTCTAGATTGGAATTTGGTTCTAGAGATTCATTCTTGGCTTGGGGTACTGGTAAGACTGAT,0.21480469459624837,0.21836562030445045,0.20382161279558514,0.2260918306034056,0.06884905199993227,0.06005030172505416,0.007497263598035634,0.0005196243772883812,417.8530807574425
ATCTTGAATGAATATAATATGAACTTTAATGATAATTTGGGTACTTCTACTTCTGGTAAGAATAAATCTGCTTGTCCATCTTCATTTGATGCTAATGCTATGACTAAGATTAATCCATCT,0.15832421814551628,0.12743498707036294,0.11820611954620383,0.10553570115725086,0.09360822415851401,0.14512083329793277,0.17620500380699872,0.07556491281722058,1351.091716225866
ATCTTGCCACAAGGTCCACAAACTGCTCCACAAGCTAGATTGGTTCAACCACATGTTCCACCATTGAGACCAACTGCTCCAACTATCTTGTCTCCATTGTCTCAACCAAGATTGACTCCA,0.6341188166429219,0.17345489441552212,0.015588273927898647,0.02717202654153002,0.05701964566391304,0.039915598686374454,0.03208891321253724,0.020641830909302678,465.0606684767837
ATCTTGGATCAGAAACCAGTTTCTAATATTGAATTGGATACTCCACCAGAATTTAGATTGTCTCAATTGGAATTTGGTTCTCAAGATTCATTCTTGGCTTGGGGTACTGGTAAGACTGAT,0.22777141135810697,0.18619753306808418,0.1505703687912956,0.16606164155952036,0.12625167351044286,0.09786398700432768,0.019804328814346822,0.025479055893875478,652.1909618607467
ATCTTGGATGATGATTTGGGTGATGTTAGATGGCATAAGACTGGTAGAACTAAACCAGTTATCTTGGATGGTGTTCAAAGAGGTTGTAAGAAGATTATGGTCTTGTATATGTCTATGGCT,0.08350406322312234,0.08401540950119263,0.143872609036992,0.14629143988851254,0.1582412367752625,0.12952969661010044,0.12808325476736973,0.1264622901974479,1585.7701253957339
ATCTTGGATGGTGTTCAAAGAGGTTGTAAGAAGATTATGGTCTTGTATATGTCTATGGCTAGAGGTGGTAAACCAGAGAAGACTAATTGGGTTATGCATCAATATCATTTGGGTACTGGT,0.016931515432411663,0.030343945407612614,0.05662205951498415,0.1275576130340282,0.1746650704653247,0.21145343922179913,0.2517403645098914,0.13068599241394804,1997.2602094743638
ATCTTGGGTGATGACTTTGGTGATGTTAGATGGCATAAGACTGGTAAGACTAAACCAGTTATGGTTGATGGTGTTCAGAAAGGTTGGAAGAAGATTATGGTCTTGTATACTAATTTGGTT,0.047203060526475195,0.1156613433042919,0.2639506635807552,0.3081387161433439,0.14657265719197635,0.0902486245098016,0.024379808207790264,0.0038451265355654695,594.9774928159727
ATCTTTCCACATTCTTCTTTGGGTTCTTTGGATGAATTTATTCCAACTGTTAATCAAGATGATGGTATTTGTTATACTCATCCTAAGAATTTGCCAGGTGTTAAATCTGATGGTACTGTT,0.09436193715568295,0.11392772737696355,0.07045137222016289,0.11881063244620998,0.15497477035071397,0.15568679006705602,0.1867003819041862,0.10508638847902446,1606.061418789891
ATCTTTGCTGCTGCTACTACTACTCCTAAAGCTGATCCAGTTACTCCAAGATTGTTTACTCCAGAACCAGGTAGACAAGCTGTTCCATTGAGATCTGATTCTCACTTTGCTAATGATTAT,0.03750003440923151,0.028297252483230072,0.10499183895282777,0.04166126605219092,0.15704929826071862,0.060152284567369936,0.23476052830524885,0.3355874969691822,3012.8031232593744
ATGAAAGATTTGGAAGAAGAAGATCAAGAGAAAGATAGAGATAATGAGAATCAAGGTGAAGAAGATCCAACTTGGTTTGATTCTGGTTCTCAATTTATCTTAAATTCTCAACAATTGGTT,0.14796392382586193,0.021267142445882875,0.07890788676350331,0.04696654278358927,0.22912152372562622,0.27124906315855424,0.0784164956430512,0.12610742165393105,1628.1488570416254
ATGAAAGCTGATCCAGTTTCTCCTAAATCTGCTACTCCAAATCCACCAAGAACTGAAAGAAGATCTTGTGATTCTGATCCAGTTCAAGATTCTGCTTGTGGTGGTCCATTGGCTCAACAT,0.14360546168229824,0.16418732438325018,0.12183747612923142,0.18129635927326504,0.14794201059670162,0.161545346561777,0.0484314980817213,0.031154523291755363,846.5077399390233
ATGAAATCTAATCCATCTAGACATTGTCCTAAATGTCAACATGTTATTGATAATTCTGATGTTGTTGATGATATGCCAGGTATGCCAAGAGGTGTTAAGATGGATCCATCTGATCCAGAA,0.49135829551258586,0.23967335546598803,0.16130662681006286,0.06658346044406828,0.012889559583004686,0.012293441106076887,0.004729605791392982,0.01116565528682032,324.10296203360036
ATGAAGATCTTGCCAGTTGGTTCTAGATTCTGTCCAACTGATTTGGGTTTGGTTAGATTGTATTTGAGAAATAAAGTTGAAAGAAATCAATCTTCATTTATTACTACTATGGATATTCAT,0.1274969925381632,0.06413886716891043,0.07932522325746275,0.21246725012387013,0.18845453962828806,0.11686443184019316,0.05912342491121531,0.15212927053189695,1588.671301060367
ATGAATTTGCCACCAGGATTTAGATTCTTTCCAACTGATGAAGAATTGGTTGTTCACTTCTTGCATAGGAAAGCTTCTTTGTTGCCATGTCATCCAGATGTTATTCCAGATTTGGATTTG,0.044534380588778656,0.09539574371846256,0.07508001851166785,0.14842855805928767,0.1330690265740463,0.0908584292742649,0.14522783378736878,0.2674060094861233,2429.1763001289382
ATGACTACTGATTGGAGAGCTTTGGATAAATTTGTTGCTTCTCAATTGATGTCTCAAGAAGATGGTGTTTCTGGATTTGGTGGTCATCATGAAGAAGATAATAATAAGATTGGTCATTAT,0.14784595888236704,0.13015739608062799,0.09198580658713928,0.16425184469226192,0.07284418129507221,0.11857685374067989,0.11997952838091958,0.15435843034093213,1672.7231482625527
ATGACTGATATTTGGAAGACTGATTCTGGTATTGATTGGGATTATGGTATTGCTGATGTTTCTACTCCACCACCAGGTATGGGTGAAATTGCTCCAACTGCTGTTGATTCTACTCCAAGA,0.16538742700544543,0.16184128557812608,0.2621826431430249,0.21897759451905652,0.10939339847992736,0.053992742817551155,0.014708463590744182,0.013516444866124357,537.6353381225813
ATGACTGATTCTACTCCAATGTTTGAATATGAATTGACTGAGAATAATTCTAAAGAATGGACTTCTTTGTTTGATACTGATATTCCAGTTACTACTGATGATGAATCTTTGGCTGATAAA,0.079758124153979,0.1925916762332022,0.2183428476883871,0.19747052779998756,0.21781812987983792,0.0417752727376434,0.03592902626854015,0.016314395238422687,647.7856483256089
ATGACTGGTACTACTTGGATTATTGATGATCAAAGATTTGCTACTAAGATTAAGAATGCTTCTGGTTCTTCTGATCCATCTAAACAGAAATGGATTGGTAATCCATCTAAAGAATGTCCA,0.21040425770918458,0.23383048900421505,0.18481116587009247,0.1894460592153373,0.09756880669223361,0.06680690833990352,0.008927929911873116,0.008204383257160438,480.9462656896941
ATGACTGGTACTACTTGGATTATTGATGCTCAAAGATTTGCTACTAAGATTAAGAATGCTTCTGGTTCTTCTGATCCATCTAAACAGAAATGGATTGGTAATCCATCTAAAGAATGTCCA,0.05897588542109899,0.11867406143122955,0.0733864412752307,0.09172829115116533,0.0697382619931342,0.15136132212568817,0.24613684114947013,0.18999889545298299,2211.715313858946
ATGACTGGTACTTCTTGGTTGATTGATGATCAAAGAATTGCTTCTAAGATTAAGAATGTTTCTGGTTCTATGGATTTGTCTAAACAGAAATGGGTTTCTAATCCAACTAAAGAATGTCCA,0.03928703311566738,0.055338656192960405,0.07821869641898099,0.052375873190029835,0.08517013147745763,0.07202141340510504,0.23319479149127767,0.38439340470852107,3282.398106806617
ATGACTGGTACTTCTTGGTTGATTGATGCTCAAAGAATTGCTTCTAAGATTAAGAATGTTTCTGGTTCTATGGATTTGTCTAAACAGAAATGGGTTTCTAATCCAACTAAAGAATGTCCA,0.15261837085585783,0.13435882789648032,0.16617137922675246,0.21194229061535863,0.13159223714561763,0.12240447000323287,0.035386406415301934,0.04552601784139829,861.7019112033348
ATGACTGGTACTTCTTGGTTGATTGATTCTCAAAGAATTGCTTCTAAGATTAAGAATGTTTCTGGTTCTATGGATTTGTCTAAACAGAAATGGGTTTCTAATCCAACTAAAGAATGTCCA,0.15458242511152842,0.15552902752445116,0.03205901864699955,0.05724527671347846,0.07616325995636722,0.11807590466451325,0.19115624552873206,0.2151888418539299,2181.281097178788
ATGAGAATGTTGTGGATGGCTAATTATATTGTTAGACAATCTAGAGGTGATAGAGGTTTGATCTTGCCACAAGGTCCACAAACTGCTCCACAAGCTAGATTGGTTCAACCACATGTTCCA,0.5532515976789879,0.1537901328885934,0.20896796407944201,0.002610876132280038,0.04216684133899415,0.027016129910453393,0.010443876038527693,0.0017525819327214134,295.43560415300715
ATGAGACATGATGATGGTTTGGAGAAAGATCCAGATAGATTGATTGATGATCCTAAAGATGGTAATGATATCTTGAGGAAATGGCAAACTCCATCTCATTTGTTTGAAGATTTGTATTGT,0.05382414423361784,0.19856372168107644,0.08930118633599621,0.07972906436929333,0.17679553098123887,0.19734200501281807,0.18303671092265753,0.02140763646330177,1139.8730844517695
ATGAGACATGCTGATGGTTTGGAGAAAGCTCCAGCTAGATTGATTGCTGCTCCTAAAGATGGTAATGCTATCTTGAGGAAATGGCAAACTCCATCTCATTTGTTTGAAGATTTGTATTGT,0.02883436239996717,0.04758621481417841,0.06497414055757572,0.10739637632540362,0.2499297572005574,0.35564711751469635,0.12288168514519157,0.0227503460424297,1231.0480776768234
ATGAGACATTCTGATGGTTTGGAGAAGACTCCATCTAGATTGATTTCTACTCCTAAAGATGGTAATTCTATCTTGAGGAAATGGCAAACTCCATCTCATTTGTTTGAAGATTTGTATTGT,0.20292264468495044,0.20416526372755406,0.18452368754284684,0.13873241486786922,0.1153622794816129,0.07153845842079454,0.03619235218196868,0.0465628990924033,783.0094831350622
ATGATGAAAGATCCAACTGGTTATAGATTCTCTCCAACTGGTGAAGAAGTTATTAATCATTATTTGAAGAATAAGATCTTGGGTAAGACTTGGTTGGTTGATGAAGCTATTTCTGAAATT,0.18006124172262325,0.28986218633596733,0.17924687213794677,0.12002515862087923,0.0354867020658836,0.03300902129758927,0.03339949309383475,0.1289093247252758,1190.8991949755077
ATGATGAATGAAGATATTTCTATTATTGATGGTCATAATTCATTCTTGACTGAGAAATCTACTGTCTTGTTGACTCAAGCTAAGAGAACTTTGGAAGATGAGAAAGAAATGATTACTCCA,0.18037797044285014,0.0453706336758047,0.22445271047196172,0.050098451474512994,0.26661842528338275,0.0,0.1254684112010299,0.10761339745045796,1351.7878105397667
ATGCAAGAAGAGAAAGATTTGGATGAAGAGAAAGATAGAGATAATGAGAATCAAGGTGAAGAAGATCCAACTTGGTTTGATTCTGGTTCTCAATTTATCTTAAATTCTCAACAATTGGTT,0.032648619008883384,0.05474757733945063,0.09479446054680403,0.12090502708364342,0.3109975466481469,0.16958010274861007,0.1513995064510094,0.06492716017345215,1385.3268030188565
ATGCAATTGTTGCAACAACAACAACAAGAAGCTGTTTCTGAAGGTTCTTCTTCTGGTAGAGCTAGAGAAGCTTCTGGTGCTCCAACTTCTTCTAAAGATAATGATTTGGGTGGTACTTCT,0.00922860734073048,0.02266434876299105,0.06368770382477462,0.1768061756006323,0.3265365195637139,0.304928811722703,0.08734772306918101,0.00880011011527379,1064.8596766790029
ATGCAATTGTTGCAACAACAACAACAAGAAGCTGTTTCTGAAGGTTCTTCTTCTGGTAGAGCTAGAGAAGCTTCTGGTGCTCCAACTTCTTCTAAAGATAATGCTTTGGGTGGTACTTCT,0.23917763846689546,0.22918311327166327,0.02834475011733186,0.07591949780376038,0.1234551944592629,0.0835167676077761,0.08450470790356446,0.1358983303697455,1427.9475537535097
ATGCAATTGTTGCAACAACAACAACAAGAAGCTGTTTCTGAAGGTTCTTCTTCTGGTAGAGCTAGAGAAGCTTCTGGTGCTCCAACTTCTTCTAAAGATAATTATTTGGGTGGTACTTCT,0.24390834358593286,0.26771121059484576,0.23590733507637507,0.15642583950919572,0.03823731812644651,0.030486505203842645,0.024677710031597057,0.00264573787176442,404.73651548461623
ATGCATGAATATCATATTACTTGTTTGCCACATCATAAGAGGAAATATGTTGTTTGTCAAGTTAAATATAAAGGTGAAGCTGCTGAAATTTCTTATGAACCATCTCCATCTTTGGTTTCT,0.011832074682407472,0.03571358906338453,0.014723201655129286,0.02629006714574222,0.023318805594081577,0.027113358866806016,0.29628816582689227,0.5647207371655567,4440.749752310974
ATGCCAACATTCTATTTGGCTTTGCATGGTGGTCAAACTTATCATTTGATTGTTGATACTGATTCTTTGGGTAATCCATCTTTGTCTGTTATTCCATCTAATCCATATCAAGAACAATTG,0.20600401164859714,0.20814396121627524,0.2576348896681601,0.20465988084138628,0.06131530449240759,0.042624582636014166,0.009764604806449306,0.009852764690710256,457.19906323429626
ATGCCAAGAAGATTCTTCTTCTTTGCTGTTGATGGTTCTTCTGGTCAAATGATGACATTCTTGTACTTTGGATTTAATGATAAAGAAGATATGTCTACTGTTAGAATGAAGACTACTTGG,0.09099832579730126,0.06866667300986704,0.06605284899087463,0.08424671072684065,0.05978022523835775,0.07645876041272079,0.2461556675868808,0.3076407882371571,2836.5015965635075
ATGCCAGAATCTCAAACTACTACTCAACATCAAGATGATGTCTTGTTTATGCAATTGCCATCTTTGGAAACTCCTAAATCTGAATCTCCAGTTGATCAATCATTCTTGACTCCATCTAAA,0.3343263013663806,0.17736061759525748,0.17775305547957163,0.1215573312786744,0.08984926261659275,0.061289058636767965,0.01973174697453644,0.018132626052218676,528.1296544838856
ATGCCATTGTTTGAATTGTTTAGATTGACTAAAGCTAAATTGGAATCTGCTCAAGATAGAAATCCATCTCCACCAGTTGATGAAGTTGTTGAATTGGTTTGGGAGAATGGTCAAATTTCT,0.20958640708136897,0.2630428353908334,0.16804908606330146,0.2423578687268063,0.0038950011473314005,0.03416020694491625,0.03342960990017158,0.04547898474527057,691.0003635536323
ATGGAAACATTCTGTGGATTTCAGAAAGAAGAAGAACAAATGGATTTGCCACCAGGATTTAGATTTCATCCAACTGATGAAGAATTGATTACTCATTATTTGCATAAGAAAGTCTTGGAT,0.0765693004451461,0.034239191530542584,0.03175958235857151,0.17958355654590377,0.20958856416904126,0.24954252181266806,0.15780901338229408,0.06090826975583259,1415.7966449024777
ATGGAACATGGTATGGAGAATGGTGCTAAAGAAATGATGGATGATAAAGAAGAACAAGAGAAAGATAGAGATAATGAGAATCAAGGTGAAGAAGATCCAACTATGATGGATTCTGGTTCT,0.3450851784553036,0.30751853444908755,0.17176222452848583,0.04381462015559425,0.029147071133069538,0.04518670543159164,0.04572123003555429,0.01176443581131328,478.8288266856171
ATGGAAGAACCACAAGATGATCCAGATGTTGAACCACCATTGGATCAAGAAGACTTTGATGATTTGTGGAAATTGTTGCCAGAGAATAATGTCTTGGATCCATTGCCAGATCAAGCTATG,0.009081276856891203,0.035024733693488685,0.07156828667668037,0.20850580384530296,0.28635996341265885,0.28717618549434715,0.08422413417879664,0.018059615841834194,1081.0617167742191
ATGGAAGAACCACAAGCTGATCCAGCTGTTGAACCACCATTGGCTCAAGAAGCATTTGCTGATTTGTGGAAATTGTTGCCAGAGAATAATGTCTTGGCTCCATTGCCAGCTCAAGCTATG,0.003140698908845856,0.00748903723466186,0.03232013539123064,0.11657450411341497,0.2935788925410167,0.4032885114753111,0.14162205674876135,0.0019861635867576676,1226.8500574445443
ATGGAAGAACCACAATCTGATCCATCTGTTGAACCACCATTGTCTCAAGAAACATTCTCTGATTTGTGGAAATTGTTGCCAGAGAATAATGTCTTGTCTCCATTGCCATCTCAAGCTATG,0.09777952873731162,0.13999987763501606,0.14857976928756414,0.2496394970186657,0.20104336200175413,0.12495827295010427,0.027903213232743095,0.01009647913684092,680.1727426788169
ATGGAAGATGAAGTTCAAGAAATTCAACCAAATCATGAAAGACCAGAAGAAGGTCCAGAATTGGAACATGGTTTGGAGAATGGTGCTAAAGAAATGTTGGATGATAAAGAAGAACAAGAA,0.14363667363368243,0.10004971052661757,0.2062313117013144,0.22095065295637722,0.16331596814406202,0.09114795047500042,0.061484107934443165,0.013183624628502862,713.8985705535533
ATGGAAGATGAAGTTCAATCTATTCAACCAAATCATGAAAGACCAGAAGAAGGTCCAGAATTGGAACATGGTTTGGAGAATGGTGCTAAAGAAATGTTGGATGATAAAGAAGAACAAGAA,0.005498454111494139,0.0034559658865745985,0.026514676020826466,0.05806014015669068,0.1444225090056177,0.23930187029190225,0.3290742866754255,0.19367209785146877,2561.054938844975
ATGGAAGATGAAGTTCAATCTATTCAACCAAATCATGAAAGACCATCTTCTGGTCCAGAATTGGAACATGGTTTGGAGAATGGTGCTAAAGAAATGTTGGATGATAAAGAAGAACAAGAA,0.04052650107359223,0.06482126952852255,0.11766769694226156,0.2539791006607116,0.2652098627337091,0.21621348225060033,0.03662247898766399,0.0049596078229385155,810.071159079639
ATGGAAGATGAAGTTCAATCTATTCAACCAAATCATGAAAGAGATGATGATGATCCAGAATTGGAACATGGTTTGGAGAATGGTGCTAAAGAAATGTTGGATGATAAAGAAGAACAAGAA,0.08461747511748412,0.08513563949525119,0.21058693139504628,0.09400714423521496,0.16676521278727802,0.0,0.15695664146078456,0.20193095550894083,1967.5575268445145
ATGGAAGATGAGAAATTGGAAGATCAAGAGAAAGATAGAGATAATGAGAATCAAGGTGAAGAAGATCCAACTTGGTTTGATTCTGGTTCTCAATTTATCTTAAATTCTCAACAATTGGTT,0.053884148174120086,0.06776764207232737,0.05028791658757183,0.059863460619253836,0.15929336269444452,0.28399538183725737,0.21239270247062667,0.11251538554439815,1846.2509096606602
ATGGAAGATTTGGATAAAGAAGAACAAGAGAAAGATAGAGATAATGAGAATCAAGGTGAAGAAGATCCAACTTGGTTTGATTCTGGTTCTCAATTTATCTTAAATTCTCAACAATTGGTT,0.037742310642173246,0.15189371926253148,0.04696451513625699,0.04193042672784682,0.2975321330061785,0.1037844172256864,0.14001614468265106,0.18013633331667558,1957.8022376587971
ATGGAAGTTCAATTGGGTTTGGGTAGAGTTTATCCAAGACCACCATCTAAGACTTATAGAGGTGCATTTCAGAATTTGTTTCAATCTGTTAGAGAAGTTATTCAGAATCCAGGTCCAAGA,0.12255498260622995,0.19190497876159815,0.21801181191901667,0.23203782806410347,0.12757021611179287,0.07989993270308818,0.02081160695940959,0.007208642874761114,555.3577120305745
ATGGAATCTGTTGATCAATCTTGTTCTGTTCCACCAGGATTTAGATTTCATCCAACTGATGAAGAATTGGTTGGTTATTATTTGAGGAAGAAAGTTGCTTCTCAGAAGATTGATTTGGAT,0.03434723970178372,0.13823027514579334,0.2350692862411355,0.190793090448755,0.15230696308929645,0.09444859615397734,0.03185528390888238,0.12294926531037635,1318.9117326197827
ATGGAATTGGATGATAAAGAAGAACAAGAGAAAGATAGAGATAATGAGAATCAAGGTGAAGAAGATCCAACTTGGTTTGATTCTGGTTCTCAATTTATCTTAAATTCTCAACAATTGGTT,0.13768049515164335,0.20008963974283833,0.26650128268653056,0.10197223956498487,0.12059666576617327,0.09815453303156663,0.05675178687947358,0.018253357176789373,695.5901320443749
ATGGATGAACCAATTTATACTTCTTCTACTCATAAGAAAGTTGGTATTAAGAAATATTTGACATTCTATTTGGGTGATTCTCAAACTAATTGGATTATGCAAGAATATTCTTTGCCAGAT,0.19943907015941256,0.21890220780198869,0.15792720662652596,0.14099911702643914,0.16079608440190832,0.049856435092572524,0.050446199072227825,0.02163367981892488,662.4381959757654
ATGGATGAAGAATTGGATAAAGAACAAGAGAAAGATAGAGATAATGAGAATCAAGGTGAAGAAGATCCAACTTGGTTTGATTCTGGTTCTCAATTTATCTTAAATTCTCAACAATTGGTT,0.02016399581152284,0.0710061528701415,0.03763649881465596,0.1568106070272356,0.23843678016733305,0.0924121372288959,0.13090742424234816,0.25262640383786705,2364.304795344063
ATGGATGGTGTTGTTAGAGATGATCCAGGTGATGATCAACCACCACCACCACCACCACATCATCCACCAGATGATCCAGTTCCAGTTGATGATGATCCAGTTATTCCACCAATTAGAAGA,0.1370314676161414,0.1980323089208778,0.20771783169923697,0.23712114621703467,0.10311511106583297,0.07383979981033627,0.02926911564540886,0.013873219025130896,595.0167816255218
ATGGATTCTTCTGTTCAACAACCAGATATGGGTCATTTGGAAGGTGAAGTTCAAACTGAATGTGAACAAATTGATTGTCAGAATATCTTGAAAGCTGAGAATAGAGTTGATGAAGTCTTG,0.5034870558274948,0.2110709224854807,0.013052341574123725,0.15149253123057255,0.008613531181483457,0.10255532315235595,0.009728294548488878,0.0,372.8094368716025
ATGGATTTGGAAGATAAAGAAGAACAAGAGAAAGATAGAGATAATGAGAATCAAGGTGAAGAAGATCCAACTTGGTTTGATTCTGGTTCTCAATTTATCTTAAATTCTCAACAATTGGTT,0.13666002303475852,0.1718710945692102,0.0425131080419695,0.11386848708360206,0.03366641729333047,0.09394748630508469,0.2851764423799174,0.12229694129212729,1800.6446363818081
ATGGATTTGTTGGTTGATGAATTGTTTGCTGATATGAATGCTGATGGTGCTTCTCCACCACCACCAAGACCAGCTGGTGGTCCTAAGAATACTCCAGCTGCTCCACCATTGTATGCTACT,0.14348674179549292,0.1443653985762236,0.12095135362564115,0.08741778518367817,0.07753796621601688,0.11030770261914842,0.15024767617704515,0.16568537580675372,1790.7544308690926
ATGGCTAGAGCTTGGATTGTTGATGGTAGAGGTATTGCTGCTAAAGTTAAGAATGCTTCTTTGTCTTCTGCTTTGCAAATTCAAGATTGTGGTGCTCATATTAAATGTCCAAATTGTACT,0.6162931624664665,0.25136297288490217,0.11061396425003439,0.0007214760758221727,0.008921460676133692,0.0066178425642207045,0.0009565895206433748,0.004512531561776998,233.62895532321016
ATGGCTGATAATAAAGTTAATTTGTCTATTAATGGTCAATCTAAAGTTCCACCAGGATTTAGATTTCATCCAACTGAAGAAGAATTGTTGCATTATTATTTGAGGAAGAAAGTTAATTCT,0.023137610978257426,0.06983789002063731,0.11516482828064882,0.12852550430460127,0.2963993664823622,0.08483223666014245,0.17167147592297197,0.11043108735037845,1612.8270149511802
ATGGCTGGTACTTCTTGGTTGGTTGATGGTAAGAGAATTGCTACTAAGATTAAATCTGCTTCTGCTACTTGTGATCCAAGAAATATTAAATGGAAATCTAATCCAACTAGAGCTTGTCCA,0.008085904824949777,0.004488507447649417,0.019429427877790187,0.07929967182414625,0.19892281545024745,0.3092419541957178,0.28005847718898585,0.10047324119051332,1987.7672979224424
ATGGCTGGTAGAGAATGGTTGATTGATGAGAATAGAATTGCTGAGAAGATTATGGAAGCTGAAGCTGAAGAAGATCCAAGACAAGTTGTTTGGAAAGAGAATCCAGAAAGACATTGTCCA,0.1614768752528511,0.17793862007084432,0.08611422742730243,0.13668215646130835,0.13638887623074938,0.10572183987626013,0.08557795952762852,0.11009944515305581,1332.0309690728247
ATGGCTGGTAGAGATTGGTTGATTGATGATAATAGAATTGCTGATAAGATTATGGATGCTGATGCTGATGATGATCCAAGACAAGTTGTTTGGAAAGATAATCCAGATAGACATTGTCCA,0.11090251399125337,0.1160449031911437,0.13248111734643947,0.12813728794108495,0.19233993404401525,0.17077845656665616,0.10697058465473656,0.0423452022646706,1078.0897788129025
ATGGCTGGTAGAGCTTGGTTGATTGATGCTAATAGAATTGCTGCTAAGATTATGGCTGCTGCTGCTGCTGCTGATCCAAGACAAGTTGTTTGGAAAGCTAATCCAGCTAGACATTGTCCA,0.14878481688570103,0.19315602194785894,0.10750057427556076,0.10130976766408907,0.0709420254818979,0.0703881117887598,0.08457464062487302,0.2233440413312595,1942.0918038302293
ATGGCTGGTAGAGCTTGGTTGGTTGATAAGAATAGAATTGCTACTAAGATCTTGTCTGCTTCTGATCCATGTCCAACTGTTTGGAATACTAATCCAACTAGACATTGTCCAAATTGTCAT,0.6584211505125105,0.2093844880845789,0.05628383538847726,0.028219670392743337,0.008123878435562434,0.02828645174579075,0.006096182265378334,0.005184343174958475,271.65868580647947
ATGGCTGGTAGATCTTGGTTGATTGATGAAGAAAGAATTGAAGAGAAGATTGAAGAAGAAGAAGAAGAAGAAGATGAAAGACAAGTTGTTTGGAAAGAAGAAGAAGAAAGACATTGTCCA,0.3257830768210486,0.2921415607869271,0.20765288090879647,0.10912294196731201,0.03642295380528974,0.007600882801654636,0.007392702656579431,0.013883000252391984,384.28929785806963
ATGGCTGGTAGATCTTGGTTGATTGATGAGAATAGAATTGCTGAGAAGATTATGGAAGCTGAAGCTGAAGAAGATCCAAGACAAGTTGTTTGGAAAGAGAATCCAGAAAGACATTGTCCA,0.052297547487778984,0.052617797248423866,0.17353673150291524,0.23240320432656364,0.1374249093416115,0.14380864329718396,0.1455097909548995,0.062401375840623226,1266.440909178678
ATGGCTGGTAGATCTTGGTTGATTGATGATAATAGAATTGCTGATAAGATTATGGATGCTGATGCTGATGATGATCCAAGACAAGTTGTTTGGAAAGATAATCCAGATAGACATTGTCCA,0.2181092314096767,0.20899509255200727,0.11631577542107167,0.05769332305034413,0.061407498588549,0.09520004728239817,0.10595881114993123,0.13632022054602183,1466.4801453279172
ATGGCTGGTAGATCTTGGTTGATTGATGATGATAGAATTGATGATAAGATTGATGATGATGATGATGATGATGATGATAGACAAGTTGTTTGGAAAGATGATGATGATAGACATTGTCCA,0.07340909931076935,0.04220493026944771,0.06524740114626625,0.0932057359479509,0.0,0.08651208450221659,0.21397556188567432,0.42544518693767486,3464.5177502469965
ATGGCTGGTAGATCTTGGTTGATTGATGCTAATAGAATTGCTGCTAAGATTATGGCTGCTGCTGCTGCTGCTGATCCAAGACAAGTTGTTTGGAAAGCTAATCCAGCTAGACATTGTCCA,0.12493691523101703,0.28218811862967874,0.23636998610451948,0.22236434568634478,0.06406934484847436,0.04557343056213208,0.015370843277455314,0.009127015660378237,480.5014533234157
ATGGCTGGTAGATCTTGGTTGATTGATTCTAATAGAATTGCTACTAAGATTATGTCTGCTTCTGCTTCTTCTGATCCAAGACAAGTTGTTTGGAAATCTAATCCATCTAGACATTGTCCA,0.21972037725909116,0.1753280951142626,0.16970170332954274,0.11784228940329809,0.06719396231911767,0.06944720147542961,0.06324183848524902,0.11752453261400907,1244.6158199589215
ATGGCTGGTCCATCTTGGTTGGTTGATAAATCTAGAATTGCTACTAAGATTAAGAATGTTTCTGGTACTTGTGGTAAAGTTATTTGGAAATCTAATCCATCTAGAGCTTGTCCATCTTGT,0.17851559477848244,0.2319219840660512,0.18331551381766947,0.15018768968741145,0.06489898984747255,0.052424619602258075,0.0787634363637471,0.0599721718369077,921.5135969351543
ATGGCTGGTCCATCTTGGTTGGTTGATTCTCATAGAATTGCTACTAAGATTAGATCTGCTTCTGGTGCTTCTGATCCAGAGAAAGTTAAATGGAAATCTAATCCAACTAGAGCTTGTCCA,0.09275461270824491,0.09332260573938018,0.08656416376690582,0.09016632454270453,0.11425124290088791,0.08501937888034172,0.2580752817985073,0.17984638966302752,2124.702730770081
ATGGCTGGTGTTGTTAGAGCTGCTCCAGGTGCTGCTCAACCACCACCACCACCACCACATCATCCACCAGCTGCTCCAGTTCCAGTTGCTGCTGCTCCAGTTATTCCACCAATTAGAAGA,0.2106247593013195,0.24699005366628302,0.16177291576031655,0.1355568608649426,0.057255447700348565,0.07123240591882292,0.061971055114593734,0.054596501673373196,857.5988215747391
ATGGCTTATACTACTGGTACTAGGAAGAGAAGGAAGATTCAAACTGATGATGTTCCAGATGGTGGTACTGATGTTAGATGGCATAAGACTGGTAAGACTAGACCAGTTGATCAATGTGGT,0.4623145075217856,0.1224416092380969,0.09357660856262866,0.1014265598468737,0.10795618975185946,0.004227247298417875,0.024616024257394977,0.08344125352294278,860.2602174108797
ATGGCTTATACTACTGGTACTAGGAAGAGAAGGAAGATTCAAACTGATGATGTTCCAGATGGTGGTACTGATGTTAGATGGCATAAGACTGGTAAGACTAGACCAGTTGCTCAATGTGGT,0.22612859571918004,0.2689603452788895,0.2588840589992973,0.14044728000602894,0.053043299117571455,0.03313131674851231,0.012330291264082863,0.007074812866437619,413.5724530864294
ATGGCTTCTGGTTATTATTTGCCACCAGCTGTTATGTTTCCACCAGGTATGGGTCATTATCCAGCTGCTGCTGCTGCTATGGCTATGGGTATGGGTATGCCATATGCTATGGGTTTGCCA,0.4753282389360535,0.332303279772214,0.0977246486030623,0.06084594512089949,0.0017550970156610774,0.0019386604638776575,0.004336153728232387,0.025767976359999695,388.94187471266514
ATGGGTAAGACTAATTTGGCTCCAGGATTTAGATTTCATCCAACTGATGTTGAATTGGTTAGATATTATTTGAAGAGGAAAGTTATGGGTAAGAAATTTCAAGTTGATGCTATTGCTGAA,0.5871829732384767,0.29959584571553205,0.0663168197061187,0.03665280259115175,0.000737414503864373,0.0006561052722821363,0.003228805260779548,0.005629233711794625,242.00836368986086
ATGGGTATGCCATATGCTATGGGTTTGCCAGATTTGTCTAGAGGTGGTTCTTCTGTTAATCATGGTCCACAATTTCAAGTTTCTGGTATGCAACAACAACCAGTTGCTATGGGTATTCCA,0.020705890557315466,0.06900470296877445,0.2468527900769132,0.2701183037734913,0.19095644269660847,0.180951715654891,0.0029989245848385717,0.018411229687167584,751.3663281940876
ATGGGTATTCAAGAAACTGATCCATTGACTCAATTGTCTTTGCCACCAGGATTTAGATTCTATCCAACTGATGAAGAATTGATGGTTCAATATTTGTGTAGGAAAGCTGCTGGTTATGAT,0.05331298922289296,0.10727891430446589,0.14926463046673583,0.13326507540184968,0.1838723734611642,0.12216743452538313,0.1236125830249938,0.12722599959251452,1585.4832603291682
ATGGGTCCAACTTATAGAGCTTTGCCAGTTGGTATGAGATTTAGACCATCTGATTTGGAATTGGCTGTTTACTTCTTGATTAAGAAAGCTTTGGGTTTGCCAATGAAAGCTTTGACTGTT,0.10006088271591122,0.07415207236220847,0.0542222784200994,0.052593836895027446,0.22794771605070027,0.3131176308795791,0.17662179198156883,0.0012837906949053981,1145.477945842547
ATGGGTTCTTCTTGTTTGCCACCAGGATTTAGATTTCATCCAACTGATGAAGAATTGATTGGTTATTATTTGTCTAGGAAGATTGAAGGTTTGGAAATTGAATTGGAAGTTATTCCAGTT,0.10451744586841491,0.1752624498281525,0.04335197540878002,0.09676278053288882,0.10299216607461484,0.06386750351591951,0.22618052749254733,0.18706515127868195,2060.3529641726313
ATGGTTACTCAAGATTGGCCAGGTTTGCCAAGAGGTGTTAAATTTGATCCATCTGATCAAGAATTGTTGGGTCATTTGGCTGCTAAAGTTGGTGTTGATGGTGCTAAATTGCATCCATTT,0.42932213005360964,0.31708337993339586,0.16922336314560762,0.05112828312291873,0.020075040650382167,0.009903025353102288,0.0010531245830374728,0.0022116531579461623,264.41282215223265
ATGGTTGATGGTAAACATTTGGGTTGTAAGAAGATTATGGTCTTGTATATGTCTACTGTTAAAGGTGGTAAACCTAAGAAGACTAATTGGGTTATGCATCAATATCATTTGGGTACTGGT,0.5620319764092471,0.2475204456122438,0.12230417588274872,0.03540578130044392,0.017912982715336135,0.00783185426824274,0.0033021972688293353,0.0036905865429081226,254.90616653421262
ATGGTTGATGGTGTTCAGAAAGGTTGGAAGAAGATTATGGTCTTGTATACTAATTTGGTTAGAGGTGGTAAATCTGAGAAGACTAATTGGAAGATGCATCAATATCATTTGGGTACTGAA,0.07966241032776616,0.16326899075161935,0.1431843801223954,0.2032273552545755,0.19188853090680083,0.14603799096183528,0.041045975033056445,0.0316843666419509,851.7883108086455
ATGGTTGATTCTTCTAGAGATTCTTGCTTTAAAGCTGGTAAATTCTCTGCTCCAGGATTTAGATTTCATCCAACTGATGAAGAATTGGTTGTTTATTATTTGAAGAGGAAGATTTGTTGT,0.01390738971000403,0.011194042507432101,0.0069222451241390094,0.009270382898486315,0.005481772650588587,0.01019807080612215,0.4153279278912369,0.5276981684119909,4460.7235948935
ATGTATTCTCAATGTGTTAGAATGAGACATTTGTCTCAAGAATTTGGTTGGTTGCAAATTACTCCACAAGAGTTCTTGTGTATGAAAGCTTTGTTGTTGTTCTCTATTATTCCAGTTGAT,0.18868436105738481,0.1898397904105525,0.12717723374314893,0.17468493673266772,0.10845962621971696,0.11529940282317301,0.05833165384696034,0.03752299516639583,830.1708182939478
ATGTCTACTGGTAAAGGTGGTAAACCAGAGAAGACTAATTGGGTTATGCATCAATATCATTTGGGTACTGAAGATGATGAGAAAGATGGTGACTTTGTTGTTTCTAAAGTCTTGTATCAA,0.10705552267881266,0.11987201829043893,0.0666070867114708,0.06714075621828386,0.047642091836873735,0.03165408715607228,0.22419971773191105,0.33582871937613656,2894.650981182379
ATGTCTACTGTTAGAATGAAGACTACTTGGATTATTGATGATCAAAGATTTGCTACTAAGATTAAGAATGCTTCTGGTTCTTCTGATCCATCTAAACAGAAATGGATTTCTAATCCATCT,0.08788247603744263,0.0884206340059869,0.0729041722820985,0.06508963299546337,0.20206657189538613,0.13425592016416835,0.24451931937717572,0.10486127324227841,1729.6820302446174
ATGTCTACTGTTAGAATGAAGACTACTTGGATTATTGATGCTCAAAGATTTGCTACTAAGATTAAGAATGCTTCTGGTTCTTCTGATCCATCTAAACAGAAATGGATTTCTAATCCATCT,0.13377896294730107,0.16824771635109712,0.24970109235564977,0.03715597235666587,0.1647833174485602,0.15327814979956214,0.09305478874116381,0.0,738.1450966672877
ATGTCTACTGTTAGAATGAAGACTACTTGGATTATTGATTCTCAAAGATTTGCTACTAAGATTAAGAATGCTTCTGGTTCTTCTGATCCATCTAAACAGAAATGGATTTCTAATCCATCT,0.030797311120159702,0.02877262312627886,0.0684330870338248,0.2101764311752523,0.23194442926642847,0.2520444792610793,0.11221142905606632,0.06562020996091031,1367.2593328280057
ATGTCTCAAGCTCCACAAGATTGGACTGGTTTGCCAGCTGGTGTTAAATTTGATCCAAATGATAAAGAAATCTTGGATCATTTGGCTGCTAAGATTGGTAGAGGTGGTAAACCACATGCT,0.08747088792619143,0.16623454814749755,0.09675031125768842,0.08637972361296686,0.16281160251319174,0.23162038817136674,0.09915242719576521,0.06958011117533205,1267.509968128529
ATGTCTGAATATCAACCATCTTTGTTTGCTTTGAATCCAATGGGATTCTCTCCATTGGATGGTTCTAAATCTACTAATGAGAATGTTTCTGCTTCTACTTCTACTGCTAAACCAATGGTT,0.2008537696971689,0.20208371975716308,0.02380301916467982,0.09563216752918845,0.1696479442818728,0.10520208566194628,0.16854036591762517,0.034236927990355534,1060.930857517144
ATGTCTGGTATGTCTTCTCATCCAATGATTGATGAAATGATTCCAACTGTTAATCAAGATGATGGTATTTGTATGACTCATCCTAAGAATATGCCAGGTGTTAAATCTGATGGTACTGTT,0.1241169497079765,0.21407484590591674,0.19857150229095166,0.05909559449932679,0.1397778785381466,0.09751394256850289,0.0822228823954653,0.0846264040937135,1155.695565940369
ATGTCTGGTGAAGGTAATTTGGGTAAAGATCATGAAGAAGAGAATGAAGCTCCATTGCCAGGATTTAGATTTCATCCAACTGATGAAGAATTGTTGGGTTATTATTTGAGAAGGAAAGTT,0.09074968734069833,0.13695810448759288,0.14885444668183476,0.1665054668792012,0.07994082344080293,0.05167345139300791,0.11859702354193959,0.20672099623492243,1929.447012245878
ATGTCTGGTGTTGTTAGATCTTCTCCAGGTTCTTCTCAACCACCACCACCACCACCACATCATCCACCATCTTCTCCAGTTCCAGTTACTTCTACTCCAGTTATTCCACCAATTAGAAGA,0.49977823179638603,0.308553519792102,0.13786352135552482,0.020526177799262812,0.0203482644195563,0.009756770634795957,0.0010376171328415858,0.0021358970695304954,247.0076650934913
ATGTCTTGGTTGGTTGATTCTAATAGATTTGCTACTAAGATTAAGAATGCTTCTGGTACTAGAGAAACTGAAAGAGTTAAATGGAAATCTAATCCATCTAGAGCTTGTCCAAATTGTCAA,0.12853431082872227,0.05172856190422345,0.03198824599625147,0.02855945176920781,0.15199024787296436,0.21206743809624984,0.3337849445046605,0.06134679902772028,1717.764598669584
ATGTGTTATAGATTTAGAAGACCATCTTGGTTGGTTGATTCTAAGAGAATTGCTACTAAGATTAAATCTGCTTCTGGTGATCCAGGTGCTGTTAATTGGAAATCTAATCCAACTAAAGCT,0.3730003367804294,0.27878273072049237,0.06630595615558717,0.10655761377805754,0.04200650748495794,0.06837882457658413,0.03953582539271212,0.025432205111179305,583.9593091334654
ATGTTGAAGATTACTCCATCTGATGTTGAGAATGATGAATCTGATTATTGGTTGTTGTCTAATGCTGAAATTTCTATGACTGATATTTGGAAGACTGATTCTGGTATTGATTGGGATTAT,0.212056679475711,0.1477074681559979,0.09134030896907208,0.0906106834398709,0.04822200491542101,0.05980686077131534,0.1361572442392612,0.21409875003335055,1972.907712463261
ATGTTGGATGAAGCTATTGAATATTTGAAATCTTTGCAATTGCAAGTTCAAATTATGTCTATGGCTTCTGGTTATTATTTGCCACCAGCTGTTATGTTTCCACCAGGTATGGGTCATTAT,0.030088380791197727,0.03279534947738146,0.06240062284875443,0.14485107138880182,0.19766189817182558,0.28498478053163495,0.16045612528133518,0.08676177150906875,1612.3348069042408
ATTAAACAAGTCTTGGATCCATCTAATATTGAATTGGATACTCCACCAGAATTTAGATTGTCTCAATTGGAATTTGGTTCTCAAGATTCATTCTTGGCTTGGGGTACTGGTAAGACTGAT,0.018737977747084123,0.018852721806351436,0.02331653850950092,0.026021571996515624,0.06462583495016931,0.12022732111223658,0.4431518211638854,0.2850662127142567,3202.445181939884
ATTAAATCTAATCCATCTAGACATTGTCCTAAATGTCAACATGTTATTGATAATTCTGATGTTGTTGATGATATTCCAGGTATTCCAAGAGGTGTTAAGATTGATCCATCTGATCCAGAA,0.0008751486462274202,0.0002514258222121331,0.0007997857110518057,0.00038844718604078146,0.0008147487782417762,0.00652667122239227,0.34368295537032356,0.6466608172635103,5011.8233689467015
ATTAAATCTGCTTCTGGTGATCCAGGTGCTGTTAATTGGAAATCTAATCCAACTAAAGCTTGTCCAAATTGTCAATTTATTATTGATAATAATGATGTTTCTAATGATTGGCCAGGTTTG,0.2407203789295018,0.1483538391334451,0.2181534240550684,0.12984648993296613,0.18553280997481328,0.03973039728525549,0.03696999037546732,0.0006926703134825054,503.62491587174725
ATTAAATTGGATCAAGTTCCATCTAATATTGAATTGGATACTCCACCAGAATTTAGATTGTCTCAATTGGAATTTGGTTCTCAAGATTCATTCTTGGCTTGGGGTACTGGTAAGACTGAT,0.17582037072248197,0.20906012166204402,0.19889225168259345,0.19533046722381053,0.09450247017855196,0.05860287317405385,0.02964805045581027,0.03814339490065393,707.9885179683088
ATTAAGAAGAGATGTGGTAAATTGATGAGATCTAAGAATGTTACTGGATTTGTCTTTAAGAAGATTACTTCTGTTAAATGTTCTTATGGTGGTTTGTTTAGAGCTGCTGTTGTTGCTGTT,0.22439884648463176,0.20548927013323418,0.21187102763296953,0.13327046710728416,0.07876904828124298,0.11519596015232511,0.03078387751512642,0.00022150269318590375,515.4141086214704
ATTAAGAATGCTTCTGGTTCTTCTGATCCATCTAAACAGAAATGGATTTCTAATCCATCTAAAGAATGTCCTAAATGTTCTCATGTTATTGATAATTCTGATGTTGTTCATCATTGGCCA,0.2072539515035501,0.0810923142469623,0.10029278994223759,0.14070962222629727,0.15884507500013328,0.08443115160573939,0.11746612401391433,0.1099089714611657,1392.229010415259
ATTAATACTGGTGATTTGGCTGATGTTAGATGGCATAAGACTGGTAAGACTAAACCAGTTATGGTTGATGGTAAACATTTGGGTTGTAAGAAGATTATGGTCTTGTATATGTCTACTGTT,0.19103928867859854,0.22125436722916247,0.23230925511025174,0.19357478078433737,0.09083600263496917,0.049270492418808244,0.012272253310200907,0.009443559833671431,480.25608388739573
ATTAATTCTCCAGATTTGGTTATTAAACAAGAATTGGATACTCCACCAGAATTTAGATTGTCTCAATTGGAATTTGGTTCTCAAGATTCATTCTTGGCTTGGGGTACTGGTAAGACTGAT,0.08343905634294344,0.0570860030900983,0.12459252519196136,0.21135135097551622,0.1315542158778076,0.10401373787258891,0.14857996496326523,0.13938314568581894,1684.173049607061
ATTACTAATCAATTTCCATCTATGACTAATTCTAGAAATTCTATTTCTCATTCTTTGGATTTGTGGAATCATCCTAAGATTAATCCATCTAATAGAAATACTAATTTGAATATTACTACT,0.26064132101474297,0.2860771491210314,0.235875008135308,0.10529587835468127,0.046697752873722354,0.04343731678126796,0.02197557371924604,0.0,387.23309754787863
ATTACTCAACAATGGCCAGGTTTGCCAAGAGGTGTTAAATTTGATCCATCTGATCAAGAAATTATTTGGCATTTGTTGGCTAAAGTTGGTGCTTCTGGTGTTAAACCACATCCATTTATT,0.2303123343813083,0.23172267718899758,0.08818103551387332,0.09841122701024248,0.12220452543872423,0.08119443437430861,0.0,0.14797376609254548,1311.5135719918212
ATTAGAGATATTGATGATCCAGGTGGTGATTTGGAAGATCAAATTGATCCAAGGAAAGATGATGCTCCAGATGTCTTGGATGATGCTACTAATTCTAAATTTGCTTCTTCTGGTTTGTTT,0.32336228619662605,0.22766982434049152,0.23106700770183733,0.11279438071165569,0.046259167525754034,0.033999083659675175,0.019753293479146748,0.005094956384813382,397.9925461344309
ATTAGAGCTATTGCTGCTCCAGGTGGTGCTTTGGAAGCTCAAATTGCTCCAAGGAAAGCTGCTGCTCCAGATGTCTTGGCTGCTGCTACTAATTCTAAATTTGCTTCTTCTGGTTTGTTT,0.13750889175900582,0.11785450659130904,0.08238567954790345,0.12447739642950435,0.11542775731857634,0.18205978949882462,0.13697920924685533,0.10330676960802103,1485.0727959864125
ATTAGATATATTACTACTCCAGGTGGTACTTTGGAAACTCAAATTTCTCCAAGGAAATCTTCTGCTCCAGATGTCTTGACTTCTGCTACTAATTCTAAATTTGCTTCTTCTGGTTTGTTT,0.13685115906833534,0.08261350927883003,0.1021741629824453,0.060814798037551535,0.08091240951303559,0.025087702278790258,0.15230682511544186,0.3592394337255701,2878.2248929054467
ATTAGATTTAATGGTACTTCTGTTACTTCTAGGAAAGTTACTGTTGCTAAGAAGAGAATTTCTAATAGAGGATTCTTGTTGTTGTCTATTATGGGTGCTTTGTGTGCTATCTTCTGGGTT,0.027854085055551668,0.05604930519297719,0.06065523704419284,0.030944943555945764,0.027447595280021664,0.03829680715964074,0.19374914734866094,0.565002879363009,4219.83094588942
ATTATCTTGCATTTGTTGGCTAAATCTGGTTTGTCTGGTTTGTCTTCTCATCCATTGATTGATGAATTGATTCCAACTGTTAATCAAGATGATGGTATTTGTTTGACTCATCCTAAGAAT,0.08917279036221988,0.16149392948136823,0.04993283548763723,0.05944076696071739,0.0966585877966598,0.12260439176437234,0.2770555170752374,0.1436411810717878,1970.0252904975853
ATTATCTTTCACTTCTTTGCTAAATCTGGATTCTCTGGATTCTCTTCTCATCCATTTATTGATGAATTTATTCCAACTGTTAATCAAGATGATGGTATTTGCTTTACTCATCCTAAGAAT,0.009466967268583714,0.011112429159593804,0.007853458890299817,0.01752913245268726,0.012438414238537098,0.0274786655124042,0.35120485106250876,0.5629160814153853,4550.995501519025
ATTATGCATCATTTGTTGGCTAAAGCTGGATTTGAAGGTTTGAAATCTCATCCATTTATTGAAGAATTTATTCCAACTGTTGATGAAGATGATGGTATTTGTTATACTCATCCAAGAAAT,0.05536471037315042,0.018567914080565604,0.09185718394354198,0.18452494498435712,0.12729906727158002,0.08457932082618055,0.2396235249077309,0.1981833336128933,2227.1200178119884
ATTATTATGCATATGATGGCTAAATCTGGTATGTCTGGTATGTCTTCTCATCCAATGATTGATGAAATGATTCCAACTGTTAATCAAGATGATGGTATTTGTATGACTCATCCTAAGAAT,0.06615921421272702,0.11833661761413439,0.17379720508823013,0.21233518961929435,0.2100686433600653,0.1516047325126059,0.05454154738445256,0.013156850208490249,792.6017051104101
ATTATTATTCATATTATTGCTAAATCTGGTATTTCTGGTATTTCTTCTCATCCAATTATTGATGAAATTATTCCAACTGTTAATCAAGATGATGGTATTTGTATTACTCATCCTAAGAAT,0.2632590234441707,0.25427627415482185,0.15724102331966477,0.15208535891627759,0.08301348533859394,0.04826092849585945,0.0292990913023628,0.012564815028248895,510.26744635431663
ATTATTGATGATCAAAGATTTGCTACTAAGATTAAGAATGCTTCTGGTTCTTCTGATCCATCTAAACAGAAATGGATTTCTAATCCATCTAAAGAATGTCCTAAATGTTCTCATGTTATT,0.11394436632869136,0.11464211713721874,0.212679423679301,0.06329416273281224,0.11228151437001155,0.15666303220925987,0.15851623758122527,0.06797914596148004,1288.6103788555306
ATTATTGATGCTCAAAGATTTGCTACTAAGATTAAGAATGCTTCTGGTTCTTCTGATCCATCTAAACAGAAATGGATTTCTAATCCATCTAAAGAATGTCCTAAATGTTCTCATGTTATT,0.28031325628024273,0.2544597961890144,0.2458298318413802,0.1341989021965023,0.04090396002388249,0.0296892625013008,0.008391408052649143,0.006213582915028098,380.9083545077266
ATTATTGATTCTCAAAGATTTGCTACTAAGATTAAGAATGCTTCTGGTTCTTCTGATCCATCTAAACAGAAATGGATTTCTAATCCATCTAAAGAATGTCCTAAATGTTCTCATGTTATT,0.0498966741227078,0.17212190356221674,0.19809269693207476,0.2085355935966508,0.1756018031630371,0.13938456667834037,0.0308510520610151,0.025515709883957374,782.9260228361011
ATTATTGCTCATGCTGCTGCTAAATCTGGTGCTTCTGGTGCTTCTTCTCATCCAGCTATTGATGAAGCTATTCCAACTGTTAATCAAGATGATGGTATTTGTGCTACTCATCCTAAGAAT,0.5045858553555668,0.23445119402244063,0.1375491246508822,0.048722179880094973,0.012819575721162966,0.01544936933223644,0.0243587947058946,0.022063906331721405,432.7152199639838
ATTATTGCTCATGCTGCTGCTAAATCTGGTTTGTCTGGTTTGTCTTCTCATCCATTTATTGATGAATTTATTCCAACTGTTAATCAAGATGATGGTATTTGTTATACTCATCCTAAGAAT,0.23190451252321082,0.19090194971576493,0.02623359880403082,0.23421640557105344,0.12464738408263429,0.05797225321521319,0.05865802119485926,0.07546587489323324,1008.4903470730119
ATTATTGCTCATGCTTTGGCTAAATCTGGTTTGTCTGGTTTGTCTTCTCATCCATTTATTGATGAATTTATTCCAACTGTTAATCAAGATGATGGTATTTGTTATACTCATCCTAAGAAT,0.4260997591347679,0.31815656472372794,0.09293326748801631,0.11270197676935936,0.007631460657004484,0.037812516285707976,0.0025601359717778273,0.0021043189696384073,300.32095080371425
ATTATTGCTCATTTGGCTGCTAAATCTGGTTTGTCTGGTTTGTCTTCTCATCCATTTATTGATGAATTTATTCCAACTGTTAATCAAGATGATGGTATTTGTTATACTCATCCTAAGAAT,0.5346675457260738,0.26131183547409836,0.1296309656330056,0.04824466972945267,0.004805219908316216,0.005793575427832553,0.008306380668461767,0.007239807432759088,285.387273862338
ATTATTGCTCATTTGTTGGCTAAATCTGGTGCTTCTGGTTTGTCTTCTCATCCATTTATTGATGAATTTATTCCAACTGTTAATCAAGATGATGGTATTTGTTATACTCATCCTAAGAAT,0.5213336462748974,0.2823265174563804,0.12571318190460842,0.036655584303827135,0.01178527278682333,0.010675391796624962,0.005659901008954021,0.0058505044678842585,277.91053383319144
ATTATTGCTCATTTGTTGGCTAAATCTGGTTTGTCTGGTGCTTCTTCTCATCCATTTATTGATGAATTTATTCCAACTGTTAATCAAGATGATGGTATTTGTTATACTCATCCTAAGAAT,0.1239015865393237,0.2243885606577207,0.0770882576798332,0.1927106430538539,0.10988408111741238,0.18171018125852578,0.04596491887254794,0.0443517708207823,924.0731854067558
ATTATTGCTCATTTGTTGGCTAAATCTGGTTTGTCTGGTTTGTCTTCTCATCCAGCTATTGATGAATTTATTCCAACTGTTAATCAAGATGATGGTATTTGTTATACTCATCCTAAGAAT,0.2625095217499644,0.24680935870978485,0.21795582050543377,0.146876509850278,0.0757657054972204,0.03376234075373441,0.010087005400369784,0.006233737533214443,410.52434678503613
ATTATTGCTCATTTGTTGGCTAAATCTGGTTTGTCTGGTTTGTCTTCTCATCCATTTATTGATGAAGCTATTCCAACTGTTAATCAAGATGATGGTATTTGTTATACTCATCCTAAGAAT,0.018799930712258904,0.018915054147294712,0.07018088840935038,0.09398738357904374,0.06483950593196361,0.14647300308402775,0.2615394143049102,0.32526481983115074,3071.576692403842
ATTATTGCTCATTTGTTGGCTAAATCTGGTTTGTCTGGTTTGTCTTCTCATCCATTTATTGATGAATTTATTCCAACTGTTAATCAAGATGATGGTATTTGTGCTACTCATCCTAAGAAT,0.3747326943760364,0.11600843417777437,0.03586902664131101,0.09607276402316611,0.14202462186719259,0.13210846584989616,0.0,0.10318399306462331,1086.8284630205071
ATTATTGCTCATTTGTTGGCTAAATCTGGTTTGTCTGGTTTGTCTTCTCATCCATTTATTGATGAATTTATTCCAACTGTTAATCAAGATGATGGTATTTGTTATACTCATCCTAAGAAT,0.028960179306112395,0.05827504027270542,0.11466159107044459,0.16964355010700086,0.31131870214984725,0.2606241934083106,0.04395119680238671,0.012565546883192209,928.8055883947785
ATTATTGTTCATGTTGTTGCTAAATCTGGTGTTTCTGGTGTTTCTTCTCATCCAGTTATTGATGAAGTTATTCCAACTGTTAATCAAGATGATGGTATTTGTGTTACTCATCCTAAGAAT,0.3469131619546972,0.33785217584278426,0.1799668703166501,0.09966641844701656,0.007722094433503498,0.012634581676439768,0.00792427865664164,0.00732041867226692,328.72974796952434
ATTATTTGGCATGCTGCTGCTAAATCTGGTGCTTCTGGTTTGTCTTCTCATCCATTTATTGATGAATTTATTCCAACTGTTAATCAAGATGATGGTATTTGTTATACTCATCCTAAGAAT,0.01189848803699173,0.036911661673144754,0.08143213587143316,0.1993838163978386,0.20909310386157437,0.22266862538418872,0.1747244863080278,0.06388768246680084,1458.7377829360125
ATTATTTGGCATGCTGCTGCTAAATCTGGTTTGTCTGGTTTGTCTTCTCATCCATTTATTGATGAATTTATTCCAACTGTTAATCAAGATGATGGTATTTGTTATACTCATCCTAAGAAT,0.20639272643857592,0.2325753862957348,0.21573222980592144,0.13757719036030266,0.04881137409664504,0.0681050475243973,0.061253936719347556,0.029552108759075144,700.5167261021714
ATTATTTGGCATGCTTTGGCTAAATCTGGTGCTTCTGGTTTGTCTTCTCATCCATTTATTGATGAATTTATTCCAACTGTTAATCAAGATGATGGTATTTGTTATACTCATCCTAAGAAT,0.25898668081003273,0.22148672200117375,0.12890767612304693,0.0863176249023213,0.05104142953259998,0.059347147537582946,0.13210819485348158,0.06180452423976075,1030.5377223480368
ATTATTTGGCATGCTTTGGCTAAATCTGGTTTGTCTGGTGCTTCTTCTCATCCATTTATTGATGAATTTATTCCAACTGTTAATCAAGATGATGGTATTTGTTATACTCATCCTAAGAAT,0.27256843955426807,0.2895686573162198,0.2474487809157122,0.1224742407382321,0.03488673936609734,0.020057315139835715,0.007197056098111425,0.005798770871523419,359.43121215394075
ATTATTTGGCATGCTTTGGCTAAATCTGGTTTGTCTGGTTTGTCTTCTCATCCAGCTATTGATGAATTTATTCCAACTGTTAATCAAGATGATGGTATTTGTTATACTCATCCTAAGAAT,0.13356396273241103,0.19120103042407816,0.21081727223510435,0.2335321468621906,0.13161479135874302,0.06737507958052583,0.021199852870044833,0.010695863936902188,564.3678391419613
ATTATTTGGCATGCTTTGGCTAAATCTGGTTTGTCTGGTTTGTCTTCTCATCCATTTATTGATGAAGCTATTCCAACTGTTAATCAAGATGATGGTATTTGTTATACTCATCCTAAGAAT,0.09430770951740215,0.15481271612190242,0.22111488583800742,0.24594004735948335,0.13792980061383905,0.12011021227265385,0.017493102138960184,0.00829152613775155,611.3528166155529
ATTATTTGGCATGCTTTGGCTAAATCTGGTTTGTCTGGTTTGTCTTCTCATCCATTTATTGATGAATTTATTCCAACTGTTAATCAAGATGATGGTATTTGTGCTACTCATCCTAAGAAT,0.15889806341687757,0.1378199078566313,0.1568157937176905,0.1947921190521964,0.14038133179095244,0.12053530177026932,0.07114400030023986,0.01961348209514261,784.287276185122
ATTATTTGGCATGCTTTGGCTAAATCTGGTTTGTCTGGTTTGTCTTCTCATCCATTTATTGATGAATTTATTCCAACTGTTAATCAAGATGATGGTATTTGTTATACTCATCCTAAGAAT,0.1285799373482847,0.12074282330050405,0.11733187046884802,0.03809278622970883,0.17738490078560248,0.2042855791617648,0.11130114331728945,0.10228095938799768,1459.6132201433973
ATTATTTGGCATTGGTGGGCTAAATCTGGTTGGTCTGGTTGGTCTTCTCATCCATGGATTGATGAATGGATTCCAACTGTTAATCAAGATGATGGTATTTGTTGGACTCATCCTAAGAAT,0.21480725806076797,0.17162681333972013,0.08647768953397894,0.13335964565718836,0.11206189016448809,0.11002871650372438,0.11133027313530289,0.06030771360482931,1074.0576379578827
ATTATTTGGCATTTGGCTGCTAAATCTGGTGCTTCTGGTGCTTCTTCTCATCCATTTATTGATGAATTTATTCCAACTGTTAATCAAGATGATGGTATTTGTTATACTCATCCTAAGAAT,0.017518428003885315,0.027697534883405036,0.031141422797808474,0.5866517160468832,0.06165275742625314,0.13075381218814813,0.120695221310397,0.023889107343219695,993.6784046574566
ATTATTTGGCATTTGGCTGCTAAATCTGGTGCTTCTGGTTTGTCTTCTCATCCATTTATTGATGAATTTATTCCAACTGTTAATCAAGATGATGGTATTTGTTATACTCATCCTAAGAAT,0.0781292441472029,0.09747351964357003,0.1769401409867234,0.222205285730194,0.14935877969434425,0.08307187701368698,0.07535925583903434,0.11746189694524418,1371.6493567804814
ATTATTTGGCATTTGGCTGCTAAATCTGGTTTGTCTGGTGCTTCTTCTCATCCATTTATTGATGAATTTATTCCAACTGTTAATCAAGATGATGGTATTTGTTATACTCATCCTAAGAAT,0.4193847019131789,0.37337880812049395,0.12020017508176044,0.04675529151226118,0.020567120888417778,0.014928912536536205,0.004401111642599747,0.0003838783047518153,262.26112602653944
ATTATTTGGCATTTGGCTGCTAAATCTGGTTTGTCTGGTTTGTCTTCTCATCCAGCTATTGATGAATTTATTCCAACTGTTAATCAAGATGATGGTATTTGTTATACTCATCCTAAGAAT,0.6647520721942001,0.19591187184978026,0.12837897178062663,0.0016597959811187626,0.0010632616804894073,0.001217261259110088,0.005927366351779542,0.001089398902895136,211.55451511802178
ATTATTTGGCATTTGGCTGCTAAATCTGGTTTGTCTGGTTTGTCTTCTCATCCATTTATTGATGAAGCTATTCCAACTGTTAATCAAGATGATGGTATTTGTTATACTCATCCTAAGAAT,0.13932150548699457,0.21804946486856672,0.09631346597374836,0.07739073307965542,0.1144069259734479,0.12060824180213732,0.08614231498532221,0.14776734783012743,1557.205471261322
ATTATTTGGCATTTGGCTGCTAAATCTGGTTTGTCTGGTTTGTCTTCTCATCCATTTATTGATGAATTTATTCCAACTGTTAATCAAGATGATGGTATTTGTGCTACTCATCCTAAGAAT,0.439196521307552,0.3300128631641976,0.13855251266803684,0.05196812694096809,0.0016624343976367575,0.013495533940914869,0.009862071495405828,0.015249936085288105,355.5015180846676
ATTATTTGGCATTTGGCTGCTAAATCTGGTTTGTCTGGTTTGTCTTCTCATCCATTTATTGATGAATTTATTCCAACTGTTAATCAAGATGATGGTATTTGTTATACTCATCCTAAGAAT,0.02280437092261573,0.06883204795776206,0.1702592456813613,0.07600464739248837,0.2022441692864819,0.20902609530548716,0.169198972938873,0.08163045051493054,1512.2502696757606
ATTATTTGGCATTTGTTGGCTAAAGAAGAATTGGAAGAAGAAGAAGAAGAACCATTTATTGATGAATTTATTCCAGCTGTTAATCAAGATGATGGTATTTGTTATGAAGAACCTAAGAAT,0.16599418594432205,0.0,0.0,0.18441390928539608,0.24535761409231693,0.2282267507998512,0.07697550030789789,0.09903203957021581,1444.0730383052855
ATTATTTGGCATTTGTTGGCTAAAGAAGGTTTGGAAGGTTTGGAAGAACATCCATTTATTGATGAATTTATTCCAGAAGTTAATCAAGATGATGGTATTTGTGAAGAACATCCTAAGAAT,0.08380733854387049,0.05621369464105851,0.034761791674504834,0.1241428133140665,0.16516858516517216,0.07681825906627966,0.25908987021395413,0.19999764738109369,2272.922564383052
ATTATTTGGCATTTGTTGGCTAAAGAAGGTTTGGAAGGTTTGGAAGAACATCCATTTATTGATGAATTTATTCCAGAAGTTAATCAAGATGATGGTATTTGTTATGAACATCCTAAGAAT,0.11744429411604794,0.1312927523508429,0.10554657072720637,0.1812175368103699,0.205742872555149,0.1973584693340882,0.030256525908694636,0.03114097819760111,875.9687692701855
ATTATTTGGCATTTGTTGGCTAAAGAAGGTTTGGAAGGTTTGGAAGAACATCCATTTATTGATGAATTTATTCCAGCTGTTAATCAAGATGATGGTATTTGTTATGAACATCCTAAGAAT,0.12594738682932174,0.13044565825599366,0.08297057644523993,0.12757710280414883,0.20806570564622232,0.12223488163727378,0.10993851376470008,0.09282017461709974,1341.5927847952453
ATTATTTGGCATTTGTTGGCTAAAGATGATTTGGATGATGATGATGATGATCCATTTATTGATGAATTTATTCCAGATGATAATCAAGATGATGGTATTTGTTATGATGATCCTAAGAAT,0.22848616576339548,0.23430619747804604,0.2187045990365107,0.13668328091616447,0.09092666551523451,0.044302849748547694,0.020375872275997835,0.026214369266103266,577.745981828191
ATTATTTGGCATTTGTTGGCTAAAGATGATTTGGATGATGATGATGATGATCCATTTATTGATGAATTTATTCCAGCTGTTAATCAAGATGATGGTATTTGTTATGATGATCCTAAGAAT,0.04802552312886648,0.11596707043295454,0.047808316333277596,0.08536756311348068,0.17036877820845808,0.17608181534487805,0.276155331899692,0.08022560153839252,1689.7235450432909
ATTATTTGGCATTTGTTGGCTAAAGATGGTTTGGATGGTTTGGATGATCATCCATTTATTGATGAATTTATTCCAGATGTTAATCAAGATGATGGTATTTGTGATGATCATCCTAAGAAT,0.06288187687998119,0.11862551426447346,0.06846599233707028,0.261973619874176,0.09294631130089141,0.15129940325936608,0.06560964040758294,0.1781976416764586,1767.851822456924
ATTATTTGGCATTTGTTGGCTAAAGATGGTTTGGATGGTTTGGATGATCATCCATTTATTGATGAATTTATTCCAGATGTTAATCAAGATGATGGTATTTGTTATGATCATCCTAAGAAT,0.057785090990171165,0.16477200810247528,0.29678304319345616,0.27461063775272015,0.1057595539733115,0.08736131226163903,0.009388397010691215,0.0035399567155354216,526.4281882369851
ATTATTTGGCATTTGTTGGCTAAAGATGGTTTGGATGGTTTGGATGATCATCCATTTATTGATGAATTTATTCCAGCTGTTAATCAAGATGATGGTATTTGTTATGATCATCCTAAGAAT,0.2940979890861673,0.23671914426994978,0.13174553759399885,0.16990110212199697,0.08114569611896133,0.07548010537653234,0.010910425432393301,0.0,418.9144955097642
ATTATTTGGCATTTGTTGGCTAAAGCTGGTTTGGCTGGTTTGGCTGCTCATCCATTTATTGATGAATTTATTCCAGAAGAGAATCAAGATGATGGTATTTGTTATGCTCATCCTAAGAAT,0.011534311960073809,0.012330252556740345,0.03887184608178985,0.05713010558396755,0.010182028666034276,0.2808297104185564,0.34655365883192246,0.24256808590091528,2876.292086472462
ATTATTTGGCATTTGTTGGCTAAAGCTGGTTTGGCTGGTTTGGCTGCTCATCCATTTATTGATGAATTTATTCCAGAAGTTAATCAAGATGATGGTATTTGTTATGCTCATCCTAAGAAT,0.12642090226833844,0.19079258176703298,0.12360182785407921,0.14044933363215037,0.1334742572694758,0.062077543761438474,0.14237358158407354,0.08080997186341121,1243.4156347073322
ATTATTTGGCATTTGTTGGCTAAAGCTGGTTTGGCTGGTTTGGCTGCTCATCCATTTATTGATGAATTTATTCCAGATGATAATCAAGATGATGGTATTTGTTATGCTCATCCTAAGAAT,0.30621276335291325,0.3014385772545624,0.23162461149116276,0.11721406984553331,0.012614985316053422,0.02332753784724473,0.002767016004130891,0.0048004388883992576,328.7266341229847
ATTATTTGGCATTTGTTGGCTAAAGCTGGTTTGGCTGGTTTGGCTGCTCATCCATTTATTGATGAATTTATTCCAGATGTTAATCAAGATGATGGTATTTGTTATGCTCATCCTAAGAAT,0.09074094289224167,0.1369449074935259,0.11291318187548907,0.1260126364953986,0.2011875999319224,0.12476045737986012,0.12623627938180113,0.08120399454976107,1313.6555582900578
ATTATTTGGCATTTGTTGGCTAAAGCTGGTTTGGCTGGTTTGGCTGCTCATCCATTTATTGATGAATTTATTCCAGCTGTTAATCAAGATGATGGTATTTGCTTTGCTCATCCTAAGAAT,0.09133457267506906,0.0861505030645424,0.07576790871001553,0.12895096492764407,0.1500027961703091,0.1656914049830699,0.1817694225927231,0.12033242687662689,1699.6198379200466
ATTATTTGGCATTTGTTGGCTAAAGCTGGTTTGGCTGGTTTGGCTGCTCATCCATTTATTGATGAATTTATTCCAGCTGTTAATCAAGATGATGGTATTTGTGCTGCTCATCCTAAGAAT,0.054237401486976484,0.08003531089557586,0.022496708333838975,0.06025591306583361,0.11045483036486416,0.10937144918306003,0.1877955432411748,0.3753528434286762,3171.2167245746964
ATTATTTGGCATTTGTTGGCTAAAGCTGGTTTGGCTGGTTTGGCTGCTCATCCATTTATTGATGAATTTATTCCAGCTGTTAATCAAGATGATGGTATTTGTTATGCTCATCCTAAGAAT,0.08429184444748572,0.08480801479017591,0.05993615330699946,0.16053493647044792,0.16612345565735956,0.2097121194404497,0.13401654028802604,0.10057693559905574,1531.4809343910931
ATTATTTGGCATTTGTTGGCTAAAGTTGGTGCTTCTGGTGTTAAACCACATCCATTTATTGATGAATTTATTCCAACTGTTGATGAAGATGATGGTATTTGTTATACTCATCCACAGAAT,0.4008178490927779,0.25109407426778724,0.1223364556957646,0.08401793070320132,0.05961788630280524,0.006931920846832128,0.021041760708096557,0.05414212238273496,653.5430644824438
ATTATTTGGCATTTGTTGGCTAAATCTGGTATCTTTCCACATTCTTCTTTGGGTTCTTTGGATGAATTTATTCCAACTGTTAATCAAGATGATGGTATTTGTTATACTCATCCTAAGAAT,0.0916059826997996,0.12288925595901169,0.060794448640447904,0.16283382252211476,0.24071767171512215,0.2127152306438225,0.07929581254635405,0.029147775273327462,1009.0385672964273
ATTATTTGGCATTTGTTGGCTAAATCTGGTGCTTCTGGTGCTTCTTCTCATCCAGCTATTGATGAATTTATTCCAACTGTTAATCAAGATGATGGTATTTGTTATACTCATCCTAAGAAT,0.0050409363237035616,0.004610731863144718,0.0034214573836583583,0.0030547141328237104,0.029051595228992033,0.3189579290591527,0.48749659135718854,0.1483660446513363,2668.7934132557302
ATTATTTGGCATTTGTTGGCTAAATCTGGTGCTTCTGGTGCTTCTTCTCATCCATTTATTGATGAATTTATTCCAACTGTTAATCAAGATGATGGTATTTGTTATACTCATCCTAAGAAT,0.16661309710510733,0.16763337065580647,0.10366221871095412,0.09255074929433438,0.14365891905980577,0.20998788870396864,0.11589375647002324,0.0,841.3682454781838
ATTATTTGGCATTTGTTGGCTAAATCTGGTGCTTCTGGTTTGTCTTCTCATCCAGCTATTGATGAATTTATTCCAACTGTTAATCAAGATGATGGTATTTGTTATACTCATCCTAAGAAT,0.19570418085522978,0.2148028329205868,0.06641558944628645,0.11859311221609338,0.12272155863172582,0.09784555034632818,0.09900298932199232,0.08491418626175729,1183.8536056733426
ATTATTTGGCATTTGTTGGCTAAATCTGGTGCTTCTGGTTTGTCTTCTCATCCATTTATTGATGAAGCTATTCCAACTGTTAATCAAGATGATGGTATTTGTTATACTCATCCTAAGAAT,0.24775848078919763,0.23416804141056788,0.14013519000992827,0.158478002229944,0.05918613499562695,0.07569892045977021,0.04874187915366921,0.035833350951295806,717.9135180073077
ATTATTTGGCATTTGTTGGCTAAATCTGGTGCTTCTGGTTTGTCTTCTCATCCATTTATTGATGAATTTATTCCAACTGTTAATCAAGATGATGGTATTTGTGCTACTCATCCTAAGAAT,0.0892344667442745,0.07980524780089539,0.10281352169834905,0.1358536746739888,0.10747271303591475,0.1514681371872037,0.14406429742138774,0.1892879414379862,1998.3101434998973
ATTATTTGGCATTTGTTGGCTAAATCTGGTGCTTCTGGTTTGTCTTCTCATCCATTTATTGATGAATTTATTCCAACTGTTAATCAAGATGATGGTATTTGTTATACTCATCCTAAGAAT,0.4371271129712712,0.3564817899214698,0.130929286937756,0.06741409582097022,0.00031919072237651214,0.0012371034711065895,0.0005006949884042897,0.005990725166645338,265.52128739258166
ATTATTTGGCATTTGTTGGCTAAATCTGGTTTGTCTGGTGCTTCTTCTCATCCAGCTATTGATGAAGCTATTCCAACTGTTAATCAAGATGATGGTATTTGTTATACTCATCCTAAGAAT,0.4605575851652709,0.2495411170901676,0.17293960108605824,0.08616138289837258,0.014496315971724294,0.004967857080826784,0.010412290663176442,0.0009238500444030502,276.12847846742784
ATTATTTGGCATTTGTTGGCTAAATCTGGTTTGTCTGGTGCTTCTTCTCATCCAGCTATTGATGAATTTATTCCAACTGTTAATCAAGATGATGGTATTTGTTATACTCATCCTAAGAAT,0.4129471867271234,0.31529483635275124,0.15673275690075197,0.07210726846942685,0.01666676292630723,0.012314346652380006,0.005795902015818904,0.00814093995544043,318.22662886904226
ATTATTTGGCATTTGTTGGCTAAATCTGGTTTGTCTGGTGCTTCTTCTCATCCATTTATTGATGAAGCTATTCCAACTGTTAATCAAGATGATGGTATTTGTTATACTCATCCTAAGAAT,0.14957059810456938,0.10944473457878268,0.11843851223951662,0.15106169123664032,0.1607867271452391,0.08724368411762848,0.12610815860209537,0.09734589397552808,1349.4127343372297
ATTATTTGGCATTTGTTGGCTAAATCTGGTTTGTCTGGTGCTTCTTCTCATCCATTTATTGATGAATTTATTCCAACTGTTAATCAAGATGATGGTATTTGTGCTACTCATCCTAAGAAT,0.5197769025422996,0.3062991103826964,0.11546218021457556,0.02906166366964581,0.005891229764913229,0.009781516296296125,0.007313107484602607,0.006414289644970695,278.3798785342275
ATTATTTGGCATTTGTTGGCTAAATCTGGTTTGTCTGGTGCTTCTTCTCATCCATTTATTGATGAATTTATTCCAACTGTTAATCAAGATGATGGTATTTGTTATACTCATCCTAAGAAT,0.16960359873399716,0.23800094216570547,0.22493024064988193,0.19710125833555753,0.08796235863092071,0.0582973404201118,0.013453164932752008,0.010651096131073312,501.17615038117424
ATTATTTGGCATTTGTTGGCTAAATCTGGTTTGTCTGGTTTGTCTTCTCATCCAGCTATTGATGAAGCTATTCCAACTGTTAATCAAGATGATGGTATTTGTGCTACTCATCCTAAGAAT,0.3486683935377394,0.30335242098212245,0.2205160167646804,0.08736719179873809,0.014762479715825002,0.011589349997623745,0.006803439439310841,0.006940707763960047,327.0094163555994
ATTATTTGGCATTTGTTGGCTAAATCTGGTTTGTCTGGTTTGTCTTCTCATCCAGCTATTGATGAAGCTATTCCAACTGTTAATCAAGATGATGGTATTTGTTATACTCATCCTAAGAAT,0.2672875967566784,0.22937666139348756,0.17608150941327375,0.14847372617596094,0.07359340519046256,0.04683771042517982,0.025518642784660896,0.03283074786029609,619.2265529290019
ATTATTTGGCATTTGTTGGCTAAATCTGGTTTGTCTGGTTTGTCTTCTCATCCAGCTATTGATGAATTTATTCCAACTGTTAATCAAGATGATGGTATTTGTGCTACTCATCCTAAGAAT,0.12950940982923836,0.23113702930250474,0.2903904278131893,0.16791871739526767,0.12100668393436509,0.03201981917127044,0.004595132076863094,0.02342278047730123,549.2972398079556
ATTATTTGGCATTTGTTGGCTAAATCTGGTTTGTCTGGTTTGTCTTCTCATCCAGCTATTGATGAATTTATTCCAACTGTTAATCAAGATGATGGTATTTGTTATACTCATCCTAAGAAT,0.5842026999339426,0.25791255017706827,0.07556866088089602,0.02414662721396652,0.02559089888061916,0.024170360458721247,0.005261805174468757,0.003146397280317443,269.56207199850047
ATTATTTGGCATTTGTTGGCTAAATCTGGTTTGTCTGGTTTGTCTTCTCATCCATTTATTAATAACTTTATTCCAACTGTTAATCAGAATAATGGTATTTGTTATACTCATCCTAAGAAT,0.09253897311539339,0.07758803804488414,0.09595879552737512,0.22274992951607533,0.06079233444895545,0.11309562995344943,0.17165019878288512,0.16562610061098193,1870.4893599854554
ATTATTTGGCATTTGTTGGCTAAATCTGGTTTGTCTGGTTTGTCTTCTCATCCATTTATTCAACAATTTATTCCAACTGTTAATCAACAACAAGGTATTTGTTATACTCATCCTAAGAAT,0.07896249379412877,0.10923829025219431,0.07369253177454817,0.09869023330691458,0.145894033651616,0.08142462923249084,0.16477564222222169,0.24732214576588574,2333.079919248834
ATTATTTGGCATTTGTTGGCTAAATCTGGTTTGTCTGGTTTGTCTTCTCATCCATTTATTGAAGAATTTATTCCAACTGTTAATCAAGAAGAAGGTATTTGTTATACTCATCCTAAGAAT,0.021658810838340738,0.03695070420089018,0.06796356070174978,0.1956361809436762,0.24776128087886762,0.30037821191379693,0.10043712018411376,0.029214130338564754,1176.9335943579827
ATTATTTGGCATTTGTTGGCTAAATCTGGTTTGTCTGGTTTGTCTTCTCATCCATTTATTGATCAGAATGTTACTCCAATCTTTGAAGATGATGGTATTTGTTATACTCATCCTAAGAAT,0.3964533909347101,0.30288940003449144,0.2453628567172408,0.02729993177935147,0.012940562248057829,0.013313709553100732,0.001384027467502669,0.00035612126554486804,258.12099372323354
ATTATTTGGCATTTGTTGGCTAAATCTGGTTTGTCTGGTTTGTCTTCTCATCCATTTATTGATGAAGCTATTCCAACTGTTAATCAAGATGATGGTATTTGTGCTACTCATCCTAAGAAT,0.1123906633891621,0.14633739990623948,0.1480795808983109,0.23503475615750427,0.15635362653239274,0.12119751643355392,0.049052476613816336,0.03155398006902025,828.0036264202898
ATTATTTGGCATTTGTTGGCTAAATCTGGTTTGTCTGGTTTGTCTTCTCATCCATTTATTGATGAAGCTATTCCAACTGTTAATCAAGATGATGGTATTTGTTATACTCATCCTAAGAAT,0.05586282548338596,0.09367484602395455,0.06951271579109379,0.07585319375805645,0.12232797547237673,0.17068055831852005,0.2935892867471028,0.1184985984055098,1932.0165243655867
ATTATTTGGCATTTGTTGGCTAAATCTGGTTTGTCTGGTTTGTCTTCTCATCCATTTATTGATGAATTTATTAAGACTGTTAATCAAGATGATGGTATTTGTTATACTCATCCTAAGAAT,0.11593822401223502,0.15484747708038088,0.2983387142614094,0.273733023423936,0.08531691434810458,0.049334107080363586,0.015417987370943298,0.00707355242262735,503.0166411159963
ATTATTTGGCATTTGTTGGCTAAATCTGGTTTGTCTGGTTTGTCTTCTCATCCATTTATTGATGAATTTATTACTCCAGTTAATCAAGATGATGGTATTTGTTATACTCATCCTAAGAAT,0.05825375853856377,0.03516628908600813,0.02692406420200575,0.049925275325903046,0.07708487434913937,0.24867144777479494,0.3689295541775499,0.13504473654603516,2263.6157444043965
ATTATTTGGCATTTGTTGGCTAAATCTGGTTTGTCTGGTTTGTCTTCTCATCCATTTATTGATGAATTTATTACTGATGTTAATCAAGATGATGGTATTTGTTATACTCATCCTAAGAAT,0.2088704771428498,0.29125985881987954,0.19607039192542716,0.12823706050256295,0.06860743898220775,0.07053487635271473,0.025489018099219655,0.010930878175138341,511.3655476210497
ATTATTTGGCATTTGTTGGCTAAATCTGGTTTGTCTGGTTTGTCTTCTCATCCATTTATTGATGAATTTATTCCAACTGCTAATCAAGATGATGGTATTTGTTATACTCATCCTAAGAAT,0.1350537189165194,0.07411676463158652,0.1069432210848247,0.16368010915940034,0.07259062184868283,0.12379096804467705,0.1480290165780183,0.17579557973629084,1878.1441294039068
ATTATTTGGCATTTGTTGGCTAAATCTGGTTTGTCTGGTTTGTCTTCTCATCCATTTATTGATGAATTTATTCCAACTGTTAAGAAAGATGATGGTATTTGTTATACTCATCCTAAGAAA,0.14808255407560794,0.1840456723612562,0.1625876643473187,0.12580535417835234,0.1287542691364985,0.07984309923929053,0.05655130796863288,0.11433007869304293,1262.0159809304487
ATTATTTGGCATTTGTTGGCTAAATCTGGTTTGTCTGGTTTGTCTTCTCATCCATTTATTGATGAATTTATTCCAACTGTTAATCAAGAAGATGGTATTTGTTATACTCATCCTAAGAAT,0.027774618367293367,0.13173929663051176,0.18761822162587594,0.3306070581554179,0.17594542473595715,0.1200180072654452,0.007359862403857087,0.01893751081564157,696.762879141289
ATTATTTGGCATTTGTTGGCTAAATCTGGTTTGTCTGGTTTGTCTTCTCATCCATTTATTGATGAATTTATTCCAACTGTTAATCAAGATAATAAACCACATACTTATTGTATTGGTGAT,0.052138868207367114,0.05245814627805689,0.12975764458766606,0.2647977772994115,0.21285162072145408,0.1843358199959805,0.041448083011387464,0.06221203989867653,1110.414247176077
ATTATTTGGCATTTGTTGGCTAAATCTGGTTTGTCTGGTTTGTCTTCTCATCCATTTATTGATGAATTTATTCCAACTGTTAATCAAGATGATGGTATTTGTGCTACTCATCCTAAGAAT,0.4440694309404206,0.3314759390892281,0.15429635309309728,0.031147457395377633,0.00900475789943389,0.008987663111137962,0.0048249492206903655,0.016193449250614212,344.2051391569679
ATTATTTGGCATTTGTTGGCTAAATCTGGTTTGTCTGGTTTGTCTTCTCATCCATTTATTGATGAATTTATTCCAACTGTTAATCAAGATGATGGTATTTGTTATACTCATCCTAAGAAT,0.3710695370563348,0.34000773076180335,0.19634218811482548,0.042252113589697354,0.011766777717644982,0.009521710079082688,0.015203700138436377,0.01383624254217501,369.6386363867982
ATTATTTGGCATTTGTTGGCTAAATCTGGTTTGTCTGGTTTGTCTTCTCATCCATTTATTGATGAATTTATTCCAACTGTTAATCAAGCTGATGGTATTTGTTATACTCATCCTAAGAAT,0.1934511895918535,0.16615251999901565,0.11742454926746955,0.18346633683844185,0.10693768738455284,0.10812097866474166,0.0568879834630911,0.06755875479083391,1002.489105071461
ATTATTTGGCATTTGTTGGCTAAATCTGGTTTGTCTGGTTTGTCTTCTCATCCATTTATTGATGAATTTATTCCAACTGTTAATCAAGCTGCTGGTATTTGTTATACTCATCCTAAGAAT,0.12082272146376526,0.08509381484338567,0.09020720408116532,0.1342299446747318,0.11905948993672788,0.21041884197184135,0.16808521419577926,0.07208276883260349,1405.807500585166
ATTATTTGGCATTTGTTGGCTAAATCTGGTTTGTCTGGTTTGTCTTCTCATCCATTTATTGATGAATTTATTCCAACTGTTAGAAGAGATGATGGTATTTGTTATACTCATCCTAAGAGA,0.06300183976070696,0.02668953196952379,0.049513341338196334,0.08841209261966095,0.1078273605858531,0.240109384003964,0.34135970043476166,0.08308674928733328,1898.7856847425883
ATTATTTGGCATTTGTTGGCTAAATCTGGTTTGTCTGGTTTGTCTTCTCATCCATTTATTGATGAATTTATTCCAACTGTTGAAGAAGATGATGGTATTTGTTATACTCATCCTAAAGAA,0.24940943320175984,0.17924051370424776,0.1773438714335597,0.03958363130761265,0.10532985686795908,0.09797572854675247,0.06608980495481849,0.08502715998329008,1083.91078748542
ATTATTTGGCATTTGTTGGCTAAATCTGGTTTGTCTGGTTTGTCTTCTCATCCATTTATTGATGAATTTATTCCAACTGTTGATGATGATGATGGTATTTGTTATACTCATCCTAAAGAT,0.09352847624693726,0.11501258769760185,0.04741482348762728,0.0692713094581491,0.12288475259856085,0.14605631457119636,0.22810146922349311,0.17773026671643416,2105.7151846943366
ATTATTTGGCATTTGTTGGCTAAATCTGGTTTGTCTGGTTTGTCTTCTCATCCATTTATTGATGAATTTATTCCAACTGTTGCTGCTGATGATGGTATTTGTTATACTCATCCTAAAGCT,0.15225649810300473,0.22584829944120555,0.27912645949365417,0.21828466958844292,0.06498446083961736,0.04309807754998971,0.0110061854054189,0.005395349578666603,445.6178384263803
ATTATTTGGCATTTGTTGGCTAAATCTGGTTTGTCTGGTTTGTCTTCTCATCCATTTATTGATGAATTTATTCCAGAAGAGAATCAAGATGATGGTATTTGTTATACTCATCCTAAGAAT,0.24494886238438043,0.09857953342982492,0.06096025579422637,0.16327792577915617,0.19309935259031366,0.08980857999104198,0.0908709476762638,0.0584545423547928,1037.6439889943676
ATTATTTGGCATTTGTTGGCTAAATCTGGTTTGTCTGGTTTGTCTTCTCATCCATTTATTGATGAATTTATTCCAGAAGTTAATCAAGATGATGGTATTTGTTATACTCATCCTAAGAAT,0.1641278486553447,0.40635338163340196,0.23694896120980505,0.16828000648756486,0.005313507920536879,0.011518928375311079,0.0071914993488382175,0.00026586636919726365,320.14334591617245
ATTATTTGGCATTTGTTGGCTAAATCTGGTTTGTCTGGTTTGTCTTCTCATCCATTTATTGATGAATTTATTCCAGATGATAATCAAGATGATGGTATTTGTTATACTCATCCTAAGAAT,0.13564960069713228,0.16403063011749838,0.24428113146047817,0.1338534220146007,0.1303489988751613,0.17955521047725534,0.00976769962536753,0.0025133067325062396,591.547456931695
ATTATTTGGCATTTGTTGGCTAAATCTGGTTTGTCTGGTTTGTCTTCTCATCCATTTATTGATGAATTTATTCCAGATGTTAATCAAGATGATGGTATTTGTTATACTCATCCTAAGAAT,0.15396019992685173,0.1721144356396649,0.12771989873466194,0.13303465705370288,0.1517133751977678,0.1254406672294622,0.095193401700214,0.04082336451767448,964.8864109742981
ATTATTTGGCATTTGTTGGCTAAATCTGGTTTGTCTGGTTTGTCTTCTCATCCATTTATTGATGAATTTATTCCAGCTGTTAATCAAGATGATGGTATTTGTTATACTCATCCTAAGAAT,0.03827313631494316,0.03850750605755592,0.04762504624628553,0.11905643691817673,0.15085838268599397,0.16137427173199148,0.29816933545298735,0.1461358845920659,2127.003653629296
ATTATTTGGCATTTGTTGGCTAAATCTGGTTTGTCTGGTTTGTCTTCTCATCCATTTATTGATGAATTTATTCCATATGTTAATCAAGATGATGGTATTTGTTATACTCATCCTAAGAAT,0.18166137564404086,0.24792927361196881,0.2501198194960474,0.1850013234093485,0.058012594833265804,0.05242038081438578,0.01482013253501654,0.010035099655926112,476.1531832148952
ATTATTTGGCATTTGTTGGCTAAATCTGGTTTGTCTGGTTTGTCTTCTCATCCATTTATTGATGAATTTATTCCATCTGTTAATCAAGATGATGGTATTTGTTATACTCATCCTAAGAAT,0.04710434914405221,0.02369639889289164,0.08059443661473153,0.13736975148572672,0.13925078946117692,0.19429245354342814,0.20205164173721143,0.1756401791207813,2118.8556233084973
ATTATTTGGCATTTGTTGGCTAAATCTGGTTTGTCTGGTTTGTCTTCTCATCCATTTATTGATGAATTTATTTCTCCAGTTAATCAAGATGATGGTATTTGTTATACTCATCCTAAGAAT,0.018487312273734707,0.022177544693118095,0.057511559463077996,0.15009106093894323,0.28026949069814455,0.3082790282098162,0.14112496315829223,0.02205904056487295,1243.492478937163
ATTATTTGGCATTTGTTGGCTAAATCTGGTTTGTCTGGTTTGTCTTCTCATCCATTTATTGATGAATTTATTTCTGAAGTTAATCAAGATGATGGTATTTGTTATACTCATCCTAAGAAT,0.034190399855345284,0.03931402115889167,0.024311261199584686,0.03255803514951314,0.0,0.7790006133428745,0.049829721988362,0.04079594730542879,1489.137092841941
ATTATTTGGCATTTGTTGGCTAAATCTGGTTTGTCTGGTTTGTCTTCTCATCCATTTATTGATGAATTTATTTCTGGTGTTAATCAAGATGATGGTATTTGTTATACTCATCCTAAGAAT,0.04727072263130837,0.04756019007931298,0.029410580999765398,0.052516169199499634,0.06987131299362377,0.010832149906064754,0.16440429089853753,0.5781345832918876,4223.606161937712
ATTATTTGGCATTTGTTGGCTAAATCTGGTTTGTCTGGTTTGTCTTCTCATCCATTTATTGATGAATTTATTTCTTCTGTTAATCAAGATGATGGTATTTGTTATACTCATCCTAAGAAT,0.11084142090664506,0.031862905853996586,0.17733232662647136,0.14073263813502268,0.10922385191402119,0.1886817120373445,0.1468566724721506,0.09446847205434815,1473.7133566738692
ATTATTTGGCATTTGTTGGCTAAATCTGGTTTGTCTGGTTTGTCTTCTCATCCATTTATTGATGACTTTATTCCAACTGTTAATCAAGATGATGGTATTTGTTATACTCATCCTAAGAAT,0.16783336980275343,0.23538216145579544,0.11391429795209274,0.19210739773895705,0.08018622369878405,0.08857280266864838,0.06131932508089217,0.0606844216020767,938.5311211506514
ATTATTTGGCATTTGTTGGCTAAATCTGGTTTGTCTGGTTTGTCTTCTCATCCATTTATTGATGCATTTATTCCAACTGTTAATCAAGATGATGGTATTTGTTATACTCATCCTAAGAAT,0.03305906752967064,0.049169186257903404,0.0894281251955534,0.16128164144534216,0.24078370285026005,0.20684490482830403,0.14397137692288453,0.07546199497008171,1445.8497778668182
ATTATTTGGCATTTGTTGGCTAAATCTGGTTTGTCTGGTTTGTCTTCTCATCCATTTATTGATGCATTTATTCCAACTGTTAATCAAGATGCTGGTATTTGTTATACTCATCCTAAGAAT,0.13407615911415385,0.16862148645126585,0.13903100828110165,0.13033480625003452,0.07706971590546284,0.12801555359483008,0.12952988092701254,0.09332138947613876,1331.9142255880456
ATTATTTGGCATTTGTTGGCTAAATCTGGTTTGTCTGGTTTGTCTTCTCATCCATTTATTGATGCATTTATTCCAACTGTTAATCAAGCTGATGGTATTTGTTATACTCATCCTAAGAAT,0.06603417275862383,0.04775270080382953,0.06676263504481596,0.05502129431025521,0.03253525012426299,0.02648068470818377,0.24497308536905893,0.4604401768809697,3692.98754641227
ATTATTTGGCATTTGTTGGCTAAATCTGGTTTGTCTGGTTTGTCTTCTCATCCATTTATTGATGCATTTATTCCAACTGTTAATCAAGCTGCTGGTATTTGTTATACTCATCCTAAGAAT,0.48041030767207604,0.2692081695937591,0.14975143137220848,0.0510749059413817,0.020594485980801564,0.016724975374105815,0.0076707574357373215,0.004564966629929937,295.87542813901047
ATTATTTGGCATTTGTTGGCTAAATCTGGTTTGTCTGGTTTGTCTTCTCATCCATTTATTGCTGAATTTATTCCAACTGTTAATCAAGATGCTGGTATTTGTTATACTCATCCTAAGAAT,0.5017580207700219,0.3152879046703283,0.11143645016054704,0.019285593594776752,0.0045639136682841435,0.021388339449550722,0.013771766498330614,0.0125080111881605,342.10544905129416
ATTATTTGGCATTTGTTGGCTAAATCTGGTTTGTCTGGTTTGTCTTCTCATCCATTTATTGCTGAATTTATTCCAACTGTTAATCAAGCTGATGGTATTTGTTATACTCATCCTAAGAAT,0.04623913329614399,0.04264542671936781,0.07192188417405795,0.12414442874078933,0.2809800999767975,0.16600023713729928,0.20370089344241948,0.06436789651312472,1482.2700973110977
ATTATTTGGCATTTGTTGGCTAAATCTGGTTTGTCTGGTTTGTCTTCTCATCCATTTATTGCTGAATTTATTCCAACTGTTAATCAAGCTGCTGGTATTTGTTATACTCATCCTAAGAAT,0.06282170560324524,0.10534400199818732,0.2605732482095153,0.13958556743856854,0.1444448001949847,0.11516542918230158,0.09710645770503634,0.07495878966816111,1185.1958463697442
ATTATTTGGCATTTGTTGGCTAAATCTGGTTTGTCTGGTTTGTCTTCTCATCCATTTATTGCTGCATTTATTCCAACTGTTAATCAAGATGATGGTATTTGTTATACTCATCCTAAGAAT,0.1930477587839082,0.20717856840641605,0.18817101596448027,0.11438373916081102,0.07926271170889802,0.06488115998947004,0.09548895290067773,0.05758609308533863,958.4061719674824
ATTATTTGGCATTTGTTGGCTAAATCTGGTTTGTCTGGTTTGTCTTCTCATCCATTTATTGCTGCATTTATTCCAACTGTTAATCAAGATGCTGGTATTTGTTATACTCATCCTAAGAAT,0.4797613093318553,0.27373769881947563,0.1550869422187292,0.054312127777019714,0.014954782257232967,0.011611550996651471,0.006055100626553283,0.004480487972482456,284.10787082950895
ATTATTTGGCATTTGTTGGCTAAATCTGGTTTGTCTGGTTTGTCTTCTCATCCATTTATTGCTGCATTTATTCCAACTGTTAATCAAGCTGATGGTATTTGTTATACTCATCCTAAGAAT,0.16451222105654464,0.15112661838762168,0.14240710921578545,0.07151771604922905,0.07753154150169309,0.11801174883746139,0.17247784480826883,0.10241520014339586,1460.764105508536
ATTATTTGGCATTTGTTGGCTAAATCTGGTTTGTCTGGTTTGTCTTCTCATCCATTTATTGCTGCATTTATTCCAACTGTTAATCAAGCTGCTGGTATTTGTTATACTCATCCTAAGAAT,0.06441988112885924,0.04320957555161301,0.060120494033257824,0.08349635292909956,0.06347976685235314,0.10333331908904496,0.38337080549174996,0.19856980492402224,2526.0869180918176
ATTATTTGGCATTTGTTGGCTAATTCTGGTTTGTCTGGTTTGTCTTCTCATCCATTTATTGATGAATTTATTCCAACTGTTAATCAAGATGATGGTATTTGTTATACTCATCCAAATAAT,0.062141455694136705,0.07815248213121471,0.14498532715405904,0.20711114744256454,0.19901242307753886,0.10679848847087622,0.0720412226293529,0.12975745340025693,1487.3253772023554
ATTATTTGGCATTTGTTGGCTCAATCTGGTTTGTCTGGTTTGTCTTCTCATCCATTTATTGATGAATTTATTCCAACTGTTAATCAAGATGATGGTATTTGTTATACTCATCCACAGAAT,0.0787232108320073,0.060568744322237744,0.057622916527864505,0.13376054299713255,0.12320633695473049,0.15705002621199596,0.261983145277785,0.12708507687624657,1906.292408316533
ATTATTTGGCATTTGTTGGCTGAATCTGGTTTGTCTGGTTTGTCTTCTCATCCATTTATTGATGAATTTATTCCAACTGTTAATCAAGATGATGGTATTTGTTATACTCATCCAGAGAAT,0.11332946952133194,0.11402345494190447,0.02820422754282166,0.10072415677825783,0.044670236434150384,0.14542976523430745,0.21021441362914406,0.2434042759180822,2426.7820738024047
ATTATTTGGCATTTGTTGGCTGATTCTGGTTTGTCTGGTTTGTCTTCTCATCCATTTATTGATGAATTTATTCCAACTGTTAATCAAGATGATGGTATTTGTTATACTCATCCAGATAAT,0.18288787510621665,0.10152154981667477,0.12555911820898097,0.09108168699336522,0.11186000262524264,0.12717214848426656,0.1696190213706809,0.09029859739457223,1410.261619616856
ATTATTTGGCATTTGTTGGCTGCTTCTGGTTTGTCTGGTTTGTCTTCTCATCCATTTATTGATGAATTTATTCCAACTGTTAATCAAGATGATGGTATTTGTTATACTCATCCAGCTAAT,0.10103514648813569,0.1609519232686086,0.09429205417872301,0.13095439019115804,0.0829672381487697,0.07717446738134101,0.17179224272019805,0.18083253762306592,1911.8448627095927
ATTCAACCTAAATTGGAGAAACCAGATGGTAGAGGTGATCAGAAATTGGATGAACATGATAATGATATGGTTGATAATCATGAGAATCAGAATGGTGAAGATCCTAAATGGTGGGAAGGT,0.01995749042974054,0.0464373067707405,0.11628136791735749,0.2146089444774821,0.3245586696613611,0.2330127354693433,0.03742548981107128,0.007717995462903613,871.8217538560523
ATTCAACCTAAATTGGAGAAACCAGATGGTAGAGGTGCTCAGAAATTGGATGAACATGATAATGATATGGTTGATAATCATGAGAATCAGAATGGTGAAGATCCTAAATGGTGGGAAGGT,0.18346461948313372,0.11866376904236227,0.09784010213409876,0.20382296826824275,0.10330698328671824,0.19218818391012818,0.08507696093795263,0.01563641293736337,847.9717768654258
ATTCAACCTAAATTGGAGAAACCAGATGGTAGAGGTTCTCAGAAATTGGATGAACATGATAATGATATGGTTGATAATCATGAGAATCAGAATGGTGAAGATCCTAAATGGTGGGAAGGT,0.14618006469377687,0.09805014288819879,0.242531551252673,0.10826739517577103,0.09603118646618938,0.0893262911106835,0.04519147684131784,0.17442189157138968,1599.4488031090818
ATTCAAGAAGAATGTAGAATTGGTTCTACTCCACAGAATGATTGGTACTTCTTCTCTCATAAAGATAAGAAATATCCAACTGGTACTAGAACTAATAGAGCTACTGTTGCTGGATTCTGG,0.10911403580874092,0.17251489759306218,0.09698262656733807,0.05195228233943602,0.1228819148389126,0.1428778777637455,0.1734816182016459,0.13019474688711885,1681.5650332461942
ATTCAATTAAATTCTTCTCCAATCTTGAGAGTTTCTCAATTGCATCATATTCCACAATTGAAGACTGATAATTCTGTCTTGAATCCACATGAGAATTTGGAATCTATGAGAAATATGATT,0.23218611843369164,0.3114772474177034,0.09630666739857005,0.0,0.07626590014471309,0.28376406660532183,0.0,0.0,585.8333132001977
ATTCAGAAAGTCTTGGATCCATCTAATATTGAATTGGATACTCCACCAGAATTTAGATTGTCTCAATTGGAATTTGGTTCTCAAGATTCATTCTTGGCTTGGGGTACTGGTAAGACTGAT,0.11901474556043044,0.12161502974955792,0.14596793032748956,0.16400417160939973,0.2067252726820102,0.17517752404280912,0.047000014478625125,0.02049531154967792,825.2020021737376
ATTCAGAATCCATTGTCTGATATTGTTAAAGAATTGGATACTCCACCAGAATTTAGATTGTCTCAATTGGAATTTGGTTCTCAAGATTCATTCTTGGCTTGGGGTACTGGTAAGACTGAT,0.0886154504230524,0.0,0.11026833259247516,0.09844875916968997,0.0,0.16245080075677862,0.3287449421204263,0.21147171493757735,2515.0028985954054
ATTCATGATGATGACTTTGGTGATGTTAGATGGCATAAAGAAGAAAGAGAAGAACCAGTTGTCTTGGATGGTGTTCAAAGAGGTTGTAAGAAGATTATGGTCTTGTATGGTGGTAAAGCT,0.011028503003550353,0.008876829799792062,0.0054893119941813095,0.004900917079427434,0.006520534845404022,0.014152299569268579,0.2884398846712784,0.6605917190370979,4979.279485959808
ATTCATGATGATGACTTTGGTGATGTTAGATGGCATAAAGAAGGTAGAGAGAAACCAGTTGTCTTGGATGGTGTTCAAAGAGGTTGTAAGAAGATTATGGTCTTGGAAGGTGGTAAAGCT,0.34927789430008377,0.46818539428408956,0.07864765738700075,0.07696326254330177,0.004079581499251266,0.011890201650126409,0.00486353662522783,0.006092471710918728,295.8802613097457
ATTCATGATGATGACTTTGGTGATGTTAGATGGCATAAAGAAGGTAGAGAGAAACCAGTTGTCTTGGATGGTGTTCAAAGAGGTTGTAAGAAGATTATGGTCTTGTATGGTGGTAAAGCT,0.5399719967473704,0.28193440775521567,0.09556503610222157,0.05895165692672932,0.0007162881434877389,0.008994738431482303,0.012031135838454996,0.0018347400550379155,261.43285285158754
ATTCATGATGATGACTTTGGTGATGTTAGATGGCATAAAGATGATAGAGATGATCCAGTTGTCTTGGATGGTGTTCAAAGAGGTTGTAAGAAGATTATGGTCTTGTATGGTGGTAAAGCT,0.10169394319790505,0.2250966898366913,0.12654251033711122,0.06778711257536368,0.1803777629588555,0.16778379146267725,0.09431585945506969,0.03640233017632638,987.5285337432855
ATTCATGATGATGACTTTGGTGATGTTAGATGGCATAAAGATGGTAGAGATAAACCAGTTGTCTTGGATGGTGTTCAAAGAGGTTGTAAGAAGATTATGGTCTTGGATGGTGGTAAAGCT,0.017319254621368317,0.0846372247316842,0.04002357401951269,0.08521060490887741,0.1560366202703273,0.45810490092757516,0.14685906882607766,0.011808751694577279,1278.658601722183
ATTCATGATGATGACTTTGGTGATGTTAGATGGCATAAAGATGGTAGAGATAAACCAGTTGTCTTGGATGGTGTTCAAAGAGGTTGTAAGAAGATTATGGTCTTGTATGGTGGTAAAGCT,0.03637124425197988,0.1197620756188834,0.1357753000915567,0.22040300989812628,0.21178453016669627,0.1939670044214065,0.0582651291359234,0.023671706415427533,915.5101335369058
ATTCATGATGATGACTTTGGTGATGTTAGATGGCATAAAGCTGGTAGAGCTAAACCAGTTGTCTTGGATGGTGTTCAAAGAGGTTGTAAGAAGATTATGGTCTTGGCTGGTGGTAAAGCT,0.16426982107969426,0.15256222645197462,0.08385993432439603,0.06551217379154776,0.1494208084205651,0.17952649064067275,0.14453883178638968,0.060309713504759756,1238.398841057762
ATTCATGATGATGACTTTGGTGATGTTAGATGGCATAAAGCTGGTAGAGCTAAACCAGTTGTCTTGGATGGTGTTCAAAGAGGTTGTAAGAAGATTATGGTCTTGTATGGTGGTAAAGCT,0.5774828420820673,0.2395048739766309,0.09478559637479572,0.001169669729508961,0.052029397230404444,0.005886737899348742,0.028073072123131003,0.0010678105841129184,300.9719305277205
ATTCATGATGATGACTTTGGTGATGTTAGATGGCATAAAGCTGGTAGAGCTAAACCAGTTGTCTTGGATGGTGTTCAAAGAGGTTGTAAGAAGATTATGGTCTTGTTTGGTGGTAAAGCT,0.13313806345013277,0.09568096354673944,0.03944521281116561,0.06339080221183563,0.043731702485254646,0.11041268048068852,0.31751653011965925,0.19668404489452412,2343.6506853019723
ATTCATGATGATGACTTTGGTGATGTTAGATGGCATAAGACTGGTAGAACTAAACCAGTTGTCTTGGATGGTGTTCAAAGAGGTTGTAAGAAGATTATGGTCTTGTATGGTGGTAAAGCT,0.11591672364381399,0.1499484245122413,0.1167661826201496,0.1226471881249006,0.17405727695958315,0.16190460165874013,0.06655179815346142,0.0922078043271099,1264.923413077362
ATTCCAACTGTTGAAGAAGATGATGGTATTTGTTATACTCATCCACAGAATTTGCCAGGTGTTAAACAAGATGGTTCTGCTGCTCACTTCTTTCATCAAGCTATTAAAGCTTATAATACT,0.215243391448932,0.16658573687226388,0.11674962623402482,0.21460214626464402,0.14140148523772916,0.0708232197111287,0.06142371850322209,0.013170675728055348,662.4700059136128
ATTCCAACTGTTGATCAAGATGATGGTATTTGTTATACTCATCCTAAGAATTTGCCAGGTGTTAAACATGATGGTACTATGTCTCACTTCTTTCATAGAGCTATTAAAGCTTATTCTACT,0.17429474567906916,0.08768102932312424,0.13012984232822317,0.17427199460122086,0.051525350367376974,0.11183165355287038,0.14548440544497016,0.12478097870314496,1536.324095882211
ATTCCACCACCACAAGCTAATGATTCTAGAGCTAGAGAAATTGGTAATGGTTCTAAGACTACTATGGTTGATGAAATTCCAATGTCTGTTCCATCTTTGATGACTGGTTTGGATCAAGAT,0.4079570967037053,0.2959897061246017,0.2349025254738241,0.02606164196640445,0.00039684457793998654,0.010520401596375807,0.02297046579619916,0.0012013177609496788,301.8858089919241
ATTCCACCACCACAAGCTAATGCTTCTAGAGCTAGAGAAATTGGTAATGGTTCTAAGACTACTATGGTTGATGAAATTCCAATGTCTGTTCCATCTTTGATGACTGGTTTGGCTCAAGAT,0.2678095067294112,0.254480052713844,0.1444073988754383,0.15206949694217878,0.03225459322517509,0.04091260667183566,0.04415634337591377,0.0639100014662031,822.2238577206588
ATTCCACCACCACAAGCTAATTCTTCTAGAGCTAGAGAAATTGGTAATGGTTCTAAGACTACTATGGTTGATGAAATTCCAATGTCTGTTCCATCTTTGATGACTGGTTTGTCTCAAGAT,0.16242676287355148,0.15482027458233308,0.202115186741754,0.12346621592666736,0.1516323609453109,0.0548509860865699,0.0792854740471557,0.07140273879665761,1038.839637935875
ATTCCATCTAATCCATATCAAGAACAATTGTCTGATACTCCATTGATTCCATTGACTATCTTTGTTGGTGAGAATACTGGTGTTCCACCACCATTGCCACCACCACCACCACCACCACCA,0.038165814498744136,0.03455957434001357,0.03799320056914533,0.1314428679503263,0.15795712825532227,0.1294370691558222,0.20176184002134376,0.2686825052092825,2619.933751449198
ATTGAAATGAATGATTTGTTGATTCCAGAATTGGGTGCTTCTTCTACTGAGAAATCTACTGAGTTCTTGAATCATGGTGAATTTGGTGATGTTAATGAATATGATCAATTGTTTAATGAT,0.0012318314957952717,0.009364164784524513,0.0011921974616721485,0.0011404358352882292,0.00040461823681446456,0.0008154635673144445,0.37955054735050897,0.606300741268082,4842.8197093518775
ATTGAACCAGGTGTTGTTTGTGCTGGTCATGATAATAATCAACCAGATTCATTTGCTGCTTTGTTGTCTTCTTTGAATGAATTGGGTGAAAGACAATTGGTTCATGTTGTTAAATGGGCT,0.018307628884104914,0.05830942675664921,0.11889844775324777,0.27626806685006156,0.3199425515752019,0.1917839579416506,0.015541680128695334,0.000948240110388772,745.4658463833978
ATTGAATTGGATACTCCACCAGACTTTAGATTGGATCAATTGGAATTTGAATCTCAAGATTCTTATACTCCATGGGTTGGTACTAAAGTTGGTGCTGAATGGTCTATGGGTGCTAATTTG,0.15694584403100953,0.17106582902345244,0.1334515998218371,0.14820728212449694,0.13918990335987944,0.12947166732725948,0.0873354795902393,0.0343323947218258,908.448607100441
ATTGAATTGGATACTCCACCAGACTTTAGATTGGCTCAATTGGAATTTGAATCTCAAGATTCTTATACTCCATGGGTTGGTACTAAAGTTGGTGCTGAATGGTCTATGGGTGCTAATTTG,0.08681126910922725,0.13309389321875512,0.09259140492555148,0.13318508919773972,0.16294168601792647,0.11746295330247983,0.18019565203413251,0.09371805219418755,1488.6888556210731
ATTGAATTGGATACTCCACCAGACTTTAGATTGTCTCAATTGGAATTTGAAGATCAAGATTCTTATACTCCATGGGTTGGTACTAAAGTTGGTGCTGAATGGTCTATGGGTGCTAATTTG,0.0043517402072330005,0.002293441629325418,0.0028364668305582816,0.0844910150554085,0.051662996382805956,0.24217887765910312,0.3953371223985448,0.21684833983702095,2816.5681224501277
ATTGAATTGGATACTCCACCAGACTTTAGATTGTCTCAATTGGAATTTGAAGCTCAAGATTCTTATACTCCATGGGTTGGTACTAAAGTTGGTGCTGAATGGTCTATGGGTGCTAATTTG,0.10182942217166843,0.07880998907122728,0.08772306447784048,0.07832010011726111,0.14665569485810234,0.16513539688296705,0.210677212783054,0.13084911963787924,1817.3426953756755
ATTGAATTGGATACTCCACCAGACTTTAGATTGTCTCAATTGGAATTTGAATCTCAAGATTCTTATACTCCATGGGTTGGTACTAAAGTTGGTGCTGAATGGTCTATGGGTGCTAATTTG,0.003716661129533679,0.0029912693709781496,0.008683224199110936,0.028947329217519725,0.12049812592734546,0.22756566290214295,0.40438987950331107,0.20320784775005787,2761.9842363256444
ATTGAATTGGATGATCCACCAGACTTTAGATTGGATCAATTGGAATTTGAAGATCAAGATTCTTATACTCCATGGGTTGGTACTAAAGTTGGTGCTGAATGGTCTATGGGTGCTAATTTG,0.127684468009722,0.15415962940315864,0.12710698478130522,0.2099426062110609,0.0805255035471866,0.10767337104020269,0.11368389465757715,0.07922354234978675,1206.29943778201
ATTGAATTGGATGATCCACCAGACTTTAGATTGTCTCAATTGGAATTTGAATCTCAAGATTCTTATACTCCATGGGTTGGTACTAAAGTTGGTGCTGAATGGTCTATGGGTGCTAATTTG,0.2326598245481528,0.24411673714626347,0.2040352362059801,0.16370220903729793,0.06987108373280351,0.035542875256084086,0.02363303927199708,0.026438994801420913,570.4578018084925
ATTGAATTGGATGCTCCACCAGACTTTAGATTGGCTCAATTGGAATTTGAAGCTCAAGATTCTTATACTCCATGGGTTGGTACTAAAGTTGGTGCTGAATGGTCTATGGGTGCTAATTTG,0.11407070484284781,0.1262461522290161,0.24130393529631067,0.16474728824951715,0.12926691053133843,0.07319047682599779,0.08992546452070654,0.061249067504265516,1028.609262918195
ATTGAATTGGATGCTCCACCAGACTTTAGATTGTCTCAATTGGAATTTGAATCTCAAGATTCTTATACTCCATGGGTTGGTACTAAAGTTGGTGCTGAATGGTCTATGGGTGCTAATTTG,0.18825678702342774,0.24352662610306622,0.26353877504809436,0.17926877471381564,0.05631536984016478,0.03389516184338984,0.017148058006575744,0.018050447421465794,508.14764238119335
ATTGATGAAACTGGTACTAAAGTTGATAATGAAACTGGTGATGATCCTAAATGGTGGGATTCTGAAGATCAATATTTGTTGGATGATCAACAATTGGTTGAAGGTTTGTCTTTGTGTGAT,0.012268937880679958,0.021295322101672703,0.019641511075549508,0.01610137719692058,0.011736385040141264,0.033474265082297915,0.3695116792254574,0.5159705223972807,4313.681777416098
ATTGATGAAACTGGTACTAAAGTTGATAATGAAACTGGTGATGATCCTAAATGGTGGGATTCTGAAGATCAATATTTGTTGGATTCTCAACAATTGGTTGAAGGTTTGTCTTTGTGTGAT,0.009943999437632427,0.017644693534626707,0.07190719916297665,0.17678182580533774,0.31585644216639097,0.3096179311592374,0.08907549209329922,0.009172416640498946,1071.436706384327
ATTGATGAAACTGGTACTAAAGTTGATAATGAAACTGGTGATGATCCTAAATGGTGGGATTCTGAAGCTCAATATTTGTTGGATGCTCAACAATTGGTTGAAGGTTTGTCTTTGTGTGAT,0.1328266268690669,0.10858250428053505,0.10035000353445304,0.13966056154689568,0.17412807285550677,0.20001720566417006,0.09349226600271904,0.050942759246653445,1119.9205705062502
ATTGATGAAACTGGTACTAAAGTTGATAATGAAACTGGTGATGATCCTAAATGGTGGGATTCTGAAGCTCAATATTTGTTGGATTCTCAACAATTGGTTGAAGGTTTGTCTTTGTGTGAT,0.000132240417770929,0.0009779190174412215,0.00016249600008324378,0.0002222083596196675,0.0021419798564146853,0.01740002294083614,0.37141387706438184,0.6075492563434521,4850.703386307933
ATTGATGAAACTGGTACTAAAGTTGATAATGAAACTGGTGATGATCCTAAATGGTGGGATTCTGAATCTCAATATTTGTTGGATGATCAACAATTGGTTGAAGGTTTGTCTTTGTGTGAT,0.22592282705439168,0.22730629023314386,0.19828981905820642,0.1659416982378511,0.07010868133620962,0.07245966080716125,0.03202786695763275,0.007943156315403245,519.3902838014137
ATTGATGAAACTGGTACTAAAGTTGATAATGAAACTGGTGATGATCCTAAATGGTGGGATTCTGAATCTCAATATTTGTTGGATGCTCAACAATTGGTTGAAGGTTTGTCTTTGTGTGAT,0.2827767202846061,0.2518786060015117,0.18266205048830506,0.11946752485148301,0.057748391623680305,0.05788854775975533,0.03060588182783881,0.01697227716281979,530.1405266648918
ATTGATGAAACTGGTACTAAAGTTGATAATGAAACTGGTGATGATCCTAAATGGTGGGATTCTGAATCTCAATATTTGTTGGATTCTCAACAATTGGTTGAAGGTTTGTCTTTGTGTGAT,0.22187177369453753,0.23215964699646544,0.0883473224331263,0.14789520818814178,0.12243497197335107,0.07321279171282148,0.08230982639387759,0.03176845860767883,798.262412107356
ATTGATGAATTTATTATGACTTTGTATGAAGAAGATGGTATTTGTTATACTCATCCACAGAAATTGCCAGGTGTTAAACAAGATGGTTCTGTTTGTCACTTCTTTCATAGAACTGTTAAA,0.04116722742118368,0.16567727779080152,0.0768394479210635,0.06860308962021017,0.2028322586801407,0.20753756625788078,0.11454140670074547,0.12280172560797414,1621.8660485581088
ATTGATGATCCATTGTATATTGCTGATTCTACTGATACTGATCCATTGTTTGCTACTGATGGTTTGGGTGCTGATGCTGATTCTTGGGCTCCATTGTTTAATGATGATAATAATCAACAT,0.0020564376845776822,0.002206965873065205,0.003070705437611438,0.0027415590043037945,0.002161522105301794,0.0016336163015311757,0.3417772871375824,0.6443519064560265,4989.101258703369
ATTGATGATCCATTGTATATTGCTGATTCTACTGATACTTCTCCATTGTTTGCTACTGATGGTTTGGGTGCTGATGCTGATTCTTGGGCTCCATTGTTTAATGATGATAATAATCAACAT,0.09289255401412827,0.062307594495973354,0.17338579772195784,0.17200079360004614,0.16781769138617356,0.07095484718849425,0.05743535156116343,0.2032053700320631,1836.454203757536
ATTGATGCTCCATTGTATATTGCTGATTCTACTGATACTGCTCCATTGTTTGCTACTGATGGTTTGGGTGCTGATGCTGATTCTTGGGCTCCATTGTTTAATGATGATAATAATCAACAT,0.2629120442520359,0.19839151121553547,0.0954198300062401,0.15821344606083196,0.10794801089440692,0.12049329973905494,0.03047966112207815,0.026142196709816504,686.7147482091872
ATTGATGCTCCATTGTATATTGCTGATTCTACTGATACTTCTCCATTGTTTGCTACTGATGGTTTGGGTGCTGATGCTGATTCTTGGGCTCCATTGTTTAATGATGATAATAATCAACAT,0.2630336139520052,0.19848324682454316,0.08182624442970521,0.18994392415109304,0.07775850651418688,0.08438431082255099,0.07318501157097657,0.03138514173493902,768.9225364235671
ATTGATGCTGATCCATTCTTGAATGAATCATTTGAAACTGATCCAATGTTTCAAGGTGAACCATTGATGAATAATTCTAATGATTGGTTCTCTTTGTTTCCAGAAGAAGAGAATAAATTG,0.03593931469935327,0.054239089544488896,0.1341628899078414,0.1996367970071226,0.21248899668579935,0.2635373593966865,0.099995552758708,0.0,942.4791860779169
ATTGATGCTGATCCATTCTTGAATGAATCATTTGAAACTTCTCCAATGTTTCAAGGTGAACCATTGATGAATAATTCTAATGATTGGTTCTCTTTGTTTCCAGAAGAAGAGAATAAATTG,0.004478047290839879,0.004386591291175666,0.00026464477809008804,0.00017064501875919857,0.00018628798805898282,9.747076768568228e-05,0.27737388321063683,0.7130424296547538,5253.904776209178
ATTGATGCTGATCCATTTATTAATGATTCATTTGAAACTTCTCCAATGTTTCAAGGTGAACCAATGTTAAATTCTTCTAATGATTGGTTCTCTTTGTTTCCAGAAGAAGAGAATAAATTT,0.46078890281497414,0.05795132426694529,0.1433452737303513,0.0,0.05675804504423055,0.10559039914141358,0.10683945383004913,0.06872660117203602,1030.3493446283298
ATTGATGCTGCTCCATTCTTGAATGAATCATTTGAAACTGCTCCAATGTTTCAAGGTGAACCATTGATGAATAATTCTAATGATTGGTTCTCTTTGTTTCCAGAAGAAGAGAATAAATTG,0.0009548736074770599,0.00043268266854693026,0.00026654259290051485,8.155565844721644e-05,0.0003579129686173329,0.0007210831611229634,0.26610958597104684,0.731075763371841,5338.835546807582
ATTGATGCTGCTCCATTCTTGAATGAATCATTTGAAACTTCTCCAATGTTTCAAGGTGAACCATTGATGAATAATTCTAATGATTGGTTCTCTTTGTTTCCAGAAGAAGAGAATAAATTG,0.12826433120951503,0.10919596083133684,0.05524798214965172,0.19730398243579,0.1944500003599862,0.18087350555378262,0.10523253396259895,0.029431703497338552,1015.6556696999837
ATTGATGCTGCTCCATTTATTAATGATTCATTTGAAACTGCTCCAATGTTTCAAGGTGAACCAATGTTAAATTCTTCTAATGATTGGTTCTCTTTGTTTCCAGAAGAAGAGAATAAATTT,0.40278471006705435,0.0810502412719298,0.20048151044000648,0.0,0.11907199627831123,0.07383892805442228,0.07471238681620497,0.04806022707207095,836.6643919098392
ATTGATGCTGCTCCATTTATTAATGATTCATTTGAAACTTCTCCAATGTTTCAAGGTGAACCAATGTTAAATTCTTCTAATGATTGGTTCTCTTTGTTTCCAGAAGAAGAGAATAAATTT,0.008158631871904543,0.07798162540464892,0.1269020707528767,0.2855148417687639,0.24118705591525624,0.20565176582887326,0.030266832134877932,0.02433717632279854,900.4142822261708
ATTGATGCTTCTCCATTCTTGAATGAATCATTTGAAACTGATCCAATGTTTCAAGGTGAACCATTGATGAATAATTCTAATGATTGGTTCTCTTTGTTTCCAGAAGAAGAGAATAAATTG,0.06873066563963365,0.03457577269967161,0.06414357650278707,0.09544679732520658,0.08465955218241651,0.09449834890305156,0.2709125468706588,0.2870327398765743,2807.025471525154
ATTGATGCTTCTCCATTCTTGAATGAATCATTTGAAACTGCTCCAATGTTTCAAGGTGAACCATTGATGAATAATTCTAATGATTGGTTCTCTTTGTTTCCAGAAGAAGAGAATAAATTG,0.06242580741325183,0.08793131015618098,0.09321520788534043,0.2219294536349404,0.18454438120910416,0.20599139582051465,0.06947603949508921,0.07448640438557833,1245.770719072913
ATTGATGCTTCTCCATTCTTGAATGAATCATTTGAAACTTCTCCAATGTTTCAAGGTGAACCATTGATGAATAATTCTAATGATTGGTTCTCTTTGTTTCCAGAAGAAGAGAATAAATTG,0.14960750725443397,0.05644636695484235,0.09308179493252089,0.16620886517367298,0.12899617826469906,0.0685655245126023,0.1474252811466199,0.18966848176060858,1927.782718081817
ATTGATGCTTCTCCATTTATTAATGATTCATTTGAAACTGATCCAATGTTTCAAGGTGAACCAATGTTAAATTCTTCTAATGATTGGTTCTCTTTGTTTCCAGAAGAAGAGAATAAATTT,0.25987792283376543,0.2704854969940535,0.22301945122140063,0.11946850592869337,0.026491591376724234,0.024641949041582463,0.03324459292155461,0.04277048968222575,645.8010474027981
ATTGATGCTTCTCCATTTATTAATGATTCATTTGAAACTGCTCCAATGTTTCAAGGTGAACCAATGTTAAATTCTTCTAATGATTGGTTCTCTTTGTTTCCAGAAGAAGAGAATAAATTT,0.26931014281513993,0.21676743437963333,0.12064145577786277,0.16754888214884722,0.11676717966585867,0.07899236197458566,0.02997254323807251,0.0,487.59733996647446
ATTGATGCTTCTCCATTTATTAATGATTCATTTGAAACTTCTCCAATGTTTCAAGGTGAACCAATGTTAAATTCTTCTAATGATTGGTTCTCTTTGTTTCCAGAAGAAGAGAATAAATTT,0.014650682738309797,0.017688477358648855,0.014584421557932046,0.016276411502617442,0.01154950190107151,0.016114673893387818,0.42665530596324874,0.4824805250847838,4222.982198791757
ATTGATTCTCCATTGTATATTGCTGATTCTACTGATACTGATCCATTGTTTGCTACTGATGGTTTGGGTGCTGATGCTGATTCTTGGGCTCCATTGTTTAATGATGATAATAATCAACAT,0.01174766357553367,0.027579070587277585,0.024363608305083054,0.047854604221430064,0.06945734128348252,0.16510890201195022,0.39223255847334293,0.2616562515419,2998.5525485941916
ATTGATTCTCCATTGTATATTGCTGATTCTACTGATACTGCTCCATTGTTTGCTACTGATGGTTTGGGTGCTGATGCTGATTCTTGGGCTCCATTGTTTAATGATGATAATAATCAACAT,0.00038103602118592917,0.008120459592814747,0.02586222924491488,0.07281071199849967,0.30345235573013585,0.4114913984395176,0.1530826221078162,0.024799186865115147,1396.9000348810164
ATTGATTCTCCATTGTATATTGCTGATTCTACTGATACTTCTCCATTGTTTGCTACTGATGGTTTGGGTGCTGATGCTGATTCTTGGGCTCCATTGTTTAATGATGATAATAATCAACAT,0.0019388596031338903,0.0007407844641621913,0.002122488928652692,0.00027265914479754393,0.00016929054950734604,0.025825192670262516,0.38664536944604666,0.5822853551934372,4740.422610459874
ATTGATTTGTATAAATTTGATCCATGGGAATTGCCAGGTAAATCATTCTTGCCAAATAGAGATTTGGAATGGTTCTTCTTCTGTCCAAGAGATAAGAAATATGCTAATGGTTCTAGAACT,0.0019321500057933275,0.009719908689994663,0.0024042642500855292,0.017172424871009104,0.017135577832186947,0.024794267804024123,0.31359456586935835,0.6132468406775479,4770.039675542865
ATTGCTAAAGTTGCTACTACTGGTTTGTCTAATGATATGCCATTCTTGACTGAAGAAGGTGAACAGAATGCTAATTCTACTCCAAACTTTGATTTGTCTATTACTCAAATGAATATGGCT,0.09716789064404713,0.10862545429560759,0.10747602873309395,0.08795944676156285,0.02482403956593003,0.02968820442261961,0.21361346462465902,0.33064547095247976,2833.347247686224
ATTGCTCAAGGTAATGGTCCAAGAAGATTGAGATTGCAATCTAACTTTAATGGTATTAATACTAAGAATCCAGAATTGCAAGCTATTAAGAGAGAAGCTGAAGATACTGTTGGTGAATCT,0.6053705854177988,0.2647025828721076,0.0682484996585079,0.02329581252703034,0.012309173386562854,0.009507116542914057,0.011585189030867018,0.00498104056421158,269.1736587964177
ATTGCTCAATATGCTCATTTGGGTCCACAACAATTTAAGAGACAATTGCAACAATGTCAGAAGATTGTCTTGCAACCATCTAATATTCAATTGCAAACTCCACCACAATTTAGATTGTCT,0.15327512305262542,0.14104278867405556,0.27655871589100184,0.19434291350019095,0.1348578965325583,0.08381572051391697,0.015798300785696297,0.0003085410499547037,503.0988326432831
ATTGCTGAATATGCTCATTTGGGTCCAGAAGAATTTAAGAGAGAATTGGAAGAATGTCAGAAGATTGTCTTGGAACCATCTAATATTGAATTGGAAACTCCACCAGAATTTAGATTGTCT,0.15441398191757474,0.25893258808358044,0.1921445101698224,0.28591449244388906,0.0,0.04717889655208335,0.0,0.06141553083305013,740.3785418551255
ATTGCTGACTTTGCTCACTTTGGTCCAGAAGACTTTAAGAGAGACTTTGAAGAATGTCAGAAGATTGTCTTTGATCCATCTAATATTGAATTTGATACTCCACCAGAATTTAGATTCTCT,0.09927108003079256,0.05211077079828655,0.11278609590049693,0.11028680217512207,0.1616195567566735,0.18594100768672014,0.1801345685747157,0.0978501180771925,1585.4268664475787
ATTGCTGATAGATATTATAGAGAAACTGCTAGATTGGCTAGAGTCTTGTTCTTGCATTTGTATTTGTTCTTGACTAGAGAAATCTTGTGGGCTGCTTATGCTGAACAAATGATGAGACCA,0.21060998196436115,0.20292180330927126,0.23591066880665343,0.18864484992984307,0.10238492782519494,0.0375838719528609,0.008518052254901414,0.013425843956913847,486.1854054570698
ATTGCTGATATGGCTCATATGGGTCCAGAAGATATGAAGAGAGATATGGAAGAATGTCAGAAGATTGTTATGGATCCATCTAATATTGAAATGGATACTCCACCAGAAATGAGAATGTCT,0.07689627679044507,0.07736715956448677,0.127580825296594,0.11390553977735393,0.2020642338745198,0.16446159926834358,0.2377243654282569,0.0,1124.1175241925127
ATTGCTGATATTGCTCATATTGGTCCAGAAGATATTAAGAGAGATATTGAAGAATGTCAGAAGATTGTTATTGATCCATCTAATATTGAAATTGATACTCCACCAGAAATTAGAATTTCT,0.038078571233596134,0.10232897793072496,0.18687827480263733,0.26190379257088164,0.23413606047986857,0.1526464356581738,0.019140309252299946,0.004887578071817761,688.7490164957296
ATTGCTGATGAAGCTCATTTGGGTCCAGAAGACTTTAAGAGAGATTTGGAAGAATGTCAGAAGATTGTCTTGGATCCAGAGAATATTGAATTGGATGAACCACCAGAATTTAGATTGGAA,0.24206604611095078,0.2803103812764915,0.18186509065842327,0.19788980082036373,0.04500631037102281,0.03349117660592649,0.008471837983846363,0.010899356172975059,429.4063948830307
ATTGCTGATGATGCTCATTTGGGTCCAGAAGACTTTAAGAGAGATTTGGAAGAATGTCAGAAGATTGTCTTGGATCCAGATAATATTGAATTGGATGATCCACCAGAATTTAGATTGGAT,0.10185430946902993,0.1280975318625606,0.14258481925274344,0.15559043836295527,0.10036789426959844,0.11670026258668868,0.11808073857062436,0.13672400562579923,1579.8600233955865
ATTGCTGATGCTGCTCATGCTGGTCCAGAAGACTTTAAGAGAGATTTGGAAGAATGTCAGAAGATTGTCTTGGATCCATCTAATATTGAATTGGATACTCCACCAGAATTTAGATTGTCT,0.07647184962964208,0.07694013337747342,0.09515748448680814,0.11894068291828334,0.1054981962131632,0.16822682475861744,0.21277102633051784,0.14599380228549463,1909.2582694808139
ATTGCTGATGCTGCTCATGCTGGTCCAGAAGATGCTAAGAGAGATTTGGAAGAATGTCAGAAGATTGTCTTGGATCCATCTAATATTGAATTGGATACTCCACCAGAATTTAGATTGTCT,0.2867783704046935,0.13132712877913313,0.2772039365661183,0.18541862816692287,0.08865670840876683,0.009979347878406588,0.0002219207918290829,0.020413959004129716,467.0620643207719
ATTGCTGATGCTGCTCATTTGGGTCCAGAAGACTTTAAGAGAGATGCTGAAGAATGTCAGAAGATTGTCTTGGATCCATCTAATATTGAATTGGATACTCCACCAGAATTTAGATTGTCT,0.1372326013848056,0.12182908257499521,0.09040495663008326,0.10761936322388532,0.09545639405424897,0.06659372301935525,0.21711809086890774,0.16374578824371883,1899.423712836177
ATTGCTGATGCTGCTCATTTGGGTCCAGAAGACTTTAAGAGAGATTTGGAAGAATGTCAGAAGATTGTCTTGGATCCAGCTAATATTGAATTGGATGCTCCACCAGAATTTAGATTGGCT,0.09848205768364608,0.0990851233514649,0.12254581158486827,0.24070249525249124,0.1746807400514586,0.14443069739650485,0.07306960174224557,0.047003472937320524,1015.4367342048657
ATTGCTGATGCTGCTCATTTGGGTCCAGAAGACTTTAAGAGAGATTTGGAAGAATGTCAGAAGATTGTCTTGGATCCATCTAATATTGAAGCTGATACTCCACCAGAATTTAGATTGTCT,0.13582309915843926,0.10069303026190711,0.11563911128789388,0.14295302091528847,0.19723930797230244,0.09828646273346027,0.1325988231596311,0.07676714451107748,1269.842601029211
ATTGCTGATGCTGCTCATTTGGGTCCAGAAGACTTTAAGAGAGATTTGGAAGAATGTCAGAAGATTGTCTTGGATCCATCTAATATTGAATTGGATACTCCACCAGAAGCTAGATTGTCT,0.04051558738600544,0.031184707691640497,0.026924836451538838,0.02251119287237537,0.04283027316553263,0.11333704722918432,0.3866847559844922,0.3360115992192306,3359.2317266496057
ATTGCTGATGCTGCTCATTTGGGTCCAGAAGACTTTAAGAGAGATTTGGAAGAATGTCAGAAGATTGTCTTGGATCCATCTAATATTGAATTGGATACTCCACCAGAATTTAGAGCTTCT,0.13965971991386317,0.17062528611551517,0.24481630406679175,0.23335151958853292,0.10976960142668052,0.06857831433809011,0.01798988178088695,0.015209372769639403,576.6092802610863
ATTGCTGATGCTGCTCATTTGGGTCCAGAAGACTTTAAGAGAGATTTGGAAGAATGTCAGAAGATTGTCTTGGATCCATCTAATATTGAATTGGATACTCCACCAGAATTTAGATTGTCT,0.017942327015559832,0.04975082329656305,0.12826083343976546,0.2181049180083986,0.30317142323752855,0.2331775883444049,0.04244541875195323,0.007146667905826197,870.9746843486664
ATTGCTGATGCTGCTCATTTGGGTCCAGAAGACTTTAAGAGAGATTTGGAAGAATGTCAGAAGATTGTTGCTGATCCATCTAATATTGAATTGGATACTCCACCAGAATTTAGATTGTCT,0.0007240452323413718,0.0015231833691408106,0.001747322585218602,0.0022181655091528508,0.0029620182454035884,0.01850214146068315,0.42061220836803365,0.551710915230026,4627.10502209706
ATTGCTGATGCTGCTCATTTGGGTCCAGAAGATGCTAAGAGAGATTTGGAAGAATGTCAGAAGATTGTCTTGGATCCATCTAATATTGAATTGGATACTCCACCAGAATTTAGATTGTCT,0.16709445488622168,0.19933953021391038,0.2316860891393414,0.15646485677801808,0.06821460986580206,0.05032389474328081,0.04427755514575375,0.08259900922767183,985.3255346867909
ATTGCTGATGTTGCTCATGTTGGTCCAGAAGATGTTAAGAGAGATGTTGAAGAATGTCAGAAGATTGTTGTTGATCCATCTAATATTGAAGTTGATACTCCACCAGAAGTTAGAGTTTCT,0.13126096850251906,0.181589044204281,0.1531257535594874,0.1093698622654897,0.10509314235317953,0.09775554143425888,0.11412913346822379,0.10767655421256077,1360.9243788414856
ATTGCTGATTATGCTCATGCTGGTCCAGAAGACTTTAAGAGAGATGCTGAAGAATGTCAGAAGATTGTCTTGGATCCATCTAATATTGAATTGGATACTCCACCAGAATTTAGATTGTCT,0.20235281344746642,0.11633825318061075,0.14388401782388302,0.12846120627816118,0.14242840646694563,0.13248405821765527,0.13405124458527762,0.0,805.4815740914632
ATTGCTGATTATGCTCATGCTGGTCCAGAAGACTTTAAGAGAGATGCTGAAGAATGTCAGAAGATTGTTGCTGATCCATCTAATATTGAAGCTGATACTCCACCAGAATTTAGAGCTTCT,0.21318453182218688,0.1805113782737985,0.10637282611237894,0.07503866380628124,0.07799755480894378,0.08125797929141292,0.10571039977766188,0.15992666610733586,1607.3763773118221
ATTGCTGATTATGCTCATGCTGGTCCAGAAGACTTTAAGAGAGATTTGGAAGAATGTCAGAAGATTGTCTTGGATCCATCTAATATTGAAGCTGATACTCCACCAGAATTTAGATTGTCT,0.09177381164798472,0.09233579863639184,0.057099214289196926,0.15293638701631937,0.09043450662245896,0.12618055699831895,0.17023090360853813,0.2190088211807911,2203.815710920392
ATTGCTGATTATGCTCATGCTGGTCCAGAAGACTTTAAGAGAGATTTGGAAGAATGTCAGAAGATTGTCTTGGATCCATCTAATATTGAATTGGATACTCCACCAGAAGCTAGATTGTCT,0.2650641253415018,0.2356560389751816,0.24223373764024927,0.12341270513308174,0.05417323366499747,0.06428123628295958,0.013745114629753528,0.0014338083322750633,408.797639577767
ATTGCTGATTATGCTCATGCTGGTCCAGAAGACTTTAAGAGAGATTTGGAAGAATGTCAGAAGATTGTCTTGGATCCATCTAATATTGAATTGGATACTCCACCAGAATTTAGAGCTTCT,0.01512861844196792,0.01826551223299915,0.056475733815926264,0.218495964122389,0.2593963865064542,0.2690192831445633,0.07296124774427436,0.09025725399142581,1461.8795391707795
ATTGCTGATTATGCTCATGCTGGTCCAGAAGACTTTAAGAGAGATTTGGAAGAATGTCAGAAGATTGTCTTGGATCCATCTAATATTGAATTGGATACTCCACCAGAATTTAGATTGTCT,0.016138846419228175,0.06514791636998403,0.0962650401061703,0.358013497952686,0.21015565922979385,0.2027293462978184,0.028784506249771438,0.02276518737454773,881.5119317951351
ATTGCTGATTATGCTCATGCTGGTCCAGAAGACTTTAAGAGAGATTTGGAAGAATGTCAGAAGATTGTTGCTGATCCATCTAATATTGAATTGGATACTCCACCAGAATTTAGATTGTCT,0.12712946544354198,0.19186193497616588,0.15819311543199396,0.24716391574354607,0.18791129426979825,0.058263777260314335,0.029476496874639456,0.0,537.4683094917289
ATTGCTGATTATGCTCATGCTGGTCCAGAAGATGCTAAGAGAGATGCTGAAGAATGTCAGAAGATTGTCTTGGATCCATCTAATATTGAATTGGATACTCCACCAGAATTTAGATTGTCT,0.07142373781294879,0.13345634509091336,0.139662103140391,0.1473630779829394,0.18098077488657194,0.12158228413549393,0.13248362695922286,0.07304804999151866,1273.5048740596496
ATTGCTGATTATGCTCATGCTGGTCCAGAAGATGCTAAGAGAGATTTGGAAGAATGTCAGAAGATTGTCTTGGATCCATCTAATATTGAATTGGATACTCCACCAGAATTTAGATTGTCT,0.09908303959056172,0.19985066037244797,0.2641782511905393,0.2288187735852105,0.111230304649549,0.08142771762593813,0.015282326297323592,0.00012892668842984597,497.60669904505824
ATTGCTGATTATGCTCATTATGGTCCAGAAGATTATAAGAGAGATTATGAAGAATGTCAGAAGATTGTTTATGATCCATCTAATATTGAATATGATACTCCACCAGAATATAGATATTCT,0.21893210559139067,0.11013638016075493,0.09080913888519174,0.08107538070386355,0.03595618509870816,0.10033717510574483,0.10152408812084227,0.26122954633350387,2215.8322122975474
ATTGCTGATTATGCTCATTTGGGTCCAGAACAATGTGAAGAATTGGATAGGAAATTTGATAAGATTGTCTTGGATCCATCTAATATTGAATTGGATACTCCACCAGAATTTAGATTGTCT,0.05920121665255151,0.0870546995356435,0.13033362482400027,0.21248944764591318,0.2602739344871292,0.18366329340080448,0.050682515856622784,0.01630126759733504,862.533719028275
ATTGCTGATTATGCTCATTTGGGTCCAGAAGACTTTAAGAGAGATGCTGAAGAATGTCAGAAGATTGTCTTGGATCCATCTAATATTGAAGCTGATACTCCACCAGAATTTAGATTGTCT,0.3915131014822581,0.3056333228753746,0.16278978026749955,0.1072009465189196,0.023114278019718194,0.00852495565499849,0.0005708249631430117,0.0006527902180884842,270.4515697526284
ATTGCTGATTATGCTCATTTGGGTCCAGAAGACTTTAAGAGAGATGCTGAAGAATGTCAGAAGATTGTCTTGGATCCATCTAATATTGAATTGGATACTCCACCAGAAGCTAGATTGTCT,0.222829024247898,0.24412185704727568,0.22182122724397552,0.0825184955124243,0.06343340160459392,0.06354328925630975,0.03673997622030434,0.06499272886721852,847.9553391733625
ATTGCTGATTATGCTCATTTGGGTCCAGAAGACTTTAAGAGAGATGCTGAAGAATGTCAGAAGATTGTCTTGGATCCATCTAATATTGAATTGGATACTCCACCAGAATTTAGAGCTTCT,0.06393107879641086,0.10484605438452699,0.1361192865278098,0.1759577126065117,0.13985255066872937,0.12977413327435713,0.1535820090589523,0.09593717468270178,1457.7201954669558
ATTGCTGATTATGCTCATTTGGGTCCAGAAGACTTTAAGAGAGATGCTGAAGAATGTCAGAAGATTGTCTTGGATCCATCTAATATTGAATTGGATACTCCACCAGAATTTAGATTGTCT,0.07485003497587227,0.15898437332404186,0.19662759049306222,0.16631169919022568,0.1475154156107332,0.0914772616622634,0.08484608787563726,0.0793875368681642,1157.8542638121858
ATTGCTGATTATGCTCATTTGGGTCCAGAAGACTTTAAGAGAGATGCTGAAGAATGTCAGAAGATTGTTGCTGATCCATCTAATATTGAAGCTGATACTCCACCAGAATTTAGATTGTCT,0.1638700380445313,0.2308229198416428,0.14273778488445973,0.14564324242380391,0.16147859367118478,0.07510208088231067,0.06079238543057431,0.019552954821492524,705.8405742930121
ATTGCTGATTATGCTCATTTGGGTCCAGAAGACTTTAAGAGAGATGCTGAAGAATGTCAGAAGATTGTTGCTGATCCATCTAATATTGAATTGGATACTCCACCAGAATTTAGATTGTCT,0.17127110743705404,0.2632665212592756,0.17760051387003659,0.22198912172030622,0.08438582762129543,0.03924700548383688,0.03088654171757135,0.01135336089062394,524.6538121338683
ATTGCTGATTATGCTCATTTGGGTCCAGAAGACTTTAAGAGAGATTTGGAAGAATGTAAGAAGATTGTCTTGGATCCATCTAAGATTGAATTGGATACTCCACCAGAATTTAGATTGTCT,0.09858409669596417,0.0917358550110731,0.18452921999335173,0.26207245498762805,0.24252032457593276,0.10608999910076093,0.013609231102416103,0.0008588185328731592,597.4320104073578
ATTGCTGATTATGCTCATTTGGGTCCAGAAGACTTTAAGAGAGATTTGGAAGAATGTAGGAAGATTGTCTTGGATCCATCTAGAATTGAATTGGATACTCCACCAGAATTTAGATTGTCT,0.011973407505403998,0.05445989278619157,0.14085660056071928,0.2613792816362026,0.31675716899948625,0.18974694911650208,0.01967835467575499,0.005148344719739247,775.8775643434499
ATTGCTGATTATGCTCATTTGGGTCCAGAAGACTTTAAGAGAGATTTGGAAGAATGTCAAGAAATTAATTCTCCAGATTTGGTTATTAAATTGGATACTCCACCAGAATTTAGATTGTCT,0.012901332987197141,0.004326778570979674,0.0053512431896355055,0.005972059698021821,0.00317826420881487,0.003941810494284508,0.3280491189277728,0.6362793919232939,4910.539180724778
ATTGCTGATTATGCTCATTTGGGTCCAGAAGACTTTAAGAGAGATTTGGAAGAATGTCAAGCTGCTGCTGCTGATCCATCTAATATTGAATTGGATACTCCACCAGAAGCTGCTGCTGCT,0.09053408131175027,0.1561516743011058,0.07242156924136076,0.14368613285443532,0.10832991156013484,0.11262118060134274,0.16193378481003454,0.15432166531983577,1782.0323626451618
ATTGCTGATTATGCTCATTTGGGTCCAGAAGACTTTAAGAGAGATTTGGAAGAATGTCAAGCTGCTGCTGCTGATCCATCTAATATTGAATTGGATACTCCACCAGAATTTAGATTGTCT,0.05928979362360988,0.039768574112925885,0.17214645437077128,0.13173789865774813,0.11684909099482335,0.14492091999574516,0.14663522504690457,0.18865204319747172,2006.3779147963119
ATTGCTGATTATGCTCATTTGGGTCCAGAAGACTTTAAGAGAGATTTGGAAGAATGTCAAGCTGCTGCTGCTGATCCATCTAATATTGAATTGGATGCTGCTGCTGCATTTAGATTGTCT,0.015260915787111026,0.13011143715927753,0.16500173713995844,0.24182084674852283,0.2613633743599962,0.15407503702016262,0.01506971009576841,0.017296941689202976,766.4732241698837
ATTGCTGATTATGCTCATTTGGGTCCAGAAGACTTTAAGAGAGATTTGGAAGAATGTCAAGCTGCTGCTGCTGATCCATCTAATGCTGCTGCTGCTACTCCACCAGAATTTAGATTGTCT,0.20806917328213517,0.25617010015842523,0.17374234689283968,0.19617996892125839,0.07688726510546165,0.0552076475202816,0.019043424648463658,0.01470007347113463,521.1307275315592
ATTGCTGATTATGCTCATTTGGGTCCAGAAGACTTTAAGAGAGATTTGGAAGAATGTCAAGCTGCTGCTGCTGCTGCTGCTGCTATTGAATTGGATACTCCACCAGAATTTAGATTGTCT,0.001609938550690963,0.010528681707418141,0.008138493708193213,0.1032163813228755,0.324229460606038,0.3965578184178769,0.14539397485646804,0.010325250830439054,1290.2834302987558
ATTGCTGATTATGCTCATTTGGGTCCAGAAGACTTTAAGAGAGATTTGGAAGAATGTCAGAAGATTGCTTTGGATCCATCTAATATTGAATTGGATACTCCACCAGAATTTAGATTGTCT,0.0004645313349411689,0.010641790712509811,0.034682278652116955,0.15641150022602296,0.3737370467798462,0.3607112712129023,0.062072477369541655,0.0012791037121188797,1040.669760692137
ATTGCTGATTATGCTCATTTGGGTCCAGAAGACTTTAAGAGAGATTTGGAAGAATGTCAGAAGATTGTCTTGGATCCAGAAGAAATTGAATTGGATGAAGAACCAGAATTTAGAGAAGAA,0.12142097548581016,0.12216451012948892,0.0,0.17985944613020083,0.31906403550198564,0.0,0.11261165904965174,0.1448793737028627,1594.0338542378406
ATTGCTGATTATGCTCATTTGGGTCCAGAAGACTTTAAGAGAGATTTGGAAGAATGTCAGAAGATTGTCTTGGATCCAGAAGAAATTGAATTGGATGAAGAACCAGAATTTAGATTGGCT,0.11779928228571564,0.19165039513131876,0.1793304298163533,0.24503507565756577,0.1383082917666135,0.09648870737723045,0.020920734841102864,0.010467083124099635,600.0337760731286
ATTGCTGATTATGCTCATTTGGGTCCAGAAGACTTTAAGAGAGATTTGGAAGAATGTCAGAAGATTGTCTTGGATCCAGAAGAAATTGAATTGGATGCTCCACCAGAATTTAGAGAAGAA,0.49767213786703257,0.279215808299168,0.19747514684308387,0.0009103680490750811,0.00026915990029949646,0.017776068494933895,0.0,0.006681310546407046,271.56677672148544
ATTGCTGATTATGCTCATTTGGGTCCAGAAGACTTTAAGAGAGATTTGGAAGAATGTCAGAAGATTGTCTTGGATCCAGAAGAAATTGAATTGGATGCTCCACCAGAATTTAGATTGGCT,0.05114453415200454,0.07520744175958283,0.13707405624451474,0.22727936952479094,0.1705783681174169,0.1442441728695027,0.12405790163620517,0.07041415569598218,1278.7374480341418
ATTGCTGATTATGCTCATTTGGGTCCAGAAGACTTTAAGAGAGATTTGGAAGAATGTCAGAAGATTGTCTTGGATCCAGAGAATATTGAATTGGATGAACCACCAGAATTTAGATTGGAA,0.18273091867768573,0.10724577002668038,0.15158706237257485,0.16917320963662594,0.1800642272402343,0.055830715600375815,0.09885951391251581,0.05450858253330726,1002.6197951658876
ATTGCTGATTATGCTCATTTGGGTCCAGAAGACTTTAAGAGAGATTTGGAAGAATGTCAGAAGATTGTCTTGGATCCAGAGAATATTGAATTGGATGAACCACCAGAATTTAGATTGGCT,0.07703204682828506,0.09300451320603065,0.09585456395458082,0.13692798518256213,0.10627102692494442,0.09885118613077941,0.17146375031725708,0.22059492745556045,2195.2081554123706
ATTGCTGATTATGCTCATTTGGGTCCAGAAGACTTTAAGAGAGATTTGGAAGAATGTCAGAAGATTGTCTTGGATCCAGAGAATATTGAATTGGATGCTCCACCAGAATTTAGATTGGAA,0.10094750826634312,0.10156567139086722,0.1352762778591268,0.09489552521522307,0.13773368285840776,0.13523473789347232,0.13683446272457192,0.15751213379198784,1776.7414692594232
ATTGCTGATTATGCTCATTTGGGTCCAGAAGACTTTAAGAGAGATTTGGAAGAATGTCAGAAGATTGTCTTGGATCCAGAGAATATTGAATTGGATGCTCCACCAGAATTTAGATTGGCT,0.11544693909092597,0.11615389106835271,0.21548400559418418,0.25651526566035016,0.22752431854540334,0.0,0.0,0.06887558004078363,854.0067379665934
ATTGCTGATTATGCTCATTTGGGTCCAGAAGACTTTAAGAGAGATTTGGAAGAATGTCAGAAGATTGTCTTGGATCCAGATAATATTGAATTGGATGATCCACCAGAATTTAGATTGGCT,0.00021330066474536916,0.005913610557021177,0.048984726789761776,0.15405670152274026,0.3286170301523932,0.39576083046314786,0.05635823186227824,0.01009556798791231,1097.138649838136
ATTGCTGATTATGCTCATTTGGGTCCAGAAGACTTTAAGAGAGATTTGGAAGAATGTCAGAAGATTGTCTTGGATCCAGATAATATTGAATTGGATGCTCCACCAGAATTTAGATTGGAT,0.18639436681397548,0.16074494840275777,0.18223793713328867,0.10353890908104152,0.1443154528280589,0.10983219630772777,0.049391745890570465,0.06354444354257936,969.4155207104056
ATTGCTGATTATGCTCATTTGGGTCCAGAAGACTTTAAGAGAGATTTGGAAGAATGTCAGAAGATTGTCTTGGATCCAGATAATATTGAATTGGATGCTCCACCAGAATTTAGATTGGCT,0.002019558518101131,0.0020319255059064643,0.002056116054569782,0.0012238150913153288,0.012302349848653058,0.14741791828011,0.7085183644433648,0.12442995225797954,2840.1535701495127
ATTGCTGATTATGCTCATTTGGGTCCAGAAGACTTTAAGAGAGATTTGGAAGAATGTCAGAAGATTGTCTTGGATCCAGATGATATTGAATTGGATGATGATCCAGAATTTAGAGATGAT,0.000171176924515553,0.00027556023226130497,0.00029820478862700554,0.0008747900776704448,0.0035085200130981,0.08814737133016197,0.6167737496362281,0.2899506269974376,3565.460849902895
ATTGCTGATTATGCTCATTTGGGTCCAGAAGACTTTAAGAGAGATTTGGAAGAATGTCAGAAGATTGTCTTGGATCCAGATGATATTGAATTGGATGATGATCCAGAATTTAGATTGGCT,0.21967018472973102,0.21359873637741947,0.14309379695776528,0.06551573771683013,0.03196118931481936,0.043243141484090496,0.1668146991777894,0.11610251424155484,1415.9358067972319
ATTGCTGATTATGCTCATTTGGGTCCAGAAGACTTTAAGAGAGATTTGGAAGAATGTCAGAAGATTGTCTTGGATCCAGATGATATTGAATTGGATGCTCCACCAGAATTTAGAGATGAT,0.19132631761040914,0.1399984911083096,0.08657318138803688,0.0966168400827704,0.034278943427795264,0.047828382512111765,0.2581021661928488,0.14527567767771818,1820.7916131788156
ATTGCTGATTATGCTCATTTGGGTCCAGAAGACTTTAAGAGAGATTTGGAAGAATGTCAGAAGATTGTCTTGGATCCAGATGATATTGAATTGGATGCTCCACCAGAATTTAGATTGGCT,0.0011922543095467023,0.010485001089650395,0.012967566921643638,0.21413624472247886,0.31729790210091974,0.37212774191174086,0.06994918233888935,0.0018441066051303366,1057.2157635486053
ATTGCTGATTATGCTCATTTGGGTCCAGAAGACTTTAAGAGAGATTTGGAAGAATGTCAGAAGATTGTCTTGGATCCAGCTAATATTGAATTGGATGAACCACCAGAATTTAGATTGGAA,0.14608957514244128,0.24987309011908088,0.11816094099930434,0.2109907305245367,0.07917668589108656,0.1472971428000934,0.013549050615699972,0.03486278390775682,740.6650621714546
ATTGCTGATTATGCTCATTTGGGTCCAGAAGACTTTAAGAGAGATTTGGAAGAATGTCAGAAGATTGTCTTGGATCCAGCTAATATTGAATTGGATGAACCACCAGAATTTAGATTGGCT,0.34166733820707273,0.3007896286310715,0.15943221881261135,0.055355536511739266,0.02805676678066794,0.03262230491597752,0.03960984257933402,0.042466363561525645,639.575621979385
ATTGCTGATTATGCTCATTTGGGTCCAGAAGACTTTAAGAGAGATTTGGAAGAATGTCAGAAGATTGTCTTGGATCCAGCTAATATTGAATTGGATGAAGAACCAGAATTTAGATTGGCT,0.12175999947515312,0.26251202179150035,0.2380897181495563,0.13527122874853212,0.0514213241749597,0.03188739229115933,0.09679378818966287,0.062264527179476246,954.2384581934489
ATTGCTGATTATGCTCATTTGGGTCCAGAAGACTTTAAGAGAGATTTGGAAGAATGTCAGAAGATTGTCTTGGATCCAGCTAATATTGAATTGGATGATCCACCAGAATTTAGATTGGAT,0.00026522253386622246,0.00017154427699573343,0.00028288178805092445,0.006019344709688757,0.06113769942272522,0.2353250657195224,0.5219523046697305,0.1748459368794202,2835.902594690096
ATTGCTGATTATGCTCATTTGGGTCCAGAAGACTTTAAGAGAGATTTGGAAGAATGTCAGAAGATTGTCTTGGATCCAGCTAATATTGAATTGGATGATCCACCAGAATTTAGATTGGCT,0.0692215263604768,0.0900033016093017,0.164320163409543,0.22124334641004378,0.20463401720987764,0.1805851168980118,0.05728559753046083,0.012706930572284461,827.063958985364
ATTGCTGATTATGCTCATTTGGGTCCAGAAGACTTTAAGAGAGATTTGGAAGAATGTCAGAAGATTGTCTTGGATCCAGCTAATATTGAATTGGATGATGATCCAGAATTTAGAGATGAT,0.22400012372815464,0.175289187906372,0.14922111866074614,0.13322622759116637,0.10925078031457665,0.07258778085957032,0.09862807589301933,0.03779670504639446,867.6939791125621
ATTGCTGATTATGCTCATTTGGGTCCAGAAGACTTTAAGAGAGATTTGGAAGAATGTCAGAAGATTGTCTTGGATCCAGCTAATATTGAATTGGATGATGATCCAGAATTTAGATTGGCT,0.004822821201663569,0.010443567613947479,0.0449031651574225,0.15858791421052945,0.31049955940387236,0.32933858826208245,0.11932617701775139,0.022078207132730735,1234.4502737104074
ATTGCTGATTATGCTCATTTGGGTCCAGAAGACTTTAAGAGAGATTTGGAAGAATGTCAGAAGATTGTCTTGGATCCAGCTAATATTGAATTGGATGCTCCACCAGAATTTAGAGAAGAA,0.04791332844947312,0.09641346192919088,0.08943117952664499,0.3726105772430117,0.18885641300758058,0.13175284676171953,0.04443712781665636,0.028585065265722777,862.5777203343764
ATTGCTGATTATGCTCATTTGGGTCCAGAAGACTTTAAGAGAGATTTGGAAGAATGTCAGAAGATTGTCTTGGATCCAGCTAATATTGAATTGGATGCTCCACCAGAATTTAGAGATGAT,0.024151634700110357,0.09647751277474982,0.18006930960164846,0.29031841854342927,0.18745544698930564,0.20326822420179186,0.018120333239481968,0.00013911994948249216,696.7936207789965
ATTGCTGATTATGCTCATTTGGGTCCAGAAGACTTTAAGAGAGATTTGGAAGAATGTCAGAAGATTGTCTTGGATCCAGCTAATATTGAATTGGATGCTCCACCAGAATTTAGATTGGAA,0.007548575807313086,0.020445517865277506,0.0816989024770726,0.1710129432255816,0.32392282648239595,0.30621851952914425,0.07777715201051182,0.01137556260270323,1058.5482715645285
ATTGCTGATTATGCTCATTTGGGTCCAGAAGACTTTAAGAGAGATTTGGAAGAATGTCAGAAGATTGTCTTGGATCCAGCTAATATTGAATTGGATGCTCCACCAGAATTTAGATTGGAT,0.2129159322161746,0.007295409315002777,0.0016405028600411091,0.12522831754682637,0.08509270656159086,0.22476619279754534,0.3399147956079103,0.0031461430949085377,1367.5152310706915
ATTGCTGATTATGCTCATTTGGGTCCAGAAGACTTTAAGAGAGATTTGGAAGAATGTCAGAAGATTGTCTTGGATCCATCTAATATTGAAGCTGATACTCCACCAGAAGCTAGAGCTTCT,0.07985672126717344,0.08764989016063802,0.06323509686440737,0.0685549018021485,0.07869132880722671,0.046579973960068986,0.19862341520284604,0.37680867193549095,3121.27911524127
ATTGCTGATTATGCTCATTTGGGTCCAGAAGACTTTAAGAGAGATTTGGAAGAATGTCAGAAGATTGTCTTGGATCCATCTAATATTGAAGCTGATACTCCACCAGAAGCTAGATTGTCT,0.16240587995785755,0.32956247704199393,0.2706287499438325,0.11903127459770511,0.06157997371169219,0.05560314177273659,0.00042429023343119735,0.0007642127407510276,378.4743930511937
ATTGCTGATTATGCTCATTTGGGTCCAGAAGACTTTAAGAGAGATTTGGAAGAATGTCAGAAGATTGTCTTGGATCCATCTAATATTGAAGCTGATACTCCACCAGAATTTAGAGCTTCT,0.09213791350153573,0.13483946197458374,0.1771886779148535,0.16750161188422563,0.19809446168752712,0.1458752792808185,0.054379269251140276,0.029983324505315538,869.212061776902
ATTGCTGATTATGCTCATTTGGGTCCAGAAGACTTTAAGAGAGATTTGGAAGAATGTCAGAAGATTGTCTTGGATCCATCTAATATTGAAGCTGATACTCCACCAGAATTTAGATTGTCT,0.11430300063355561,0.08944673700552579,0.0948216985488572,0.14109639556864068,0.17520986766871285,0.1629767185095659,0.1766835107388064,0.04546207132633563,1242.6518046566048
ATTGCTGATTATGCTCATTTGGGTCCAGAAGACTTTAAGAGAGATTTGGAAGAATGTCAGAAGATTGTCTTGGATCCATCTAATATTGAATCTTTGAGATTTGAACCACCAACTGATTTG,0.10266753806684278,0.10329623398226002,0.1277539997817377,0.1425751897868002,0.24027698058050173,0.18821123958702965,0.09521881821482794,0.0,840.6033031463462
ATTGCTGATTATGCTCATTTGGGTCCAGAAGACTTTAAGAGAGATTTGGAAGAATGTCAGAAGATTGTCTTGGATCCATCTAATATTGAATTGGATAAGACTCCAGAATTTAGGAAGACT,0.15034682170442923,0.22690123040388935,0.0,0.16703021844661553,0.2963054579283878,0.0,0.06971944080187602,0.08969683071480197,1137.2504018491716
ATTGCTGATTATGCTCATTTGGGTCCAGAAGACTTTAAGAGAGATTTGGAAGAATGTCAGAAGATTGTCTTGGATCCATCTAATATTGAATTGGATACTCCACCAGAAGCTAGAGCTTCT,0.15781265577026343,0.17465694273990603,0.21601100218721403,0.12272715477243618,0.031101922012579112,0.11572154596988432,0.08781783335646728,0.09415094319124952,1203.3318507622907
ATTGCTGATTATGCTCATTTGGGTCCAGAAGACTTTAAGAGAGATTTGGAAGAATGTCAGAAGATTGTCTTGGATCCATCTAATATTGAATTGGATACTCCACCAGAAGCTAGATTGTCT,0.5015183765300448,0.23464841567886074,0.1156108549498237,0.04634305427031066,0.025223790288373595,0.01998671530916319,0.02725727977509681,0.02941151319832663,493.93964521451807
ATTGCTGATTATGCTCATTTGGGTCCAGAAGACTTTAAGAGAGATTTGGAAGAATGTCAGAAGATTGTCTTGGATCCATCTAATATTGAATTGGATACTCCACCAGAAGCTGCTGCTGCT,0.15658535671224025,0.2975835347817459,0.04329921177057453,0.11597401280001561,0.137155752574134,0.15947442613155047,0.04840826645120475,0.04151943877853462,877.1055272993588
ATTGCTGATTATGCTCATTTGGGTCCAGAAGACTTTAAGAGAGATTTGGAAGAATGTCAGAAGATTGTCTTGGATCCATCTAATATTGAATTGGATACTCCACCAGAATTTAGAACTCCA,0.1008618419494933,0.13192332463302514,0.18198527759297575,0.23531357787150808,0.17393234314232092,0.09245050898165058,0.06548089008430429,0.01805223574472201,765.4437641149933
ATTGCTGATTATGCTCATTTGGGTCCAGAAGACTTTAAGAGAGATTTGGAAGAATGTCAGAAGATTGTCTTGGATCCATCTAATATTGAATTGGATACTCCACCAGAATTTAGAGAAGAA,0.1324230003308022,0.09992543030907476,0.041195026865122636,0.20228650882044527,0.17942440950567828,0.1517245464790147,0.15351933329393058,0.0395017443959316,1149.576346880766
ATTGCTGATTATGCTCATTTGGGTCCAGAAGACTTTAAGAGAGATTTGGAAGAATGTCAGAAGATTGTCTTGGATCCATCTAATATTGAATTGGATACTCCACCAGAATTTAGAGATGAT,0.060178714233878,0.04601305520300694,0.13643820106954785,0.3835246397490315,0.21324568602678573,0.14423018756675615,0.011829142069525561,0.004540374081468267,671.8275543920065
ATTGCTGATTATGCTCATTTGGGTCCAGAAGACTTTAAGAGAGATTTGGAAGAATGTCAGAAGATTGTCTTGGATCCATCTAATATTGAATTGGATACTCCACCAGAATTTAGAGCTTCT,0.13323702794234374,0.3093528911020492,0.15303972917006226,0.25049846126651865,0.0605965974025138,0.03757716285774585,0.01901083615958111,0.03668729409918543,645.191574054259
ATTGCTGATTATGCTCATTTGGGTCCAGAAGACTTTAAGAGAGATTTGGAAGAATGTCAGAAGATTGTCTTGGATCCATCTAATATTGAATTGGATACTCCACCAGAATTTAGATCTTTG,0.24226908515786413,0.2449962823898778,0.20918098060775545,0.13732282383189004,0.08282591543314641,0.052117331521679244,0.019488593116965335,0.01179898794082162,489.8827841220884
ATTGCTGATTATGCTCATTTGGGTCCAGAAGACTTTAAGAGAGATTTGGAAGAATGTCAGAAGATTGTCTTGGATCCATCTAATATTGAATTGGATACTCCACCAGAATTTAGATTGACT,0.25328580917230137,0.20237042586390122,0.21784177233521243,0.13241973710671376,0.06973823480623448,0.0853540957436255,0.03454550809754458,0.004444416874466525,509.34085059816107
ATTGCTGATTATGCTCATTTGGGTCCAGAAGACTTTAAGAGAGATTTGGAAGAATGTCAGAAGATTGTCTTGGATCCATCTAATATTGAATTGGATACTCCACCAGAATTTAGATTGGAA,0.112345247461267,0.14558676918663474,0.26840913477226913,0.2396385766147263,0.12664735776472905,0.0741429075483127,0.02250598864739032,0.010724018004670793,581.4127070921675
ATTGCTGATTATGCTCATTTGGGTCCAGAAGACTTTAAGAGAGATTTGGAAGAATGTCAGAAGATTGTCTTGGATCCATCTAATATTGAATTGGATACTCCACCAGAATTTAGATTGTAT,0.008697548972790084,0.02625242809992857,0.07936694561513424,0.15460290955601533,0.3113992268235771,0.31490270402043696,0.09007620366987655,0.014702033242241098,1106.5467654560937
ATTGCTGATTATGCTCATTTGGGTCCAGAAGACTTTAAGAGAGATTTGGAAGAATGTCAGAAGATTGTCTTGGATCCATCTAATATTGAATTGGATACTCCACCAGAATTTAGATTGTCT,0.28470360883800483,0.18058616640457686,0.08471672997774077,0.08251201328914762,0.09148329606765199,0.10211512118531714,0.11480340662219653,0.059079657615364295,1035.6760648403988
ATTGCTGATTATGCTCATTTGGGTCCAGAAGACTTTAAGAGAGATTTGGAAGAATGTCAGAAGATTGTCTTGGATCCATCTAATATTGAATTGGATACTCCACCAGCATTTAGATTGTCT,0.21633239822872485,0.21177450813993107,0.10913208636165755,0.09743430625374132,0.12099141042058674,0.10718456454299076,0.08133935775340803,0.05581136829895963,970.6721431731579
ATTGCTGATTATGCTCATTTGGGTCCAGAAGACTTTAAGAGAGATTTGGAAGAATGTCAGAAGATTGTCTTGGATCCATCTAATATTGAATTGGATACTGATCCAGAATTTAGAACTGAT,0.022805206024023375,0.04588971240232655,0.04256637015371007,0.22802229210146524,0.3370859591922656,0.22993712487909332,0.05287661532653615,0.0408167199205797,1110.1706756545327
ATTGCTGATTATGCTCATTTGGGTCCAGAAGACTTTAAGAGAGATTTGGAAGAATGTCAGAAGATTGTCTTGGATCCATCTAATATTGAATTGGATCCAACTCCAGAATTTAGACCAACT,0.03576691007203339,0.04798124355162537,0.05934190959250824,0.07947164741848603,0.18797303545552957,0.25134509566023755,0.21008904559075295,0.12803111265882697,1921.7668767079508
ATTGCTGATTATGCTCATTTGGGTCCAGAAGACTTTAAGAGAGATTTGGAAGAATGTCAGAAGATTGTCTTGGATCCATCTAATATTGAATTGGATCCAACTCCAGAATTTAGATTGTCT,0.08537484203814853,0.08589764423521526,0.0758827804531445,0.10839834650359632,0.1802762585312541,0.24594441530561267,0.10180380764521291,0.11642190528781576,1589.628150740689
ATTGCTGATTATGCTCATTTGGGTCCAGAAGACTTTAAGAGAGATTTGGAAGAATGTCAGAAGATTGTCTTGGATCCATCTAATATTGAATTGGATCCACCAACTGAATTTAGATTGTCT,0.10056288338201438,0.12741020375087234,0.14830824287337488,0.14482475242967563,0.20186082616768786,0.11266014459862879,0.0932668601216166,0.07110608667612964,1168.000315851393
ATTGCTGATTATGCTCATTTGGGTCCAGAAGACTTTAAGAGAGATTTGGAAGAATGTCAGAAGATTGTCTTGGATCCATCTAATATTGAATTGGATGAACCACCAGAATTTAGATTGGAA,0.10339338150569682,0.17337753700486636,0.08577146705457579,0.11486653926600453,0.13584600772400837,0.1263612424121333,0.09589200036916842,0.16449182466354656,1712.0566350175602
ATTGCTGATTATGCTCATTTGGGTCCAGAAGACTTTAAGAGAGATTTGGAAGAATGTCAGAAGATTGTCTTGGATCCATCTAATATTGAATTGGATGAACCACCAGAATTTAGATTGGCT,0.14249850840494527,0.11111261306345084,0.10639051887936146,0.11873325646677285,0.11935610780499223,0.1469417650778195,0.11894398016025873,0.13602325014239913,1605.7534010991214
ATTGCTGATTATGCTCATTTGGGTCCAGAAGACTTTAAGAGAGATTTGGAAGAATGTCAGAAGATTGTCTTGGATCCATCTAATATTGAATTGGATGAACCACCAGAATTTAGATTGTCT,0.19117941677581796,0.20284194986921786,0.20761610466860136,0.16991507707074166,0.09248208471255112,0.0700944343117988,0.04513319907099866,0.020737733520272566,642.9655799573839
ATTGCTGATTATGCTCATTTGGGTCCAGAAGACTTTAAGAGAGATTTGGAAGAATGTCAGAAGATTGTCTTGGATCCATCTAATATTGAATTGGATGAAGAACCAGAATTTAGAGAAGAA,0.11285153794115484,0.17842408052125505,0.10030458941946724,0.10746362588650189,0.19063651580580265,0.13299470880632402,0.11961594291983012,0.05770899869966424,1150.1079298830641
ATTGCTGATTATGCTCATTTGGGTCCAGAAGACTTTAAGAGAGATTTGGAAGAATGTCAGAAGATTGTCTTGGATCCATCTAATATTGAATTGGATGAAGAACCAGAATTTAGATTGGCT,0.10640193945516276,0.04588007287994687,0.17022971490995895,0.2364178901670234,0.08987070704915472,0.11146124831051187,0.11277975071163417,0.12695867651660744,1518.1183688451815
ATTGCTGATTATGCTCATTTGGGTCCAGAAGACTTTAAGAGAGATTTGGAAGAATGTCAGAAGATTGTCTTGGATCCATCTAATATTGAATTGGATGAAGAACCAGAATTTAGATTGTCT,0.01599436544932871,0.11330695617182067,0.2250973382827922,0.31644050589918,0.19019736999686274,0.11458106644879848,0.015777488624524754,0.008604909126692348,656.0153008761097
ATTGCTGATTATGCTCATTTGGGTCCAGAAGACTTTAAGAGAGATTTGGAAGAATGTCAGAAGATTGTCTTGGATCCATCTAATATTGAATTGGATGATCCACCAGAATTTAGATTGGCT,0.04246967680508811,0.0569729926974343,0.05284699704940094,0.12581965376129703,0.2231994334369365,0.33737543748523735,0.14442421829526045,0.0168915904693453,1213.0766923847627
ATTGCTGATTATGCTCATTTGGGTCCAGAAGACTTTAAGAGAGATTTGGAAGAATGTCAGAAGATTGTCTTGGATCCATCTAATATTGAATTGGATGATGATCCAGAATTTAGAGATGAT,0.08152417102900776,0.2005016278719731,0.12398750630053554,0.2616483662931737,0.12496469155334403,0.12454249232187396,0.050406294384707326,0.032424850245384544,830.463888508475
ATTGCTGATTATGCTCATTTGGGTCCAGAAGACTTTAAGAGAGATTTGGAAGAATGTCAGAAGATTGTCTTGGATCCATCTAATATTGAATTGGATGATGATCCAGAATTTAGATTGGCT,0.01460709322885426,0.01592125314463951,0.05149947838957395,0.17580317122736622,0.3118683531653072,0.32691329797520224,0.09031547725109745,0.013071875617959326,1112.9804424891254
ATTGCTGATTATGCTCATTTGGGTCCAGAAGACTTTAAGAGAGATTTGGAAGAATGTCAGAAGATTGTCTTGGATCCATCTAATATTGAATTGGATGATGATCCAGAATTTAGATTGTCT,0.0028453874975869747,0.008005509192208085,0.04009530418947311,0.13538977155918752,0.3341798961917618,0.338403606838018,0.1261123255410097,0.014968198990754786,1223.9196455613933
ATTGCTGATTATGCTCATTTGGGTCCAGAAGACTTTAAGAGAGATTTGGAAGAATGTCAGAAGATTGTCTTGGATCCATCTAATATTGAATTGGATGCTCCACCAGAATTTAGAGAAGAA,0.09533681994621987,0.03197354180207614,0.19772007627622354,0.21183194537931005,0.09394551800747752,0.11651499197134228,0.1768399145156994,0.07583719210165132,1361.5513396224806
ATTGCTGATTATGCTCATTTGGGTCCAGAAGACTTTAAGAGAGATTTGGAAGAATGTCAGAAGATTGTCTTGGATCCATCTAATATTGAATTGGATGCTCCACCAGAATTTAGAGATGAT,0.1618652530986944,0.13028516216523825,0.2618414161665373,0.05394804148998212,0.15950306563976435,0.10385659554024453,0.09007297769271815,0.03862748820682105,911.6951991399935
ATTGCTGATTATGCTCATTTGGGTCCAGAAGACTTTAAGAGAGATTTGGAAGAATGTCAGAAGATTGTCTTGGATCCATCTAATATTGAATTGGATGCTCCACCAGAATTTAGATTGGAA,0.23470541496065994,0.26167159541670415,0.1184006271125153,0.14799310346069403,0.09376225601352889,0.09303016248853266,0.035298989648259366,0.015137850899105656,594.3333868785329
ATTGCTGATTATGCTCATTTGGGTCCAGAAGACTTTAAGAGAGATTTGGAAGAATGTCAGAAGATTGTCTTGGATCCATCTAATATTGAATTGGATGCTCCACCAGAATTTAGATTGGAT,0.0001896545727032304,0.008357738314511497,0.07018521597942219,0.14336014140498393,0.19866071158558224,0.4894594144369782,0.08136892640145078,0.008418197304367865,1180.6888193148268
ATTGCTGATTATGCTCATTTGGGTCCAGAAGACTTTAAGAGAGATTTGGAAGAATGTCAGAAGATTGTCTTGGATCCATCTAATATTGAATTGGATGCTGCTGCTGCATTTAGATTGTCT,0.06467294311750425,0.08193870922006112,0.12220362136172194,0.21022615621498755,0.19118740731029502,0.16246992955953657,0.08441742423521625,0.0828838089806773,1286.523105202722
ATTGCTGATTATGCTCATTTGGGTCCAGAAGACTTTAAGAGAGATTTGGAAGAATGTCAGAAGATTGTCTTGGATCCATCTAATATTGAATTGGATGCTGCTGCTGCTGCTGCTGCTGCT,0.12582955060736523,0.1035818849812175,0.10675607103574772,0.17791755163410047,0.14090142239337006,0.11533604556229024,0.12730950969706042,0.1023679640888485,1411.5877248531365
ATTGCTGATTATGCTCATTTGGGTCCAGAAGACTTTAAGAGAGATTTGGAAGAATGTCAGAAGATTGTCTTGGATCCATCTAATATTGAATTGGATTATCCACCAGAATTTAGATTGTAT,0.46884262649482467,0.30842814640259725,0.11219283046764034,0.020033394334700073,0.03553850397495875,0.0,0.033448248188100514,0.021516250137178405,439.4149910242767
ATTGCTGATTATGCTCATTTGGGTCCAGAAGACTTTAAGAGAGATTTGGAAGAATGTCAGAAGATTGTCTTGGATCCATCTAATATTGAATTGGATTATCCACCAGAATTTAGATTGTCT,0.2501814692044202,0.20137078626850988,0.062262491073521865,0.05558862499223481,0.04930608705752821,0.275181222773717,0.04640606814080749,0.05970325048926053,1045.1363646672614
ATTGCTGATTATGCTCATTTGGGTCCAGAAGACTTTAAGAGAGATTTGGAAGAATGTCAGAAGATTGTCTTGGATCCATCTAATATTGAATTGGATTCTCCACCAGAATTTAGATTGTCT,0.25434191785728383,0.25589940845155673,0.1846188723262736,0.08830163821019961,0.03132877103200625,0.04856899486380617,0.07371529409658663,0.06322510316228712,885.0918762217855
ATTGCTGATTATGCTCATTTGGGTCCAGAAGACTTTAAGAGAGATTTGGAAGAATGTCAGAAGATTGTCTTGGATCCATCTAATATTGAATTGGATTCTGAACCAGAATTTAGATCTGAA,0.04745112084343881,0.1138656955507718,0.17233674396055554,0.25058002063489915,0.24480593178291365,0.1432469198170962,0.02020888958495511,0.00750467782536979,697.4345261404147
ATTGCTGATTATGCTCATTTGGGTCCAGAAGACTTTAAGAGAGATTTGGAAGAATGTCAGAAGATTGTCTTGGATCCATCTAATATTGAATTGGATTCTGGTCCAGAATTTAGATCTGGT,0.1919747194234665,0.2897254464697655,0.10948808080608044,0.18661772552463343,0.11035099144211395,0.043991266120235184,0.029674433053228127,0.03817733716047685,688.316075174571
ATTGCTGATTATGCTCATTTGGGTCCAGAAGACTTTAAGAGAGATTTGGAAGAATGTCAGAAGATTGTCTTGGATCCATCTAATATTGAATTGGATTCTTCTCCAGAATTTAGATCTTCT,0.051980937491584334,0.134397818569128,0.21884879833515652,0.28740195331394924,0.17812515069150428,0.11260808644169025,0.016544173220304315,9.308193668316804e-05,585.9923612758255
ATTGCTGATTATGCTCATTTGGGTCCAGAAGACTTTAAGAGAGATTTGGAAGAATGTCAGAAGATTGTCTTGGATCCATCTAATATTGAATTGGCTACTCCACCAGAATTTAGATTGTCT,0.24215656497393218,0.26800338094756215,0.18079601594430703,0.05380554572067333,0.0477245285677047,0.08878480603714828,0.08983506324956564,0.028894094559106794,759.3721722897423
ATTGCTGATTATGCTCATTTGGGTCCAGAAGACTTTAAGAGAGATTTGGAAGAATGTCAGAAGATTGTCTTGGATCCATCTAATATTGAATTGGCTACTCCACCAGCATTTAGATTGTCT,0.11027605752928638,0.12426550645270605,0.1427105003449998,0.12741347718909468,0.17386678270586856,0.14959785213146026,0.09818431249177278,0.07368551115481156,1216.2137406019729
ATTGCTGATTATGCTCATTTGGGTCCAGAAGACTTTAAGAGAGATTTGGAAGAATGTCAGAAGATTGTCTTGGATCCATCTAATATTGCTTTGGATACTCCACCAGAATTTAGATTGTCT,0.04703012200399139,0.11040893758463231,0.039014514287994045,0.1741629002161616,0.23171892958629278,0.27301773733682205,0.0872359992659742,0.03741085971813152,1146.2144294658283
ATTGCTGATTATGCTCATTTGGGTCCAGAAGACTTTAAGAGAGATTTGGAAGAATGTCAGAAGATTGTCTTGGATCCATCTAATATTGCTTTGGATACTCCACCAGCATTTAGATTGTCT,0.18875312851059226,0.18477630386152769,0.17774272090193827,0.11335044453340606,0.07540481825581698,0.028056022192493757,0.10408898041455673,0.12782758132966818,1364.1121710902123
ATTGCTGATTATGCTCATTTGGGTCCAGAAGACTTTAAGAGAGATTTGGAAGAATGTCAGAAGATTGTCTTGGATCCATCTAATATTGCTTTGGCTACTCCACCAGAATTTAGATTGTCT,0.04899898462324077,0.036974276454648354,0.015242929724260437,0.13609052410452704,0.20520664238839573,0.21333548601846475,0.22722008813116312,0.11693106855529978,1869.2091168205582
ATTGCTGATTATGCTCATTTGGGTCCAGAAGACTTTAAGAGAGATTTGGAAGAATGTCAGAAGATTGTCTTGGATCCATCTAATGCTGCTGCTGCTACTCCACCAGAAGCTGCTGCTGCT,0.02643631262486352,0.0467062861211145,0.04867113681736337,0.04817649007000777,0.09887437368809482,0.25489389533693896,0.3924658553445508,0.08377564999706624,2028.5435737502676
ATTGCTGATTATGCTCATTTGGGTCCAGAAGACTTTAAGAGAGATTTGGAAGAATGTCAGAAGATTGTCTTGGATCCATCTAATGCTGCTGCTGCTACTCCACCAGAATTTAGATTGTCT,0.10148966221778206,0.09240612097770001,0.2608976655953481,0.2289218499881614,0.1726678550253981,0.12660211058372686,0.016026185793531284,0.0009885498183520918,588.143741319863
ATTGCTGATTATGCTCATTTGGGTCCAGAAGACTTTAAGAGAGATTTGGAAGAATGTCAGAAGATTGTCTTGGATCCATCTAATGCTGCTGCTGCTGCTGCTGCTGCATTTAGATTGTCT,0.0863084700411884,0.15747228753424872,0.2727915418812248,0.14809301404577216,0.20568626116909655,0.10592048095616054,0.017395724046261385,0.006332220326047471,601.1766109504389
ATTGCTGATTATGCTCATTTGGGTCCAGAAGACTTTAAGAGAGATTTGGAAGAATGTCAGAAGATTGTCTTGGCTCCATCTAATATTGAATTGGATACTCCACCAGAATTTAGATTGTCT,0.14093223583801717,0.20560311224146505,0.1841369728326993,0.08611401311468665,0.09026909791720678,0.10334339871898134,0.07188903774894181,0.11771213158800198,1317.4880725622236
ATTGCTGATTATGCTCATTTGGGTCCAGAAGACTTTAAGAGAGATTTGGAAGAATGTCAGAAGATTGTCTTGGCTCCATCTAATATTGAATTGGATACTCCACCAGCATTTAGATTGTCT,0.07537960151753642,0.17064269271992225,0.11724793660617784,0.1465523151006759,0.18569886523792598,0.017273337449607355,0.17477667988228776,0.11242857148586644,1496.434310102891
ATTGCTGATTATGCTCATTTGGGTCCAGAAGACTTTAAGAGAGATTTGGAAGAATGTCAGAAGATTGTCTTGGCTCCATCTAATATTGAATTGGCTACTCCACCAGAATTTAGATTGTCT,0.0218756169421052,0.07128583468782097,0.12250287649309938,0.25821403704230905,0.32820762946593607,0.1682015296342286,0.020733956554453366,0.008978519180047302,780.2892836085701
ATTGCTGATTATGCTCATTTGGGTCCAGAAGACTTTAAGAGAGATTTGGAAGAATGTCAGAAGATTGTCTTGGCTCCATCTAATATTGCTTTGGCTACTCCACCAGCATTTAGATTGTCT,0.030978053693587967,0.027704667732155793,0.047113531840089595,0.1300143632142528,0.23742424337959356,0.3470457380628259,0.11811443638267805,0.06160496569481627,1444.8673041694465
ATTGCTGATTATGCTCATTTGGGTCCAGAAGACTTTAAGAGAGATTTGGAAGAATGTCAGAAGATTGTCTTGGCTGCTGCTGCTATTGAATTGGATACTCCACCAGAAGCTGCTGCTGCT,0.08925068118234653,0.0779372076458204,0.22211755962952898,0.11786287125614991,0.16649312873056546,0.32105646254901,0.002602999343473253,0.0026790896631055995,752.84802681719
ATTGCTGATTATGCTCATTTGGGTCCAGAAGACTTTAAGAGAGATTTGGAAGAATGTCAGAAGATTGTCTTGGCTGCTGCTGCTATTGAATTGGATACTCCACCAGAATTTAGATTGTCT,0.19230735535970742,0.13820355036810236,0.11044476913128161,0.31929653743147607,0.07080253772225364,0.08716646392235734,0.04899865409421996,0.03278013197060159,760.8341978935114
ATTGCTGATTATGCTCATTTGGGTCCAGAAGACTTTAAGAGAGATTTGGAAGAATGTCAGAAGATTGTCTTGGCTGCTGCTGCTATTGAATTGGATGCTGCTGCTGCATTTAGATTGTCT,0.16597745386078938,0.1541481553665733,0.05560516686450133,0.07092127711854684,0.08177762741252582,0.1813927209590478,0.18353845987509093,0.10663913854292459,1577.9419101398298
ATTGCTGATTATGCTCATTTGGGTCCAGAAGACTTTAAGAGAGATTTGGAAGAATGTCAGAAGATTGTCTTGGCTGCTGCTGCTGCTGCTGCTGCTACTCCACCAGAATTTAGATTGTCT,0.3667323275860889,0.2900339115579439,0.159189110682608,0.06443034390181814,0.03529762083217099,0.03752359052744233,0.028475599701483476,0.018317495210444235,474.9186113315583
ATTGCTGATTATGCTCATTTGGGTCCAGAAGACTTTAAGAGAGATTTGGAAGAATGTCAGAAGATTGTTGCTGATCCATCTAATATTGAAGCTGATACTCCACCAGAAGCTAGATTGTCT,0.28682980810464576,0.23476837207179846,0.30530141700722824,0.08807135799396676,0.04308308040805971,0.03625835203361401,0.00415887978480762,0.0015287325958794362,344.4973231895038
ATTGCTGATTATGCTCATTTGGGTCCAGAAGACTTTAAGAGAGATTTGGAAGAATGTCAGAAGATTGTTGCTGATCCATCTAATATTGAAGCTGATACTCCACCAGAATTTAGATTGTCT,0.19926705916748966,0.12758282271111313,0.04508314243808246,0.20125358424085257,0.10710493465098529,0.16604478406246864,0.06720358738981125,0.08646008533919708,1204.8750967223627
ATTGCTGATTATGCTCATTTGGGTCCAGAAGACTTTAAGAGAGATTTGGAAGAATGTCAGAAGATTGTTGCTGATCCATCTAATATTGAATTGGATACTCCACCAGAAGCTAGATTGTCT,0.16009891259619394,0.17897699536055298,0.06640617807079484,0.09881358921714216,0.035058333845011114,0.1141369660781137,0.272219640471297,0.07428938436089437,1496.2384109508912
ATTGCTGATTATGCTCATTTGGGTCCAGAAGACTTTAAGAGAGATTTGGAAGAATGTCAGAAGATTGTTGCTGATCCATCTAATATTGAATTGGATACTCCACCAGAATTTAGAGCTTCT,0.14280919858676455,0.16578889195089155,0.027339098112387723,0.3051080286044264,0.18402513923031974,0.10069206353059058,0.0611299047646628,0.013107675219956686,738.4802168988915
ATTGCTGATTATGCTCATTTGGGTCCAGAAGACTTTAAGAGAGATTTGGAAGAATGTCAGAAGATTGTTGCTGATCCATCTAATATTGAATTGGATACTCCACCAGAATTTAGATTGTCT,0.02601519936648601,0.029082784766085407,0.02517816337338901,0.05138134033598662,0.09399699997420073,0.23845672220571898,0.38068225437374437,0.15520653560438882,2415.4149897983684
ATTGCTGATTATGCTCATTTGGGTCCAGAAGACTTTAAGAGAGATTTGGAAGAATGTGAGAAGATTGTCTTGGATCCATCTGAAATTGAATTGGATACTCCACCAGAATTTAGATTGTCT,0.04775637522680925,0.0,0.019808494048463528,0.12379666310082131,0.2039242423086485,0.2334600075509532,0.2952770789380438,0.07597713882626052,1798.352353047811
ATTGCTGATTATGCTCATTTGGGTCCAGAAGACTTTAAGAGAGATTTGGAAGAATGTGATAAGATTGTCTTGGATCCATCTGATATTGAATTGGATACTCCACCAGAATTTAGATTGTCT,0.0005445169886712119,0.0006848142476212542,0.0006211038644563287,0.0005545282433643838,0.01748325730992254,0.043879842405080395,0.4096903957289942,0.5265415412118898,4483.276418904278
ATTGCTGATTATGCTCATTTGGGTCCAGAAGACTTTAAGAGAGATTTGGAAGAATGTGCTAAGATTGTCTTGGATCCATCTGCTATTGAATTGGATACTCCACCAGAATTTAGATTGTCT,0.06845340921582735,0.06026351726977352,0.05323735349242254,0.038024707689575214,0.033727215737772896,0.09411714680019645,0.1825250896898142,0.46965156010461784,3673.4922568675374
ATTGCTGATTATGCTCATTTGGGTCCAGAAGACTTTAAGAGAGATTTGGAAGCTTGTCAGAAGATTGTCTTGGATCCATCTAATATTGAATTGGATACTCCACCAGAATTTAGATTGTCT,0.3751336811694206,0.2113612778803141,0.15404278325095086,0.05417890315385035,0.05175228125623535,0.04813893810178068,0.06958340769849676,0.03580872748895122,695.8362670151782
ATTGCTGATTATGCTCATTTGGGTCCAGAAGACTTTAAGAGAGATTTGGAAGCTTGTCAGAAGATTGTCTTGGATCCATCTAATATTGAATTGGATACTCCACCAGCATTTAGATTGTCT,0.037634546619176215,0.07199430370885089,0.12584028737314013,0.24236096850172265,0.2712155267186578,0.20454308986583233,0.03889140344627577,0.007519873766344202,819.3411552683093
ATTGCTGATTATGCTCATTTGGGTCCAGAAGACTTTAAGAGAGATTTGGAAGCTTGTCAGAAGATTGTCTTGGATCCATCTAATATTGAATTGGCTACTCCACCAGAATTTAGATTGTCT,0.0909913216962124,0.09154851702168695,0.1132247398836981,0.20217654310702177,0.1921359342237751,0.15489153980299486,0.10850108521671686,0.04653031904789402,1107.5079870421093
ATTGCTGATTATGCTCATTTGGGTCCAGAAGACTTTAAGAGAGATTTGGAAGCTTGTCAGAAGATTGTCTTGGATCCATCTAATATTGCTTTGGATACTCCACCAGAATTTAGATTGTCT,0.19790865038072508,0.22716571577575242,0.16302178518142318,0.09599948865040804,0.13459158649888225,0.09708953845489163,0.05428944005252429,0.02993379500539312,750.9414665486692
ATTGCTGATTATGCTCATTTGGGTCCAGAAGACTTTAAGAGAGATTTGGAAGCTTGTCAGAAGATTGTCTTGGCTCCATCTAATATTGAATTGGATACTCCACCAGAATTTAGATTGTCT,0.15100305524507243,0.20038797069577258,0.24215603292629126,0.18434135553730108,0.13924032383627663,0.06742974778328494,0.010692320254062838,0.0047491937219383525,496.65870260604174
ATTGCTGATTATGCTCATTTGGGTCCAGAAGACTTTAAGAGAGATTTGGAAGCTTGTCAGAAGATTGTCTTGGCTCCATCTAATATTGCTTTGGCTACTCCACCAGAATTTAGATTGTCT,0.2810093215378711,0.2521646952889161,0.10395683425862594,0.0843761683996699,0.07484010812060797,0.05569181871633065,0.08452591631677801,0.06343513736120024,932.3417031335533
ATTGCTGATTATGCTCATTTGGGTCCAGAAGACTTTAAGAGAGATTTGGCTGAATGTCAGAAGATTGTCTTGGATCCATCTAATATTGAATTGGATACTCCACCAGAATTTAGATTGTCT,0.14694172892795382,0.04928051423361493,0.12189762514916845,0.1088315172590772,0.28959465710809706,0.1795834429547127,0.04542694486954572,0.05844356949782998,1084.9963935630362
ATTGCTGATTATGCTCATTTGGGTCCAGAAGACTTTAAGAGAGATTTGGCTGAATGTCAGAAGATTGTCTTGGATCCATCTAATATTGAATTGGATACTCCACCAGCATTTAGATTGTCT,0.038795404930405515,0.11709891852628097,0.04827492941132592,0.12930113626857542,0.09557310634424263,0.19558042709240692,0.14392290607899336,0.23145317134776924,2297.180439155134
ATTGCTGATTATGCTCATTTGGGTCCAGAAGACTTTAAGAGAGATTTGGCTGAATGTCAGAAGATTGTCTTGGATCCATCTAATATTGAATTGGCTACTCCACCAGAATTTAGATTGTCT,0.08885771096410498,0.07314696072863068,0.05025899484908795,0.09871790241218939,0.23880262412181258,0.21472511575063666,0.1872975445923915,0.0481931465811463,1364.660492255801
ATTGCTGATTATGCTCATTTGGGTCCAGAAGACTTTAAGAGAGATTTGGCTGAATGTCAGAAGATTGTCTTGGATCCATCTAATATTGCTTTGGATACTCCACCAGAATTTAGATTGTCT,0.13850292387790178,0.2102934203892099,0.24128389533882083,0.24759411643477316,0.07568529281309079,0.06578449174962737,0.01634872660644973,0.0045071327901265385,489.00347159376383
ATTGCTGATTATGCTCATTTGGGTCCAGAAGACTTTAAGAGAGATTTGGCTGAATGTCAGAAGATTGTCTTGGCTCCATCTAATATTGAATTGGATACTCCACCAGAATTTAGATTGTCT,0.06414094702201575,0.07014534906197684,0.12839573984113714,0.17969513645568444,0.24457549569659964,0.24283626730210753,0.056900993825618904,0.013310070794859782,908.3995160879786
ATTGCTGATTATGCTCATTTGGGTCCAGAAGACTTTAAGAGAGATTTGGCTGCTGCTGCTAAGATTGTCTTGGATCCATCTAATATTGAATTGGATACTCCACCAGAAGCTGCTGCTGCT,0.14770169203366643,0.1273767081633262,0.15753608161252744,0.09376661092432083,0.2287154588806046,0.09670297750179097,0.09784690070348152,0.05035357018028211,1032.2893126250867
ATTGCTGATTATGCTCATTTGGGTCCAGAAGACTTTAAGAGAGATTTGGCTGCTGCTGCTAAGATTGTCTTGGATCCATCTAATATTGAATTGGATACTCCACCAGAATTTAGATTGTCT,0.048430314262376976,0.07309032389513181,0.030132047939422573,0.1748644175292563,0.15510151933360225,0.38842551628172695,0.10106236204257964,0.028893498715903423,1214.6272511425484
ATTGCTGATTATGCTCATTTGGGTCCAGAAGACTTTAAGAGAGATTTGGCTGCTGCTGCTAAGATTGTCTTGGATCCATCTAATATTGAATTGGATGCTGCTGCTGCATTTAGATTGTCT,0.12891411381501464,0.201040476943663,0.16843452835439549,0.1575411277870289,0.10162624016750972,0.08271436099847557,0.11358309851212595,0.04614605342178682,977.7544509767175
ATTGCTGATTATGCTCATTTGGGTCCAGAAGACTTTAAGAGAGATTTGGCTGCTGCTGCTAAGATTGTCTTGGATCCATCTAATGCTGCTGCTGCTACTCCACCAGAATTTAGATTGTCT,0.1038500728113836,0.18131395871654993,0.1102217353684901,0.2273544653972278,0.14447228097132703,0.09798922980618785,0.07648588419534041,0.05831237273349331,1019.1400848306448
ATTGCTGATTATGCTCATTTGGGTCCAGAAGACTTTAAGAGAGATTTGGCTGCTGCTGCTAAGATTGTCTTGGCTGCTGCTGCTATTGAATTGGATACTCCACCAGAATTTAGATTGTCT,0.10645521528116787,0.1923970316350263,0.2650842015622153,0.2551421202315065,0.0971198106137174,0.07015935519695511,0.013019666106331072,0.0006225993730805216,480.88424500463714
ATTGCTGATTATGCTCATTTGGGTCCAGAAGACTTTAAGAGAGATTTGGCTGCTGCTGCTGCTGCTGCTGCTGATCCATCTAATATTGAATTGGATACTCCACCAGAATTTAGATTGTCT,0.04569684999519114,0.08692465998541778,0.13771439750252223,0.19434491051567443,0.25962592695192915,0.1911047813187883,0.061585557573587815,0.023002916156889104,934.7208861418555
ATTGCTGATTATGCTCATTTGGGTCCAGAAGACTTTAAGAGAGATTTGGCTGCTTGTCAGAAGATTGTCTTGGATCCATCTAATATTGAATTGGATACTCCACCAGAATTTAGATTGTCT,0.01438203654197782,0.03275996165129814,0.12611845716176626,0.24075105768866134,0.290018559870341,0.2643490256789364,0.02419173421437255,0.007429167192646467,863.4505228434155
ATTGCTGATTATGCTCATTTGGGTCCAGAAGACTTTAAGAGAGATTTGGCTGCTTGTCAGAAGATTGTCTTGGCTCCATCTAATATTGCTTTGGATACTCCACCAGAATTTAGATTGTCT,0.3975022057730077,0.26662423604794616,0.14426723206946482,0.05520143318510289,0.027201475029041102,0.045544083538854106,0.030721890437308694,0.03293744391927459,567.8849576074855
ATTGCTGATTATGCTCATTTGGGTCCAGAAGACTTTAAGAGAGATTTGGCTGCTTGTCAGAAGATTGTCTTGGCTCCATCTAATATTGCTTTGGCTACTCCACCAGCATTTAGATTGTCT,0.0007793428001761035,0.01911280778504055,0.021759271531681734,0.0459427548016242,0.11778731099778904,0.3503439393890641,0.387375645370443,0.056898927324181205,1969.0924294010274
ATTGCTGATTATGCTCATTTGGGTCCAGAAGACTTTAAGAGAGCTTTGGCTGAATGTCAGAAGATTGTCTTGGATCCATCTAATATTGAATTGGATACTCCACCAGAATTTAGATTGTCT,0.0647610414061144,0.07674118833469205,0.09580682550932919,0.07914205200542943,0.05814341964657728,0.08838092127661407,0.25626670090687514,0.28075785091436845,2712.2722613231313
ATTGCTGATTATGCTCATTTGGGTCCAGAAGACTTTAAGAGAGCTTTGGCTGCTTGTCAGAAGATTGTCTTGGCTCCATCTAATATTGAATTGGATACTCCACCAGAATTTAGATTGTCT,0.11323039358949097,0.1469017063968255,0.11123514703993212,0.13903671818142002,0.143876844476204,0.08466882358801105,0.11883312415976191,0.14221724256835439,1594.5480859486697
ATTGCTGATTATGCTCATTTGGGTCCAGAAGACTTTAATAATGATTTGGAAGAATGTCAGAATATTGTCTTGGATCCATCTAATATTGAATTGGATACTCCACCAGAATTTAATTTGTCT,0.0014470904702986516,0.001758450628940308,0.0015384468225687396,0.0010332781498287788,0.015516793660686576,0.08313119589976388,0.44300030202005153,0.4525744423478616,4152.340823181661
ATTGCTGATTATGCTCATTTGGGTCCAGAAGACTTTCAACAAGATTTGGAAGAATGTCAACAAATTGTCTTGGATCCATCTAATATTGAATTGGATACTCCACCAGAATTTCAATTGTCT,0.04633224365871301,0.0932319284558584,0.14413342225097794,0.12868387724634994,0.1597963223125805,0.16987353892088577,0.06445613047940954,0.19349253667522484,1891.534749142956
ATTGCTGATTATGCTCATTTGGGTCCAGAAGACTTTGAAGAAGATTTGGAAGAATGTCAAGAAATTGTCTTGGATCCATCTAATATTGAATTGGATACTCCACCAGAATTTGAATTGTCT,0.34873589314705095,0.23391427705920048,0.10125460698716769,0.09040120752475704,0.04581954680675861,0.03196532028213406,0.06468689176696818,0.08322225642596283,959.4011549564128
ATTGCTGATTATGCTCATTTGGGTCCAGAAGACTTTGATGATGATTTGGAAGAATGTCAAGATATTGTCTTGGATCCATCTAATATTGAATTGGATACTCCACCAGAATTTGATTTGTCT,0.006387744239764702,0.005037268876982004,0.005370653846718642,0.00949405604966406,0.03215311123866789,0.16623568722717777,0.5548028367753847,0.22051864174564026,3100.0720090760105
ATTGCTGATTATGCTCATTTGGGTCCAGAAGACTTTGCTGCTGATTTGGAAGAATGTCAAGCTATTGTCTTGGATCCATCTAATATTGAATTGGATACTCCACCAGAATTTGCTTTGTCT,0.09040612058535336,0.11694822732993011,0.1446384174213785,0.15783135181330593,0.05090672858145676,0.18940968758563756,0.20362840248581257,0.046231064197125256,1284.5780121653297
ATTGCTGATTATGCTCATTTGGGTCCAGAAGACTTTGCTGCTGCTGCTGAAGAATGTCAAGCTGCTGCTGCTGATCCATCTAATATTGAATTGGATACTCCACCAGAATTTAGATTGTCT,0.1938924059287526,0.20099123420351095,0.14622384971987373,0.15013276850761983,0.11000587115729803,0.04846986171467243,0.08718795302807757,0.06309605574019492,975.4276832043611
ATTGCTGATTATGCTCATTTGGGTCCAGAAGACTTTGCTGCTGCTGCTGAAGAATGTCAGAAGATTGTCTTGGATCCATCTAATATTGAATTGGATACTCCACCAGAAGCTGCTGCTGCT,0.019021162757521397,0.16060999350957755,0.17554448116304905,0.3348813849797873,0.21503047610244475,0.07742790880535909,0.015987285123004624,0.0014973075592563377,584.127334693602
ATTGCTGATTATGCTCATTTGGGTCCAGAAGACTTTGCTGCTGCTGCTGAAGAATGTCAGAAGATTGTCTTGGATCCATCTAATATTGAATTGGATACTCCACCAGAATTTAGATTGTCT,0.06100530604640193,0.10229813120069464,0.07591174388795341,0.11295804238732551,0.14026838587221066,0.14911411453026205,0.1885975273830103,0.1698467486921415,1993.6374455461491
ATTGCTGATTATGCTCATTTGGGTCCAGAAGACTTTGCTGCTGCTGCTGAAGAATGTCAGAAGATTGTCTTGGATCCATCTAATATTGAATTGGATGCTGCTGCTGCATTTAGATTGTCT,0.007673483220769558,0.006660799921095325,0.0054295236329161885,0.04580087045827213,0.1942267625702837,0.4209100664768473,0.3173236719816828,0.0019748217381330676,1586.5161288801664
ATTGCTGATTATGCTCATTTGGGTCCAGAAGACTTTGCTGCTGCTGCTGAAGAATGTCAGAAGATTGTCTTGGATCCATCTAATGCTGCTGCTGCTACTCCACCAGAATTTAGATTGTCT,0.11262741386447082,0.18886183361721057,0.14014753715913048,0.09175850636704351,0.19237188690653745,0.11699954849698503,0.07660113016939278,0.08063214341922946,1171.9086838709143
ATTGCTGATTATGCTCATTTGGGTCCAGAAGACTTTGCTGCTGCTGCTGAAGAATGTCAGAAGATTGTCTTGGCTGCTGCTGCTATTGAATTGGATACTCCACCAGAATTTAGATTGTCT,0.11753412780482889,0.11825386091097305,0.12375269911705579,0.20088681336018965,0.13363717904918346,0.16574217880994704,0.07546625263366734,0.06472688831415484,1120.0287606346049
ATTGCTGATTATGCTCATTTGGGTCCAGAAGACTTTGCTGCTGCTGCTGCTGCTGCTGCTAAGATTGTCTTGGATCCATCTAATATTGAATTGGATACTCCACCAGAATTTAGATTGTCT,0.010725193025378542,0.008016074797486051,0.003813102071913579,0.00374481661793235,0.06341204678744836,0.13650726124523552,0.5496461390019787,0.22413536645262683,3091.451540599013
ATTGCTGATTATGCTCATTTGGGTCCAGAAGATGCTAAGAGAGATGCTGAAGAATGTCAGAAGATTGTCTTGGATCCATCTAATATTGAATTGGATACTCCACCAGAATTTAGATTGTCT,0.06601561846392902,0.03320993616742776,0.20536577251275814,0.22002333766514823,0.16263054181680084,0.1815308170988448,0.09183909479397144,0.03938488148111981,1053.982338215518
ATTGCTGATTATGCTCATTTGGGTCCAGAAGATGCTAAGAGAGATGCTGAAGAATGTCAGAAGATTGTTGCTGATCCATCTAATATTGAATTGGATACTCCACCAGAATTTAGATTGTCT,0.18227545050350208,0.2963259639582176,0.2830112259041194,0.14819726804381705,0.03564827649104479,0.04160890440157672,0.011638872395912311,0.0012940383018101235,384.9092323666491
ATTGCTGATTATGCTCATTTGGGTCCAGAAGATGCTAAGAGAGATTTGGAAGAATGTCAGAAGATTGTCTTGGATCCATCTAATATTGAAGCTGATACTCCACCAGAATTTAGATTGTCT,0.014175175305248441,0.02281916567033583,0.028222129439570667,0.05984292772850062,0.17041337323108685,0.272853886836036,0.2997456744759003,0.13192766731332128,2165.7418254197933
ATTGCTGATTATGCTCATTTGGGTCCAGAAGATGCTAAGAGAGATTTGGAAGAATGTCAGAAGATTGTCTTGGATCCATCTAATATTGAATTGGATACTCCACCAGAAGCTAGATTGTCT,0.1768951668696611,0.20729973069430532,0.239820345687056,0.19000145205448332,0.10701107612433652,0.05821620639563811,0.011246123461630838,0.00950989871288877,498.1598450287684
ATTGCTGATTATGCTCATTTGGGTCCAGAAGATGCTAAGAGAGATTTGGAAGAATGTCAGAAGATTGTCTTGGATCCATCTAATATTGAATTGGATACTCCACCAGAATTTAGAGCTTCT,0.0571159554616322,0.05746571127130695,0.01776801094818415,0.12690777775533832,0.09849425483651934,0.24867576770227348,0.2913464796632808,0.1022260423614648,1909.7822868264711
ATTGCTGATTATGCTCATTTGGGTCCAGAAGATGCTAAGAGAGATTTGGAAGAATGTCAGAAGATTGTCTTGGATCCATCTAATATTGAATTGGATACTCCACCAGAATTTAGATTGTCT,0.15241443678740754,0.1427720554734973,0.1046380044288396,0.09926081266313119,0.21751679824744763,0.17824290152830916,0.09261287104649908,0.01254211982486856,870.3668075042667
ATTGCTGATTATGCTCATTTGGGTCCAGAAGATGCTAAGAGAGATTTGGAAGAATGTCAGAAGATTGTTGCTGATCCATCTAATATTGAATTGGATACTCCACCAGAATTTAGATTGTCT,0.20687547756775973,0.28619566554632514,0.16089049551153814,0.14364477337157455,0.07644616180602196,0.07110869244735783,0.0239832848611863,0.030855448888236277,635.2946130145436
ATTGCTGATTATGCTCATTTGGGTCCAGAAGCATTTAAGAGAGATTTGGAAGAATGTCAGAAGATTGTCTTGGATCCATCTAATATTGAATTGGATACTCCACCAGAATTTAGATTGTCT,0.28459904396700525,0.3083681110325159,0.10896610670325282,0.10944688254832428,0.06471824670192945,0.07023289014160483,0.04060782411306452,0.013060894792303008,537.8679382130861
ATTGCTGATTATGCTCATTTGGGTCCAGAAGCATTTAAGAGAGATTTGGAAGAATGTCAGAAGATTGTCTTGGATCCATCTAATATTGAATTGGATACTCCACCAGCATTTAGATTGTCT,0.0006577331157497231,0.0006066140818202877,0.00047742797233091944,0.027828222037059674,0.10154106532739832,0.30324950799397443,0.4227392593126907,0.142900170158976,2510.423593911979
ATTGCTGATTATGCTCATTTGGGTCCAGAAGCATTTAAGAGAGATTTGGAAGAATGTCAGAAGATTGTCTTGGATCCATCTAATATTGAATTGGCTACTCCACCAGAATTTAGATTGTCT,0.008865853299587598,0.017840288646842693,0.011032194224458856,0.05909797346792083,0.0698917527375391,0.1787827582140247,0.337127388768481,0.3173617906411451,3227.1173175862655
ATTGCTGATTATGCTCATTTGGGTCCAGAAGCATTTAAGAGAGATTTGGAAGAATGTCAGAAGATTGTCTTGGATCCATCTAATATTGCTTTGGATACTCCACCAGAATTTAGATTGTCT,0.018292181285871872,0.028021195558167934,0.1017529751334405,0.18865599439539496,0.29413126133811285,0.28070118059680965,0.0783918954717162,0.010053316220485962,1012.3357552859093
ATTGCTGATTATGCTCATTTGGGTCCAGAAGCATTTAAGAGAGATTTGGAAGAATGTCAGAAGATTGTCTTGGCTCCATCTAATATTGAATTGGATACTCCACCAGAATTTAGATTGTCT,0.15580107613458224,0.21553831899948422,0.09693526805684713,0.23799835136647457,0.13433646318769793,0.05355304038968395,0.036124354945754,0.06971312691947597,934.960434527036
ATTGCTGATTATGCTCATTTGGGTCCAGAAGCATTTAAGAGAGATTTGGAAGCTTGTCAGAAGATTGTCTTGGATCCATCTAATATTGAATTGGATACTCCACCAGAATTTAGATTGTCT,0.08831949791808569,0.08886033203798686,0.2747501627633332,0.2698299064361021,0.10878825445871029,0.020238532178550674,0.12286763239046211,0.026345681816769172,853.2021398891256
ATTGCTGATTATGCTCATTTGGGTCCAGAAGCATTTAAGAGAGATTTGGCTGAATGTCAGAAGATTGTCTTGGATCCATCTAATATTGAATTGGATACTCCACCAGAATTTAGATTGTCT,0.09497157755679608,0.12285404539074622,0.05064752470624259,0.12058308661226791,0.14706309482606644,0.29846215142421795,0.10066424443381129,0.06475427504985136,1311.7762047843955
ATTGCTGATTATGCTCATTTGGGTCCAGAAGCATTTAAGAGAGCTTTGGAAGAATGTCAGAAGATTGTCTTGGATCCATCTAATATTGAATTGGATACTCCACCAGAATTTAGATTGTCT,0.008813262262834158,0.011084039049616993,0.013708440934726908,0.009791235386954209,0.010855806931214637,0.016156567562900525,0.3065191416947852,0.6230715061769673,4799.00515856071
ATTGCTGATTATGCTCATTTGGGTCCAGAAGCATTTAAGAGAGCTTTGGCTGCTTGTCAGAAGATTGTCTTGGATCCATCTAATATTGAATTGGATACTCCACCAGAATTTAGATTGTCT,0.07685933631237125,0.09279599145281886,0.03825586088596909,0.08538811521506916,0.12118029810769568,0.09862955578265434,0.2851321970017532,0.20175864524166837,2337.328250527001
ATTGCTGATTATGCTCATTTGGGTCCAGAAGCATTTAAGAGAGCTTTGGCTGCTTGTCAGAAGATTGTCTTGGCTCCATCTAATATTGCTTTGGCTACTCCACCAGCATTTAGATTGTCT,0.07282248959476459,0.07548868142263623,0.07963260783423828,0.1765163246411335,0.12177412374748903,0.10113558666923267,0.1514512775495422,0.22117890854096356,2171.1803722210043
ATTGCTGATTATGCTCATTTGGGTCCAGATGACTTTAAGAGAGATTTGGATGATTGTCAGAAGATTGTCTTGGATCCATCTAATATTGATTTGGATACTCCACCAGACTTTAGATTGTCT,0.032464382863194065,0.03810704574572228,0.0235648838597434,0.051094673024626606,0.07997653127606684,0.11902811455616269,0.38138106969179897,0.27438329898268504,3003.460374167138
ATTGCTGATTATGCTCATTTGGGTCCAGCTGACTTTAAGAGAGATTTGGAAGAATGTCAGAAGATTGTCTTGGATCCATCTAATATTGAATTGGATACTCCACCAGAATTTAGATTGTCT,0.023946053914556252,0.03942440214336129,0.04875903862751767,0.1257608349021095,0.2745785734723536,0.38311125514495975,0.08883489358313468,0.015584948212007307,1154.691717206416
ATTGCTGATTATGCTCATTTGGGTCCAGCTGACTTTAAGAGAGATTTGGAAGAATGTCAGAAGATTGTCTTGGATCCATCTAATATTGAATTGGATACTCCACCAGCATTTAGATTGTCT,0.11991605977036747,0.09048778417336219,0.07460856937933141,0.18651174400819767,0.24224042228113418,0.18136091808191823,0.0834119458154272,0.021462556490261714,941.7300535121562
ATTGCTGATTATGCTCATTTGGGTCCAGCTGACTTTAAGAGAGATTTGGAAGAATGTCAGAAGATTGTCTTGGATCCATCTAATATTGAATTGGCTACTCCACCAGAATTTAGATTGTCT,0.007447249860840722,0.012175887605578741,0.03629559289585871,0.11307310664816535,0.2048683595447226,0.24232972502626107,0.2201586520594267,0.1636514263591462,2171.100071047449
ATTGCTGATTATGCTCATTTGGGTCCAGCTGACTTTAAGAGAGATTTGGAAGAATGTCAGAAGATTGTCTTGGATCCATCTAATATTGCTTTGGATACTCCACCAGAATTTAGATTGTCT,0.10515769925077051,0.11638180833506308,0.09159683633271792,0.058413318213437995,0.10362307589199042,0.16385979546854038,0.18530379583492348,0.1756636706725562,2002.3853593700776
ATTGCTGATTATGCTCATTTGGGTCCAGCTGACTTTAAGAGAGATTTGGAAGAATGTCAGAAGATTGTCTTGGCTCCATCTAATATTGAATTGGATACTCCACCAGAATTTAGATTGTCT,0.036222700857326595,0.05466677180071902,0.0901471877977245,0.12072657542744905,0.16062337498943072,0.19921153924356255,0.25196007665575215,0.08644177322803541,1705.3533439567932
ATTGCTGATTATGCTCATTTGGGTCCAGCTGACTTTAAGAGAGATTTGGAAGCTTGTCAGAAGATTGTCTTGGATCCATCTAATATTGAATTGGATACTCCACCAGAATTTAGATTGTCT,0.05820955805596293,0.05856601066091583,0.1448657288798515,0.13580457294570275,0.206496267816558,0.16540110525597054,0.1403645019767377,0.09029225440830088,1459.5837667868784
ATTGCTGATTATGCTCATTTGGGTCCAGCTGACTTTAAGAGAGATTTGGCTGAATGTCAGAAGATTGTCTTGGATCCATCTAATATTGAATTGGATACTCCACCAGAATTTAGATTGTCT,0.03160469688508471,0.05723681707511423,0.015730878581427597,0.049156444484379495,0.05605825031319788,0.05793807165845729,0.23449374118439217,0.49778109981794666,3941.8598555662406
ATTGCTGATTATGCTCATTTGGGTCCAGCTGACTTTAAGAGAGATTTGGCTGCTTGTCAGAAGATTGTCTTGGATCCATCTAATATTGCTTTGGATACTCCACCAGCATTTAGATTGTCT,0.2207688199009814,0.2658809376444578,0.23250828026293002,0.18186482376037244,0.06349656250777433,0.03407444975408273,0.0010891734036153915,0.00031695276578573887,360.6358687354422
ATTGCTGATTATGCTCATTTGGGTCCAGCTGACTTTAAGAGAGCTTTGGAAGAATGTCAGAAGATTGTCTTGGATCCATCTAATATTGAATTGGATACTCCACCAGAATTTAGATTGTCT,0.5353940529556878,0.2610997746042717,0.1157346510480461,0.02354664714440797,0.008232499296401035,0.02165504805335772,0.023585537655556228,0.01075178924227147,355.1381211955037
ATTGCTGATTATGCTCATTTGGGTCCAGCTGACTTTAAGAGAGCTTTGGCTGCTTGTCAGAAGATTGTCTTGGCTCCATCTAATATTGCTTTGGCTACTCCACCAGCATTTAGATTGTCT,0.009657474683580074,0.008806147219241767,0.019807226595006486,0.09095860294228957,0.19031613997882355,0.3891249740650016,0.23879315321827607,0.05253628129778086,1685.3630280188297
ATTGCTGATTATGCTCATTTGGGTCCAGCTGCATTTAAGAGAGATTTGGAAGAATGTCAGAAGATTGTCTTGGATCCATCTAATATTGAATTGGATACTCCACCAGAATTTAGATTGTCT,0.00930606073135366,0.020598704309954228,0.10190369055932536,0.29982281525609883,0.3264609832353232,0.16889371327206829,0.03970208850913326,0.03331194412674324,983.1617092551613
ATTGCTGATTATGCTCATTTGGGTCCAGCTGCATTTAAGAGAGATTTGGCTGCTTGTCAGAAGATTGTCTTGGCTCCATCTAATATTGCTTTGGCTACTCCACCAGCATTTAGATTGTCT,0.09196430497780307,0.15421243078830288,0.17801072846931343,0.07946495119983538,0.19131357551283215,0.0842949785469821,0.12319973537522474,0.09753929512970622,1350.1069557446167
ATTGCTGATTATGCTCATTTGGGTCCAGCTGCATTTAAGAGAGCTTTGGAAGCTTGTCAGAAGATTGTCTTGGCTCCATCTAATATTGCTTTGGCTACTCCACCAGCATTTAGATTGTCT,0.3147524271932749,0.3596966046759911,0.20845962542551602,0.05734740007304059,0.03499100739740449,0.017451534436252056,0.003193209676152779,0.004108191122368214,313.2503650864689
ATTGCTGATTATGCTCATTTGGGTCCAGCTGCATTTAAGAGAGCTTTGGCTGAATGTCAGAAGATTGTCTTGGATCCATCTAATATTGAATTGGATACTCCACCAGAATTTAGATTGTCT,0.13471303261244671,0.08132277757436078,0.07822719393825689,0.1396841685275222,0.168146316835545,0.16463825751822506,0.15825651359419163,0.07501173939945176,1374.4008913565983
ATTGCTGATTATGCTCATTTGGGTCCAGCTGCATTTAAGAGAGCTTTGGCTGAATGTCAGAAGATTGTCTTGGCTCCATCTAATATTGCTTTGGCTACTCCACCAGCATTTAGATTGTCT,0.445606599229247,0.2551910366862294,0.21856716089292721,0.03767501071906365,0.013861157753372398,0.008436904078925066,0.006343602868398131,0.014318527771837099,345.81129487570024
ATTGCTGATTATGCTCATTTGGGTCCAGCTGCATTTAAGAGAGCTTTGGCTGCTTGTCAGAAGATTGTCTTGGATCCATCTAATATTGCTTTGGCTACTCCACCAGCATTTAGATTGTCT,0.11255361764869448,0.20207796425437569,0.2608983030236772,0.2294085421544947,0.1000489125404063,0.0689494541952913,0.016295430811696866,0.009767775371363363,537.5034862198622
ATTGCTGATTATGCTCATTTGGGTCCAGCTGCATTTAAGAGAGCTTTGGCTGCTTGTCAGAAGATTGTCTTGGCTCCATCTAATATTGAATTGGCTACTCCACCAGCATTTAGATTGTCT,0.2481622523824216,0.26751632262669306,0.22057132130187326,0.10502851183741228,0.058223972855299476,0.043327021067050185,0.021919773504630695,0.03525082442461938,608.5563393412269
ATTGCTGATTATGCTCATTTGGGTCCAGCTGCATTTAAGAGAGCTTTGGCTGCTTGTCAGAAGATTGTCTTGGCTCCATCTAATATTGCTTTGGATACTCCACCAGCATTTAGATTGTCT,0.1010347261317728,0.05082671167222481,0.02095370263932697,0.14966153754958803,0.08296689296387436,0.1080438048161466,0.26549599778602284,0.22101662644104358,2410.9415781479
ATTGCTGATTATGCTCATTTGGGTCCAGCTGCATTTAAGAGAGCTTTGGCTGCTTGTCAGAAGATTGTCTTGGCTCCATCTAATATTGCTTTGGCTACTCCACCAGAATTTAGATTGTCT,0.01653089389556718,0.00311271568869353,0.08607290944403065,0.17144331466286689,0.21440454993801644,0.24379130189731896,0.2253052193789476,0.03933909509455867,1447.4275008212976
ATTGCTGATTATGCTCATTTGGGTCCAGCTGCATTTAAGAGAGCTTTGGCTGCTTGTCAGAAGATTGTCTTGGCTCCATCTAATATTGCTTTGGCTACTCCACCAGCATTTAGATTGTCT,0.16835130606706802,0.197612594352538,0.12220096688190225,0.1558604914810281,0.1175085787503518,0.0385779290581959,0.0910799792654898,0.10880815414342619,1258.7223074621518
ATTGCTGATTATGCTCATTTGGGTGCTGCTGCTGCTAAGAGAGATTTGGAAGAATGTCAAGCTGCTGCTGCTGATCCATCTAATATTGAATTGGATACTCCACCAGAATTTAGATTGTCT,0.16623351682984483,0.2047522041486076,0.20899783976516542,0.19605744458440022,0.12321929983449624,0.0785911662974054,0.015594058962720857,0.006554469577359547,521.5734879727895
ATTGCTGATTATGCTCATTTGGGTGCTGCTGCTGCTAAGAGAGATTTGGAAGAATGTCAGAAGATTGTCTTGGATCCATCTAATATTGAATTGGATACTCCACCAGAAGCTGCTGCTGCT,0.17555859781135727,0.1997987189831171,0.21129325732522425,0.20303307453126387,0.07940826436758695,0.056716985466262845,0.034699663232189905,0.03949143828299785,720.9582764407902
ATTGCTGATTATGCTCATTTGGGTGCTGCTGCTGCTAAGAGAGATTTGGAAGAATGTCAGAAGATTGTCTTGGATCCATCTAATATTGAATTGGATACTCCACCAGAATTTAGATTGTCT,0.06553680286166577,0.04164672549269826,0.21771772409648343,0.23595252949413972,0.2625042994777788,0.14605321704473595,0.017729242747025142,0.012859458785472894,736.0899867244948
ATTGCTGATTATGCTCATTTGGGTGCTGCTGCTGCTAAGAGAGATTTGGAAGAATGTCAGAAGATTGTCTTGGATCCATCTAATATTGAATTGGATGCTGCTGCTGCATTTAGATTGTCT,0.002390594590974162,0.04757017680766514,0.07816924662511246,0.3368527803693691,0.2202586369523608,0.2893643473874602,0.02143247445756566,0.00396174280949258,846.5485172104985
ATTGCTGATTATGCTCATTTGGGTGCTGCTGCTGCTAAGAGAGATTTGGAAGAATGTCAGAAGATTGTCTTGGATCCATCTAATGCTGCTGCTGCTACTCCACCAGAATTTAGATTGTCT,0.02656572802764576,0.01638192636421776,0.007464477727552011,0.13043117086741393,0.21449103697055996,0.47051043770234535,0.03497054043261621,0.09918468190764909,1602.6120559005567
ATTGCTGATTATGCTCATTTGGGTGCTGCTGCTGCTAAGAGAGATTTGGAAGAATGTCAGAAGATTGTCTTGGCTGCTGCTGCTATTGAATTGGATACTCCACCAGAATTTAGATTGTCT,0.04154253240423004,0.06064651522043415,0.10845458755262075,0.1809895850360988,0.19986536554448417,0.1605253637052123,0.12842848270783264,0.1195475678290871,1610.6575075152518
ATTGCTGATTATGCTCATTTGGGTGCTGCTGCTGCTAAGAGAGATTTGGCTGCTGCTGCTAAGATTGTCTTGGATCCATCTAATATTGAATTGGATACTCCACCAGAATTTAGATTGTCT,0.5451822918070734,0.31934545688899446,0.08496030189563242,0.03242290297934711,0.005246794679043573,0.006097042917671174,0.004480160236028727,0.002265048596209083,237.46297842153228
ATTGCTGATTATGCTCATTTGGGTGCTGCTGCTGCTGCTGCTGCTGCTGAAGAATGTCAGAAGATTGTCTTGGATCCATCTAATATTGAATTGGATACTCCACCAGAATTTAGATTGTCT,0.07957593300455336,0.05871303162776193,0.06601336001048688,0.09429990611245294,0.09932520843741632,0.15560475711890343,0.23124799572176893,0.2152198079666563,2349.798726142709
ATTGCTGATTATGCTGCTGCTGCTCCAGAAGACTTTAAGAGAGATTTGGAAGAATGTCAAGCTGCTGCTGCTGATCCATCTAATATTGAATTGGATACTCCACCAGAATTTAGATTGTCT,0.26183919997709404,0.22963708942185992,0.2001648536386646,0.1450765660798096,0.09592058467896983,0.0496786615363568,0.0075525516501446215,0.010130493017100627,455.15088739393735
ATTGCTGATTATGCTGCTGCTGCTCCAGAAGACTTTAAGAGAGATTTGGAAGAATGTCAGAAGATTGTCTTGGATCCATCTAATATTGAATTGGATACTCCACCAGAAGCTGCTGCTGCT,0.3649406426313426,0.31427682730404194,0.22023882188843794,0.06616254857232955,0.001065238595441512,0.019592076910077038,0.013489323149737522,0.00023452094859189226,296.6258962304681
ATTGCTGATTATGCTGCTGCTGCTCCAGAAGACTTTAAGAGAGATTTGGAAGAATGTCAGAAGATTGTCTTGGATCCATCTAATATTGAATTGGATACTCCACCAGAATTTAGATTGTCT,0.08133145524963921,0.16365899464959863,0.20240903623199827,0.12047531685225876,0.26714847065521724,0.024849617023032025,0.07543070768406673,0.06469640165418909,1023.8420537114798
ATTGCTGATTATGCTGCTGCTGCTCCAGAAGACTTTAAGAGAGATTTGGAAGAATGTCAGAAGATTGTCTTGGATCCATCTAATATTGAATTGGATGCTGCTGCTGCATTTAGATTGTCT,0.03341878891990436,0.08754393714776572,0.1495607139439534,0.287093916775728,0.2003809997768216,0.2067338061734679,0.026474207331554096,0.008793629930804842,775.80083272539
ATTGCTGATTATGCTGCTGCTGCTCCAGAAGACTTTAAGAGAGATTTGGAAGAATGTCAGAAGATTGTCTTGGATCCATCTAATGCTGCTGCTGCTACTCCACCAGAATTTAGATTGTCT,0.03189780327828033,0.044128057834709224,0.0669801190352592,0.09745278762882406,0.18662928913972054,0.2722760694417218,0.2292725793831581,0.07136329425832678,1648.4954192631085
ATTGCTGATTATGCTGCTGCTGCTCCAGAAGACTTTAAGAGAGATTTGGAAGAATGTCAGAAGATTGTCTTGGCTGCTGCTGCTATTGAATTGGATACTCCACCAGAATTTAGATTGTCT,0.0016286212758869886,0.016813402553625387,0.05048800941537818,0.18442187286982978,0.3709305847532307,0.3174045454246422,0.054792548660787296,0.003520415046619621,995.1933491319473
ATTGCTGATTATGCTGCTGCTGCTCCAGAAGACTTTAAGAGAGATTTGGCTGCTGCTGCTAAGATTGTCTTGGATCCATCTAATATTGAATTGGATACTCCACCAGAATTTAGATTGTCT,0.03565944141082493,0.09659216691336991,0.209013085520401,0.27750852829891975,0.212084850056179,0.16203681933079309,0.007016032113479049,8.907635603323603e-05,635.6664513243177
ATTGCTGATTATGCTGCTGCTGCTCCAGAAGACTTTGCTGCTGCTGCTGAAGAATGTCAGAAGATTGTCTTGGATCCATCTAATATTGAATTGGATACTCCACCAGAATTTAGATTGTCT,0.053303889731755205,0.026815150969682233,0.033164256421162275,0.02960940658743265,0.13131499287180073,0.14657589950231828,0.42021104818211774,0.15900535573373092,2441.230315614842
ATTGCTGATTATGCTGCTGCTGCTGCTGCTGCTGCTAAGAGAGATTTGGAAGAATGTCAGAAGATTGTCTTGGATCCATCTAATATTGAATTGGATACTCCACCAGAATTTAGATTGTCT,0.14497080423639871,0.1701683069753899,0.15032827027173537,0.12079323406445773,0.05952298609827008,0.09966076650061827,0.16806613018780892,0.086489501665321,1337.1657099371064
ATTGCTGATTGGGCTCATTGGGGTCCAGAAGATTGGAAGAGAGATTGGGAAGAATGTCAGAAGATTGTTTGGGATCCATCTAATATTGAATGGGATACTCCACCAGAATGGAGATGGTCT,0.06539104379812823,0.19737441905302086,0.1790120676438586,0.17435335509560895,0.09021145954503532,0.08391289739689534,0.08490552360896425,0.12483923385848847,1397.9299061005481
ATTGCTGATTTGGCTCATTTGGGTCCAGAAGATTTGAAGAGAGATTTGGAAGAATGTCAGAAGATTGTCTTGGATCCATCTAATATTGAATTGGATACTCCACCAGAATTGAGATTGTCT,0.14263266733641852,0.02870121881972898,0.14198757733843334,0.15846005464393254,0.08433069086172741,0.1830330223294125,0.15874128409032515,0.10211348458002152,1526.8511411867723
ATTGCTGCTGAAGCTGATTTGACTGACTTTACTACTTTGCCAGCTGATAAACATGTTGGTACTATTCAAGTTGTTCATAATTCTGAACATAATTTGAATCAAGTTACTACTTCTGATGAT,0.23412982686076964,0.14133812790109196,0.1165354596511126,0.1040441179456487,0.13842782596174577,0.10730233179710745,0.1302859648276185,0.027936345054905366,925.5795770112876
ATTGCTGCTTATGCTCATTTGGGTCCAGAAGACTTTAAGAGAGATTTGGAAGAATGTCAGAAGATTGTCTTGGATCCATCTAATATTGAATTGGATACTCCACCAGAATTTAGATTGTCT,0.05206329136202958,0.010476421325925668,0.012956955700975084,0.1272492110405916,0.3283424224262036,0.24815176881329695,0.18348681231674963,0.03727311701422794,1381.6500285112622
ATTGCTGCTTATGCTCATTTGGGTCCAGAAGACTTTAAGAGAGATTTGGAAGAATGTCAGAAGATTGTCTTGGATCCATCTAATATTGAATTGGATACTCCACCAGCATTTAGATTGTCT,0.3260627969127323,0.2757601410671653,0.15288569962267187,0.11024838872044784,0.07450536477937905,0.01732585045675154,0.02629620327689095,0.0169155551639611,473.9560262720671
ATTGCTGCTTATGCTCATTTGGGTCCAGAAGACTTTAAGAGAGATTTGGAAGAATGTCAGAAGATTGTCTTGGATCCATCTAATATTGAATTGGCTACTCCACCAGAATTTAGATTGTCT,0.23356605644271264,0.2375337765800497,0.22275786717644405,0.18865900758676116,0.08044697269604399,0.029366987660286243,0.0037684413914617623,0.0039008904662404544,392.30048675123646
ATTGCTGCTTATGCTCATTTGGGTCCAGAAGACTTTAAGAGAGATTTGGAAGAATGTCAGAAGATTGTCTTGGATCCATCTAATATTGCTTTGGATACTCCACCAGAATTTAGATTGTCT,0.37353908173191264,0.1929685109672506,0.19178580563067954,0.17794059503167045,0.051638001280799976,0.007063623110551574,0.0049172601413995124,0.00014712210573563113,313.08331652551146
ATTGCTGCTTATGCTCATTTGGGTCCAGAAGACTTTAAGAGAGATTTGGAAGAATGTCAGAAGATTGTCTTGGCTCCATCTAATATTGAATTGGATACTCCACCAGAATTTAGATTGTCT,0.13651452155339266,0.1991582006106275,0.05945498226404844,0.10616410156456699,0.06053503098330713,0.05005197905196917,0.15193216850701613,0.236189015465072,2148.596309428181
ATTGCTGCTTATGCTCATTTGGGTCCAGAAGACTTTAAGAGAGATTTGGAAGCTTGTCAGAAGATTGTCTTGGATCCATCTAATATTGAATTGGATACTCCACCAGAATTTAGATTGTCT,0.16297580162600098,0.24113794382266077,0.13122248197570296,0.13845809571593026,0.09919251629198508,0.08787323519679305,0.053347625528707525,0.08579229984221934,1071.7452424065232
ATTGCTGCTTATGCTCATTTGGGTCCAGAAGACTTTAAGAGAGATTTGGAAGCTTGTCAGAAGATTGTCTTGGCTCCATCTAATATTGCTTTGGCTACTCCACCAGCATTTAGATTGTCT,0.2183292800643093,0.2359378169060052,0.21298158137153256,0.17967142474197267,0.03187304924817022,0.05064810913705711,0.028748450598184924,0.04181028793276801,679.19303049909
ATTGCTGCTTATGCTCATTTGGGTCCAGAAGACTTTAAGAGAGATTTGGCTGAATGTCAGAAGATTGTCTTGGATCCATCTAATATTGAATTGGATACTCCACCAGAATTTAGATTGTCT,0.08967381980039735,0.060148631505796996,0.07439020727109075,0.13283276219077797,0.1030926879444701,0.23288727115033678,0.23564215171068292,0.07133246842644707,1578.032108817591
ATTGCTGCTTATGCTCATTTGGGTCCAGAAGACTTTAAGAGAGCTTTGGAAGAATGTCAGAAGATTGTCTTGGATCCATCTAATATTGAATTGGATACTCCACCAGAATTTAGATTGTCT,0.3446261463541935,0.28554770778576083,0.12612775479308377,0.05630411136318104,0.03995256823794532,0.027872310592809278,0.04700336496706623,0.07256603590596007,839.0894335879259
ATTGCTGCTTATGCTCATTTGGGTCCAGAAGACTTTAAGAGAGCTTTGGCTGCTTGTCAGAAGATTGTCTTGGCTCCATCTAATATTGCTTTGGCTACTCCACCAGCATTTAGATTGTCT,0.11054811172523103,0.08032921375315268,0.061137850957857044,0.1705766691916839,0.1452464308701697,0.1351053282181882,0.21644724353170222,0.08060915175201529,1508.2617388246088
ATTGCTGCTTATGCTCATTTGGGTCCAGAAGCATTTAAGAGAGATTTGGAAGAATGTCAGAAGATTGTCTTGGATCCATCTAATATTGAATTGGATACTCCACCAGAATTTAGATTGTCT,0.08958510183242763,0.052577983509642996,0.06502703375389968,0.2571088565585264,0.15448604121427947,0.3010853563531349,0.062314152701692646,0.01781547407639641,976.580779404025
ATTGCTGCTTATGCTCATTTGGGTCCAGAAGCATTTAAGAGAGATTTGGCTGCTTGTCAGAAGATTGTCTTGGCTCCATCTAATATTGCTTTGGCTACTCCACCAGCATTTAGATTGTCT,0.04425111360301101,0.04015717934589956,0.03994819035076799,0.08771951425013072,0.17100130624954005,0.2537038880180014,0.26797106418333727,0.09524774399931203,1850.389314352969
ATTGCTGCTTATGCTCATTTGGGTCCAGAAGCATTTAAGAGAGCTTTGGAAGAATGTCAGAAGATTGTCTTGGCTCCATCTAATATTGAATTGGCTACTCCACCAGAATTTAGATTGTCT,0.05673810398515861,0.2544526162548782,0.1701811925606672,0.1639983071719477,0.2421150159742599,0.10039506481982646,0.01153100494679506,0.0005886942864667761,562.5810055473019
ATTGCTGCTTATGCTCATTTGGGTCCAGAAGCATTTAAGAGAGCTTTGGAAGCTTGTCAGAAGATTGTCTTGGCTCCATCTAATATTGCTTTGGCTACTCCACCAGCATTTAGATTGTCT,0.3268875305402112,0.29981939953754616,0.2393592674016972,0.08319085361410827,0.02296465974220431,0.01504394785428829,0.009079396880193547,0.0036549444297509924,323.30067624143385
ATTGCTGCTTATGCTCATTTGGGTCCAGAAGCATTTAAGAGAGCTTTGGCTGAATGTCAGAAGATTGTCTTGGCTCCATCTAATATTGCTTTGGCTACTCCACCAGCATTTAGATTGTCT,0.29255223939329794,0.3425322839911305,0.24750148375503073,0.05655189979936548,0.01946477478701157,0.024968158843433497,0.009330450927487669,0.007098708503242665,351.60258963965407
ATTGCTGCTTATGCTCATTTGGGTCCAGAAGCATTTAAGAGAGCTTTGGCTGCTTGTCAGAAGATTGTCTTGGATCCATCTAATATTGCTTTGGCTACTCCACCAGCATTTAGATTGTCT,0.3486393016219327,0.24086497303476317,0.15183984281390248,0.07681974326437536,0.03607289900950084,0.03408689776083477,0.04095701752578841,0.07071932496890239,825.5596970454434
ATTGCTGCTTATGCTCATTTGGGTCCAGAAGCATTTAAGAGAGCTTTGGCTGCTTGTCAGAAGATTGTCTTGGCTCCATCTAATATTGAATTGGCTACTCCACCAGCATTTAGATTGTCT,0.010354410702431847,0.037606278590040725,0.09254769115610574,0.20800887611364094,0.3240993645667968,0.26374752310899985,0.05641779129096722,0.007218064471016853,944.8988842169056
ATTGCTGCTTATGCTCATTTGGGTCCAGAAGCATTTAAGAGAGCTTTGGCTGCTTGTCAGAAGATTGTCTTGGCTCCATCTAATATTGCTTTGGATACTCCACCAGCATTTAGATTGTCT,0.2461430238929627,0.3488128303423359,0.29756894157136715,0.03919202478253495,0.03833576420759048,0.02016742494421983,0.009119995688279358,0.0006599945707094434,321.12212486861915
ATTGCTGCTTATGCTCATTTGGGTCCAGAAGCATTTAAGAGAGCTTTGGCTGCTTGTCAGAAGATTGTCTTGGCTCCATCTAATATTGCTTTGGCTACTCCACCAGAATTTAGATTGTCT,0.146643530453265,0.17765203208842417,0.11544360489036687,0.14629190714242862,0.1887392416019452,0.13441425188387246,0.06938993417604196,0.021425497763655765,818.2476011402097
ATTGCTGCTTATGCTCATTTGGGTCCAGAAGCATTTAAGAGAGCTTTGGCTGCTTGTCAGAAGATTGTCTTGGCTCCATCTAATATTGCTTTGGCTACTCCACCAGCATTTAGATTGTCT,0.011598081024123066,0.013127741036676653,0.016236036502766654,0.028186100592728438,0.037143677789288405,0.06910061402387384,0.3791708122046627,0.4454369368258802,3961.322693253576
ATTGCTGCTTATGCTCATTTGGGTCCAGCTGACTTTAAGAGAGATTTGGAAGAATGTCAGAAGATTGTCTTGGATCCATCTAATATTGAATTGGATACTCCACCAGAATTTAGATTGTCT,0.03335016908042025,0.06792292969305935,0.09421821687962263,0.40813788808692053,0.249694040054099,0.12079236526385832,0.02519473089221447,0.0006896600498054335,677.4959614672508
ATTGCTGCTTATGCTCATTTGGGTCCAGCTGACTTTAAGAGAGATTTGGAAGAATGTCAGAAGATTGTCTTGGCTCCATCTAATATTGCTTTGGCTACTCCACCAGCATTTAGATTGTCT,0.15875255627636514,0.19805862173089028,0.17383801629172715,0.12698546716384285,0.10637633998185687,0.1105902222596777,0.06478329641493719,0.060615479880702844,975.6361434965346
ATTGCTGCTTATGCTCATTTGGGTCCAGCTGACTTTAAGAGAGATTTGGCTGCTTGTCAGAAGATTGTCTTGGCTCCATCTAATATTGCTTTGGCTACTCCACCAGCATTTAGATTGTCT,0.10709832547095877,0.17061074351411373,0.03331685873273151,0.0694065203547287,0.09674076637578384,0.0981669034542389,0.19037894227281107,0.23428093982463355,2292.3789751589848
ATTGCTGCTTATGCTCATTTGGGTCCAGCTGACTTTAAGAGAGCTTTGGAAGCTTGTCAGAAGATTGTCTTGGCTCCATCTAATATTGCTTTGGCTACTCCACCAGCATTTAGATTGTCT,0.09783174803721918,0.1378031640477577,0.1266060650409965,0.18259542530734113,0.20437655686953468,0.19010699010320828,0.03266419453181757,0.028015856062124957,857.7075148897027
ATTGCTGCTTATGCTCATTTGGGTCCAGCTGACTTTAAGAGAGCTTTGGCTGAATGTCAGAAGATTGTCTTGGCTCCATCTAATATTGCTTTGGCTACTCCACCAGCATTTAGATTGTCT,0.2227090044848072,0.20644908508381316,0.14323427687835483,0.07506065183828069,0.06904324665423035,0.08486564288647402,0.129964708217891,0.06867338395614885,1107.8683101151155
ATTGCTGCTTATGCTCATTTGGGTCCAGCTGACTTTAAGAGAGCTTTGGCTGCTTGTCAGAAGATTGTCTTGGATCCATCTAATATTGCTTTGGCTACTCCACCAGCATTTAGATTGTCT,0.3134670961521601,0.29285902866277086,0.20186481963220207,0.09668432583355407,0.04162971708160819,0.030204042287795507,0.013713418788661292,0.009577551561247965,398.62222141810196
ATTGCTGCTTATGCTCATTTGGGTCCAGCTGACTTTAAGAGAGCTTTGGCTGCTTGTCAGAAGATTGTCTTGGCTCCATCTAATATTGAATTGGCTACTCCACCAGCATTTAGATTGTCT,0.1196276235001151,0.15203390697659128,0.13318893732800455,0.1503893670883768,0.09306460475215668,0.17313367213511882,0.11094841806874967,0.06761347015088705,1195.9908630070881
ATTGCTGCTTATGCTCATTTGGGTCCAGCTGACTTTAAGAGAGCTTTGGCTGCTTGTCAGAAGATTGTCTTGGCTCCATCTAATATTGCTTTGGATACTCCACCAGCATTTAGATTGTCT,0.33901188005741384,0.326123023272153,0.17245798796656872,0.04911581078246313,0.050791852165672335,0.01275378979833107,0.039031821210010476,0.010713834747387458,433.68239625972114
ATTGCTGCTTATGCTCATTTGGGTCCAGCTGACTTTAAGAGAGCTTTGGCTGCTTGTCAGAAGATTGTCTTGGCTCCATCTAATATTGCTTTGGCTACTCCACCAGAATTTAGATTGTCT,0.314563703865922,0.26102225495769166,0.3087643736437021,0.06628204213219238,0.01769048984357695,0.021757812909614874,0.00777953554986173,0.0021397870974382855,319.17646886629905
ATTGCTGCTTATGCTCATTTGGGTCCAGCTGACTTTAAGAGAGCTTTGGCTGCTTGTCAGAAGATTGTCTTGGCTCCATCTAATATTGCTTTGGCTACTCCACCAGCATTTAGATTGTCT,0.1470660695044788,0.20195447451002072,0.11128448949008064,0.14351421504472836,0.12337771401821589,0.11476348470235795,0.07741403337761185,0.08062551935250598,1140.9594887451515
ATTGCTGCTTATGCTCATTTGGGTCCAGCTGCATTTAAGAGAGATTTGGAAGAATGTCAGAAGATTGTCTTGGATCCATCTAATATTGCTTTGGCTACTCCACCAGCATTTAGATTGTCT,0.17771590671108234,0.21456500343910875,0.10319875093448473,0.052649691573787696,0.07004896082566751,0.10859690650108891,0.13185783108182605,0.14136694893295404,1579.3163823834261
ATTGCTGCTTATGCTCATTTGGGTCCAGCTGCATTTAAGAGAGATTTGGAAGCTTGTCAGAAGATTGTCTTGGCTCCATCTAATATTGCTTTGGCTACTCCACCAGCATTTAGATTGTCT,0.3057973827241272,0.35762087381780966,0.21832949146642716,0.0749308370078294,0.005050050598228251,0.024221258402496264,0.013749818081792032,0.00030028790128989004,312.3663153044473
ATTGCTGCTTATGCTCATTTGGGTCCAGCTGCATTTAAGAGAGATTTGGCTGCTTGTCAGAAGATTGTCTTGGCTCCATCTAATATTGCTTTGGCTACTCCACCAGCATTTAGATTGTCT,0.48548166100831613,0.2771241021613445,0.13640939873760455,0.05385672280998032,0.03261632116333312,0.011455452630985994,0.002852463301092679,0.00020387818734277836,257.34818394360207
ATTGCTGCTTATGCTCATTTGGGTCCAGCTGCATTTAAGAGAGCTTTGGAAGAATGTCAGAAGATTGTCTTGGATCCATCTAATATTGAATTGGATACTCCACCAGAATTTAGATTGTCT,0.19101851104013953,0.31346273533032365,0.16594426304561424,0.22168225840412498,0.0479111731258602,0.04806997800821362,0.006684577318502634,0.005226503727221139,417.4772817148122
ATTGCTGCTTATGCTCATTTGGGTCCAGCTGCATTTAAGAGAGCTTTGGAAGAATGTCAGAAGATTGTCTTGGATCCATCTAATATTGAATTGGCTACTCCACCAGCATTTAGATTGTCT,0.10657218736408006,0.1267202108866661,0.12055703343407156,0.3229038674583106,0.13365790023450813,0.14208675261722878,0.035941882902107765,0.011560165103026926,705.633366578421
ATTGCTGCTTATGCTCATTTGGGTCCAGCTGCATTTAAGAGAGCTTTGGAAGAATGTCAGAAGATTGTCTTGGCTCCATCTAATATTGCTTTGGCTACTCCACCAGCATTTAGATTGTCT,0.2974712167175543,0.31980768684448513,0.23425694123954607,0.06783797998185803,0.03529467331077058,0.027886062638703923,0.006503672661912904,0.010941766605169188,381.369597081522
ATTGCTGCTTATGCTCATTTGGGTCCAGCTGCATTTAAGAGAGCTTTGGAAGCTTGTCAGAAGATTGTCTTGGATCCATCTAATATTGCTTTGGCTACTCCACCAGCATTTAGATTGTCT,0.27365615687868466,0.2074216343514326,0.18021249455047006,0.22740572423679173,0.07923596470316976,0.01896391113633696,0.01170346546182784,0.0014006486812863932,385.19321629177216
ATTGCTGCTTATGCTCATTTGGGTCCAGCTGCATTTAAGAGAGCTTTGGAAGCTTGTCAGAAGATTGTCTTGGCTCCATCTAATATTGAATTGGCTACTCCACCAGCATTTAGATTGTCT,0.36469231104205596,0.32846176978397024,0.17641437874820573,0.06527011797253714,0.014555466565098303,0.014990515234391374,0.002280006779338611,0.03333543387440263,470.574378743182
ATTGCTGCTTATGCTCATTTGGGTCCAGCTGCATTTAAGAGAGCTTTGGAAGCTTGTCAGAAGATTGTCTTGGCTCCATCTAATATTGCTTTGGATACTCCACCAGCATTTAGATTGTCT,0.3477447830183836,0.24373902904803893,0.22477381307177546,0.12044908634801467,0.037062069208021804,0.018816732859220666,0.0057117961800276645,0.0017026902665171332,321.169096086201
ATTGCTGCTTATGCTCATTTGGGTCCAGCTGCATTTAAGAGAGCTTTGGAAGCTTGTCAGAAGATTGTCTTGGCTCCATCTAATATTGCTTTGGCTACTCCACCAGAATTTAGATTGTCT,0.2187555225104467,0.45658221152519524,0.11662789563570637,0.09578837923423962,0.013709452670112827,0.009731987117945854,0.0719857636369518,0.0168187876694016,542.4350093058038
ATTGCTGCTTATGCTCATTTGGGTCCAGCTGCATTTAAGAGAGCTTTGGAAGCTTGTCAGAAGATTGTCTTGGCTCCATCTAATATTGCTTTGGCTACTCCACCAGCATTTAGATTGTCT,0.28979902298675037,0.295303486337385,0.28032692160727246,0.06494579193716898,0.032631533921461724,0.015225609939586012,0.021257245264741497,0.0005103880056339183,340.88773073436
ATTGCTGCTTATGCTCATTTGGGTCCAGCTGCATTTAAGAGAGCTTTGGCTGAATGTCAGAAGATTGTCTTGGATCCATCTAATATTGAATTGGATACTCCACCAGCATTTAGATTGTCT,0.36973077743533767,0.3070003564738221,0.22510552062319264,0.047010371276007594,0.02005366487951034,0.009610178025939574,0.010310586949127674,0.011178544337062406,350.4126891391698
ATTGCTGCTTATGCTCATTTGGGTCCAGCTGCATTTAAGAGAGCTTTGGCTGAATGTCAGAAGATTGTCTTGGATCCATCTAATATTGCTTTGGCTACTCCACCAGCATTTAGATTGTCT,0.33348537182479676,0.23807171164494298,0.1879751498014279,0.15858250318430983,0.04018297820123071,0.025577799724184683,0.009099987967885269,0.00702449765122192,378.2389938580854
ATTGCTGCTTATGCTCATTTGGGTCCAGCTGCATTTAAGAGAGCTTTGGCTGAATGTCAGAAGATTGTCTTGGCTCCATCTAATATTGAATTGGCTACTCCACCAGCATTTAGATTGTCT,0.3463697398848534,0.25482964949468584,0.24570307798100982,0.0817736517320144,0.02513587238826827,0.030488256142515147,0.010561605038967362,0.005138147337685731,352.91930279006476
ATTGCTGCTTATGCTCATTTGGGTCCAGCTGCATTTAAGAGAGCTTTGGCTGAATGTCAGAAGATTGTCTTGGCTCCATCTAATATTGCTTTGGATACTCCACCAGCATTTAGATTGTCT,0.06922086915200923,0.053448297069268874,0.04406894274767269,0.11803568520790031,0.18559653255677885,0.2523173497638133,0.2120052306109127,0.06530709289164399,1547.230070904074
ATTGCTGCTTATGCTCATTTGGGTCCAGCTGCATTTAAGAGAGCTTTGGCTGAATGTCAGAAGATTGTCTTGGCTCCATCTAATATTGCTTTGGCTACTCCACCAGAATTTAGATTGTCT,0.5801059275814934,0.24461414984477184,0.13123286628102618,0.020302122324162022,0.0006087079019904423,0.003102347613611606,0.007949067166537318,0.012084811286407194,298.044109681965
ATTGCTGCTTATGCTCATTTGGGTCCAGCTGCATTTAAGAGAGCTTTGGCTGAATGTCAGAAGATTGTCTTGGCTCCATCTAATATTGCTTTGGCTACTCCACCAGCATTTAGATTGTCT,0.13222680058505826,0.08869100392159195,0.1576803016872949,0.11629542934489508,0.10858095262007313,0.060599899718395245,0.11241404308198329,0.22351156904070815,2027.8450795562649
ATTGCTGCTTATGCTCATTTGGGTCCAGCTGCATTTAAGAGAGCTTTGGCTGCTTGTCAGAAGATTGTCTTGGATCCATCTAATATTGAATTGGATACTCCACCAGAATTTAGATTGTCT,0.3072706696611227,0.20368066085940525,0.28879640155125647,0.12322751939492488,0.030384028339787175,0.018406096831279545,0.010193514809862577,0.018041108552361483,438.03717469948344
ATTGCTGCTTATGCTCATTTGGGTCCAGCTGCATTTAAGAGAGCTTTGGCTGCTTGTCAGAAGATTGTCTTGGATCCATCTAATATTGAATTGGCTACTCCACCAGCATTTAGATTGTCT,0.39002338711762696,0.3200966402880071,0.11311857928005045,0.08447093513107698,0.049667326623380914,0.0368353402296163,0.002389708938022287,0.003398082392219099,327.6290145450689
ATTGCTGCTTATGCTCATTTGGGTCCAGCTGCATTTAAGAGAGCTTTGGCTGCTTGTCAGAAGATTGTCTTGGATCCATCTAATATTGCTTTGGATACTCCACCAGCATTTAGATTGTCT,0.37072991145818535,0.2794503964399317,0.16040584751047238,0.10345074126433706,0.04294425042428015,0.014197380359091039,0.010285232440314178,0.01853624010338824,420.601520547375
ATTGCTGCTTATGCTCATTTGGGTCCAGCTGCATTTAAGAGAGCTTTGGCTGCTTGTCAGAAGATTGTCTTGGATCCATCTAATATTGCTTTGGCTACTCCACCAGAATTTAGATTGTCT,0.11194809158479431,0.1842353367589893,0.25797719954997334,0.2311249421510163,0.11775146017355224,0.07860328405915594,0.011055350450529595,0.0073043352719890636,530.7111365364149
ATTGCTGCTTATGCTCATTTGGGTCCAGCTGCATTTAAGAGAGCTTTGGCTGCTTGTCAGAAGATTGTCTTGGATCCATCTAATATTGCTTTGGCTACTCCACCAGCATTTAGATTGTCT,0.372399825846345,0.25804781334410387,0.2143380909198874,0.09895645334731025,0.0415280359636243,0.005082703867587756,0.004493207984767646,0.005153868726373724,317.8376839705902
ATTGCTGCTTATGCTCATTTGGGTCCAGCTGCATTTAAGAGAGCTTTGGCTGCTTGTCAGAAGATTGTCTTGGCTCCATCTAATATTGAATTGGATACTCCACCAGCATTTAGATTGTCT,0.34614636717765607,0.25293063803660487,0.20212842470238013,0.0945279459518774,0.034300042334619966,0.021270142748677216,0.02331523184892108,0.025381207199263223,500.4541599728383
ATTGCTGCTTATGCTCATTTGGGTCCAGCTGCATTTAAGAGAGCTTTGGCTGCTTGTCAGAAGATTGTCTTGGCTCCATCTAATATTGAATTGGCTACTCCACCAGAATTTAGATTGTCT,0.11184135688489688,0.19540934812136754,0.2280418850455467,0.25437275981350393,0.11523857669052898,0.07201712644255426,0.017230010683363713,0.005848936318237962,530.4831323957694
ATTGCTGCTTATGCTCATTTGGGTCCAGCTGCATTTAAGAGAGCTTTGGCTGCTTGTCAGAAGATTGTCTTGGCTCCATCTAATATTGAATTGGCTACTCCACCAGCATTTAGATTGTCT,0.10111522844990115,0.1271680232841764,0.09436679146510296,0.19658727988657915,0.1743692983563516,0.15060949217633063,0.08791793581202499,0.06786595056953326,1171.1377692805377
ATTGCTGCTTATGCTCATTTGGGTCCAGCTGCATTTAAGAGAGCTTTGGCTGCTTGTCAGAAGATTGTCTTGGCTCCATCTAATATTGCTTTGGATACTCCACCAGAATTTAGATTGTCT,0.08678012419200644,0.05556188386526594,0.08835099600704363,0.16652597325518356,0.2565410842705961,0.15908626088861844,0.10243426532566,0.08471941219562598,1355.6547496664493
ATTGCTGCTTATGCTCATTTGGGTCCAGCTGCATTTAAGAGAGCTTTGGCTGCTTGTCAGAAGATTGTCTTGGCTCCATCTAATATTGCTTTGGATACTCCACCAGCATTTAGATTGTCT,0.10910770490721212,0.11508757198116192,0.17956386366784316,0.217013877687845,0.1595390355080267,0.09678262402847798,0.07670986668760878,0.04619545553182444,955.7690972724362
ATTGCTGCTTATGCTCATTTGGGTCCAGCTGCATTTAAGAGAGCTTTGGCTGCTTGTCAGAAGATTGTCTTGGCTCCATCTAATATTGCTTTGGCTACTCCACCAGACTTTAGATTGTCT,0.3228075046794533,0.262029328566217,0.20560795437029825,0.11062767788778836,0.038818568089650084,0.03009021375655584,0.018267694958180942,0.011751057691856208,423.93784735000963
ATTGCTGCTTATGCTCATTTGGGTCCAGCTGCATTTAAGAGAGCTTTGGCTGCTTGTCAGAAGATTGTCTTGGCTCCATCTAATATTGCTTTGGCTACTCCACCAGCATTTAGATTGTCT,0.12784610748439734,0.13539893381859985,0.08372887710736687,0.1644589022161321,0.1392414724929817,0.16652524616306671,0.11857063583334976,0.06422982488410578,1208.7388903899405
ATTGCTTCTTCTTCTGGTTCTACTGGTCATCATGATATTGAAGCTTTGACTGTTGATAATCCAGAAACTGCTATTGTTTCTCATGATCATCCACATCCACAACCAGGTGATACTTCTGAT,0.48690968599722084,0.33839314468199955,0.03151999779807609,0.0203243406288244,0.008320299689743462,0.015478753091857868,0.023492782578975007,0.07556099553330282,740.3418780665578
ATTGGTAAAGCTCCTAAAGGTACTAAGACTAATTGGATTATGCATGAATATAGATTGATTGAACCATCTAGAAGAAATGGTTCTACTAAATTGGATGATTGGGTCTTGTGTAGAATTTAT,0.12970142563901396,0.27549085155538566,0.1434609113803575,0.256166904544503,0.08520574824318704,0.06604723729127875,0.02673141049399165,0.017195510852282478,590.2496873142192
ATTGGTGATGATCCATTTATTAATGATTCATTTGAATGTGATCCAATGTTTAATGGTGAACCAAATATGACTGATACTTCTGATTGGTTCTCTTTGTTTCCAGAACAAGAAACTAAGATT,0.034200877248971945,0.02924876355705576,0.0212788723040954,0.02469740934048421,0.03707194182064221,0.026646402454550355,0.30450758709922426,0.5223481461749758,4205.861791281817
ATTGGTGATGATCCATTTATTAATGATTCATTTGAATGTTCTCCAATGTTTAATGGTGAACCAAATATGACTGATACTTCTGATTGGTTCTCTTTGTTTCCAGAACAAGAAACTAAGATT,0.19837099313904927,0.19362026181780717,0.23035575369570732,0.21786245228362083,0.055036247954237665,0.07152345625825388,0.011744772776290439,0.021486062075033337,563.620956371268
ATTGGTGATGCTCCATTTATTAATGATTCATTTGAATGTGCTCCAATGTTTAATGGTGAACCAAATATGACTGATACTTCTGATTGGTTCTCTTTGTTTCCAGAACAAGAAACTAAGATT,0.2369014109009866,0.2383521026405028,0.155582270685923,0.20470289055044588,0.08429928725117014,0.04222266076232237,0.018309481266878976,0.019629895941770212,536.6996621825484
ATTGGTGATGCTCCATTTATTAATGATTCATTTGAATGTTCTCCAATGTTTAATGGTGAACCAAATATGACTGATACTTCTGATTGGTTCTCTTTGTTTCCAGAACAAGAAACTAAGATT,0.03614023138903224,0.027271155041021716,0.01124274332452676,0.04015057102762452,0.02670961303828883,0.0993789937418679,0.5111524086577673,0.24795428377987067,3092.285843785473
ATTGGTGATTCTCCATTTATTAATGATTCATTTGAATGTGATCCAATGTTTAATGGTGAACCAAATATGACTGATACTTCTGATTGGTTCTCTTTGTTTCCAGAACAAGAAACTAAGATT,0.18954287502204237,0.2593568437481379,0.1981199036318735,0.1347684505402425,0.10459499288549426,0.07644385001911365,0.028126590196623728,0.009046493956472187,535.6594912107711
ATTGGTGATTCTCCATTTATTAATGATTCATTTGAATGTGCTCCAATGTTTAATGGTGAACCAAATATGACTGATACTTCTGATTGGTTCTCTTTGTTTCCAGAACAAGAAACTAAGATT,0.17857165332185052,0.17966515640146716,0.18517085495134336,0.16532254071278504,0.14663805025029855,0.109119827810712,0.0,0.03551191655154326,698.1742692515111
ATTGGTGATTCTCCATTTATTAATGATTCATTTGAATGTTCTCCAATGTTTAATGGTGAACCAAATATGACTGATACTTCTGATTGGTTCTCTTTGTTTCCAGAACAAGAAACTAAGATT,0.07904582214746836,0.10338882826735075,0.029508119515246203,0.1580710082436748,0.13241684808316292,0.09418997565289008,0.13929071283585379,0.26408868525435314,2393.2432276096665
ATTGGTTATGAAGAAAGAAATGAATGGTACTTCTTCTCTCATAAAGATAAGAAATATCCAACTGGTACTAGAACTAATAGAGCTACTATGGCTGGATTCTGGAAAGCTACTGGTAGAGAT,0.028698381249563837,0.03775846321710568,0.04669865023758082,0.13488931070585228,0.20448304607310244,0.25495703801430397,0.2477359639477474,0.04477914655474364,1526.980406549761
ATTGGTTCTTTGGGTACTGACTTTAATCCATCTTTGTTGCCATCTTTGACTGATTCTTCTCCATATAATGATAAGACTAAGACTGAACCAGTTTATGTTCCATGCTTCTCTAATCAAACT,0.055880940802530844,0.08433470079698809,0.034767628763250825,0.031040914744439003,0.07571497988317119,0.1600649127965824,0.3498300572696813,0.20836586494335652,2563.071465720066
ATTGTTCAATTGGATAAACCATCTAATATTGAATTGGATACTCCACCAGAATTTAGATTGTCTCAATTGGAATTTGGTTCTCAAGATTCATTCTTGGCTTGGGGTACTGGTAAGACTGAT,0.05309420352002545,0.13354832922787108,0.23123656682723367,0.14746464726792516,0.1831177985057546,0.14599930096040714,0.07386318122203683,0.03167597246874601,921.2274168529501
ATTGTTGAATCTGAATCTGAATCTGAAGAAGAAGAAGAAGATGAATCTGTTGATAAACCAGCTGAATCTTTGGATTCTGTTAAAGAGAAAGATGGTACTGTCTTGCCACCACCACCAGCT,0.040181927934812046,0.12128395911598666,0.20000097827500737,0.1339222763302371,0.19797765629819108,0.18415486063092068,0.0745333094294163,0.04794503198542877,1068.290440625893
ATTTATAATGAAGATCCAGAATTTGATGGTTATGATGTTGATCCAAACTTTGGTTCTGCTGACTTTGATGGTGCTGCTGATCCATGGTTTCCATTGTTTCCACAAGATAATAATGTTGCT,0.007259885674068708,0.010423050361376062,0.005176679877253335,0.005437406760425474,0.0012057199253182706,0.0021683040668326265,0.28438176141436866,0.6839471919203568,5096.732984781675
ATTTATAATGAAGATCCAGAATTTGATGGTTATGATGTTTCTCCAAACTTTGGTTCTGCTGACTTTGATGGTGCTGCTGATCCATGGTTTCCATTGTTTCCACAAGATAATAATGTTGCT,0.04905678297005633,0.06345924114109876,0.069764160082493,0.1401439413711415,0.2555160309500247,0.1991338682054515,0.0974949055629487,0.12543106971678553,1632.9547327918588
ATTTATAATGAAGCTCCAGAATTTGATGGTTATGATGTTGCTCCAAACTTTGGTTCTGCTGACTTTGATGGTGCTGCTGATCCATGGTTTCCATTGTTTCCACAAGATAATAATGTTGCT,0.002254395350959794,0.0008520143588821267,0.0004983945177893475,0.0004322585262932919,0.0004397884960533325,0.0003776145902777211,0.2544556561263351,0.7406898780334094,5369.875776089803
ATTTATAATGAAGCTCCAGAATTTGATGGTTATGATGTTTCTCCAAACTTTGGTTCTGCTGACTTTGATGGTGCTGCTGATCCATGGTTTCCATTGTTTCCACAAGATAATAATGTTGCT,0.005504101708711671,0.00019057229460208003,0.0002495590736519927,0.0003465918373654588,0.0003074205794613043,0.00020425462948095696,0.2713587702624372,0.7218387296142894,5293.706670756668
ATTTATAATGAATCTCCAGAATTTGATGGTTATGATGTTGATCCAAACTTTGGTTCTGCTGACTTTGATGGTGCTGCTGATCCATGGTTTCCATTGTTTCCACAAGATAATAATGTTGCT,0.05101909673917466,0.05133151776662068,0.03703317245715164,0.13697784037150396,0.15082364213970456,0.20264564481473202,0.24841722606934546,0.1217518596417669,1909.3544623595228
ATTTATAATGAATCTCCAGAATTTGATGGTTATGATGTTGCTCCAAACTTTGGTTCTGCTGACTTTGATGGTGCTGCTGATCCATGGTTTCCATTGTTTCCACAAGATAATAATGTTGCT,0.0004278541402348916,0.0017537835819337402,0.021848070741978753,0.05144142418653059,0.03714854605310271,0.02148238819574139,0.29572821269750565,0.5701697204029724,4481.781721860911
ATTTATAATGAATCTCCAGAATTTGATGGTTATGATGTTTCTCCAAACTTTGGTTCTGCTGACTTTGATGGTGCTGCTGATCCATGGTTTCCATTGTTTCCACAAGATAATAATGTTGCT,0.0010493089833261528,0.00045245766078233756,0.0006661755325806271,0.0001427444917970851,0.00012661173649308405,0.001884347324771177,0.28935213644625796,0.7063262178239915,5243.334886102315
ATTTCTGGTATTTCTTCTCATCCAATTATTGATGAAATTATTCCAACTGTTAATCAAGATGATGGTATTTGTATTACTCATCCTAAGAATATTCCAGGTGTTAAATCTGATGGTACTGTT,0.30505744979174154,0.230194126875845,0.1423489477830554,0.12709067915396347,0.04696962201830152,0.061166285639299794,0.05304843138055847,0.034124457357234746,681.9066453432808
ATTTCTGTCTTTCAAGGTACTTCTACTGATTTGTCTTGTTTGTCTAACTTTACTAATAATACTTCTGGTCAAAGACAACAATTGTTGTATGAACAATTTCAATATCAAACTCCAGAGAAT,0.06899977095672907,0.12859228788379717,0.19913511124674108,0.23408411959387815,0.19135759173916506,0.15164187468668425,0.01755824501030019,0.00863099888270505,675.2379296009403
ATTTCTTTGCCATTGACTGTTGTTGATACTGATTGGACTTTGTGTCATATCTTCTATGAGAAAGTTAAACCAGAATTTGGTAATTTGCATATTGTTGAATCTGAATCTGAATCTGAAGAA,0.03125632639952803,0.05793002514896905,0.10337536805239665,0.23941779438219257,0.28530698490262285,0.21185712196407294,0.04043149922494241,0.0304248799252754,976.7296234460364
ATTTGTCCTAAATCATTTAAGAGATCTGAACATTTGAAGAGACATGTTAGATCTGTTCATTCTAATGAAAGACCATTTGCTTGTCATATTTGTGATAAGAAATTCTCTAGATCTGATAAT,0.026341957562127143,0.008834421808240555,0.010926174926721653,0.04877503534864052,0.22496530405715448,0.24145180547180442,0.2605951978730024,0.17811010295230886,2344.7366057133045
ATTTGTGATGAGTTCTTGCAAGATCAAGATCAAACTTCTTGTGGTGGTGGTGATGATGAAACTGATAAGATTAAACCAAGATTGGCTGTTTATGCTCAATTGCCAGTTGAAGATTTGAAA,0.32233595610222876,0.17261651477488923,0.11644770318624391,0.09241401602249019,0.08196953099626439,0.06195021634796851,0.09643544711945176,0.05583061545046309,924.1356755900266
ATTTGTGATGAGTTCTTGCAAGATCAATCTCAAACTTCTTGTGGTGGTGGTGATGATGAAACTGATAAGATTAAACCAAGATTGGCTGTTTATGCTCAATTGCCAGTTGAAGATTTGAAA,0.048442890822179716,0.049714326893908846,0.09885878258394132,0.22603731483535966,0.26254765588469686,0.22645537812018188,0.06829096957825201,0.019652681281479876,975.3176424103076
ATTTGTGATGAGTTCTTGCAAGCTCAAGCTCAAACTTCTTGTGGTGGTGGTGATGATGAAACTGATAAGATTAAACCAAGATTGGCTGTTTATGCTCAATTGCCAGTTGAAGATTTGAAA,0.023991827514661775,0.032184992131307384,0.049756914158463214,0.1421552344205197,0.11820850879452485,0.18325865545871692,0.2595970537592467,0.1908468137625595,2324.0445340666224
ATTTGTGATGAGTTCTTGCAAGCTCAATCTCAAACTTCTTGTGGTGGTGGTGATGATGAAACTGATAAGATTAAACCAAGATTGGCTGTTTATGCTCAATTGCCAGTTGAAGATTTGAAA,0.12089976600967559,0.20273351495005779,0.1604706242692481,0.09849806160445315,0.22238609890892078,0.12559302882994988,0.0598017409522145,0.009617164475480288,726.4124804647906
ATTTGTGATGAGTTCTTGCAATCTCAAGATCAAACTTCTTGTGGTGGTGGTGATGATGAAACTGATAAGATTAAACCAAGATTGGCTGTTTATGCTCAATTGCCAGTTGAAGATTTGAAA,0.04656651963983298,0.025099111512686692,0.070361651433801,0.13302983202641444,0.2507394007339697,0.2804890963630783,0.14807325421079884,0.04564113407941796,1351.3977834553186
ATTTGTGATGAGTTCTTGCAATCTCAAGCTCAAACTTCTTGTGGTGGTGGTGATGATGAAACTGATAAGATTAAACCAAGATTGGCTGTTTATGCTCAATTGCCAGTTGAAGATTTGAAA,0.22999826335687268,0.22526314266182748,0.16589327141679053,0.1413275818436061,0.07521297806863389,0.08488675294706653,0.0434173775846839,0.03400063212051898,712.9696692210744
ATTTGTTATACTCATCCACAACATTTGCCAGGTGTTAAACAAGATGGTTCTGCTTCTCATTTGTTTCATAGAGCTATTAAAGCTTATAATACTGGTTCTAGGAAGAGAAGGAAGATTTGT,0.03832412843540444,0.060592416396053846,0.06812642588134912,0.08515361311629473,0.03776484363627995,0.030109802633973257,0.29450446233924243,0.38542430756140206,3367.507946544973
CAAACTCAATCTTTGCAAGTTTCTATGAATTTGCAATCTCCAGTCTTGACTCAAGAACATTCTGTCTTGCATGCTATGATTGAGAATAATAGAAGACAATCTTTGAAGACTATGTCTGTT,0.6479824775644779,0.19199205385800003,0.008432574883087124,0.021271548123562148,0.04250480962807937,0.06783426888413728,0.018057038035248888,0.001925229023407269,337.7250970372602
CAAACTGCATTTCCATTGTTTCAAAGAAGGAAAGATGGTAATGAATCTGCTCCAGCTGCTTCTTCTTCTCAATATAATGGATTTCAATCTCATTCTTTGTATGGTTCTGATAGAGCTAGA,0.11401428771092295,0.10324122002162418,0.2128099333284835,0.17733240804891315,0.14605553995704906,0.10450611178936664,0.07401963812417464,0.0680208610194658,1077.3588471762437
CAAAGAAATCCAACTATCTTGCCACCAAATAGGAAACCAGTTATTACTTTGACTGATACTTGTTCTAAGACTTCTTCTTTGGATTCTGATCATACTTCTCATAGAACTGTTGATTCTATG,0.05647051121841498,0.07954284041139141,0.014053777491333314,0.06901050444193486,0.08346960961494843,0.07246564573047422,0.2409179672550228,0.38406914383648005,3294.682698141564
CAAAGAAGAGATGCTTGGACTCAAGAACCATCTCCATTGGATAGAGATCCATTGGGTTATGATGTTGGTCATGGTCCATTGGCTTCTGCTATGAGAATGTTGTGGATGGCTAATTATATT,0.0064345162974462754,0.06570274763012844,0.11242992385058422,0.20597739126733522,0.37551179961253517,0.2084020482998218,0.017042584483102526,0.00849898855904633,827.0723749747773
CAAATGATTATGAACTCTCAACAAATGGTTGAAGCTATGTCTATGTGTGATGATATGATGGGTTCTCAAGATAGAGAAGAGAATACTAATTCTGGTTCTATGAAAGATAAACAACCATGT,0.06149085789633368,0.12373480780057658,0.0,0.0,0.18178046533502948,0.2254514095858411,0.11405916475941594,0.2934832946228033,2648.194837450238
CAAATGTTGCAACAGAAACAACAACAACAGAAACAAAGACAGAATCAGAATCAAGGTCAACAACAACCAACTTGGTTTCAATCTGGTTCTCAATTTATCTTAAATTCTCAACAATTGGTT,0.034699423608061,0.026183931997090085,0.0431781090646637,0.05782482369285094,0.06838607218615202,0.05565993834613587,0.21722793449252628,0.4968397666125202,3903.9460021551404
CAAATTAGAGGTAGAGAAAGATTTGAAATGTTTAGAGAATTGAATGAAGCTTTGGAATTGAAAGATGCTCAAGCTGGTAAAGAACCAGGTGGTTCTAGAGCTCATTCTTCTCATTTGAAA,0.17897203609184292,0.040015109102046455,0.024744804541310762,0.1546470026344043,0.11757346671157287,0.07290965987782103,0.22131637829634487,0.1898215427446568,2089.5319167156226
CAAATTGTTAAATTGGATCCATCTAATATTGAATTGGATACTCCACCAGAATTTAGATTGTCTCAATTGGAATTTGGTTCTCAAGATTCATTCTTGGCTTGGGGTACTGGTAAGACTGAT,0.13087672035240014,0.07524466187745094,0.09306057100513158,0.20771370908766326,0.07369529449414557,0.15423725392090157,0.08670098009303578,0.1784708091692712,1794.9047936942184
CAAATTGTTGATTTGAAACCATCTAATATTGAATTGGATACTCCACCAGAATTTAGATTGTCTCAATTGGAATTTGGTTCTCAAGATTCATTCTTGGCTTGGGGTACTGGTAAGACTGAT,0.06540640441188993,0.16451731923459068,0.040694117791743575,0.0908303705132781,0.14501675984821535,0.044963897607334526,0.27297471937789447,0.1755964112150533,2103.56138234993
CAACAAATTGTCTTGGATCCATCTAATATTGAATTGGATACTCCACCAGAATTTCAATTGTCTCAATTGGAATTTGGTTCTCAAGATTCATTCTTGGCTTGGGGTACTGGTCAAACTGAT,0.2131799839252406,0.10724270745412869,0.13263489186876515,0.039472621679892295,0.17505744396533607,0.16283493702585175,0.0,0.16957741408078544,1555.4632767315786
CAACAACAACAACAACAACAACAACAAAGACAAGAAGATTGTGATGTTACTCAAGAACAAGAGAAAGATGATGTTATGGTCTTGATTAATAATCCAAATGATGCTTTGGCTTTGGGTAAT,0.213536678658459,0.2893821101520259,0.18708409037748805,0.11619526816026447,0.04079579611209415,0.051928068280514154,0.046479760641479746,0.05459822761767461,787.8509590924008
CAACAACAACAACAACAACAACAACAACAACAACAACAACAACAACAACAACAACAACAAGAAACTTCTCCAAGACAACAACAACAACAACAAGGTGAAGATGGTTCTCCACAAGCTCAT,0.0791891793584001,0.07967410297247816,0.19707756887834263,0.26392947540011985,0.23410058609911458,0.07258522941896448,0.07344385787258007,0.0,694.189781853901
CAACAACAACAACAACAACAACAACAACAAGAAACTTCTCCAAGACAACAACAACAACAACAAGGTGAAGATGGTTCTCCACAAGCTCATAGAAGAGGTCCAACTGGTTATTTGGTCTTG,0.47052629874535595,0.2610623696831883,0.1502921573780386,0.07146041420058297,0.013587222246608287,0.01819568513925761,0.00808575463735449,0.006790097969613723,314.31623318892264
CAACAACAACCAGTTGCTATGGGTATTCCAAGAGTTTCTGGTGGTGGTATCTTTGCTGGTTCTTCTACTATTGGTAATGGTTCTACTAGAGATTTGTCTGGTTCTAAAGATCAAACTACT,0.007484238423116081,0.0054764138013916434,0.02455241889981147,0.13757106979696646,0.29365976269009236,0.41035831149609137,0.10222557986816021,0.018672205024370364,1248.2409093348513
CAACAACAAGGTGTCTTGCAGAAAGGTGGTGATAAAGCTGAAGAAGAAGTTTCTGAAGATATCTTTGCTGCTGCTACTACTACTCCTAAAGCTGATCCAGTTACTCCAAGATTGTTTACT,0.19689866451177093,0.10667159733565211,0.17433416626919201,0.1935076131014386,0.17910019889779497,0.08676845150866717,0.04916511979097495,0.01355418858450918,676.1310492828084
CAACAACCAACTTGGTTTCAATCTGGTTCTCAATTTATCTTAAATTCTCAACAATTGGTTCAAGCTTTGTCTTTGTGTCAACAATTGTTGGGTTCTCAACAAAGACAACAGAATACTAAT,0.44188767535358064,0.34316624880394886,0.14964359745167632,0.036585415789187996,0.011594188645836535,0.008661352776716078,0.004683305894242729,0.0037782152848107224,270.0172071708701
CAACAACCACAACAAGCTGTTGTTAAGAGAGGTGATAAAGCTGAACAAGAAGTTTCTGAAGATTGGGCTGCTGCTGTTACTCCAACTGCTGATCCAGTTACTCCTAAAGCTGCTACTCCA,0.17772762711554219,0.15857264528843126,0.12935467376211016,0.1750966061424915,0.14208980964784,0.08606360144630623,0.08708166886324441,0.04401336773403425,924.0791173125799
CAACAACCACAACAAGCTGTTGTTAAGAGAGGTGATAAAGCTGAACAAGAAGTTTCTGAAGATTGGGGTGCTGCTGTTACTCCAACTGCTGATCCAGTTACTCCTAAAGCTGCTACTCCA,0.5631303857029613,0.2837730343355666,0.09322489925648184,0.025173158259097744,0.009393968981685864,0.011353941295066367,0.004664755044093064,0.0092858571250472,286.38505721767433
CAACAACCACAACAAGCTGTTGTTAAGAGAGGTGATAAAGCTGAACAAGAAGTTTCTGAAGATTGGTTTGCTGCTGTTACTCCAACTGCTGATCCAGTTACTCCTAAAGCTGCTACTCCA,0.24268375338152073,0.19909234243409457,0.11614719166617479,0.10784536681580097,0.07726130602604157,0.109511502195233,0.07617977164331868,0.07127876583781581,1033.0562907651013
CAACAACCACAACAAGCTGTTGTTAAGAGAGGTGATAAAGCTGAACAAGAAGTTTCTGAATGGGACTTTGCTGCTGTTACTCCAACTGCTGATCCAGTTACTCCTAAAGCTGCTACTCCA,0.04188608066182217,0.042142574664900144,0.06515100148116412,0.12796854026997478,0.14446185026458533,0.14397377894299593,0.1845240480388924,0.24989212567566507,2474.810150133447
CAACAACCACAACAAGCTGTTGTTAAGAGAGGTGATAAAGCTGAACAAGAAGTTTCTGAATGGGATGCTGCTGCTGTTACTCCAACTGCTGATCCAGTTACTCCTAAAGCTGCTACTCCA,0.2526285697525134,0.35256611110630726,0.21295185251071044,0.10864326605923191,0.016060762836758353,0.007469700361981021,0.030232245107033266,0.01944749226546432,468.04521110776943
CAACAACCACAACAAGCTGTTGTTAAGAGAGGTGATAAAGCTGAACAAGAAGTTTCTGAATGGGATGGTGCTGCTGTTACTCCAACTGCTGATCCAGTTACTCCTAAAGCTGCTACTCCA,0.10566050485250686,0.07087168568525447,0.08765219184196331,0.0313027297047703,0.0971773075268632,0.11621878717341622,0.16332439953719943,0.3277923936780261,2817.4002237199834
CAACAACCACAACAAGCTGTTGTTGGTGGTGGTGGTGGTGCTGGTCAAGGTGTTTCTGGTTGGGGTGCTGCTGCTGTTACTCCAACTGCTGGTCCAGTTACTCCAGGTGCTGCTACTCCA,0.04015777458686787,0.06592180203525079,0.08416031904482164,0.12210126904115044,0.1916104840159824,0.2699314422715621,0.16727243783566892,0.058844471168695685,1432.8391656670142
CAACAACCACAACAAGCTGTTGTTGGTGGTGGTGGTGGTGCTGGTCAAGGTGTTTCTGGTTGGGGTGGTGCTGCTGTTACTCCAACTGCTGGTCCAGTTACTCCAGGTGCTGCTACTCCA,0.2029601573899989,0.19261170305756614,0.20233870867596235,0.1618133009193188,0.12412398621672512,0.09116962842099895,0.017664699338729706,0.007317815980700191,533.3929368650773
CAACAACCACAACAAGCTGTTGTTGGTGGTGGTGGTGGTGCTGGTCAAGGTGTTTCTGGTTGGGGTTTTGCTGCTGTTACTCCAACTGCTGGTCCAGTTACTCCAGGTGCTGCTACTCCA,0.4959067202563905,0.3609709546941795,0.0716459728785072,0.004298810414565599,0.00564318923969613,0.03390687761003305,0.02024026703746398,0.007387207869163987,333.794988368446
CAACAACCACAACAAGGTGTTGTTAAGAGAGGTGATAAAGCTGAACAAGAAGTTTCTGAAGATTGGGCTGCTGCTGTTACTCCAACTGCTGATCCAGTTACTCCTAAAGGTGCTACTCCA,0.32547278582762024,0.2827684559334589,0.21494085434823093,0.10478178448798646,0.03493620874890702,0.022845880410553934,0.008359485192198143,0.005894545051044416,353.70186286083856
CAACAACCACAACAAGGTGTTGTTAAGAGAGGTGATAAAGCTGAACAAGAAGTTTCTGAAGATTGGGGTGCTGCTGTTACTCCAACTGCTGATCCAGTTACTCCTAAAGGTGCTACTCCA,0.09178822416758876,0.09235029941263843,0.15990290784700387,0.16315776506328478,0.1447179340997518,0.18509388023611956,0.11918034613647181,0.043808643037140875,1119.197335188502
CAACAACCACAACAAGGTGTTGTTAAGAGAGGTGATAAAGCTGAACAAGAAGTTTCTGAAGATTGGTTTGCTGCTGTTACTCCAACTGCTGATCCAGTTACTCCTAAAGGTGCTACTCCA,0.1849681810198898,0.2326260674219156,0.13809871398060752,0.13357069318303286,0.09113441999962273,0.08477141677256868,0.06861935889645472,0.06621114872590804,977.4772246505829
CAACAACCACAACAAGGTGTTGTTAAGAGAGGTGATAAAGCTGAACAAGAAGTTTCTGAATGGGACTTTGCTGCTGTTACTCCAACTGCTGATCCAGTTACTCCTAAAGGTGCTACTCCA,0.04845282080385924,0.07312429043926337,0.07967170597212968,0.1518759204709184,0.22167656875766337,0.24426664455881464,0.1251829772212823,0.05574907177606886,1308.2038197079007
CAACAACCACAACAAGGTGTTGTTAAGAGAGGTGATAAAGCTGAACAAGAAGTTTCTGAATGGGATGCTGCTGCTGTTACTCCAACTGCTGATCCAGTTACTCCTAAAGGTGCTACTCCA,0.03871609935288085,0.031162545302542415,0.03854099662978141,0.12903681884993348,0.21364612813315903,0.2626066544209306,0.19389874342650398,0.09239201388426829,1702.0263744164713
CAACAACCACAACAAGGTGTTGTTAAGAGAGGTGATAAAGCTGAACAAGAAGTTTCTGAATGGGATGGTGCTGCTGTTACTCCAACTGCTGATCCAGTTACTCCTAAAGGTGCTACTCCA,0.18647775125522562,0.17230377691061693,0.07576912713773629,0.09301530652745882,0.15000520837315534,0.15348503277708184,0.12353460383053447,0.04540919318819082,1072.693281578015
CAACAACCACAACAAGGTGTTGTTGGTGGTGGTGGTGGTGCTGGTCAAGGTGTTTCTGGTTGGGGTGCTGCTGCTGTTACTCCAACTGCTGGTCCAGTTACTCCAGGTGGTGCTACTCCA,0.15687811270768084,0.14663579962800774,0.2091084407561602,0.17126542479493465,0.17733461360565034,0.11838656704473006,0.014604624743739482,0.005786416719096671,583.3233590594684
CAACAACCACAACAAGGTGTTGTTGGTGGTGGTGGTGGTGCTGGTCAAGGTGTTTCTGGTTGGGGTGGTGCTGCTGTTACTCCAACTGCTGGTCCAGTTACTCCAGGTGGTGCTACTCCA,0.02689293792229829,0.0371928749761691,0.08432303148056897,0.10942026810540714,0.20015003852229,0.3501003051506094,0.1479988361328007,0.043921707709856365,1389.178518507492
CAACAACCACAACAAGGTGTTGTTGGTGGTGGTGGTGGTGCTGGTCAAGGTGTTTCTGGTTGGGGTTTTGCTGCTGTTACTCCAACTGCTGGTCCAGTTACTCCAGGTGGTGCTACTCCA,0.3968664747089851,0.2887742157558914,0.1991867895674887,0.06740179095088197,0.022629934252694116,0.012762352449777286,0.009154688976298063,0.0032237533379832497,304.0589183354838
CAACAACCACAACAATTGGTTGTTAAGAGAGAATCTGTTGAACAAGAAGCTAAAGATGGTGATATCTTTGCTGCTGTTACTCCAACTGCTGATCCAGTTACTCCTAAATTGGCTACTCCA,0.1081219065945472,0.08702720234648649,0.10763289968042478,0.16816767831645918,0.21308804989952027,0.17838922219096617,0.06016647732819292,0.0774065636434031,1209.9669838462867
CAACAACCACAACAATTGGTTGTTAAGAGAGGTGATAAAGCTGAACAAGAAGAAGAAGAAGATATCTTTGCTGCTGAAGAACCAGAAGAAGATCCAGAAGAACCTAAATTGGAAGAACCA,0.5531963429642112,0.25474604230679315,0.11302237662774144,0.06550260283959601,0.00029794668156594886,0.012305195852122749,0.0007851828755878589,0.00014430985238168316,230.15770744709678
CAACAACCACAACAATTGGTTGTTAAGAGAGGTGATAAAGCTGAACAAGAAGAAGAAGAAGATATCTTTGCTGCTGAAGAACCAGAAGAAGATCCAGAAGAACCTAAATTGGCTGCTCCA,0.13540421234498853,0.17515719626307374,0.19255973535088108,0.17191941299592836,0.09530584657877961,0.08865159443847517,0.07176022068661655,0.06924178134125694,1029.1062271601854
CAACAACCACAACAATTGGTTGTTAAGAGAGGTGATAAAGCTGAACAAGAAGAAGAAGAAGATATCTTTGCTGCTGAAGAACCAGAAGAAGATCCAGTTGCTCCTAAATTGGAAGAACCA,0.33743018036957195,0.13579858841628648,0.041988009063994566,0.18743674159076054,0.13300235146948775,0.09278709763170394,0.031294899643827534,0.04026213181436737,752.7132267078379
CAACAACCACAACAATTGGTTGTTAAGAGAGGTGATAAAGCTGAACAAGAAGAAGAAGAAGATATCTTTGCTGCTGAAGAACCAGAAGAAGATCCAGTTGCTCCTAAATTGGCTGCTCCA,0.020622947294473074,0.04257635063709166,0.0979825404125359,0.23923066796332457,0.30641331286611917,0.22634626850404643,0.05340576073492173,0.013422151587487356,931.347569399021
CAACAACCACAACAATTGGTTGTTAAGAGAGGTGATAAAGCTGAACAAGAAGAAGAAGAAGATATCTTTGCTGCTGTTGCTCCAGAAGAAGATCCAGAAGAACCTAAATTGGAAGAACCA,0.008103036483797546,0.0750915531783399,0.1442110902482085,0.24730636830066305,0.27863839133860346,0.20625695786144427,0.037371185659725026,0.0030214169292181684,799.7937310420916
CAACAACCACAACAATTGGTTGTTAAGAGAGGTGATAAAGCTGAACAAGAAGAAGAAGAAGATATCTTTGCTGCTGTTGCTCCAGAAGAAGATCCAGATGAACCTAAATTGGCTGCTCCA,0.09841287517502136,0.05658029554066883,0.13995397093362863,0.21866673138936152,0.2770762362668642,0.10309231178494485,0.03911693099493901,0.06710064791457178,1063.2975820083504
CAACAACCACAACAATTGGTTGTTAAGAGAGGTGATAAAGCTGAACAAGAAGAAGAAGAAGATATCTTTGCTGCTGTTGCTCCAGAAGAAGATCCAGTTGCTCCTAAATTGGAAGAACCA,0.037458059980618685,0.04845527808944894,0.036622778341234306,0.023779790791983373,0.029001825433697937,0.04414404863644716,0.31762659127361514,0.46291162745295455,3889.2957954241524
CAACAACCACAACAATTGGTTGTTAAGAGAGGTGATAAAGCTGAACAAGAAGAAGAAGAAGATATCTTTGCTGCTGTTGCTCCAGAAGAAGATCCAGTTGCTCCTAAATTGGCTGCTCCA,0.0494613293660568,0.031102632021473606,0.023080138498554805,0.08929352082004975,0.17668073589821148,0.18134608634614502,0.23509819431272558,0.21393736273678282,2419.1956216851063
CAACAACCACAACAATTGGTTGTTAAGAGAGGTGATAAAGCTGAACAAGAAGATGATGAAGATATCTTTGCTGCTGATGATCCAGATGATGATCCAGATGATCCTAAATTGGATGATCCA,0.0845824433936713,0.028366797750280094,0.08770822840986289,0.125290966904665,0.22226156241807565,0.1809003568333469,0.16996596634974914,0.10092367794034915,1609.9655930233714
CAACAACCACAACAATTGGTTGTTAAGAGAGGTGATAAAGCTGAACAAGAAGATGATGAAGATATCTTTGCTGCTGATGATCCAGATGATGATCCAGATGATCCTAAATTGGCTGCTCCA,0.11084986774049302,0.1443312187679331,0.03245544793423604,0.09417386780481883,0.1220830196525976,0.1374663828943631,0.1874725086269874,0.1711676865785709,1962.9016064135253
CAACAACCACAACAATTGGTTGTTAAGAGAGGTGATAAAGCTGAACAAGAAGATGATGAAGATATCTTTGCTGCTGATGATCCAGATGATGATCCAGTTGCTCCTAAATTGGATGATCCA,0.09608534518897949,0.21038880237846336,0.2122202359385483,0.19298973817460943,0.17005525041935918,0.09599450458700899,0.020377343615427517,0.0018887796976037067,555.0739739662406
CAACAACCACAACAATTGGTTGTTAAGAGAGGTGATAAAGCTGAACAAGAAGATGATGAAGATATCTTTGCTGCTGATGATCCAGATGATGATCCAGTTGCTCCTAAATTGGCTGCTCCA,0.002382956619293556,0.0015257129460221625,0.002156526485415411,0.001323691981503608,0.0012808259129826573,0.09690042560960678,0.5175579082034067,0.376871952241769,3872.513859032497
CAACAACCACAACAATTGGTTGTTAAGAGAGGTGATAAAGCTGAACAAGAAGATGATGAAGATATCTTTGCTGCTGTTGCTCCAGATGATGATCCAGATGATCCTAAATTGGATGATCCA,0.410162350852851,0.24779249275552337,0.26750098104063785,0.05996653718591835,0.0009977774741202292,0.0009995059550276456,0.01155804977977965,0.0010223049561418728,274.7120452707827
CAACAACCACAACAATTGGTTGTTAAGAGAGGTGATAAAGCTGAACAAGAAGATGATGAAGATATCTTTGCTGCTGTTGCTCCAGATGATGATCCAGATGATCCTAAATTGGCTGCTCCA,0.5496779120887068,0.27699107416723007,0.10527424358003615,0.0405176757495052,0.009770734995226368,0.00806912012256986,0.0062999707930640825,0.0033992685036616306,256.84271613146774
CAACAACCACAACAATTGGTTGTTAAGAGAGGTGATAAAGCTGAACAAGAAGATGATGAAGATATCTTTGCTGCTGTTGCTCCAGATGATGATCCAGTTGCTCCTAAATTGGATGATCCA,0.091368993276488,0.048668030108075654,0.08025507827481228,0.15524730285512364,0.20125603808432527,0.16749862525378478,0.1595105953028856,0.09619533684450482,1536.0311040871643
CAACAACCACAACAATTGGTTGTTAAGAGAGGTGATAAAGCTGAACAAGAAGATGATGAAGATATCTTTGCTGCTGTTGCTCCAGATGATGATCCAGTTGCTCCTAAATTGGCTGCTCCA,0.055091960095496384,0.05542932174784085,0.05141511906202457,0.055467301937156814,0.07973546068379596,0.0725902829201537,0.23791079786473882,0.3923597556887929,3336.772905046132
CAACAACCACAACAATTGGTTGTTAAGAGAGGTGATAAAGCTGAACAAGAAGTTGAAGAAGATATCTTTGCTGCTGTTGAACCAGAAGCTGATCCAGTTGAACCTAAATTGGCTGAACCA,0.49448058309964193,0.30828847785860586,0.0961414409420247,0.07432151647082337,0.0012070191836302962,0.023750377758834013,0.0011360263575054294,0.0006745583289345099,253.54355355749266
CAACAACCACAACAATTGGTTGTTAAGAGAGGTGATAAAGCTGAACAAGAAGTTGAAGAAGATATCTTTGCTGCTGTTGAACCAGAAGCTGATCCAGTTGAACCTAAATTGGCTGCTCCA,0.3032697026090667,0.2796990865198569,0.22721918089049561,0.10236498538331995,0.03562070644938618,0.0318922890520482,0.011105124380743842,0.008828924715082457,391.27060418141207
CAACAACCACAACAATTGGTTGTTAAGAGAGGTGATAAAGCTGAACAAGAAGTTGAAGAAGATATCTTTGCTGCTGTTGAACCAGAAGCTGATCCAGTTGCTCCTAAATTGGCTGAACCA,0.09354075367907531,0.0941135607305583,0.19399519475052027,0.13856080533042814,0.18435132541966068,0.17147991987868236,0.08675419892163948,0.0372042412894356,1005.4286270893174
CAACAACCACAACAATTGGTTGTTAAGAGAGGTGATAAAGCTGAACAAGAAGTTGAAGAAGATATCTTTGCTGCTGTTGAACCAGAAGCTGATCCAGTTGCTCCTAAATTGGCTGCTCCA,0.5443731939993655,0.1863570276745061,0.1726610426329686,0.047949843269132236,0.00018098139697303754,0.038677328025569,0.00958143809824527,0.00021914490324025394,283.080189984746
CAACAACCACAACAATTGGTTGTTAAGAGAGGTGATAAAGCTGAACAAGAAGTTGAAGAAGATATCTTTGCTGCTGTTGCTCCAGAAGCTGATCCAGTTGAACCTAAATTGGCTGAACCA,0.21157447663228252,0.2641165759211153,0.15113761598375158,0.13058448107954992,0.07721735389053479,0.1077390598758935,0.04360541263941025,0.014025023977462187,615.6434086095142
CAACAACCACAACAATTGGTTGTTAAGAGAGGTGATAAAGCTGAACAAGAAGTTGAAGAAGATATCTTTGCTGCTGTTGCTCCAGAAGCTGATCCAGTTGAACCTAAATTGGCTGCTCCA,0.15517424302761995,0.10102171556036274,0.10222440272542425,0.19774527855739216,0.21137517506228076,0.13386686973656786,0.05502673057386097,0.0435655847564913,942.1420870286455
CAACAACCACAACAATTGGTTGTTAAGAGAGGTGATAAAGCTGAACAAGAAGTTGAAGAAGATATCTTTGCTGCTGTTGCTCCAGAAGCTGATCCAGTTGCTCCTAAATTGGCTGAACCA,0.2517184143718689,0.2049278091866292,0.20084653143236345,0.1857221667516069,0.07763238923813644,0.04579303744276544,0.019603156902394194,0.013756494674235486,502.4686441765091
CAACAACCACAACAATTGGTTGTTAAGAGAGGTGATAAAGCTGAACAAGAAGTTGAAGAAGATATCTTTGCTGCTGTTGCTCCAGAAGCTGATCCAGTTGCTCCTAAATTGGCTGCTCCA,0.1020080015314294,0.0684217724684182,0.21155551291680208,0.12591936568128698,0.21220750277628445,0.2077801889859524,0.0315357107584654,0.04057194488136107,949.6946725261173
CAACAACCACAACAATTGGTTGTTAAGAGAGGTGATAAAGCTGAACAAGAAGTTGATGAAGATATCTTTGCTGCTGTTGATCCAGATGCTGATCCAGTTGATCCTAAATTGGCTGCTCCA,0.0656513927888137,0.11008902713986973,0.08169308603224021,0.17018509710121224,0.14016883052140294,0.23067628105837795,0.16236870071338752,0.03916758464469563,1238.1774838395397
CAACAACCACAACAATTGGTTGTTAAGAGAGGTGATAAAGCTGAACAAGAAGTTGATGAAGATATCTTTGCTGCTGTTGATCCAGATGCTGATCCAGTTGCTCCTAAATTGGCTGATCCA,0.06166704477202901,0.24817867870246482,0.10231356827662524,0.1598566543170241,0.2025570137667915,0.05652434623812616,0.09532164428595642,0.07358104964098282,1128.010176032647
CAACAACCACAACAATTGGTTGTTAAGAGAGGTGATAAAGCTGAACAAGAAGTTGATGAAGATATCTTTGCTGCTGTTGATCCAGATGCTGATCCAGTTGCTCCTAAATTGGCTGCTCCA,0.10262188771769375,0.11764377919477134,0.18511462826088804,0.21442225886466348,0.25008089217141066,0.127793333660547,0.0015338675243025996,0.0007893526057231404,585.0698428375056
CAACAACCACAACAATTGGTTGTTAAGAGAGGTGATAAAGCTGAACAAGAAGTTGATGAAGATATCTTTGCTGCTGTTGCTCCAGATGCTGATCCAGTTGATCCTAAATTGGCTGATCCA,0.008945646487810863,0.01650078124561741,0.01484197947368372,0.03147131427106998,0.01322264672269183,0.01366604646155754,0.31250614366088475,0.588845441676684,4607.537747879214
CAACAACCACAACAATTGGTTGTTAAGAGAGGTGATAAAGCTGAACAAGAAGTTGATGAAGATATCTTTGCTGCTGTTGCTCCAGATGCTGATCCAGTTGATCCTAAATTGGCTGCTCCA,0.17635928061122844,0.1540640072916804,0.15637602416621452,0.21352760697408063,0.16754178086916205,0.10260537789181767,0.024485641988941906,0.005040280206874571,582.6299255742136
CAACAACCACAACAATTGGTTGTTAAGAGAGGTGATAAAGCTGAACAAGAAGTTGATGAAGATATCTTTGCTGCTGTTGCTCCAGATGCTGATCCAGTTGCTCCTAAATTGGCTGATCCA,0.015169340746479961,0.016025343459478866,0.02170730485546625,0.12049625412389085,0.7862630287895183,0.013904299642182066,0.018289410109831414,0.008145018273152288,799.6871460175959
CAACAACCACAACAATTGGTTGTTAAGAGAGGTGATAAAGCTGAACAAGAAGTTGATGAAGATATCTTTGCTGCTGTTGCTCCAGATGCTGATCCAGTTGCTCCTAAATTGGCTGCTCCA,0.5541016943871121,0.2472180032431859,0.07206822020028308,0.07752334001163196,0.03507139600039636,0.007797186633666952,0.003264588191895528,0.0029555713318280457,265.88901367551875
CAACAACCACAACAATTGGTTGTTAAGAGAGGTGATAAAGCTGAACAAGAAGTTGCTGAAGATATCTTTGCTGCTGAAGAACCAGCTGCTGATCCAGAAGAACCTAAATTGGAAGAACCA,0.5266266772120193,0.3331524547970389,0.09437421535333594,0.018464577596732163,0.001974391631741219,0.0037031865090928076,0.01931376575124244,0.0023907311487973352,267.8433159657877
CAACAACCACAACAATTGGTTGTTAAGAGAGGTGATAAAGCTGAACAAGAAGTTGCTGAAGATATCTTTGCTGCTGAAGAACCAGCTGCTGATCCAGAAGAACCTAAATTGGCTGCTCCA,0.08985951661854068,0.10547807808025332,0.05590819105352457,0.21630022810139599,0.2804024684734554,0.16473143634218373,0.06945003535101862,0.01787004597962784,896.9967839714923
CAACAACCACAACAATTGGTTGTTAAGAGAGGTGATAAAGCTGAACAAGAAGTTGCTGAAGATATCTTTGCTGCTGAAGAACCAGCTGCTGATCCAGTTGCTCCTAAATTGGAAGAACCA,0.4027622441478003,0.29471171117663814,0.11643478662965295,0.0768357396403249,0.03207147605649552,0.03729030786759676,0.030185139240871215,0.009708595240620094,420.0104060233367
CAACAACCACAACAATTGGTTGTTAAGAGAGGTGATAAAGCTGAACAAGAAGTTGCTGAAGATATCTTTGCTGCTGAAGAACCAGCTGCTGATCCAGTTGCTCCTAAATTGGCTGCTCCA,0.5266563874921059,0.29903613394618683,0.10684782332014711,0.0441952771402351,0.002387723782745358,0.007568694650233037,0.005476395654600241,0.007831564013746588,280.6329878272351
CAACAACCACAACAATTGGTTGTTAAGAGAGGTGATAAAGCTGAACAAGAAGTTGCTGAAGATATCTTTGCTGCTGATGATCCAGCTGCTGATCCAGATGATCCTAAATTGGATGATCCA,0.2934988934181425,0.274994496568263,0.2236275820584377,0.1145092319257565,0.04218961046943291,0.0357868954124062,0.011570575163497989,0.0038227149840631565,373.19761585148865
CAACAACCACAACAATTGGTTGTTAAGAGAGGTGATAAAGCTGAACAAGAAGTTGCTGAAGATATCTTTGCTGCTGATGATCCAGCTGCTGATCCAGATGATCCTAAATTGGCTGCTCCA,0.0694178873323437,0.07982054327927536,0.08020991701618466,0.13220728773770374,0.22475874173020446,0.1954313461770157,0.14715769408637713,0.07099658264089524,1393.1972415055272
CAACAACCACAACAATTGGTTGTTAAGAGAGGTGATAAAGCTGAACAAGAAGTTGCTGAAGATATCTTTGCTGCTGATGATCCAGCTGCTGATCCAGTTGCTCCTAAATTGGATGATCCA,0.10873124773885816,0.13370753665458765,0.1202660943724274,0.06710929309203983,0.11904941516461373,0.0332212162742413,0.20168518906097,0.21623000764226194,2154.8235679514382
CAACAACCACAACAATTGGTTGTTAAGAGAGGTGATAAAGCTGAACAAGAAGTTGCTGAAGATATCTTTGCTGCTGATGATCCAGCTGCTGATCCAGTTGCTCCTAAATTGGCTGCTCCA,0.18854706103086052,0.2924567098189257,0.1661876723665252,0.09600680302014611,0.1006392245475957,0.08641162714451579,0.05100305667488694,0.018747845396544113,645.5609903108331
CAACAACCACAACAATTGGTTGTTAAGAGAGGTGATAAAGCTGAACAAGAAGTTGCTGAAGATATCTTTGCTGCTGTTGAACCAGCTGCTGATCCAGTTGAACCTAAATTGGCTGAACCA,0.02087773919473242,0.03685885901014763,0.08185881016900053,0.2039361952504703,0.3163593037886709,0.245887879590549,0.06977994211242909,0.024441270884000166,1054.508804446275
CAACAACCACAACAATTGGTTGTTAAGAGAGGTGATAAAGCTGAACAAGAAGTTGCTGAAGATATCTTTGCTGCTGTTGAACCAGCTGCTGATCCAGTTGAACCTAAATTGGCTGCTCCA,0.0954454282326873,0.06505251206826232,0.18772878753734895,0.19839111945362373,0.12135811782489653,0.17779371225751406,0.10279821578188239,0.05143210684378481,1117.4050187170612
CAACAACCACAACAATTGGTTGTTAAGAGAGGTGATAAAGCTGAACAAGAAGTTGCTGAAGATATCTTTGCTGCTGTTGAACCAGCTGCTGATCCAGTTGCTCCTAAATTGGCTGAACCA,0.22250720262071086,0.2169814498537435,0.13204859028979546,0.10648527233170056,0.12818278927778096,0.10668222026823308,0.03809794954459242,0.049014525813443136,834.3707438611641
CAACAACCACAACAATTGGTTGTTAAGAGAGGTGATAAAGCTGAACAAGAAGTTGCTGAAGATATCTTTGCTGCTGTTGAACCAGCTGCTGATCCAGTTGCTCCTAAATTGGCTGCTCCA,0.15023118345935552,0.100767427044928,0.0997011515824662,0.12239461540484094,0.1579080301768218,0.11016217120197393,0.13933163312732338,0.11950378800229018,1531.5643197423356
CAACAACCACAACAATTGGTTGTTAAGAGAGGTGATAAAGCTGAACAAGAAGTTGCTGAAGATATCTTTGCTGCTGTTGATCCAGCTGCTGATCCAGTTGATCCTAAATTGGCTGATCCA,0.3035152645737211,0.1526869367714974,0.08715650335101016,0.07781426821957237,0.17254955864118052,0.08560114784032843,0.06496030858523619,0.055716012017453825,920.1553582094963
CAACAACCACAACAATTGGTTGTTAAGAGAGGTGATAAAGCTGAACAAGAAGTTGCTGAAGATATCTTTGCTGCTGTTGATCCAGCTGCTGATCCAGTTGATCCTAAATTGGCTGCTCCA,0.646998318175273,0.27747810529031797,0.005773908718864407,0.023924524824134055,0.0084413488579419,0.011777961095745193,0.016662130627272533,0.008943702410450984,296.3497591408827
CAACAACCACAACAATTGGTTGTTAAGAGAGGTGATAAAGCTGAACAAGAAGTTGCTGAAGATATCTTTGCTGCTGTTGATCCAGCTGCTGATCCAGTTGCTCCTAAATTGGCTGATCCA,0.49758232462198504,0.3030234043977272,0.1220586860322024,0.0416553711157609,0.003071147655027748,0.016435227366382577,0.009304068675330901,0.00686977013558319,297.57267102905007
CAACAACCACAACAATTGGTTGTTAAGAGAGGTGATAAAGCTGAACAAGAAGTTGCTGAAGATATCTTTGCTGCTGTTGATCCAGCTGCTGATCCAGTTGCTCCTAAATTGGCTGCTCCA,0.13532356324188774,0.15224419878904508,0.12650438668034858,0.12860910135866935,0.1444573693045442,0.22145154856010116,0.07678460591286874,0.01462522615253513,865.9873552878779
CAACAACCACAACAATTGGTTGTTAAGAGAGGTGATAAAGCTGAACAAGAAGTTGCTGAAGATATCTTTGCTGCTGTTGCTCCAGCTGCTGATCCAGAAGAACCTAAATTGGAAGAACCA,0.47419999124683565,0.3176153864655358,0.13282481611274038,0.04044378739307036,0.015560887648211279,0.010331995177354811,0.006750157392364765,0.0022729785638867716,266.1212316871016
CAACAACCACAACAATTGGTTGTTAAGAGAGGTGATAAAGCTGAACAAGAAGTTGCTGAAGATATCTTTGCTGCTGTTGCTCCAGCTGCTGATCCAGAAGAACCTAAATTGGCTGCTCCA,0.1312203466702584,0.15910571218793265,0.09629545021329455,0.13830538669473,0.11272776452689527,0.19737809779473353,0.12482058227993599,0.04014665963221971,1090.989255413055
CAACAACCACAACAATTGGTTGTTAAGAGAGGTGATAAAGCTGAACAAGAAGTTGCTGAAGATATCTTTGCTGCTGTTGCTCCAGCTGCTGATCCAGATGATCCTAAATTGGATGATCCA,0.37044746572543896,0.3001089397964676,0.15864381134037353,0.0801729676190702,0.023703982134465236,0.028663661800976743,0.01673234496671326,0.021526826616494653,454.15359342900604
CAACAACCACAACAATTGGTTGTTAAGAGAGGTGATAAAGCTGAACAAGAAGTTGCTGAAGATATCTTTGCTGCTGTTGCTCCAGCTGCTGATCCAGATGATCCTAAATTGGCTGCTCCA,0.502682852435407,0.2842420614589792,0.12841372680235408,0.049107406099427243,0.007211356612897269,0.019962160464628027,0.0021232711919579646,0.0062571649343490954,285.0856017615232
CAACAACCACAACAATTGGTTGTTAAGAGAGGTGATAAAGCTGAACAAGAAGTTGCTGAAGATATCTTTGCTGCTGTTGCTCCAGCTGCTGATCCAGTTGAACCTAAATTGGCTGAACCA,0.22083197482899336,0.25272676480049644,0.26296466923573064,0.1593632162470952,0.05460144999245601,0.03266704048423874,0.008991574426961803,0.007853309984027963,416.30967144492274
CAACAACCACAACAATTGGTTGTTAAGAGAGGTGATAAAGCTGAACAAGAAGTTGCTGAAGATATCTTTGCTGCTGTTGCTCCAGCTGCTGATCCAGTTGAACCTAAATTGGCTGCTCCA,0.1597368330737947,0.12543609683393667,0.155135985793024,0.1255220456883441,0.03839163580562645,0.06785115199063664,0.10478734824256834,0.223138902572069,1977.4707829391523
CAACAACCACAACAATTGGTTGTTAAGAGAGGTGATAAAGCTGAACAAGAAGTTGCTGAAGATATCTTTGCTGCTGTTGCTCCAGCTGCTGATCCAGTTGATCCTAAATTGGCTGATCCA,0.006016262043769964,0.006053103283408294,0.008889999173350512,0.017545140456102556,0.011115869001796633,0.01206305248081417,0.3274628164683956,0.6108537570923624,4770.790724354689
CAACAACCACAACAATTGGTTGTTAAGAGAGGTGATAAAGCTGAACAAGAAGTTGCTGAAGATATCTTTGCTGCTGTTGCTCCAGCTGCTGATCCAGTTGATCCTAAATTGGCTGCTCCA,0.11540777420843558,0.11211053855005519,0.09903949589097032,0.18568941803186673,0.18823210914966698,0.17873745044312786,0.05905364229028902,0.061729571435588305,1101.2377202571295
CAACAACCACAACAATTGGTTGTTAAGAGAGGTGATAAAGCTGAACAAGAAGTTGCTGAAGATATCTTTGCTGCTGTTGCTCCAGCTGCTGATCCAGTTGCTCCTAAATTGGAAGAACCA,0.1575710298147024,0.2195112922281592,0.09049521780959077,0.09426096000365668,0.07166377397815331,0.11110035138978128,0.16862187697927664,0.08677549779667973,1346.3632199142476
CAACAACCACAACAATTGGTTGTTAAGAGAGGTGATAAAGCTGAACAAGAAGTTGCTGAAGATATCTTTGCTGCTGTTGCTCCAGCTGCTGATCCAGTTGCTCCTAAATTGGATGATCCA,0.16019775990750856,0.09977732046171237,0.13289435635071709,0.17797427660036355,0.20296273767611236,0.10488437985288639,0.0849000662931732,0.0364091028575266,929.0607226991867
CAACAACCACAACAATTGGTTGTTAAGAGAGGTGATAAAGCTGAACAAGAAGTTGCTGAAGATATCTTTGCTGCTGTTGCTCCAGCTGCTGATCCAGTTGCTCCTAAATTGGCTGAACCA,0.0663708375768749,0.09246083077516119,0.12070601301305225,0.11343961375206073,0.14589733123833457,0.08423427894006426,0.19413661005430127,0.18275448465015082,2019.4326206264554
CAACAACCACAACAATTGGTTGTTAAGAGAGGTGATAAAGCTGAACAAGAAGTTGCTGAAGATATCTTTGCTGCTGTTGCTCCAGCTGCTGATCCAGTTGCTCCTAAATTGGCTGATCCA,0.0018652491935232287,0.004475891498973223,0.010638874113801941,0.039856987934057966,0.15419922412253975,0.286889465277988,0.378470851105039,0.12360345675407686,2301.8249543795237
CAACAACCACAACAATTGGTTGTTAAGAGAGGTGATAAAGCTGAACAAGAAGTTTCTGAAGATATCTTTGCTGCTGAAGAACCAACTGCTGATCCAGAAGAACCTAAATTGGAAGAACCA,0.03936961694086412,0.05592098979204245,0.07204330612093914,0.1620890268029947,0.2122318795734964,0.29293668709467935,0.1267225543998116,0.03868593927517234,1259.7855296487155
CAACAACCACAACAATTGGTTGTTAAGAGAGGTGATAAAGCTGAACAAGAAGTTTCTGAAGATATCTTTGCTGCTGAAGAACCAACTGCTGATCCAGAAGAACCTAAATTGGCTACTCCA,0.13015713566374698,0.1739809299331488,0.22784039625183852,0.23067400384639614,0.1335123366196012,0.0844122272192201,0.01332963785990623,0.006093332606142049,539.0967250721799
CAACAACCACAACAATTGGTTGTTAAGAGAGGTGATAAAGCTGAACAAGAAGTTTCTGAAGATATCTTTGCTGCTGAAGAACCAACTGCTGATCCAGAAGAACCTAAATTGGCTGCTCCA,0.06839276915458627,0.08777887419143096,0.07255687826006359,0.11494719829153975,0.22767304131881502,0.3327348865604205,0.07237610899100541,0.023540243232138502,1078.093627022038
CAACAACCACAACAATTGGTTGTTAAGAGAGGTGATAAAGCTGAACAAGAAGTTTCTGAAGATATCTTTGCTGCTGAAGAACCAACTGCTGATCCAGTTACTCCTAAATTGGAAGAACCA,0.11997452166518877,0.07242551927427261,0.039810636164664924,0.11551594034362675,0.0945789347024042,0.16861958477261196,0.14094218763143868,0.24813267544579204,2349.7445830960933
CAACAACCACAACAATTGGTTGTTAAGAGAGGTGATAAAGCTGAACAAGAAGTTTCTGAAGATATCTTTGCTGCTGAAGAACCAACTGCTGATCCAGTTACTCCTAAATTGGCTACTCCA,0.21709010020657615,0.2423474514323188,0.2428182683651525,0.15649584033391115,0.06309496795532878,0.0396854017616822,0.02318801202805473,0.015279957916975713,505.42244112096637
CAACAACCACAACAATTGGTTGTTAAGAGAGGTGATAAAGCTGAACAAGAAGTTTCTGAAGATATCTTTGCTGCTGAAGAACCAACTGCTGATCCAGTTGCTCCTAAATTGGAAGAACCA,0.5748211415954554,0.24964766253316042,0.10855294962203114,0.02881561352566114,0.0003902124998658594,0.02566182852152353,0.009842608399095346,0.002267983303207174,268.1745001832793
CAACAACCACAACAATTGGTTGTTAAGAGAGGTGATAAAGCTGAACAAGAAGTTTCTGAAGATATCTTTGCTGCTGAAGAACCAACTGCTGATCCAGTTGCTCCTAAATTGGCTGCTCCA,0.192461165904601,0.25024210348646725,0.2136973356579904,0.1529619833138093,0.08899077705462924,0.04749525414101575,0.03295343117690351,0.02119794926458343,586.0321915199578
CAACAACCACAACAATTGGTTGTTAAGAGAGGTGATAAAGCTGAACAAGAAGTTTCTGAAGATATCTTTGCTGCTGATGATCCAACTGCTGATCCAGATGATCCTAAATTGGATGATCCA,0.1858709303292831,0.23900270147710415,0.2043215591670255,0.17038259564681799,0.1051312875325862,0.07143328656436926,0.017393171006278327,0.006464468276535575,498.9006319411442
CAACAACCACAACAATTGGTTGTTAAGAGAGGTGATAAAGCTGAACAAGAAGTTTCTGAAGATATCTTTGCTGCTGATGATCCAACTGCTGATCCAGATGATCCTAAATTGGCTACTCCA,0.09983792112900715,0.13285228621229928,0.39273650358832457,0.028623624104603528,0.03490936303112285,0.04723198845339512,0.09856833362284377,0.16523997985840383,1587.3170921202754
CAACAACCACAACAATTGGTTGTTAAGAGAGGTGATAAAGCTGAACAAGAAGTTTCTGAAGATATCTTTGCTGCTGATGATCCAACTGCTGATCCAGATGATCCTAAATTGGCTGCTCCA,0.14640113743543454,0.14370501545083456,0.17773049224324547,0.09124083006916588,0.08796623549175553,0.08509741223183356,0.13577946402915408,0.1320794130485764,1534.2346371225335
CAACAACCACAACAATTGGTTGTTAAGAGAGGTGATAAAGCTGAACAAGAAGTTTCTGAAGATATCTTTGCTGCTGATGATCCAACTGCTGATCCAGTTACTCCTAAATTGGATGATCCA,0.1793322223749428,0.23917515870466657,0.25947841562909735,0.12046586969890738,0.07397377533067387,0.09939067369410952,0.02320762853359097,0.004976256034011639,511.70014906019924
CAACAACCACAACAATTGGTTGTTAAGAGAGGTGATAAAGCTGAACAAGAAGTTTCTGAAGATATCTTTGCTGCTGATGATCCAACTGCTGATCCAGTTACTCCTAAATTGGCTACTCCA,0.03410540846794725,0.02573569250442119,0.010609737089277116,0.06630741563775804,0.05041153460727985,0.07033770353214813,0.28467898180667944,0.45781352635448885,3829.8855398409537
CAACAACCACAACAATTGGTTGTTAAGAGAGGTGATAAAGCTGAACAAGAAGTTTCTGAAGATATCTTTGCTGCTGATGATCCAACTGCTGATCCAGTTGCTCCTAAATTGGATGATCCA,0.02719833825865477,0.036486520349668365,0.10153247751098035,0.07050500592471007,0.0536028363038184,0.05817033534210791,0.2522504849303133,0.4002540013797467,3399.467512715225
CAACAACCACAACAATTGGTTGTTAAGAGAGGTGATAAAGCTGAACAAGAAGTTTCTGAAGATATCTTTGCTGCTGATGATCCAACTGCTGATCCAGTTGCTCCTAAATTGGCTGCTCCA,0.5177821614143611,0.28692292378573825,0.11312715147975566,0.05631075493571161,0.002793571527462209,0.005425490555659068,0.011513860525267264,0.006124085776045014,286.583030660505
CAACAACCACAACAATTGGTTGTTAAGAGAGGTGATAAAGCTGAACAAGAAGTTTCTGAAGATATCTTTGCTGCTGTTAAGACTACTGCTGATCCAGTTCCAACTAAATTGGCTAAGACT,0.33939554495623625,0.24889790450638524,0.21025106925659948,0.16211543069495732,0.025501821419548428,0.01337537504461205,0.0002024255756833905,0.0002604285459778221,296.64906622259537
CAACAACCACAACAATTGGTTGTTAAGAGAGGTGATAAAGCTGAACAAGAAGTTTCTGAAGATATCTTTGCTGCTGTTACTCCAACTGCTCCAACTGCTTTGAAACCAACTGTTCCAGAT,0.3529930188254587,0.43790581784519983,0.12423491338928139,0.03466617980700711,0.01197595455962666,0.007045919497611266,0.024543841539733553,0.006634354536081406,337.8823847463368
CAACAACCACAACAATTGGTTGTTAAGAGAGGTGATAAAGCTGAACAAGAAGTTTCTGAAGATATCTTTGCTGCTGTTACTCCAACTGCTGATCCAGAAGAACCTAAATTGGAAGAACCA,0.1272580374356521,0.16700519474030173,0.10327376318514055,0.11679164720288936,0.15266195529703716,0.11157386498536492,0.14881442214293836,0.07262111501067589,1266.785725300235
CAACAACCACAACAATTGGTTGTTAAGAGAGGTGATAAAGCTGAACAAGAAGTTTCTGAAGATATCTTTGCTGCTGTTACTCCAACTGCTGATCCAGAAGAACCTAAATTGGCTACTCCA,0.21593336045396544,0.2297998840473775,0.18940502398516268,0.14136907913459318,0.10086641044172755,0.09892843188138348,0.01633626701014907,0.007361543045640962,519.3148201270384
CAACAACCACAACAATTGGTTGTTAAGAGAGGTGATAAAGCTGAACAAGAAGTTTCTGAAGATATCTTTGCTGCTGTTACTCCAACTGCTGATCCAGATGATCCTAAATTGGATGATCCA,0.27874430077514584,0.28012881608137785,0.2277177564208472,0.12049694331788527,0.03834409569754631,0.03392873072172077,0.011551925008618392,0.00908743197685834,404.4069999872473
CAACAACCACAACAATTGGTTGTTAAGAGAGGTGATAAAGCTGAACAAGAAGTTTCTGAAGATATCTTTGCTGCTGTTACTCCAACTGCTGATCCAGATGATCCTAAATTGGCTACTCCA,0.004581391009847734,0.004254872916494756,0.0030696821242694287,0.048548575286765566,0.13890868569827983,0.2635885719244502,0.4752346001875519,0.061813620852340635,2118.227538266567
CAACAACCACAACAATTGGTTGTTAAGAGAGGTGATAAAGCTGAACAAGAAGTTTCTGAAGATATCTTTGCTGCTGTTACTCCAACTGCTGATCCAGTTACTCCTAAATTGGAAGAACCA,0.084817914693088,0.03982407635945768,0.04925334493228298,0.10051181419078774,0.11701216918407387,0.11920832321998838,0.24648121653759633,0.24289114088272507,2523.011677084957
CAACAACCACAACAATTGGTTGTTAAGAGAGGTGATAAAGCTGAACAAGAAGTTTCTGAAGATATCTTTGCTGCTGTTACTCCAACTGCTGATCCAGTTACTCCTAAATTGGATGATCCA,0.5326692171747198,0.2436760561822381,0.11761500573451664,0.06485554390691488,0.022745943468849193,0.0033645466478503957,0.004713710807166711,0.010359976077744346,306.09312572575624
CAACAACCACAACAATTGGTTGTTAAGAGAGGTGATAAAGCTGAACAAGAAGTTTCTGAAGATATCTTTGCTGCTGTTACTCCAACTGCTGATCCAGTTACTCCTAAATTGGCTACTCCA,0.020507338147765918,0.02762961910308263,0.09780258095097764,0.22598899144379178,0.3069142506146246,0.2510049449855953,0.06579995615297872,0.004352318601183474,929.8250073926743
CAACAACCACAACAATTGGTTGTTAAGAGAGGTGATAAAGCTGAACAAGAAGTTTCTGAAGATATCTTTGCTGCTGTTACTCCAACTGCTGATCCAGTTACTCCTAAATTGGCTCCAACT,0.1665764785545103,0.17504526243939278,0.20727887125373995,0.17683589143806225,0.07295357227840647,0.06785995544478265,0.0583632843541095,0.07508668423699615,997.6035710718298
CAACAACCACAACAATTGGTTGTTAAGAGAGGTGATAAAGCTGAACAAGAAGTTTCTGAAGATATCTTTGCTGCTGTTACTCCAACTGCTGATCCAGTTACTCCTAAATTGGCTGAACCA,0.2822710153143341,0.2766133414201255,0.22935439893149806,0.11724906732154408,0.031142181284893905,0.03452672898774904,0.021477532790085224,0.007365733949770163,413.07106244205136
CAACAACCACAACAATTGGTTGTTAAGAGAGGTGATAAAGCTGAACAAGAAGTTTCTGAAGATATCTTTGCTGCTGTTACTCCAACTGCTGATCCAGTTACTCCTAAATTGGCTGATCCA,0.5582983955580401,0.26372757641173544,0.12234405516230158,0.028943130588287742,0.008326061847032044,0.004987140856888296,0.0013060584621365154,0.012067581113578352,291.85281648888787
CAACAACCACAACAATTGGTTGTTAAGAGAGGTGATAAAGCTGAACAAGAAGTTTCTGAAGATATCTTTGCTGCTGTTACTCCAACTGCTGATCCAGTTACTCCTAAATTGGCTGCTCCA,0.16084233445012042,0.26785203327489115,0.17943909741318914,0.1170730056535948,0.1038416008607694,0.08642386858993713,0.05143893982067075,0.033089119936827144,745.0450221685388
CAACAACCACAACAATTGGTTGTTAAGAGAGGTGATAAAGCTGAACAAGAAGTTTCTGAAGATATCTTTGCTGCTGTTACTCCAACTGCTGATCCAGTTACTCCTAAATTGGCTTATCCA,0.041714468396953266,0.0767877407552047,0.17391238506141316,0.1990950475851683,0.25963402718482226,0.21515602798189926,0.024073167873331962,0.009627135161207263,796.5630909941063
CAACAACCACAACAATTGGTTGTTAAGAGAGGTGATAAAGCTGAACAAGAAGTTTCTGAAGATATCTTTGCTGCTGTTACTCCAACTGCTGATCCAGTTACTCCTAAATTGGCTTCTCCA,0.38052539680217456,0.29992108825769986,0.1893577559037463,0.05909672847053868,0.03043345007720962,0.026135395088358746,0.01288531935043933,0.0016448660498329377,320.9793403011653
CAACAACCACAACAATTGGTTGTTAAGAGAGGTGATAAAGCTGAACAAGAAGTTTCTGAAGATATCTTTGCTGCTGTTACTCCAACTGCTGATCCAGTTCCAACTAAATTGGCTACTCCA,0.057933279200718335,0.04769021453059467,0.052428420212010655,0.1813835584140828,0.145314469810298,0.2751646839577356,0.17095944918509784,0.06912592468946223,1495.371958441061
CAACAACCACAACAATTGGTTGTTAAGAGAGGTGATAAAGCTGAACAAGAAGTTTCTGAAGATATCTTTGCTGCTGTTACTCCAACTGCTGATCCAGTTGAACCTAAATTGGCTACTCCA,0.0969913458984787,0.11532806176200691,0.15360653569484145,0.1567332289357964,0.06950974441079796,0.09698486334625613,0.16355353507438272,0.14729268487743966,1714.536675975512
CAACAACCACAACAATTGGTTGTTAAGAGAGGTGATAAAGCTGAACAAGAAGTTTCTGAAGATATCTTTGCTGCTGTTACTCCAACTGCTGATCCAGTTGAACCTAAATTGGCTGAACCA,0.4767988479829074,0.23431195194009008,0.18933460879834568,0.04451351472273849,0.022905504104443457,0.017286196586950475,0.004270979814285889,0.010578396050238447,328.98463423828434
CAACAACCACAACAATTGGTTGTTAAGAGAGGTGATAAAGCTGAACAAGAAGTTTCTGAAGATATCTTTGCTGCTGTTACTCCAACTGCTGATCCAGTTGATCCTAAATTGGCTGATCCA,0.03851199637842825,0.029060871605103133,0.03594170321188146,0.06061282208177464,0.22137482453615034,0.288285814726207,0.2113307887137554,0.11488117874669973,1896.7606476357132
CAACAACCACAACAATTGGTTGTTAAGAGAGGTGATAAAGCTGAACAAGAAGTTTCTGAAGATATCTTTGCTGCTGTTACTCCAACTGCTGATCCAGTTGCTCCTAAATTGGCTGCTCCA,0.07319293582402996,0.06718139159242544,0.09746877434877879,0.16976262052319122,0.22017041646471797,0.24834714886914752,0.09170112760371296,0.032175584773996194,1092.6929378511165
CAACAACCACAACAATTGGTTGTTAAGAGAGGTGATAAAGCTGAACAAGAAGTTTCTGAAGATATCTTTGCTGCTGTTACTCCAACTGCTGATCCAGTTTATCCTAAATTGGCTACTCCA,0.06048059775704136,0.05617011445141889,0.0432927019624197,0.02314637093417321,0.12118918635675674,0.1021595324952313,0.2288728914682847,0.3646886045746742,3192.6044708116174
CAACAACCACAACAATTGGTTGTTAAGAGAGGTGATAAAGCTGAACAAGAAGTTTCTGAAGATATCTTTGCTGCTGTTACTCCAACTGCTGATCCAGTTTCTCCTAAATTGGCTACTCCA,0.05479404622805605,0.10023560649490938,0.13016713305439398,0.2158271575525519,0.18652613321324663,0.14610769064362636,0.1247366539367424,0.0416055788764733,1110.9248489606396
CAACAACCACAACAATTGGTTGTTAAGAGAGGTGATAAAGCTGAACAAGAAGTTTCTGAAGATATCTTTGCTGCTGTTACTGATACTGCTGATCCAGTTACTGATAAATTGGCTACTGAT,0.23869475150529468,0.26149400701768194,0.24020332314489495,0.17079569493213068,0.042006929464554414,0.03202110581225942,0.010080014039762544,0.004704174083421342,391.13113062793303
CAACAACCACAACAATTGGTTGTTAAGAGAGGTGATAAAGCTGAACAAGAAGTTTCTGAAGATATCTTTGCTGCTGTTCCAACTACTGCTGATCCAGTTACTCCTAAATTGGCTACTCCA,0.0563704882792571,0.20736506833580273,0.17364785580420383,0.20871385406641457,0.19515979550715112,0.12553067840276477,0.013250869944193751,0.019961389660212044,699.5704998898651
CAACAACCACAACAATTGGTTGTTAAGAGAGGTGATAAAGCTGAACAAGAAGTTTCTGAAGATATCTTTGCTGCTGTTCCAACTACTGCTGATCCAGTTCCAACTAAATTGGCTCCAACT,0.1694089478591303,0.19185104366571035,0.16833238747535284,0.16135025562979452,0.14755029405944262,0.12620891042163382,0.028465404613582965,0.006832756275352619,607.7187398657986
CAACAACCACAACAATTGGTTGTTAAGAGAGGTGATAAAGCTGAACAAGAAGTTTCTGAAGATATCTTTGCTGCTGTTGAACCAACTGCTGATCCAGTTACTCCTAAATTGGCTACTCCA,0.16892468565780322,0.1359672915793705,0.1261205128378945,0.15013567604065958,0.08877838723702537,0.10322485270792206,0.1462242946759224,0.08062429926340231,1272.3814432943084
CAACAACCACAACAATTGGTTGTTAAGAGAGGTGATAAAGCTGAACAAGAAGTTTCTGAAGATATCTTTGCTGCTGTTGAACCAACTGCTGATCCAGTTACTCCTAAATTGGCTGAACCA,0.08604820528484378,0.05627383508208212,0.0588905844378187,0.11949579614262024,0.12718868570912945,0.17351894916766314,0.2553767960858774,0.12320714808996508,1883.6519525093233
CAACAACCACAACAATTGGTTGTTAAGAGAGGTGATAAAGCTGAACAAGAAGTTTCTGAAGATATCTTTGCTGCTGTTGAACCAACTGCTGATCCAGTTGAACCTAAATTGGCTACTCCA,0.340078015500494,0.18533694859338895,0.08816144067233818,0.06296918969750502,0.055852512084997544,0.07792933635456048,0.10513490874372401,0.08453764835299188,1112.7244807754246
CAACAACCACAACAATTGGTTGTTAAGAGAGGTGATAAAGCTGAACAAGAAGTTTCTGAAGATATCTTTGCTGCTGTTGAACCAACTGCTGATCCAGTTGAACCTAAATTGGCTGAACCA,0.06326528795869495,0.0777977442971729,0.12683302193518198,0.17180921674351562,0.2424412016706902,0.1771895417523203,0.09453238630427409,0.04613159933814987,1120.7478091279804
CAACAACCACAACAATTGGTTGTTAAGAGAGGTGATAAAGCTGAACAAGAAGTTTCTGAAGATATCTTTGCTGCTGTTGAACCAACTGCTGATCCAGTTGAACCTAAATTGGCTGCTCCA,0.44161556397029317,0.329220110812638,0.16453168346605154,0.02640271579940051,0.00883623108522109,0.007866310166384427,0.0045919400051888225,0.016935444694822457,346.8610303681472
CAACAACCACAACAATTGGTTGTTAAGAGAGGTGATAAAGCTGAACAAGAAGTTTCTGAAGATATCTTTGCTGCTGTTGAACCAACTGCTGATCCAGTTGCTCCTAAATTGGCTGAACCA,0.13934757409615905,0.18226114949910915,0.1213776739961686,0.09288625649983409,0.06179129970477516,0.10218139111121313,0.08400447234485689,0.21615018274788397,1927.7124803242475
CAACAACCACAACAATTGGTTGTTAAGAGAGGTGATAAAGCTGAACAAGAAGTTTCTGAAGATATCTTTGCTGCTGTTGAACCAACTGCTGATCCAGTTGCTCCTAAATTGGCTGCTCCA,0.5115717288418302,0.22769961565340047,0.12484226606515342,0.030231901998421185,0.00784041306581378,0.01972129578237404,0.055060678766922964,0.023032099826084042,506.69542599807664
CAACAACCACAACAATTGGTTGTTAAGAGAGGTGATAAAGCTGAACAAGAAGTTTCTGAAGATATCTTTGCTGCTGTTGATCCAACTGCTGATCCAGTTACTCCTAAATTGGCTACTCCA,0.08890951958089433,0.14595120892923238,0.15139424579577326,0.18195479478814824,0.18905750545604613,0.13296543781312486,0.06509918638928867,0.044668101247492084,966.3325797784528
CAACAACCACAACAATTGGTTGTTAAGAGAGGTGATAAAGCTGAACAAGAAGTTTCTGAAGATATCTTTGCTGCTGTTGATCCAACTGCTGATCCAGTTACTCCTAAATTGGCTGATCCA,0.05393118346744523,0.06782679622119736,0.09227499002760987,0.1198314304689621,0.1527893922839329,0.17919685072440444,0.1813166141537128,0.15283274265273533,1916.8899878366
CAACAACCACAACAATTGGTTGTTAAGAGAGGTGATAAAGCTGAACAAGAAGTTTCTGAAGATATCTTTGCTGCTGTTGATCCAACTGCTGATCCAGTTGATCCTAAATTGGCTACTCCA,0.3324203513532245,0.2989392132182233,0.17878482975049914,0.1291968364622264,0.02905855458801089,0.022025517955422978,0.0032122420086090593,0.006362454663783639,342.3263159244409
CAACAACCACAACAATTGGTTGTTAAGAGAGGTGATAAAGCTGAACAAGAAGTTTCTGAAGATATCTTTGCTGCTGTTGATCCAACTGCTGATCCAGTTGATCCTAAATTGGCTGATCCA,0.16477646465183166,0.12097860181967741,0.11637350357682309,0.133585099472606,0.15359493866520849,0.1265428355652427,0.09912754200403433,0.08502101424457625,1244.9818017420491
CAACAACCACAACAATTGGTTGTTAAGAGAGGTGATAAAGCTGAACAAGAAGTTTCTGAAGATATCTTTGCTGCTGTTGATCCAACTGCTGATCCAGTTGATCCTAAATTGGCTGCTCCA,0.4722664980944761,0.27889239433024815,0.1415492185397838,0.07179553773558345,0.023717627290775544,0.010415377414043608,0.0010921804680886348,0.00027116612700082423,253.74463065404484
CAACAACCACAACAATTGGTTGTTAAGAGAGGTGATAAAGCTGAACAAGAAGTTTCTGAAGATATCTTTGCTGCTGTTGATCCAACTGCTGATCCAGTTGCTCCTAAATTGGCTGATCCA,0.08292323347321315,0.0625732672325149,0.02579631047581142,0.16121857367879622,0.2247109967764711,0.19001970896093953,0.15381399890452113,0.09894391049773255,1574.5787469914148
CAACAACCACAACAATTGGTTGTTAAGAGAGGTGATAAAGCTGAACAAGAAGTTTCTGAAGATATCTTTGCTGCTGTTGATCCAACTGCTGATCCAGTTGCTCCTAAATTGGCTGCTCCA,0.1825633533464316,0.17287651768319462,0.09354144644029068,0.1908910043910843,0.16931680685249148,0.10827788886177513,0.06971919469736504,0.012813787727367179,732.038841935564
CAACAACCACAACAATTGGTTGTTAAGAGAGGTGATAAAGCTGAACAAGAAGTTTCTGAAGATATCTTTGCTGCTGTTGCTCCAACTGCTGATCCAGAAGAACCTAAATTGGAAGAACCA,0.03322707549466966,0.050145817696666074,0.08139993302398509,0.17649579717183086,0.2271488373595527,0.268394529507686,0.12230254657277773,0.040885463172831746,1248.2012858270928
CAACAACCACAACAATTGGTTGTTAAGAGAGGTGATAAAGCTGAACAAGAAGTTTCTGAAGATATCTTTGCTGCTGTTGCTCCAACTGCTGATCCAGAAGAACCTAAATTGGCTGCTCCA,0.17274048623025282,0.17849553237132265,0.13942639986085295,0.1400415713783682,0.09661111898569565,0.06418980911018607,0.1472180191171181,0.06127706294620359,1114.9662921510944
CAACAACCACAACAATTGGTTGTTAAGAGAGGTGATAAAGCTGAACAAGAAGTTTCTGAAGATATCTTTGCTGCTGTTGCTCCAACTGCTGATCCAGATGATCCTAAATTGGATGATCCA,0.10806635808384661,0.11861248828911,0.12224727545569512,0.21828737766385287,0.17425519705409592,0.15308377503340667,0.08200304496833462,0.02344448345165819,895.4022755118963
CAACAACCACAACAATTGGTTGTTAAGAGAGGTGATAAAGCTGAACAAGAAGTTTCTGAAGATATCTTTGCTGCTGTTGCTCCAACTGCTGATCCAGATGATCCTAAATTGGCTGCTCCA,0.17021912645322154,0.23100385933345907,0.19210818419800832,0.14512914582359762,0.05461140394028257,0.0689407357956547,0.06241348920575764,0.07557405525001856,991.8987398551626
CAACAACCACAACAATTGGTTGTTAAGAGAGGTGATAAAGCTGAACAAGAAGTTTCTGAAGATATCTTTGCTGCTGTTGCTCCAACTGCTGATCCAGTTACTCCTAAATTGGCTACTCCA,0.10767445761057465,0.16851926613864102,0.10421004454621219,0.09303985412120774,0.11789233981286158,0.16449164880751013,0.14424579936199663,0.09992658960099611,1460.0608178793934
CAACAACCACAACAATTGGTTGTTAAGAGAGGTGATAAAGCTGAACAAGAAGTTTCTGAAGATATCTTTGCTGCTGTTGCTCCAACTGCTGATCCAGTTACTCCTAAATTGGCTGCTCCA,0.0630790461251794,0.08038940226004705,0.05232813017399754,0.0887663283913489,0.22791449773163833,0.3314932740049348,0.12090525886879631,0.03512406244405766,1254.1451486977992
CAACAACCACAACAATTGGTTGTTAAGAGAGGTGATAAAGCTGAACAAGAAGTTTCTGAAGATATCTTTGCTGCTGTTGCTCCAACTGCTGATCCAGTTGAACCTAAATTGGCTGAACCA,0.30309862717721137,0.28819479904336226,0.22590405324836818,0.10775870596374712,0.031006776549104463,0.031493389374141985,0.012355805399483312,0.00018784324458111695,339.61487235654704
CAACAACCACAACAATTGGTTGTTAAGAGAGGTGATAAAGCTGAACAAGAAGTTTCTGAAGATATCTTTGCTGCTGTTGCTCCAACTGCTGATCCAGTTGAACCTAAATTGGCTGCTCCA,0.047750032441189354,0.0440388987457079,0.05446612372831875,0.2785054972237024,0.26271364590228485,0.233429000449353,0.05535709904489929,0.023739702464544384,986.6170009768464
CAACAACCACAACAATTGGTTGTTAAGAGAGGTGATAAAGCTGAACAAGAAGTTTCTGAAGATATCTTTGCTGCTGTTGCTCCAACTGCTGATCCAGTTGATCCTAAATTGGCTGATCCA,0.1321631178638874,0.15589871477811518,0.2608623891614883,0.19999087048490966,0.1122710256719122,0.05848206845343201,0.0422670479731254,0.03806476561312981,757.6106125080972
CAACAACCACAACAATTGGTTGTTAAGAGAGGTGATAAAGCTGAACAAGAAGTTTCTGAAGATATCTTTGCTGCTGTTGCTCCAACTGCTGATCCAGTTGATCCTAAATTGGCTGCTCCA,0.6910798799717769,0.1858607642305692,0.05998536628133308,0.006541139953044388,0.012328975290427443,0.006071382266372653,0.02935085464009808,0.008781637366378279,317.71212463687095
CAACAACCACAACAATTGGTTGTTAAGAGAGGTGATAAAGCTGAACAAGAAGTTTCTGAAGATATCTTTGCTGCTGTTGCTCCAACTGCTGATCCAGTTGCTCCTAAATTGGAAGAACCA,0.1122901579177365,0.1164362824386308,0.10693459735371313,0.08528864545560094,0.04290566301383618,0.03675920182524492,0.14665076824834097,0.35273468374689665,2826.467051140172
CAACAACCACAACAATTGGTTGTTAAGAGAGGTGATAAAGCTGAACAAGAAGTTTCTGAAGATATCTTTGCTGCTGTTGCTCCAACTGCTGATCCAGTTGCTCCTAAATTGGATGATCCA,0.5876858837336586,0.2179875778171665,0.11014756622493682,0.04101952934952887,0.024116510972519056,0.006409341914190683,0.012380759215795723,0.00025283077220379115,254.89140005593202
CAACAACCACAACAATTGGTTGTTAAGAGAGGTGATAAAGCTGAACAAGAAGTTTCTGAAGATATCTTTGCTGCTGTTGCTCCAACTGCTGATCCAGTTGCTCCTAAATTGGCTACTCCA,0.5950905834488432,0.1817241584073302,0.14892577512748717,0.0002212355103035995,0.05141273814895889,0.017522968630309842,0.0026472251425132412,0.002455315584253844,265.62080179857395
CAACAACCACAACAATTGGTTGTTAAGAGAGGTGATAAAGCTGAACAAGAAGTTTCTGAAGATATCTTTGCTGCTGTTGCTCCAACTGCTGATCCAGTTGCTCCTAAATTGGCTGAACCA,0.059933018401117186,0.10552504340748856,0.07457744642469408,0.0665835502354934,0.19193974587696142,0.1579379188707254,0.2362352598449134,0.10726801693860645,1749.2017868413832
CAACAACCACAACAATTGGTTGTTAAGAGAGGTGATAAAGCTGAACAAGAAGTTTCTGAAGATATCTTTGCTGCTGTTGCTCCAACTGCTGATCCAGTTGCTCCTAAATTGGCTGATCCA,0.03626169579004589,0.07296749651254789,0.030081411406663424,0.09399953233185766,0.0952866911719838,0.18280716395239288,0.2578364604365119,0.23075954839799662,2536.48822414874
CAACAACCACAACAATTGGTTGTTAAGAGAGGTGATAAAGCTGAACAAGAAGTTTCTGAAGATATCTTTGCTGCTGTTGCTCCAACTGCTGATCCAGTTGCTCCTAAATTGGCTGCTCCA,0.08000640019891504,0.06330293767476221,0.05412736565244662,0.06299573727556088,0.03903669896163633,0.04699090968919328,0.28744187712405134,0.3660980734234343,3241.7497072616184
CAACAACCACAACAATTGGTTGTTAAGAGAGGTGATAAAGCTGAACAAGAAGTTTCTGAAGATATCTTTGCTGCTGTTTATCCAACTGCTGATCCAGTTACTCCTAAATTGGCTACTCCA,0.12419177691336564,0.14369512069256032,0.09272256765534212,0.1931619913791791,0.16521216155855298,0.1707522800256664,0.080627003594786,0.029637098180547536,934.675128539422
CAACAACCACAACAATTGGTTGTTAAGAGAGGTGATAAAGCTGAACAAGAAGTTTCTGAAGATATCTTTGCTGCTGTTTATCCAACTGCTGATCCAGTTTATCCTAAATTGGCTTATCCA,0.226040680734958,0.2818787066636573,0.1723292004237047,0.1485519461053493,0.06274421026534316,0.05106798450771639,0.02509786752672948,0.032289403772541504,617.2623986214812
CAACAACCACAACAATTGGTTGTTAAGAGAGGTGATAAAGCTGAACAAGAAGTTTCTGAAGATATCTTTGCTGCTGTTTCTCCAACTGCTGATCCAGTTACTCCTAAATTGGCTACTCCA,0.4858689787157845,0.3030365637841894,0.11672022787840276,0.029713720000873325,0.0302624562135414,0.02545420311460765,0.0081356740504914,0.0008081762421095768,280.1711012775278
CAACAACCACAACAATTGGTTGTTAAGAGAGGTGATAAAGCTGAACAAGAAGTTTCTGAAGATATCTTTGCTGCTGTTTCTCCAACTGCTGATCCAGTTTCTCCTAAATTGGCTTCTCCA,0.0022391697207586564,0.001577017065273567,0.01287272070143962,0.01144315134462997,0.034024111299239705,0.08168691528821352,0.5987581269656045,0.25739878761484036,3336.5774052590536
CAACAACCACAACAATTGGTTGTTAAGAGAGGTGATAAAGCTGAACAAGAAGTTTCTGAAGATATCTTTGCTGCTGTTTCTGAAACTGCTGATCCAGTTTCTGAGAAATTGGCTTCTGAA,0.08953725978279718,0.0,0.055707691457944346,0.19894571619256773,0.29410197990695935,0.1778190609330908,0.16608233183036472,0.01780595989627585,1142.0486934073454
CAACAACCACAACAATTGGTTGTTAAGAGAGGTGATAAAGCTGAACAAGAAGTTTCTGAAGATATCTTTGCTGCTGTTTCTGGTACTGCTGATCCAGTTTCTGGTAAATTGGCTTCTGGT,0.10596919396870512,0.1095258745157608,0.1546386374283876,0.16053842663019144,0.13100305879779434,0.13686772718554394,0.13133906483799856,0.07011801663561824,1244.6716249517328
CAACAACCACAACAATTGGTTGTTAAGAGAGGTGATAAAGCTGAACAAGAAGTTTCTGAAGATATCTTTGCTGCTGTTTCTTCTACTGCTGATCCAGTTTCTTCTAAATTGGCTTCTTCT,0.018134434010325506,0.03127796949155898,0.11605125047300585,0.175564457117516,0.142958307007386,0.17097037857496186,0.2090330017695949,0.13601020155565086,1883.8407373193743
CAACAACCACAACAATTGGTTGTTAAGAGAGGTGATAAAGCTGAACAAGAAGTTTCTGAAGATTGGGCTGCTGCTGTTACTCCAACTGCTGATCCAGTTACTCCTAAATTGGCTACTCCA,0.5445995977560344,0.27615253958602487,0.0964239924625909,0.05249201081901634,0.004543991319705579,0.018836513882445054,0.006074194766024928,0.0008771594081579043,252.7692332759144
CAACAACCACAACAATTGGTTGTTAAGAGAGGTGATAAAGCTGAACAAGAAGTTTCTGAAGATTGGGGTGCTGCTGTTACTCCAACTGCTGATCCAGTTACTCCTAAATTGGCTACTCCA,0.2156573020577473,0.1627334273772829,0.20965033287589477,0.12728109656875225,0.11953693014937095,0.08030451309104127,0.06875376948129272,0.016082628398617824,683.667871091092
CAACAACCACAACAATTGGTTGTTAAGAGAGGTGATAAAGCTGAACAAGAAGTTTCTGAAGATTGGTTTGCTGCTGTTACTCCAACTGCTGATCCAGTTACTCCTAAATTGGCTACTCCA,0.29005379774430856,0.43682316427280504,0.18656636355438286,0.0395166022569164,0.0008497090607337042,0.0007903823925491917,0.04398526106816074,0.0014147196501434868,351.4555549491164
CAACAACCACAACAATTGGTTGTTAAGAGAGGTGATAAAGCTGAACAAGAAGTTTCTGAAGCTACTCCAACTGTTGCTGCATTTATTGATGATCCAGTTACTCCTAAATTGGCTACTCCA,0.06858420454712225,0.10350628115443299,0.10241102437312771,0.22096470120958703,0.18247495870694086,0.1257293044808397,0.11449492849115228,0.08183459703679714,1305.2570095296537
CAACAACCACAACAATTGGTTGTTAAGAGAGGTGATAAAGCTGAACAAGAAGTTTCTGAATGGGACTTTGCTGCTGTTACTCCAACTGCTGATCCAGTTACTCCTAAATTGGCTACTCCA,0.0695784427643734,0.10500677097025601,0.08657969723542198,0.08696170067083654,0.12855571274836447,0.0956639645388106,0.20972379350374065,0.21792991756819635,2264.9348780388764
CAACAACCACAACAATTGGTTGTTAAGAGAGGTGATAAAGCTGAACAAGAAGTTTCTGAATGGGATGCTGCTGCTGTTACTCCAACTGCTGATCCAGTTACTCCTAAATTGGCTACTCCA,0.02824656800655868,0.052576147075700595,0.06853961452899417,0.14435250247842754,0.22128308658933593,0.27314959387478366,0.16635239293075785,0.0455000945154416,1373.7146414417923
CAACAACCACAACAATTGGTTGTTAAGAGAGGTGATAAAGCTGAACAAGAAGTTTCTGAATGGGATGGTGCTGCTGTTACTCCAACTGCTGATCCAGTTACTCCTAAATTGGCTACTCCA,0.09930253739494202,0.1914953691069488,0.10297231058905787,0.08274131267963347,0.13862559558563362,0.0986063455073166,0.1381469318518779,0.1481095972845897,1675.612536511885
CAACAACCACAACAATTGGTTGTTGGTGGTGGTGGTGGTGCTGGTCAAGGTGTTTCTGGTTGGGGTGCTGCTGCTGTTACTCCAACTGCTGGTCCAGTTACTCCAGGTTTGGCTACTCCA,0.0602606186451232,0.10755583821102077,0.1747687220415419,0.23886326564839622,0.2154493135718722,0.17279113060128445,0.027376077044437397,0.002935034236323798,700.0007620935427
CAACAACCACAACAATTGGTTGTTGGTGGTGGTGGTGGTGCTGGTCAAGGTGTTTCTGGTTGGGGTGGTGCTGCTGTTACTCCAACTGCTGGTCCAGTTACTCCAGGTTTGGCTACTCCA,0.15509701188147498,0.12603777207230243,0.1521686900562076,0.1723075185846573,0.08523412142546043,0.06287968169266395,0.1217145233566295,0.12456068093060373,1445.3333408720075
CAACAACCACAACAATTGGTTGTTGGTGGTGGTGGTGGTGCTGGTCAAGGTGTTTCTGGTTGGGGTTTTGCTGCTGTTACTCCAACTGCTGGTCCAGTTACTCCAGGTTTGGCTACTCCA,0.25581980521546493,0.21566215625569135,0.19019095280127754,0.13346227973615032,0.07014443467936257,0.09361837911549033,0.013426289981518163,0.027675702215044822,608.7400421216894
CAACAAGTTAAACAAGGTGAGAAGATTGAAGAAGAATTGCCAGAAGATTCTGAATGTTTGGTTGCTAAAGTTGATCCACATACTCCTAAATCTGTTACTCCAGAACCACCATGTGGTGAA,0.1532471252692078,0.11213494605620301,0.09534626804554273,0.14703612677224395,0.10982596860035171,0.057463831043741476,0.20027234755150558,0.12467338666120362,1626.788387495003
CAACAATTGAAACCATGTGAGAAGAATGATCAAGATATGCCAGAAGAAACTGCTCCAACTTCTGTTGATCCAGTTGATCCAGTTACTCCAGTTGCTATGGTTCCAGGTCCATTTAGACCA,0.30058135668222147,0.3248399093951487,0.15675081697800494,0.04465419112460608,0.08057819076453673,0.07521919464319948,0.015464912715057764,0.0019114276972250267,411.68808849045274
CAACAATTGCAACAACAATTGAATAGAGTTCAACATAAACAATTGACTTCTTCTCATAATAATTCTTCTACTAATATGAAATCATTTAATTCTGATTTGTATTCTAGAAGACAAAGAGCT,0.08584213228808982,0.0431838979940942,0.02670434091459502,0.023841924201415465,0.021147347869428193,0.0,0.33836003871849574,0.4609203180138815,3866.6323452899383
CAACAATTGGCTGAATCTTTGCCATGTTTGGATGAGTTCTTGCAAGATCAAACTTCTGGTGATGAACAAGATACTATTAAACCTAAATTGGCTGATTATGCTAATTTGCCAGTTGAAGAT,0.27461307259285933,0.21390557096023025,0.1212532971656417,0.12793920959322425,0.07856288565456648,0.04871841778848199,0.08215786647127866,0.05284967977371739,869.0539338579956
CAACAATTGGCTGAATCTTTGCCATGTTTGGATGAGTTCTTGCAAGCTCAAACTTCTGGTGATGAACAAGATACTATTAAACCTAAATTGGCTGATTATGCTAATTTGCCAGTTGAAGAT,0.024889524031718662,0.04173656293082016,0.07742798521294875,0.14056136888702997,0.18803494906124463,0.2832722456155706,0.1673571368242951,0.07672022743637213,1560.8438881539114
CAACAATTGGCTGAATCTTTGCCATGTTTGGATGAGTTCTTGCAATCTCAAACTTCTGGTGATGAACAAGATACTATTAAACCTAAATTGGCTGATTATGCTAATTTGCCAGTTGAAGAT,0.42051748873624506,0.251211215599608,0.14716954647438477,0.04379818725628069,0.06474697638595911,0.04818107511959169,0.024375510427930517,0.0,369.944218948227
CAACAATTTATTCCAACTGTTAATCAACAACAAGGTATTTGTTATACTCATCCTAAGAATTTGCCAGGTGTTAAATCTCAAGGTACTGTTTCTCACTTCTTTCATAAAGCTATTAAAGCT,0.17569654241382648,0.10101282253534975,0.09369745350796164,0.027884699739104186,0.07419964604816344,0.11503171395161824,0.23278490453030412,0.179692217273672,2054.2379821330824
CAACATAAACAATTGACTTCTTCTCATAATAATTCTTCTACTAATATGAAATCATTTAATTCTGATTTGTATTCTAGAAGACAAAGAGCTTCTTTGCCAATTATTGATGATTCTTTGTCT,0.21975998927307971,0.1978314279933344,0.158317552616362,0.03854935149414674,0.11397521711484236,0.10601746992877445,0.0965444188881021,0.06900457269135825,1071.9512533768695
CAACATACTTCTATTAAAGATAATAGATTGTCTTTGCCAAATGGTGCTAATTCTAATTTGTTTATTGATACTAATCCAAATAATTTGAATGAGAAATTGAGAAATCAATTAAATTCTGAT,0.25440170704348597,0.1791716946343729,0.1899383363314734,0.2543684994271626,0.07520672547186573,0.023318597843720222,0.02359443924791927,0.0,416.6596883613415
CAACATGAATCTCCATGTTATAATGATCAACCAGGTATGGAGAATCATGTTGATCAAATGGTTGGTGATAATGATAATTGTGCTGAAGAAGGTACTAAATGGTGGGATTCTGAAGATCAA,0.12578714608002345,0.2582711195668668,0.30400458140452746,0.18205080276918087,0.026017662025021617,0.07730084092140761,0.02587119857249945,0.000696648660472685,465.246027830204
CAACATGAATCTCCATGTTATAATGATCAACCAGGTATGGAGAATCATGTTGATCAAATGGTTGGTGATAATGATAATTGTGCTGAAGAAGGTACTAAATGGTGGGATTCTGAAGCTCAA,0.019794110429383192,0.02557577788946707,0.15533489433942269,0.27812199915220187,0.24639883679159066,0.23216517525729546,0.030132271183538714,0.012476934957100297,859.9976939306002
CAACCAATCTTCTTGAATGTCTTGGAAGCTATTGAACCAGGTGTTGTTTGTGCTGGTCATGATAATAATCAACCAGATTCATTTGCTGCTTTGTTGTCTTCTTTGAATGAATTGGGTGAA,0.06233510172022874,0.06271681754371632,0.06255360531099112,0.09494250938090588,0.07628639847704295,0.08294035767725665,0.2247230728266299,0.3335021370632284,2965.4114691654604
CAACCACCACAATCTTCTTCTGGTGCATTTACTTCTCAATCTACTGGTGTTATGCCAGAATCTATGAATCCAACTATGTCTGTTAATCCACAATATAAAGAAGGTCAGAATGGTGGTGGT,0.06113886223552086,0.03844578297218084,0.0950974175937574,0.0849040022845702,0.18073988894355456,0.18213068663723,0.1842851551299949,0.17325820420319127,2058.273739387788
CAACCATTTATGTTTGTTAATGGTGCTTTGACTGTTAGAGGTGTTCCAATTGAAGCTAGAAGATTGAGAGAATTGAATCATATTAGAGAACATTTGAATTTGCCATTGGTTAGATCTGCT,0.4584776622673668,0.26696055568155724,0.13883457702993715,0.08721216431989695,0.005067448699747589,0.012291921898219704,0.004374144331996783,0.026781525771277643,420.57157384770755
CAAGAAATTATTTGGCATTTGTTGGGTAAAGTTGGTGTTGGTAATTGGAACTCTCATCCATTTATTGATGAATTTATTCCAACTGTTGATGAAGATGATGGTATTTGTTATACTCATCCA,0.04015145582724073,0.17505508654892118,0.1332328712158305,0.14868968432996768,0.18463901795763862,0.08587376286495033,0.13654077585471966,0.0958173454007312,1386.703612177487
CAAGAAATTGTCTTGGATCCATCTAATATTGAATTGGATACTCCACCAGAATTTGAATTGTCTCAATTGGAATTTGGTTCTCAAGATTCATTCTTGGCTTGGGGTACTGGTGAAACTGAT,0.1426713853806546,0.0,0.0,0.2377546036163726,0.14058930444702228,0.2615467245217209,0.1323203123870912,0.08511766964713856,1485.5798039650003
CAAGAACCTAAATCTGTTTGTGAAGAATCTTCTGCTCAAGTTATTGATCCAGATACTACTGGTGAGAATTGTGCTTCTGATCAACCACATTGGGATGAGAATGTTGAAGATCAAGAAATT,0.007256971670550566,0.27988740370727616,0.41538864216410437,0.002687416445193028,0.1501724016590967,0.13081832860598536,0.002243488316103797,0.011545347431689874,580.3633744864882
CAAGAACCTAAATCTGTTTGTGAAGAATCTTCTGCTCAAGTTATTGATCCAGATACTACTGGTGAGAATTGTGCTTCTGCTCAACCACATTGGGATGAGAATGTTGAAGATCAAGAAATT,0.12459932963422495,0.16511135787792555,0.1096657984925547,0.14855433273668303,0.11379700957501371,0.1364929878142104,0.11837794010721024,0.08340124376217739,1276.8742581193628
CAAGAACCTAAATCTGTTTGTGAAGAATCTTCTGCTCAAGTTATTGATCCAGATACTACTGGTGAGAATTGTGCTTCTTCTCAACCACATTGGGATGAGAATGTTGAAGATCAAGAAATT,0.04497845652271261,0.12067703207495858,0.09328131418138577,0.09993907863446323,0.029548041002323402,0.04122749613095592,0.19467086929995658,0.375677712153244,3086.2476951526523
CAAGAAGAACCACAAGGTCCACATTTGGCTCCAAATGATGATGAATTTATTAGAGGTTTGAGACATGTTGATAGAGAACCAGTTGAATATTTGTTTGCTAATGAAGAGAATATGGATGGT,0.16890751002660365,0.11895928356630818,0.08407179291675858,0.08444273107825775,0.04993276532745833,0.07741076789278885,0.37596709834895514,0.04030805084286967,1496.5485606638306
CAAGAAGAAGGTGAAGCTTCTTCTACTACTTCTCCAACTGAAGAAACTACTCAGAAATTGACTGTTTCTCATATTGAAGGTTATGAATGTCAACCAATCTTCTTGAATGTCTTGGAAGCT,0.011188095002426452,0.01448730121625824,0.060355423487103536,0.19547695998125794,0.3512922665577017,0.2889296037766794,0.06427080465864772,0.013999545319925016,1041.747782777932
CAAGAAGATTGTGATGTTACTCAAGAACAAGAGAAAGATGATGTTATGGTCTTGATTAATAATCCAAATGATGCTTTGGCTTTGGGTAATTATGAAATTATTGATTTGACTAGAGTTGAT,0.1400159856510683,0.11389763355961552,0.037069875057274396,0.11252770940625166,0.09100324145953032,0.15564566566361493,0.1436722015893686,0.20616768761327622,2079.982625360869
CAAGAATGGCCAGGTTTGCCATTGGGTGTTAAATTTGATCCATCTGATCAAGAAATTATTTGGCATTTGTTGGCTAAAGTTGGTGCTGGTAATTCTAAACCACATCCATTTATTGATGAA,0.23459160867952103,0.17248211406731945,0.14595663287712587,0.08019179039967894,0.14225728372658805,0.12405457805935935,0.025104410008392197,0.07536158218201508,985.9192214641594
CAAGAATTGGAAGGTTCTGATATTGGTTTGAACTTTATTCATTGTGATCAATTTATTCAATTGCCACAATTGGAATCTCCATCTTTGCCATTGACTAAGAGACCAGTTTCTTTGACTTCT,0.1281562972603479,0.09918544337283938,0.09813590774805163,0.09856889902769708,0.02914293297296728,0.05421634805020256,0.21028779828027575,0.2823063732876183,2558.5631360337197
CAAGAGAATAGAGATAATGATAAAGGTGAAGAAGATCCAACTTGGTTTGATTCTGGTTCTCAATTTATCTTAAATTCTCAACAATTGGTTGAAGCTTTGTCTTTGTGTGATGATTTGTTG,0.016004172996801923,0.02683696050537261,0.09293544362882704,0.13038735059596096,0.32592605195441865,0.2933902278178966,0.08905824380062513,0.025461548700097,1148.236611154274
CAAGATATGCCAGAAGAAACTGCTCCAACTTCTGTTGATCCAGTTGATCCAGTTACTCCAGTTGCTATGGTTCCAGGTCCATTTAGACCATCTAAACAACAACCAGATATTGATTCTTTG,0.24125068399086824,0.20480175757735075,0.09381233229316631,0.07538099781456568,0.10400686706730851,0.08292437988452464,0.1258579690213043,0.07196501235091154,1128.7451425666607
CAAGATATTGTCTTGGATCCATCTAATATTGAATTGGATACTCCACCAGAATTTGATTTGTCTCAATTGGAATTTGGTTCTCAAGATTCATTCTTGGCTTGGGGTACTGGTGATACTGAT,0.021172683886076807,0.12781402281048418,0.15807694058853974,0.0940885340840793,0.271228092496744,0.0582209891453968,0.11781939896654395,0.15157933802213516,1690.0155274506587
CAAGATCAAGATAATGAGAATCAAGGTGAAGAAGATCCAACTTGGTTTGATTCTGGTTCTCAATTTATCTTAAATTCTCAACAATTGGTTGAAGCTTTGTCTTTGTGTGATGATTTGTTG,0.18802652628169547,0.18917792731155592,0.11141436417397889,0.1591551176839932,0.07940680850114208,0.10669046101199929,0.0913444472785201,0.07478434775711502,1105.3514962480797
CAAGATGATGTCTTGTTTATGCAATTGCCATCTTTGGAAACTCCTAAATCTGAATCTCCAGTTGATCAATCATTCTTGACTCCATCTAAATTGGACTTCTCTCCAGTTCAAGAGAAGATT,0.0009067305310675515,0.07807621963800854,0.0773816857849594,0.12768121443881397,0.4424304859902275,0.24157716538425036,0.031044906676705668,0.0009015915559669443,864.9569376203495
CAAGATTATCCATGGTTGTTGCCACATGTTAATAATCCATTGTTTAATAATAATGAATGGTATTACTTTGTTCCATTGACTGAAAGAGGTGGTAAGATCTTGTCTGTTCATAGGAAAGTT,0.22903626476936556,0.10561778031979492,0.05343759235569913,0.06361288004450211,0.11284690714664945,0.12683625906684684,0.15488904373222212,0.1537232725649199,1746.1486750854444
CAAGATTCTTTGCCTAAGATTGTTAATATTGAATTGGATACTCCACCAGAATTTAGATTGTCTCAATTGGAATTTGGTTCTCAAGATTCATTCTTGGCTTGGGGTACTGGTAAGACTGAT,0.2319776861142545,0.20098180648490913,0.20847712899869367,0.07874757595998885,0.11429615494031263,0.08269022213062623,0.05976313215539944,0.023066293215815464,691.5641829364379
CAAGATTTGGTCTTGGATCCAGCTAATATTGAATTGGATACTCCACCAGACTTTAGATTGGATCAATTGGAATTTGGTTCTCAAGATTCATTTATTGCTTGGGGTGGTGAACAAGGTGGT,0.09292418783993353,0.16027409019936467,0.14866700818829695,0.13273151177228154,0.03924346917878518,0.10951047303653297,0.2216117984784591,0.09503746130634617,1523.266131183395
CAAGATTTGGTCTTGGATCCAGCTAATATTGAATTGGATACTCCACCAGACTTTAGATTGGCTCAATTGGAATTTGGTTCTCAAGATTCATTTATTGCTTGGGGTGGTGAACAAGGTGGT,0.03301561043265675,0.0743445667410699,0.08999103082845353,0.0873314836829538,0.04337839428919753,0.08790473786452928,0.3251580713329414,0.2588761048281979,2736.4568949673594
CAAGATTTGGTCTTGGATCCAGCTAATATTGAATTGGATACTCCACCAGACTTTAGATTGTCTCAATTGGAATTTGGTGATCAAGATTCATTTATTGCTTGGGGTGGTGAACAAGGTGGT,0.15168714322979726,0.13180474114874843,0.1286941212114765,0.21447907115259907,0.14267924088442208,0.12007762896425575,0.044762441920784,0.06581561148791706,1008.4942605724251
CAAGATTTGGTCTTGGATCCAGCTAATATTGAATTGGATACTCCACCAGACTTTAGATTGTCTCAATTGGAATTTGGTGCTCAAGATTCATTTATTGCTTGGGGTGGTGAACAAGGTGGT,0.1529570964128463,0.19571269865055674,0.23170808308360874,0.2456598836698687,0.09092644058397427,0.05714726924000563,0.01696149496277433,0.008927033396365093,513.2858843504143
CAAGATTTGGTCTTGGATCCAGCTAATATTGAATTGGATACTCCACCAGACTTTAGATTGTCTCAATTGGAATTTGGTTCTCAAGATTCATTTATTGCTTGGGGTGGTGAACAAGGTGGT,0.09958959111996467,0.14194920509430622,0.113596969775327,0.1751810405505281,0.1390263204275183,0.1217124760015874,0.1693343336924373,0.03961006333833108,1135.0110889828914
CAAGATTTGGTCTTGGATCCAGCTAATATTGAATTGGATGATCCACCAGACTTTAGATTGGATCAATTGGAATTTGGTGATCAAGATTCATTTATTGCTTGGGGTGGTGAACAAGGTGGT,0.004358669882643628,0.004857857448189004,0.002629670767538644,0.0023967109523719034,0.0004338445907310373,0.009241376771759876,0.31428952652876585,0.661792343058,5038.409989333493
CAAGATTTGGTCTTGGATCCAGCTAATATTGAATTGGATGATCCACCAGACTTTAGATTGTCTCAATTGGAATTTGGTTCTCAAGATTCATTTATTGCTTGGGGTGGTGAACAAGGTGGT,0.035457082259406365,0.03344827949254097,0.031824309023744224,0.029166836782859973,0.024329847633848642,0.03363576573562124,0.2993812281076743,0.5127566509643043,4138.074724365015
CAAGATTTGGTCTTGGATCCAGCTAATATTGAATTGGATGCTCCACCAGACTTTAGATTGGCTCAATTGGAATTTGGTGCTCAAGATTCATTTATTGCTTGGGGTGGTGAACAAGGTGGT,0.06334483686853741,0.04248849061054046,0.02627431035441991,0.08601262365418061,0.19419683514370398,0.38063010583275336,0.15666413799218593,0.05038865954367836,1465.829375232086
CAAGATTTGGTCTTGGATCCAGCTAATATTGAATTGGATGCTCCACCAGACTTTAGATTGTCTCAATTGGAATTTGGTTCTCAAGATTCATTTATTGCTTGGGGTGGTGAACAAGGTGGT,0.10299337628979444,0.09025322009045385,0.08268351965149627,0.1218042210438408,0.09166869245054256,0.09135898535631135,0.14174086285494022,0.2774971222626206,2449.8168139796817
CAAGCTAGATTGGTTCAACCACATGTTCCACCATTGAGACCAACTGCTCCAACTATCTTGTCTCCATTGTCTCAACCAAGATTGACTCCACCACAACCATTGATGATGCCACCAAGACCA,0.2013796515310561,0.15032564204449947,0.12125132926943477,0.07938663136226994,0.10882237913843794,0.1726769227443766,0.09639699881323917,0.06976044509668598,1156.8121984625461
CAAGCTATCTTAAATTCTCAACAAGCTGTTGAAGCTTTGTCTTTGTGTGATGATTTGTTGGGTTCTCAAGATAGAGAAGAGAATACTAATTCTGGTTCTTTGAAAGATAAACAACCATGT,0.02913388389757127,0.029312288426904764,0.01812632438243656,0.16183378326335132,0.24402409724703947,0.14687351416409167,0.16212100028708037,0.20857510833152462,2231.193859284145
CAAGCTATCTTAAATTCTCAACAATTGGTTGAAGCTGCTTCTTTGTGTGATGATTTGTTGGGTTCTCAAGATAGAGAAGAGAATACTAATTCTGGTTCTTTGAAAGATAAACAACCATGT,0.06941499855698612,0.139680137808552,0.08637631599508012,0.2827649312237652,0.15960463825071725,0.1272523250322447,0.10729801995571614,0.02760863317693834,959.4547242829485
CAAGCTATCTTAAATTCTCAACAATTGGTTGAAGCTTTGTCTGCTTGTGATGATTTGTTGGGTTCTCAAGATAGAGAAGAGAATACTAATTCTGGTTCTTTGAAAGATAAACAACCATGT,0.0647911652309655,0.09778188154259243,0.12093399722003056,0.17995196638101113,0.15961408151029022,0.16331681278258128,0.09764697525483716,0.11596312007769165,1496.4829429730237
CAAGCTATCTTAAATTCTCAACAATTGGTTGAAGCTTTGTCTTTGTGTGATGATGCTTTGGGTTCTCAAGATAGAGAAGAGAATACTAATTCTGGTTCTTTGAAAGATAAACAACCATGT,0.26451683903350015,0.2915541808430779,0.1849160807725096,0.12877415894631997,0.07028942057180465,0.04222575536101049,0.012404106046888482,0.005319458424888712,409.23070162216493
CAAGCTATCTTAAATTCTCAACAATTGGTTGAAGCTTTGTCTTTGTGTGATGATTTGGCTGGTTCTCAAGATAGAGAAGAGAATACTAATTCTGGTTCTTTGAAAGATAAACAACCATGT,0.020327879146750154,0.03067853871209099,0.09485597579001773,0.2145440490958611,0.29045273897247476,0.2561988521924335,0.056559161706221224,0.03638280438415052,1097.994182175678
CAAGCTATCTTAAATTCTCAACAATTGGTTGAAGCTTTGTCTTTGTGTGATGATTTGTTGGGTTCTCAAGATAGAGAAGAGAATACTAATTCTGGTTCTGCTAAAGATAAACAACCATGT,0.028318138224314286,0.061053315954989765,0.08054303640436851,0.1752798777799919,0.2969876117213394,0.24658730492781325,0.09192261714727563,0.01930809783990723,1057.73648231099
CAAGCTATCTTAAATTCTCAACAATTGGTTGAAGCTTTGTCTTTGTGTGATGATTTGTTGGGTTCTCAAGATAGAGAAGAGAATACTAATTCTGGTTCTTTGAAAGATAAACAACCATGT,0.469548883830929,0.20082293015308897,0.1381604380875072,0.0004708058489558335,0.0008351922422636832,0.09167173828751403,0.000393034515798639,0.09809697703394255,912.4172643914968
CAAGCTATTGCTAATTCTCAACAAGCTGTTGAAGCTTTGTCTTTGTGTGATGATTTGTTGGGTTCTCAAGATAGAGAAGAGAATACTAATTCTGGTTCTTTGAAAGATAAACAACCATGT,0.11136717674624892,0.11864027207865846,0.0815172737718656,0.11644720495985783,0.10974193511340737,0.04203284053493052,0.17012022919482286,0.2501330676002084,2301.1436508468487
CAAGCTATTGCTAATTCTCAACAATTGGTTGAAGCTTTGTCTTTGTGTGATGATTTGTTGGGTTCTCAAGATAGAGAAGAGAATACTAATTCTGGTTCTTTGAAAGATAAACAACCATGT,0.4611155270301334,0.30939574979239093,0.13095986342742238,0.04698112544168099,0.029707670784758892,0.015098384316771641,0.006578909430337439,0.00016276977650430899,268.4238674797268
CAAGCTATTGTCTTGGATCCATCTAATATTGAATTGGATACTCCACCAGAATTTGCTTTGTCTCAATTGGAATTTGGTTCTCAAGATTCATTCTTGGCTTGGGGTACTGGTGCTACTGAT,0.017667573318551504,0.02777462912351567,0.10561661197515493,0.20669927100187377,0.3274024767723439,0.2625872276963071,0.03767314375968861,0.014579066352564554,946.5181132459305
CAAGCTGGTAAAGAACCAGGTGGTTCTAGAGCTCATTCTTCTCATTTGAAATCTAAGAAAGGTCAATCTACTTCTAGACATAAGAAATTGATGTTTAAGACTGAAGGTCCAGATTCTGAT,0.2108299021751905,0.14141396145012405,0.14991169574352384,0.11153565189562231,0.13850209801758354,0.08282049720366828,0.09311133460704703,0.07187485890724053,1086.4866093601916
CAAGCTTTGGATAATCAAATTAGACAAACTGAAGAAAGATTGAGAGATTTGTCTGAGAATGAGAAGAATCAGAAATGGTTGTTTGTTACTGAAGAAGATATTAAATCTTTGCCAGGATTT,0.021735726506363014,0.05467206902131791,0.06761694230804312,0.1448859286267207,0.2784408283367676,0.30880780646346595,0.1108731763194732,0.012967522417848631,1115.5935516944871
CAAGCTTTGTCTTTGTGTCAACAATTGTTGGGTTCTCAACAAAGACAACAGAATACTAATTCTGGTTCTTTGAAACAGAAACAACCATGTATTGCTCAATATGCTCATTTGGGTCCACAA,0.002591023031174617,0.0027866749234558507,0.08905271196165551,0.08992951901198996,0.3180948522576285,0.33650523754362566,0.15976069610519458,0.0012792851652752787,1202.018026123254
CAAGGTATTGTTGCTGGTCCATCTAATATTGGTGCTGGTACTCCACCAGGTGCTGGTGCTTCTCAAGCTGGTGCTGGTTCTCAAGGTTCTGCTGCTGCTTGGGATACTGGTGGTACTGAT,0.4854718527123205,0.2901920795239341,0.13841081015214768,0.059225967824383,0.0022798558653512376,0.013361744173750783,0.009648428037556198,0.0014092617105565639,268.0365233345714
CAAGGTATTGTTGCTGGTCCATCTAATATTGGTGCTGGTACTCCACCAGGTGCTGGTGCTTCTCAAGCTGGTGCTGGTTCTCAAGGTTCTGGTGGTGCTTGGGATACTGGTGGTACTGAT,0.15031510322638386,0.10082371615087078,0.07793503520506154,0.12060748576756115,0.10697661965691106,0.08419866602527702,0.18975177093441375,0.16939160303352088,1896.4109861357495
CAAGGTATTGTTGCTGGTCCATCTAATATTGGTGCTGGTACTCCACCAGGTGCTGGTGCTTCTCAAGCTGGTGCTGGTTCTCAAGGTTCTTGGGATGCTGCTGGTACTGGTGGTACTGAT,0.4923445823916339,0.2898054760682569,0.11587988553690334,0.05217541133999681,0.01457431462582754,0.01994084347724132,0.00667238622935427,0.008607100330785798,314.6423132091798
CAAGGTATTGTTGCTGGTCCATCTAATATTGGTGCTGGTACTCCACCAGGTGCTGGTGCTTCTCAAGCTGGTGCTGGTTCTCAAGGTTCTTGGGATGCTGGTGGTACTGGTGGTACTGAT,0.15069972393407424,0.1476324830904775,0.05921769030127165,0.0660877424414439,0.10942140712641424,0.10905172163028812,0.2537859586455986,0.10410327283043178,1661.767763702013
CAAGGTATTGTTGGTGGTCCATCTAATATTGGTGGTGGTACTCCACCAGGTGGTGGTGGTTCTCAAGGTGGTGGTGGTTCTCAAGGTTCTGCTGCTGCTTGGGATACTGGTGGTACTGAT,0.15151929972911854,0.20336598644561638,0.2193604400643447,0.21749748104459327,0.10188705714477986,0.08664652347936727,0.012690857617321605,0.007032354474858292,522.828740264877
CAAGGTATTGTTGGTGGTCCATCTAATATTGGTGGTGGTACTCCACCAGGTGGTGGTGGTTCTCAAGGTGGTGGTGGTTCTCAAGGTTCTGGTGGTGCTTGGGATACTGGTGGTACTGAT,0.0815361736416581,0.11792598716520468,0.13316527710516704,0.11889139871138542,0.10545448202889961,0.1121047455790401,0.2032302909532545,0.12769164481539053,1714.607243875755
CAAGGTATTGTTGGTGGTCCATCTAATATTGGTGGTGGTACTCCACCAGGTGGTGGTGGTTCTCAAGGTGGTGGTGGTTCTCAAGGTTCTTGGGATGCTGCTGGTACTGGTGGTACTGAT,0.27673235291674386,0.1800252453676067,0.15549072107779405,0.24097007038611132,0.07927663157563766,0.05845617787892739,0.005956567505918241,0.003092233291260743,427.27452208864537
CAAGGTATTGTTGGTGGTCCATCTAATATTGGTGGTGGTACTCCACCAGGTGGTGGTGGTTCTCAAGGTGGTGGTGGTTCTCAAGGTTCTTGGGATGCTGGTGGTACTGGTGGTACTGAT,0.23844785958359363,0.22728128321464455,0.19715716852550846,0.13071092897927178,0.07420044018887842,0.07045767887864839,0.03928287306999876,0.022461767559456,615.3659320499517
CAAGGTGAAGATGGTTCTCCACAAGCTCATAGAAGAGGTCCAACTGGTTATTTGGTCTTGGATGAAGAACAACAACCATCTCAACCACAATCTGCTTTGGAATGTCATCCAGAAAGAGGT,0.20316367413649414,0.21462815760681367,0.15168361374980543,0.19185175724849088,0.11010933802702999,0.05586627623727065,0.04239534907464653,0.030301833919448684,687.5643948029812
CAAGGTGATAAGATTGAAGGTGATCAACCATTGGATATTGCTGAAGCTATTGTTGCTAAAGTTGATCCAGTTACTCCTAAATCTGTTACTCCAGATCCACCATGTACTGAAAGATTGCAT,0.03467053081017023,0.06030592609392699,0.06946618405071922,0.1064135375866188,0.06775006946415095,0.04847673929547648,0.2125507909013026,0.40036622179763476,3308.5014958446222
CAAGTTATTAAATTGGATCCATCTAATATTGAATTGGATACTCCACCAGAATTTAGATTGTCTCAATTGGAATTTGGTTCTCAAGATTCATTCTTGGCTTGGGGTACTGGTAAGACTGAT,0.09662134590503937,0.17498343114083165,0.24046088249680383,0.2146860749055567,0.11425355781846805,0.08856364740876009,0.03584451539264179,0.034586544931898576,761.1009419308255
CAAGTTATTGTTAATTCTCAACAAGTTGTTGAAGCTGTTTCTGTTTGTGATGATGTTGTTGGTTCTCAAGATAGAGAAGAGAATACTAATTCTGGTTCTGTTAAAGATAAACAACCATGT,0.29695976981767047,0.29204037037711367,0.2218933523008855,0.1211603146449669,0.028127019152616665,0.02522170032252546,0.008371265677360552,0.006226207706860698,362.04411488845517
CAAGTTGATAAGATCTTGCCATCTAATATTGAATTGGATACTCCACCAGAATTTAGATTGTCTCAATTGGAATTTGGTTCTCAAGATTCATTCTTGGCTTGGGGTACTGGTAAGACTGAT,0.20788678348253734,0.20915980097283313,0.043113867978995676,0.0769850546525377,0.10242648943080078,0.1905501483221259,0.1285361417926242,0.041341713367545274,1066.7451244308836
CAATATAAAGAAGGTCAGAATGGTGGTGGTACTAGATCTCAATTCTCTTCTGCTTTGTGGGAATTGTTGGAATCTATTCCATCTACTCCAGCTTCTGCTTGTGAAGGTCCATTGAATCAA,0.07404603095455803,0.08691603659201348,0.10749541286967505,0.12339394260451127,0.1216090617515835,0.06787099181916471,0.28614106000741735,0.13252746340107663,1897.6894542699533
CAATATCATTTGGGTACTGGTGAAGATGAGAAAGATGGTGAATATGTTATTTCTAAAGTCTTCTATCAACAACAACAAATTAAACAATCTGATAAGATTGAACAAGACTTTCCAGAATCT,0.10753399166265815,0.054096243919867094,0.0,0.2986665417038407,0.2119293795588941,0.0,0.19946440319578115,0.1283094399589588,1669.9087536749792
CAATCTCCAAATAGAGAAGGTCATGAGAATGGTAATGATGGTCATGTTACTTCTAAACCAAGATTGTCTGATTATGCTAATTTGGGTGCTGAAGATTTGAAGAAAGATTTGGAAGATTGT,0.19455091448957615,0.23489072199036032,0.15735769719330953,0.16210459944108713,0.14378379558020168,0.0802468884554588,0.027065382850006574,0.0,505.6419074989234
CAATCTCCAAATAGAGATGATATTAATCATCATGTTGAATCTAAGAAGAGAATCTTGTTGTCTGATTATGCTAAATTGGGTCCAGAAGATTTGAAGAAAGATTTGGAAGAATGTCATAAT,0.09363179988590441,0.17794308844108178,0.252439221420367,0.23693843794670602,0.09739123468718615,0.08582341338416737,0.04341931977885038,0.012413484455736864,637.9355340874391
CAATGGATTTGGAACTCTCAACAATGGGTTGAAGCTTGGTCTTGGTGTGATGATTGGTGGGGTTCTCAAGATAGAGAAGAGAATACTAATTCTGGTTCTTGGAAAGATAAACAACCATGT,0.021545580224903788,0.00028967728657663765,0.0006568192862624262,0.0009062782805171136,0.000898422992824575,0.026478340084892818,0.3743697559441713,0.5748551258998513,4665.4035226938695
CAATGTCAACATGTTATTGATAATTCTGATGTTGTTGATGATTGGCCAGGTTTGCCACAAGGTGTTCAATTTGATCCATCTGATCCAGAAATTATTTGGCATTTGTTGGCTCAATCTGGT,0.02142993253056246,0.04312232213963907,0.08444316691244705,0.19046342430373467,0.2850821176266739,0.2258921066023935,0.10268828158112563,0.04687864830342352,1226.809432490385
CAATGTGAAGAATTGGATAGGAAATTTGATAAGATTGTCTTGGATCCATCTAATATTGAATTGGATACTCCACCAGAATTTAGATTGTCTCAATTGGAATTTGGTTCTCAAGATTCATTT,0.08951353728135389,0.16590310069069122,0.19345965835674647,0.21982911234117147,0.1717719501916429,0.07773024471380434,0.048063726830328245,0.03372866959426146,800.9140391769154
CAATGTGAAGAATTGGATAGGAAATTTGATGAACCAGGTTTGCATGCTTATGATGCTATTTGTCCACAGAAAGATAAATTGTCTGGTTCTAATACTAATGAAGAAAGAGATCAATCTGGT,0.2818530244556595,0.22017001733285513,0.21130506919029673,0.11085938794218254,0.04657748036918845,0.057767255600521455,0.027601671567336464,0.04386609354195979,682.1568487108514
CAATTGAATAATTATATGCATCCATCTACTACTTTGAATCAATTTACTGATAATATGTGGTTTAAAGATGATCAAGCTGCTTTGTATGTTCAACCACCACAATCTTCTTCTGGTGCATTT,0.02182302141517163,0.04391331415454408,0.10862160817747676,0.14546781872013068,0.3010636471292338,0.22003409200046192,0.08095888332986599,0.07811761507311522,1359.9993216015316
CAATTGAATAGAAATTGTGAAATTAATATTGAAGAAACTGTTGTCTTGCCACCATCTGTTAAGACTACTAAAGATGGTGATAATTTGCAAGATCAAGATCAGAAATTGTGGGAAGGTGAT,0.14529824163490915,0.13289817393939615,0.1479283935813818,0.1760960915572526,0.06508082980125003,0.0,0.04900239467623264,0.28369587480957775,2167.7007280909747
CAATTGAATAGAAATTGTGAAATTAATATTGAAGAAACTGTTGTCTTGCCACCATCTGTTAAGACTACTAAAGATGGTGATAATTTGCAAGCTCAAGATCAGAAATTGTGGGAAGGTGAT,0.014471904728317492,0.01747263002658534,0.010804839085353892,0.04823338559550542,0.1739806421242898,0.30509559850144574,0.34360169633229937,0.08633930360620287,2023.7609629488886
CAATTGATCTTAAATTCTCAACAATTGGTTGAAGCTTTGTCTTTGTGTGATGATTTGTTGGGTTCTCAAGATAGAGAAGAGAATACTAATTCTGGTTCTTTGAAAGATAAACAACCATGT,0.1656743304973829,0.19514792828245275,0.12067685057852473,0.21099395986676628,0.13936535191919935,0.13333871938831648,0.02998133683382617,0.0048215226335313645,610.6762022022976
CAATTGCCAATTTCTGATAATATTGTTAAAGAATTGGATACTCCACCAGAATTTAGATTGTCTCAATTGGAATTTGGTTCTCAAGATTCATTCTTGGCTTGGGGTACTGGTAAGACTGAT,0.01127372456450549,0.022685520903569928,0.09819894417170642,0.19413324577278518,0.2221840197068764,0.09816878972901509,0.1986601047649851,0.1546956503865565,1937.9369100107476
CAATTGGATACTCCATTGGACTTTCATTTGGATCAATTGGATACTCCACCATCTGATTTGAGATTGTCTCAATTGGATACTCCACCAGACTTTAGATTGTCTCAATTGGATTTGCCATCT,0.005534766090386264,0.0029481135018414495,0.003646147368116762,0.005425532965835707,0.003529055100305008,0.07669479393555169,0.5226814137610398,0.3795401772769233,3880.211563054424
CAATTGGATACTCCATTGGACTTTCATTTGGATCAATTGGATGATCCACCATCTGATTTGAGATTGGATCAATTGGATGATCCACCAGACTTTAGATTGGATCAATTGGATTTGCCATCT,0.0013350884456175024,0.0014016667888257864,0.0015168507627433216,0.0010318177187060512,0.0013728049832081861,0.004522551682108681,0.4371473698117386,0.5516718498070519,4648.825552439435
CAATTGGATACTCCATTGGACTTTCATTTGGCTCAATTGGATACTCCACCATCTGATTTGAGATTGTCTCAATTGGATACTCCACCAGACTTTAGATTGTCTCAATTGGATTTGCCATCT,0.00026297985152242326,0.001367049560156692,0.00043631743816464593,0.03822448823756383,0.05947309906786163,0.2794156783464424,0.5369868890434882,0.08383349845480009,2371.042910913949
CAATTGGATACTCCATTGGACTTTCATTTGGCTCAATTGGATGCTCCACCATCTGATTTGAGATTGGCTCAATTGGATGCTCCACCAGACTTTAGATTGGCTCAATTGGATTTGCCATCT,0.16659294145114578,0.22141482467511656,0.17530871532092954,0.16679968843068002,0.09221432212757491,0.08294814256977176,0.050548362413854464,0.044173003010926894,811.918033136456
CAATTGGATACTCCATTGGACTTTCATTTGTCTCAATTGGATACTCCACCATCTGATTTGAGATTGGATCAATTGGATACTCCACCAGACTTTAGATTGTCTCAATTGGATTTGCCATCT,0.00357984771209362,0.00270132697626777,0.0016198440924980653,0.0029828170222254134,0.009139703998815274,0.04481968077557695,0.5102425602518297,0.4249142191706932,4095.0946035975
CAATTGGATACTCCATTGGACTTTCATTTGTCTCAATTGGATACTCCACCATCTGATTTGAGATTGGCTCAATTGGATACTCCACCAGACTTTAGATTGTCTCAATTGGATTTGCCATCT,0.05246303453464578,0.06188503865151306,0.051775535991304224,0.06029446714822313,0.09091614011700848,0.18903519606421518,0.318785566149637,0.17484502134345317,2334.763207550759
CAATTGGATACTCCATTGGACTTTCATTTGTCTCAATTGGATACTCCACCATCTGATTTGAGATTGTCTCAATTGGATACTCCACCAGACTTTAGATTGGATCAATTGGATTTGCCATCT,0.002705068907686273,0.002527231286776972,0.003967122391891807,0.010089019287805484,0.01637435312676551,0.013282932686097197,0.27704443163826925,0.6740098406747075,5040.784149888931
CAATTGGATACTCCATTGGACTTTCATTTGTCTCAATTGGATACTCCACCATCTGATTTGAGATTGTCTCAATTGGATACTCCACCAGACTTTAGATTGGCTCAATTGGATTTGCCATCT,0.23506525696882236,0.12520837313926153,0.25809057210243286,0.1228938945788265,0.08175346663713244,0.06337120114192615,0.06412083459870266,0.049496400832895575,839.508474241488
CAATTGGATACTCCATTGGACTTTCATTTGTCTCAATTGGATACTCCACCATCTGATTTGAGATTGTCTCAATTGGATACTCCACCAGACTTTAGATTGTCTCAATTGGATTTGCCATCT,0.08617072690685978,0.11729783907166501,0.11353367567453174,0.1689401546111467,0.13486212646453763,0.13938450635650199,0.15513665179645003,0.08467431911830707,1394.7205802120664
CAATTGGATACTCCATTGGACTTTCATTTGTCTCAATTGGATACTCCACCATCTGATTTGAGATTGTCTCAATTGGATGATCCACCAGACTTTAGATTGTCTCAATTGGATTTGCCATCT,0.06727610661226956,0.06370642750159494,0.049243995953253905,0.06814663635036382,0.1871839338003689,0.2285256167298666,0.20370165194865095,0.13221563110363121,1899.5884455263333
CAATTGGATACTCCATTGGACTTTCATTTGTCTCAATTGGATACTCCACCATCTGATTTGAGATTGTCTCAATTGGATGCTCCACCAGACTTTAGATTGTCTCAATTGGATTTGCCATCT,0.05917251965729382,0.06835484966503384,0.1227185373573011,0.2702589434931988,0.20084205246501285,0.1828016461234042,0.04878172788401854,0.04706972335473689,1026.8535408796713
CAATTGGATACTCCATTGGACTTTCATTTGTCTCAATTGGATGATCCACCATCTGATTTGAGATTGTCTCAATTGGATACTCCACCAGACTTTAGATTGTCTCAATTGGATTTGCCATCT,0.22813240279511257,0.196375150384188,0.18609634139417025,0.13517192543351292,0.09741469524246596,0.08828978786410993,0.05642159329600254,0.012098103590437786,625.9076589374472
CAATTGGATACTCCATTGGACTTTCATTTGTCTCAATTGGATGCTCCACCATCTGATTTGAGATTGTCTCAATTGGATACTCCACCAGACTTTAGATTGTCTCAATTGGATTTGCCATCT,0.20018722698341063,0.1879855557030126,0.20758524256952118,0.17050760038389143,0.0789063144671533,0.06728065419447742,0.055698981978082394,0.03184842372045103,724.6801013429979
CAATTGGATAGAGACTTTGAAGAATGTAAGAAGATTGTCTTGGATCCATCTAATATTGAATTGGATACTCCACCAGAATTTAGATTGTCTCAATTGGAATTTGGTTCTCAAGATTCATTT,0.21447817661884236,0.1618436679202655,0.13344259268743613,0.1191389890605903,0.1585111351662668,0.04914796371604419,0.09945869402858926,0.0639787808019654,1025.936900857165
CAATTGGATCAAGGTGAGAAGAATGAACAGAATAATAGAGAAAGAGTTGATGCTACTACTATGAAAGCTGATCCAGTTTCTCCTAAATCTGCTACTCCAAATCCACCAAGAACTGAAAGA,0.3209360265535942,0.32290131346709855,0.1452202351866543,0.06482709779104927,0.05750044236242346,0.026742881362125534,0.027059229454609316,0.03481277382244531,575.3036166351985
CAATTGGTTGAAGCTTTGTTCTTGTGTGATGATTTGTTGCAAGATCAATCTCCTAAGAGAGATGGTGAGAATGAACATAAGAAGAGATCTTCTTTGTCTGTTTATGCTAATTTGGGTCCA,0.26088013794006304,0.2062324518895148,0.19129705603452923,0.10351035106343488,0.09181177590922537,0.055510961809718526,0.05184702883440273,0.03891023651911136,728.9831786529102
CAATTGGTTGAAGCTTTGTTCTTGTGTGATGATTTGTTGCAAGCTCAATCTCCTAAGAGAGATGGTGAGAATGAACATAAGAAGAGATCTTCTTTGTCTGTTTATGCTAATTTGGGTCCA,0.4987525331352005,0.3626485171981007,0.11373598136409131,0.006188113963475802,0.0019177536380202349,0.0010457087603650073,0.015311021265893933,0.0004003706748524034,244.54688436303755
CAATTGGTTGAAGCTTTGTTCTTGTGTGATGATTTGTTGCAATCTCAATCTCCTAAGAGAGATGGTGAGAATGAACATAAGAAGAGATCTTCTTTGTCTGTTTATGCTAATTTGGGTCCA,0.11514535942437874,0.18491516472291666,0.12399294297379435,0.18204368299655488,0.12219305616199368,0.07712747332168307,0.08625455236344709,0.10832776803523149,1301.8399858454568
CAATTGGTTGAAGGTTTGTCTTTGTGTGATGATTTGTTGGCTGATCAATCTCCAAATAGAGATGGTAATGAGAATGATAAAGAAAATTCTAAACCATCTTTGGCTGATTATGCTCAATTG,0.11273858050151772,0.11342894754845224,0.1402858669836538,0.12524873831752645,0.17281183924607002,0.12630052315521345,0.10455918788646454,0.10462631636110174,1392.7750648490608
CAATTGGTTGAAGGTTTGTCTTTGTGTGATGATTTGTTGGCTGCTCAATCTCCAAATAGAGATGGTAATGAGAATGATAAAGAAAATTCTAAACCATCTTTGGCTGATTATGCTCAATTG,0.0001399663516214817,0.00010768852128210112,0.0001229411652947752,0.00010976320118013936,0.00015415006985584103,0.00019621422096839766,0.3121585590036878,0.6870107174661093,5176.9690389399875
CAATTGGTTGAAGGTTTGTCTTTGTGTGATGATTTGTTGGCTTCTCAATCTCCAAATAGAGATGGTAATGAGAATGATAAAGAAAATTCTAAACCATCTTTGGCTGATTATGCTCAATTG,0.06891569975947086,0.03733569139778242,0.032982698170932905,0.02944730941926235,0.10970072975475734,0.22351931668750927,0.3146620958893508,0.18343645892093405,2415.768410727269
CAATTGTCTTTGCCACCAGGATTTAGATTCTATCCAACTGATGAAGAATTGATGGTTCAATATTTGTGTAGGAAAGCTGCTGGTTATGACTTCTCTTTGCAATTGATTGCTGAAATTGAT,0.0305066635612208,0.020017483341650277,0.026407556482255422,0.04568034421410112,0.17252665875773623,0.4619903291733632,0.23495780854964413,0.007913155920028878,1463.3526920157185
CAATTGTTGGATGGTTTGTATTTGTGTGATGAAATCTTGCAAGGTCAATCTTTGAGAGAAGATGATAGATCTAAGAAAGTTGTTCCATGTTTGTCTGAATATACTAATATTGGTGCTGCT,0.16838587438672323,0.23530139407401945,0.13968692451190406,0.1454996620059513,0.055309509321185016,0.0685970674405544,0.08676064868687268,0.10045891957278981,1196.8510091610735
CAATTTAAACCAGGTGATAAGAATGCTCAAGAATTGACTACTTCTGATGATTTGGAATCTATTGCTGCTGAAGCTGATTTGACTGACTTTACTACTTTGCCAGCTGATAAACATGTTGGT,0.12080540323049653,0.09115887626253068,0.13153331646958205,0.13421070470508562,0.08928181832837494,0.110730884946416,0.07002546731278221,0.25225352874473195,2153.004852264583
CAATTTAAGAGACAATTGCAACAATGTCAGAAGATTGTCTTGCAACCATCTAATATTCAATTGCAAACTCCACCACAATTTAGATTGTCTCAATTGCAATTTGGTTCTCAACAATCATTT,0.18276000657639593,0.2555024997415682,0.2589314751002975,0.19999836697445406,0.05058789063018452,0.03262538600809088,0.011426995276806287,0.008167379692202607,434.83861701063825
CAATTTATCTTAAATTCTCAACAAGCTGCTGCTGCTGCTGCTGCTGCTGATGATTTGTTGGGTTCTCAAGATAGAGAAGAGAATACTAATTCTGGTTCTTTGAAAGATAAACAACCATGT,0.2187547050624887,0.1800771328317575,0.024746060810390838,0.13256130335031044,0.17636915369905726,0.10937004214294958,0.11066380715421698,0.04745779494882865,1021.4075144535749
CAATTTATCTTAAATTCTCAACAAGCTGCTGCTGCTTTGTCTTTGTGTGATGATTTGTTGGCTGCTGCTGCTGAAGAGAATACTAATTCTGGTTCTTTGAAAGATAAACAACCATGTTGA,0.2550412736728876,0.14127583478209088,0.09984351258573027,0.1400792913007603,0.1298953778389748,0.13133270149626472,0.07175858481897293,0.03077342350431846,832.9864222754209
CAATTTATCTTAAATTCTCAACAAGCTGCTGCTGCTTTGTCTTTGTGTGATGATTTGTTGGGTTCTCAAGATAGAGAAGAGAATACTAATTCTGGTGCTGCTGCTGCTAAACAACCATGT,0.05995183834995621,0.10340393142709102,0.14920172992730288,0.14272383977184197,0.1434725409971181,0.14130560255038457,0.1270907921121391,0.13284972486416632,1629.6016551717094
CAATTTATCTTAAATTCTCAACAAGCTGCTGCTGCTTTGTCTTTGTGTGATGATTTGTTGGGTTCTCAAGATAGAGAAGAGAATACTAATTCTGGTTCTTTGAAAGATAAACAACCATGT,0.21789087074198218,0.2505430278359377,0.21831388437952598,0.18233796363652177,0.03624992108601296,0.04928154578950452,0.018371134991562964,0.027011651538951822,566.2029148423878
CAATTTATCTTAAATTCTCAACAAGCTGCTGCTGCTTTGTCTTTGTGTGATGATTTGTTGGGTTCTCAAGATAGAGAAGAGAATACTAATTCTGGTTCTTTGAAAGATGCTGCTGCTGCT,0.013772076504941217,0.034599076167366044,0.09220297259558939,0.19211549383791862,0.3020065014236976,0.25947023015332144,0.07428327382271913,0.03155037549444641,1114.9040934748455
CAATTTATCTTAAATTCTCAACAAGCTGCTGCTGCTTTGTCTTTGTGTGATGATTTGTTGGGTTCTCAAGATAGAGAAGAGAATGCTGCTGCTGCTTCTTTGAAAGATAAACAACCATGT,0.05287456060490819,0.1899940848877895,0.1691852878594524,0.2265756804506155,0.19352518140337616,0.11077738919178924,0.02101646288548713,0.036051352716581796,803.1136885509623
CAATTTATCTTAAATTCTCAACAAGCTGCTGCTGCTTTGTCTTTGTGTGATGATTTGTTGGGTTCTCAAGATGCTGCTGCTGCTACTAATTCTGGTTCTTTGAAAGATAAACAACCATGT,0.2192669600898418,0.2089986303203638,0.22976344564651033,0.07692573287353895,0.12509146642897934,0.06346777252199168,0.021406182781757193,0.05507980933701689,784.020674440573
CAATTTATCTTAAATTCTCAACAAGCTGCTGCTGCTTTGTCTTTGTGTGCTGCTGCTGCTGGTTCTCAAGATAGAGAAGAGAATACTAATTCTGGTTCTTTGAAAGATAAACAACCATGT,0.08281676870257722,0.1388731770956094,0.13740368377347525,0.21468211449214278,0.10881090488589779,0.07591029740070455,0.07680825889772556,0.16469479475186757,1628.2069969775055
CAATTTATCTTAAATTCTCAACAAGCTGTTGAAGCTGCTTCTGCTTGTGATGATTTGTTGGGTTCTCAAGATAGAGAAGAGAATACTAATTCTGGTTCTTTGAAAGATAAACAACCATGT,0.13204055725756408,0.088566081382318,0.2190722876407902,0.2444876328003552,0.13011361776651853,0.08068605853140084,0.0,0.1050337646210531,1109.5921294185705
CAATTTATCTTAAATTCTCAACAAGCTGTTGAAGCTGCTTCTTTGTGTGATGATTTGTTGGGTTCTCAAGATAGAGAAGAGAATACTAATTCTGGTTCTTTGAAAGATAAACAACCATGT,0.23966577530940403,0.16577920901931115,0.20503126025395066,0.21633669345056014,0.059042050654738734,0.08237960393856715,0.013892348741140245,0.017873058632327965,554.4472585564552
CAATTTATCTTAAATTCTCAACAAGCTGTTGAAGCTTTGTCTGCTTGTGATGATTTGTTGGGTTCTCAAGATAGAGAAGAGAATACTAATTCTGGTTCTTTGAAAGATAAACAACCATGT,0.2664709900068962,0.35747033907077286,0.11052742161797553,0.09868007665201069,0.04376370571251999,0.04070812472920149,0.08237934221062324,0.0,510.8860612527329
CAATTTATCTTAAATTCTCAACAAGCTGTTGAAGCTTTGTCTTTGTGTGATGATGCTTTGGGTTCTCAAGATAGAGAAGAGAATACTAATTCTGGTTCTTTGAAAGATAAACAACCATGT,0.2985709211051829,0.30039925284563024,0.2085758339966677,0.09310937948814345,0.05161644099350508,0.014403774660974082,0.014574160438664389,0.01875023647123211,445.46899270461057
CAATTTATCTTAAATTCTCAACAAGCTGTTGAAGCTTTGTCTTTGTGTGATGATTTGGCTGGTTCTCAAGATAGAGAAGAGAATACTAATTCTGGTTCTTTGAAAGATAAACAACCATGT,0.20804114834620216,0.2616438888833119,0.17797676274400967,0.14445416130272937,0.08968972731033867,0.05959113749678951,0.012059211131007604,0.046543962785611105,699.0842643195211
CAATTTATCTTAAATTCTCAACAAGCTGTTGAAGCTTTGTCTTTGTGTGATGATTTGTTGGGTTCTCAAGATAGAGAAGAGAATACTAATTCTGGTTCTGCTAAAGATAAACAACCATGT,0.3046095583687855,0.2213429604865417,0.1684621608569637,0.03760120950750769,0.06670316129260305,0.04653446101379588,0.09416985709716312,0.06057663137663926,915.2622098359543
CAATTTATCTTAAATTCTCAACAAGCTGTTGAAGCTTTGTCTTTGTGTGATGATTTGTTGGGTTCTCAAGATAGAGAAGAGAATACTAATTCTGGTTCTTTGAAAGATAAACAACCATGT,0.15877495934035427,0.28967498648851425,0.21337676370814876,0.20461656838842962,0.0604970431497565,0.06015404717925856,0.007853628920514511,0.005052002825023431,442.7596411378456
CAATTTATCTTAAATTCTCAACAATTGGCTGAAGCTTTGTCTTTGTGTGATGATTTGTTGGGTTCTCAAGATAGAGAAGAGAATACTAATTCTGGTTCTTTGAAAGATAAACAACCATGT,0.31089999698457066,0.14218355780530725,0.08792439720476872,0.09419982258235184,0.06962792378383706,0.06476650365594837,0.07863917098541731,0.15175862699779877,1464.625495403839
CAATTTATCTTAAATTCTCAACAATTGGTCTTGTTGGATGATTGTTTGTCTTTGGCTGAAGGTTCTCAAGATAGAGAAGAGAATACTAATTCTGGTTCTTTGAAAGATAAACAACCATGT,0.15521344816991342,0.2244856274123799,0.07242724622477036,0.14010496122272748,0.08603343793646158,0.08002658516638278,0.12595837215016054,0.11575032171720384,1405.7354776756388
CAATTTATCTTAAATTCTCAACAATTGGTTCAAGCTTTGTCTTTGTGTCAACAATTGTTGGGTTCTCAACAAAGACAACAGAATACTAATTCTGGTTCTTTGAAACAGAAACAACCATGT,0.2736755481135395,0.231295201460792,0.13621889283524444,0.13377946982409827,0.0647235965655502,0.06020459645763439,0.060916771372155815,0.03918592337098556,743.8232969933532
CAATTTATCTTAAATTCTCAACAATTGGTTGAAGCTGCTGCTGCTGCTGATGATTTGTTGGCTGCTGCTGCTAGAGAAGAGAATACTAATTCTGGTTCTTTGAAAGATAAACAACCATGT,0.544765587216694,0.24829853089679596,0.10106142955123669,0.06739813205249902,0.009822014394059652,0.0007331551870878827,0.026819930298943476,0.001101220402683285,289.5267827986916
CAATTTATCTTAAATTCTCAACAATTGGTTGAAGCTGCTGCTGCTGCTGATGATTTGTTGGGTTCTCAAGATAGAGAAGAGAATACTAATTCTGGTGCTGCTGCTGCTAAACAACCATGT,0.1721656655890225,0.10002841657666488,0.03620852231328736,0.10775786693251801,0.16248471530004183,0.23337799676961796,0.14168320934609066,0.046293607172756816,1218.8220586076447
CAATTTATCTTAAATTCTCAACAATTGGTTGAAGCTGCTGCTGCTGCTGATGATTTGTTGGGTTCTCAAGATAGAGAAGAGAATACTAATTCTGGTTCTTTGAAAGATAAACAACCATGT,0.2622149931858374,0.2198505795160757,0.16314316488441535,0.12947198305384136,0.10048435737074553,0.053410595268173044,0.0540424022788955,0.017381924442016188,608.3260453924697
CAATTTATCTTAAATTCTCAACAATTGGTTGAAGCTGCTGCTGCTGCTGATGATTTGTTGGGTTCTCAAGATAGAGAAGAGAATACTAATTCTGGTTCTTTGAAAGATGCTGCTGCTGCT,0.06268523266720608,0.050455274044720284,0.031200861932699872,0.15321056721771842,0.17295721255915036,0.18386439283528888,0.1511569879326196,0.19446947081059654,2118.4853006214394
CAATTTATCTTAAATTCTCAACAATTGGTTGAAGCTGCTGCTGCTGCTGATGATTTGTTGGGTTCTCAAGATAGAGAAGAGAATGCTGCTGCTGCTTCTTTGAAAGATAAACAACCATGT,0.0973545932370037,0.1959015095055651,0.12114285505759191,0.10815765036341352,0.23983461209470053,0.08923574587275088,0.09029133736291066,0.05808169650606367,1064.0705660046442
CAATTTATCTTAAATTCTCAACAATTGGTTGAAGCTGCTGCTGCTGCTGATGATTTGTTGGGTTCTCAAGATGCTGCTGCTGCTACTAATTCTGGTTCTTTGAAAGATAAACAACCATGT,0.004995847477463589,0.0025573116281610267,0.0020721885728214825,0.000681605604469013,0.0005182042489172082,0.15721991328395857,0.6867983838346513,0.14515654534955785,2920.1422444151813
CAATTTATCTTAAATTCTCAACAATTGGTTGAAGCTGCTGCTGCTGCTGCTGCTGCTGCTGGTTCTCAAGATAGAGAAGAGAATACTAATTCTGGTTCTTTGAAAGATAAACAACCATGT,0.22071667082006863,0.06662047605925335,0.08239441028793744,0.1226043667699286,0.15224694288462667,0.12138605540201489,0.1023516339805246,0.1316794437956458,1520.6000124542147
CAATTTATCTTAAATTCTCAACAATTGGTTGAAGCTGCTTCTGCTTGTGATGATGCTTTGGGTTCTCAAGATAGAGAAGAGAATACTAATTCTGGTTCTTTGAAAGATAAACAACCATGT,0.23020236868153637,0.17370902857666326,0.1273117911012244,0.16339393076358036,0.09451787525766933,0.08205739664071451,0.08302807367995976,0.04577953529865207,887.339490103361
CAATTTATCTTAAATTCTCAACAATTGGTTGAAGCTGCTTCTGCTTGTGATGATTTGTTGGGTTCTCAAGATAGAGAAGAGAATACTAATTCTGGTTCTTTGAAAGATAAACAACCATGT,0.00042060943357168096,0.04729093285887129,0.09551756354160873,0.3526817021003584,0.19884258310128258,0.27845112120006427,0.0198947654866338,0.006900722277609344,842.7752331751999
CAATTTATCTTAAATTCTCAACAATTGGTTGAAGCTGCTTCTTTGTGTGATGATGCTTTGGGTTCTCAAGATAGAGAAGAGAATACTAATTCTGGTTCTTTGAAAGATAAACAACCATGT,0.13750328346236995,0.09577751530193841,0.07897003402905996,0.12925971653061366,0.18761070938399968,0.1648166374072742,0.11771738383891651,0.08834472004582757,1368.472923007274
CAATTTATCTTAAATTCTCAACAATTGGTTGAAGCTGCTTCTTTGTGTGATGATTTGGCTGGTTCTCAAGATAGAGAAGAGAATACTAATTCTGGTTCTTTGAAAGATAAACAACCATGT,0.10709488645196068,0.10775069372018002,0.0,0.11897878568895277,0.3693619743426448,0.09816375123085463,0.19864990856540707,0.0,1034.0603330917463
CAATTTATCTTAAATTCTCAACAATTGGTTGAAGCTGCTTCTTTGTGTGATGATTTGTTGGGTTCTCAAGATAGAGAAGAGAATACTAATTCTGGTTCTGCTAAAGATAAACAACCATGT,0.16111659801987932,0.17831353447198597,0.22053337634678186,0.08949753728596176,0.10319746845895461,0.11814427501562931,0.05229955175208734,0.07689765864871978,1047.6360698774565
CAATTTATCTTAAATTCTCAACAATTGGTTGAAGCTGCTTCTTTGTGTGATGATTTGTTGGGTTCTCAAGATAGAGAAGAGAATACTAATTCTGGTTCTTTGAAAGATAAACAACCATGT,0.4173380106975898,0.37323877841843967,0.11540291687883406,0.051516485758756225,0.0,0.042503808246380184,0.0,0.0,270.4449626034542
CAATTTATCTTAAATTCTCAACAATTGGTTGAAGCTTTGTCTGCTTGTGATGATGCTGCTGGTTCTCAAGATAGAGAAGAGAATACTAATTCTGGTTCTTTGAAAGATAAACAACCATGT,0.2599185838524957,0.1591801362089527,0.0984348523780063,0.13810295735104952,0.05567944585625163,0.031075144892778288,0.13625187502965855,0.12135700443080726,1385.1845549233806
CAATTTATCTTAAATTCTCAACAATTGGTTGAAGCTTTGTCTGCTTGTGATGATGCTTTGGGTTCTCAAGATAGAGAAGAGAATACTAATTCTGGTTCTTTGAAAGATAAACAACCATGT,0.02144158980111291,0.007190963241647708,0.07114871712064293,0.0794029295669309,0.02817157473059835,0.019653476995604432,0.33806136739207077,0.434929381151392,3756.5061956195887
CAATTTATCTTAAATTCTCAACAATTGGTTGAAGCTTTGTCTGCTTGTGATGATTTGGCTGGTTCTCAAGATAGAGAAGAGAATACTAATTCTGGTTCTTTGAAAGATAAACAACCATGT,0.19122436173117954,0.20375727488288467,0.22670767735806835,0.16309660172646734,0.08308888479355872,0.08004789282645985,0.037704475374670046,0.014372831306711378,592.785520002402
CAATTTATCTTAAATTCTCAACAATTGGTTGAAGCTTTGTCTGCTTGTGATGATTTGTTGGGTTCTCAAGATAGAGAAGAGAATACTAATTCTGGTTCTGCTAAAGATAAACAACCATGT,0.5460270039427905,0.3096604319113954,0.10145612123401396,0.027297019721423187,0.0002267036890645169,0.009236335617679009,0.0059316786967960455,0.0001647051868374746,229.07212749260353
CAATTTATCTTAAATTCTCAACAATTGGTTGAAGCTTTGTCTGCTTGTGATGATTTGTTGGGTTCTCAAGATAGAGAAGAGAATACTAATTCTGGTTCTTTGAAAGATAAACAACCATGT,0.16128381257061625,0.08113572583185287,0.05017324011054365,0.08959042213254646,0.23839516558316196,0.0,0.18697796693241767,0.1924436668388611,1995.6620489000693
CAATTTATCTTAAATTCTCAACAATTGGTTGAAGCTTTGTCTTTGTGTGAAGAATTGTTGGGTTCTCAAGAAAGAGAAGAGAATACTAATTCTGGTTCTTTGAAAGAGAAACAACCATGT,0.07929778520935103,0.13297228980542322,0.06578261850551748,0.11746286562137105,0.20837479895079591,0.266510853137519,0.0980594455574555,0.03153934321256687,1101.4858554975049
CAATTTATCTTAAATTCTCAACAATTGGTTGAAGCTTTGTCTTTGTGTGATGATGCTGCTGGTTCTCAAGATAGAGAAGAGAATACTAATTCTGGTTCTGCTAAAGATAAACAACCATGT,0.08890740982135352,0.049695468935663026,0.12292403474555294,0.15364706957689436,0.33097086839968726,0.22636947760956563,0.02748567091128329,0.0,776.5019184177388
CAATTTATCTTAAATTCTCAACAATTGGTTGAAGCTTTGTCTTTGTGTGATGATGCTGCTGGTTCTCAAGATAGAGAAGAGAATACTAATTCTGGTTCTTTGAAAGATAAACAACCATGT,0.07605689953455518,0.07652264229002617,0.09464114275547478,0.2534899055319662,0.14989391986951356,0.27885665927286635,0.07053883074559779,0.0,862.5168305383047
CAATTTATCTTAAATTCTCAACAATTGGTTGAAGCTTTGTCTTTGTGTGATGATGCTTTGGGTTCTCAAGATAGAGAAGAGAATACTAATTCTGGTTCTGCTAAAGATAAACAACCATGT,0.07540541758436761,0.05057811394583612,0.0938304734193904,0.08377286083197687,0.19814662777101794,0.11519502157448805,0.23311538338776783,0.14995610148515515,1962.910185916281
CAATTTATCTTAAATTCTCAACAATTGGTTGAAGCTTTGTCTTTGTGTGATGATGCTTTGGGTTCTCAAGATAGAGAAGAGAATACTAATTCTGGTTCTTTGAAAGATAAACAACCATGT,0.006652624166952727,0.016610561153527974,0.07622678115065591,0.16828091603502135,0.3177073382114795,0.3147854139375427,0.08477273418884698,0.014963631155972722,1102.18166246647
CAATTTATCTTAAATTCTCAACAATTGGTTGAAGCTTTGTCTTTGTGTGATGATTTGGCTGGTTCTCAAGATAGAGAAGAGAATACTAATTCTGGTTCTGCTAAAGATAAACAACCATGT,0.2593208818168594,0.10436354465693114,0.19361103131232352,0.15365157457173068,0.0681430590648566,0.11092429627900319,0.04810133440416637,0.06188427789412927,923.1507380189472
CAATTTATCTTAAATTCTCAACAATTGGTTGAAGCTTTGTCTTTGTGTGATGATTTGGCTGGTTCTCAAGATAGAGAAGAGAATACTAATTCTGGTTCTTTGAAAGATAAACAACCATGT,0.003317870720463112,0.011683658228392476,0.008257162162044102,0.007372083625499839,0.011443079315216664,0.025850014859571047,0.37387409686932016,0.5582020342194925,4571.258513627725
CAATTTATCTTAAATTCTCAACAATTGGTTGAAGCTTTGTCTTTGTGTGATGATTTGTTGAATACTAATGAAGAAAGAGATCAATCTGGTTCTGGTTCTTTGAAAGATAAACAACCATGT,0.18939791520901714,0.2620168568726419,0.22585678755716046,0.14904371646198877,0.10109337803174229,0.050634252615133685,0.02195709325231581,0.0,440.92317006157026
CAATTTATCTTAAATTCTCAACAATTGGTTGAAGCTTTGTCTTTGTGTGATGATTTGTTGGAAGAACAAGATAGAGAAGAGAATACTAATTCTGGTTCTTTGAAAGATAAACAACCATGT,0.05943031300309198,0.11958848206936698,0.22185572004704543,0.13205012318480888,0.17568904260404938,0.0,0.22047413532435012,0.07091218376728733,1332.8261568128296
CAATTTATCTTAAATTCTCAACAATTGGTTGAAGCTTTGTCTTTGTGTGATGATTTGTTGGATGATCAAGATAGAGAAGAGAATACTAATTCTGGTTCTTTGAAAGATAAACAACCATGT,0.11967011322641324,0.09030219470494459,0.14891109601804314,0.06647471801244653,0.14740462792091805,0.08226770399860746,0.16648173763017945,0.17848780848844753,1913.0371202773313
CAATTTATCTTAAATTCTCAACAATTGGTTGAAGCTTTGTCTTTGTGTGATGATTTGTTGGCTGCTGCTGCTAGAGAAGAGAATACTAATTCTGGTGCTGCTGCTGCTAAACAACCATGT,0.4540267676827931,0.28693791406355706,0.16067010772685342,0.06524298685225792,0.011524790317368905,0.011044089671147556,0.0057754744602081945,0.004777869225813898,288.33668208906204
CAATTTATCTTAAATTCTCAACAATTGGTTGAAGCTTTGTCTTTGTGTGATGATTTGTTGGCTGCTGCTGCTAGAGAAGAGAATACTAATTCTGGTTCTTTGAAAGATAAACAACCATGT,0.3211524619638086,0.24772462358649594,0.17983123534152157,0.10109035557055522,0.0685675704662378,0.05396784815567343,0.01489261283107182,0.012773292084635617,460.5718256816433
CAATTTATCTTAAATTCTCAACAATTGGTTGAAGCTTTGTCTTTGTGTGATGATTTGTTGGCTGCTGCTGCTAGAGAAGAGAATACTAATTCTGGTTCTTTGAAAGATGCTGCTGCTGCT,0.22661863835900345,0.19731319824331522,0.21691702108489766,0.1016745770061345,0.09447792945327567,0.08388686962922395,0.0687117235805591,0.010400042643590375,632.708325893261
CAATTTATCTTAAATTCTCAACAATTGGTTGAAGCTTTGTCTTTGTGTGATGATTTGTTGGCTGCTGCTGCTAGAGAAGAGAATGCTGCTGCTGCTTCTTTGAAAGATAAACAACCATGT,0.04583943450417205,0.11352649182165847,0.23254827740637607,0.23112594939445194,0.14593538001366693,0.17776284814544982,0.049054267747388254,0.004207350966836458,731.8148212367818
CAATTTATCTTAAATTCTCAACAATTGGTTGAAGCTTTGTCTTTGTGTGATGATTTGTTGGCTGCTGCTGCTGCTGCTGCTGCTACTAATTCTGGTTCTTTGAAAGATAAACAACCATGT,0.11742426574860947,0.1260195478425795,0.0292232966783556,0.06087870864445908,0.05399829387384381,0.05740358190532441,0.3121940982637378,0.24285820704309038,2559.345789751297
CAATTTATCTTAAATTCTCAACAATTGGTTGAAGCTTTGTCTTTGTGTGATGATTTGTTGGGTACTCAAGATAGAGAAGAGAATACTAATTCTGGTTCTTTGAAAGATAAACAACCATGT,0.19832909808041535,0.16628632336434598,0.041131689123231736,0.11016844985861146,0.29315216092215385,0.15149126855945258,0.0,0.03944101009178898,820.0385256827769
CAATTTATCTTAAATTCTCAACAATTGGTTGAAGCTTTGTCTTTGTGTGATGATTTGTTGGGTCAATCTGATAGAGAAGAGAATACTAATTCTGGTTCTTTGAAAGATAAACAACCATGT,0.04938479831589999,0.049687211537932215,0.07681475605710734,0.06858104445718903,0.23115447101100234,0.20369867765713778,0.21755873915269572,0.1031203018110357,1754.205254741751
CAATTTATCTTAAATTCTCAACAATTGGTTGAAGCTTTGTCTTTGTGTGATGATTTGTTGGGTTATCAAGATAGAGAAGAGAATACTAATTCTGGTTCTTTGAAAGATAAACAACCATGT,0.3273478895976803,0.16467622012844108,0.10183355665202325,0.0,0.1209640215904642,0.18753052704590442,0.0,0.09764778498548668,1090.934652101074
CAATTTATCTTAAATTCTCAACAATTGGTTGAAGCTTTGTCTTTGTGTGATGATTTGTTGGGTTCTCAAGATAATGAAGAGAATACTAATTCTGGTTCTTTGAATGATAATCAACCATGT,0.034761854351107895,0.024981944552852842,0.043255794546206996,0.08827255062738991,0.2740364460033412,0.24579954060018894,0.21186165784556754,0.07703021147334477,1654.6985884911262
CAATTTATCTTAAATTCTCAACAATTGGTTGAAGCTTTGTCTTTGTGTGATGATTTGTTGGGTTCTCAAGATAGAGAAGAGAATACTAATTCTGGTGCTGCTGCTGCTAAACAACCATGT,0.08482890139901524,0.1280225407031649,0.06597284579230359,0.058901269788392656,0.041795473608366905,0.05831597182178424,0.24585752388749144,0.3163054729994809,2853.005553875037
CAATTTATCTTAAATTCTCAACAATTGGTTGAAGCTTTGTCTTTGTGTGATGATTTGTTGGGTTCTCAAGATAGAGAAGAGAATACTAATTCTGGTGCTGCTGCTGCTGCTGCTGCTGCT,0.1899961280176822,0.21239954457724497,0.14447951952364946,0.10553962633541218,0.08321040508380972,0.1161009846093787,0.0978953096561403,0.05037848219668255,973.8101585429763
CAATTTATCTTAAATTCTCAACAATTGGTTGAAGCTTTGTCTTTGTGTGATGATTTGTTGGGTTCTCAAGATAGAGAAGAGAATACTAATTCTGGTTCTGCTAAAGATAAACAACCATGT,0.22946146705986384,0.09234663979532297,0.17131775494761045,0.10196956219916105,0.18089024910086177,0.08413024791668394,0.08512544522127667,0.05475863375921932,985.2152835336175
CAATTTATCTTAAATTCTCAACAATTGGTTGAAGCTTTGTCTTTGTGTGATGATTTGTTGGGTTCTCAAGATAGAGAAGAGAATACTAATTCTGGTTCTTTGAAAGATGCTGCTGCTGCT,0.011575887114410608,0.009982948566139634,0.0123466418839503,0.02572083575181296,0.04725738049762161,0.16067359824001784,0.41870536833256344,0.31373733961348366,3356.1090383670507
CAATTTATCTTAAATTCTCAACAATTGGTTGAAGCTTTGTCTTTGTGTGATGATTTGTTGGGTTCTCAAGATAGAGAAGAGAATACTAATTCTGGTTCTTTGAAAGCTAAACAACCATGT,0.21519964846616726,0.18127042081638012,0.11832269724652648,0.1167597601447693,0.09370054282649484,0.09633293853401295,0.10675557821167472,0.07165841375397432,1106.2927597004955
CAATTTATCTTAAATTCTCAACAATTGGTTGAAGCTTTGTCTTTGTGTGATGATTTGTTGGGTTCTCAAGATAGAGAAGAGAATACTAATTGTCCACAGAAAGATAAATTGTCTGGTTCT,0.04301003003905229,0.012982022000777292,0.005351938374760905,0.007167402640816944,0.0,0.1399524515424028,0.32709449678338576,0.46444165861880404,4005.769254083557
CAATTTATCTTAAATTCTCAACAATTGGTTGAAGCTTTGTCTTTGTGTGATGATTTGTTGGGTTCTCAAGATAGAGAAGAGAATGCTGCTGCTGCTGCTGCTGCTGCTAAACAACCATGT,0.2601561002400115,0.2106761810331813,0.15001860278348378,0.11983946897915279,0.06252670759043051,0.06979331306771067,0.05884909604926426,0.06814053025676517,924.8766784946502
CAATTTATCTTAAATTCTCAACAATTGGTTGAAGCTTTGTCTTTGTGTGATGATTTGTTGGGTTCTCAAGATAGAGAAGAGAATGCTGCTGCTGCTTCTTTGAAAGATAAACAACCATGT,0.0762738126440373,0.03071598030075116,0.09369736144939697,0.037384243360257384,0.09077914098023485,0.14939207654712414,0.34840810061253347,0.17334928410566475,2346.756681818399
CAATTTATCTTAAATTCTCAACAATTGGTTGAAGCTTTGTCTTTGTGTGATGATTTGTTGGGTTCTCAAGATAGAGAAGAGAATGCTGCTGCTGCTTCTTTGAAAGATGCTGCTGCTGCT,0.0017485573158782422,0.0012500039355181495,0.0006870983098217091,0.07657885821938716,0.25510055750029137,0.3638634939720996,0.26019689525178213,0.04057453549522166,1664.3970713952642
CAATTTATCTTAAATTCTCAACAATTGGTTGAAGCTTTGTCTTTGTGTGATGATTTGTTGGGTTCTCAAGATAGAGAAGCTAATACTAATTCTGGTTCTTTGAAAGATAAACAACCATGT,0.15996197423860375,0.2599824536236438,0.12249116026803983,0.13670178978550954,0.1212519710466988,0.07895031274129335,0.0912962689419695,0.029364069354241438,816.6289023566221
CAATTTATCTTAAATTCTCAACAATTGGTTGAAGCTTTGTCTTTGTGTGATGATTTGTTGGGTTCTCAAGATAGAGAAGCTAATACTAATTCTGGTTCTTTGAAAGCTAAACAACCATGT,0.10329566972225292,0.16455300244522233,0.053556505524330854,0.19126330798239802,0.12723527496328998,0.22092319354176115,0.08781792961004162,0.05135511621070327,1118.3499671061622
CAATTTATCTTAAATTCTCAACAATTGGTTGAAGCTTTGTCTTTGTGTGATGATTTGTTGGGTTCTCAAGATAGAGCTGAGAATACTAATTCTGGTTCTTTGAAAGATAAACAACCATGT,0.08805020035591242,0.16281292452386847,0.18655656305728724,0.27759952647857616,0.12194033169005009,0.10470134804045371,0.044141619135793064,0.014197486718058828,689.3796220105677
CAATTTATCTTAAATTCTCAACAATTGGTTGAAGCTTTGTCTTTGTGTGATGATTTGTTGGGTTCTCAAGATAGAGCTGAGAATACTAATTCTGGTTCTTTGAAAGCTAAACAACCATGT,0.09471281563077844,0.14293919989801313,0.17678335219567318,0.05261136253217147,0.0,0.04340713912668479,0.26352367683025735,0.22602245378642166,2310.7166859708373
CAATTTATCTTAAATTCTCAACAATTGGTTGAAGCTTTGTCTTTGTGTGATGATTTGTTGGGTTCTCAAGATAGAGCTGCTAATACTAATTCTGGTTCTTTGAAAGATAAACAACCATGT,0.22517368874010163,0.16425060925403676,0.1400970546475317,0.08755611523614591,0.12758537398571704,0.17027622069970796,0.03132553814762766,0.05373539928913147,914.5192251036308
CAATTTATCTTAAATTCTCAACAATTGGTTGAAGCTTTGTCTTTGTGTGATGATTTGTTGGGTTCTCAAGATCAAGAAGAGAATACTAATTCTGGTTCTTTGCAAGATCAACAACCATGT,0.3277904633859801,0.3012575365235969,0.13726897079389677,0.11205048758061921,0.04658752490049885,0.04622377058425955,0.017538961082201904,0.011282285148946808,435.19547486130375
CAATTTATCTTAAATTCTCAACAATTGGTTGAAGCTTTGTCTTTGTGTGATGATTTGTTGGGTTCTCAAGATGAAGAAGAGAATACTAATTCTGGTTCTTTGGAAGATGAACAACCATGT,0.320474762092956,0.20421024212190597,0.09304905724557974,0.09494309031553298,0.06315958000304506,0.07833303933011906,0.06935220253037044,0.07647802636049066,993.6337154801572
CAATTTATCTTAAATTCTCAACAATTGGTTGAAGCTTTGTCTTTGTGTGATGATTTGTTGGGTTCTCAAGATGATGAAGAGAATACTAATTCTGGTTCTTTGGATGATGATCAACCATGT,0.01188369592648804,0.024060170545255905,0.0756564021056278,0.1926921513589324,0.31012000431578113,0.29839417904552085,0.07657109829899979,0.010622298403394138,1039.2108795363408
CAATTTATCTTAAATTCTCAACAATTGGTTGAAGCTTTGTCTTTGTGTGATGATTTGTTGGGTTCTCAAGATGCTGAAGAGAATACTAATTCTGGTTCTTTGGCTGATGCTCAACCATGT,0.20106933041489253,0.11238922249141885,0.11119997043148157,0.08687046856418654,0.1210825101355233,0.10238957445905139,0.14504107213217277,0.119957851371273,1506.8959220614495
CAATTTATCTTAAATTCTCAACAATTGGTTGAAGCTTTGTCTTTGTGTGATGATTTGTTGGGTTCTCAAGATGCTGCTGCTGCTACTAATTCTGGTTCTTTGAAAGATAAACAACCATGT,0.22167225143188868,0.12165255586102584,0.15045660423192614,0.1119410687190127,0.03971586690869501,0.05541435891425201,0.13082969418360252,0.16831759974959723,1680.5747238524439
CAATTTATCTTAAATTCTCAACAATTGGTTGAAGCTTTGTCTTTGTGTGATGATTTGTTGGGTTCTCAAGCTAGAGAAGAGAATACTAATTCTGGTTCTTTGAAAGATAAACAACCATGT,0.1940194480839018,0.15182809244312476,0.026825270723217505,0.1676492414913324,0.16994490401084553,0.13831943518755102,0.0999683211845209,0.05144528687550599,1060.8643778650742
CAATTTATCTTAAATTCTCAACAATTGGTTGAAGCTTTGTCTTTGTGTGATGATTTGTTGGGTTCTCAAGCTAGAGAAGAGAATACTAATTCTGGTTCTTTGAAAGCTAAACAACCATGT,0.07370010096478595,0.13685970413710036,0.21738303648585733,0.2582704777227518,0.17035389539492313,0.11467484810923076,0.018986950631344084,0.009770986554006591,639.8338436459743
CAATTTATCTTAAATTCTCAACAATTGGTTGAAGCTTTGTCTTTGTGTGATGATTTGTTGGGTTCTCAAGCTAGAGAAGCTAATACTAATTCTGGTTCTTTGAAAGATAAACAACCATGT,0.24246787083390545,0.18296448705042256,0.1885712910140214,0.08417924339151468,0.08959852711619334,0.055561839931290984,0.08432864181290195,0.07232809884974965,1005.5229351317904
CAATTTATCTTAAATTCTCAACAATTGGTTGAAGCTTTGTCTTTGTGTGATGATTTGTTGGGTTCTCAAGCTAGAGCTGAGAATACTAATTCTGGTTCTTTGAAAGATAAACAACCATGT,0.1108596582842121,0.08923081563610746,0.12415305289507911,0.3325355625849967,0.16386273471546398,0.11177601756413919,0.041126633981034166,0.026455524338967317,793.4405242504187
CAATTTATCTTAAATTCTCAACAATTGGTTGAAGCTTTGTCTTTGTGTGATGCTTTGTTGGGTTCTCAAGATAGAGAAGAGAATACTAATTCTGGTTCTTTGAAAGATAAACAACCATGT,0.016314553878411592,0.07550650604633821,0.09744460468187033,0.21749899071580214,0.29902228140409387,0.23627332929179756,0.042366527861812324,0.015573206119874125,920.7141665101078
CAATTTATCTTAAATTCTCAACAATTGGTTGAAGCTTTGTCTTTGTGTGATGCTTTGTTGGGTTCTCAAGATAGAGAAGAGAATACTAATTCTGGTTCTTTGAAAGCTAAACAACCATGT,0.2877816841755191,0.36732959195568987,0.1967219795249064,0.0946378686538492,0.014668030858011799,0.02366800586222604,0.011598335653650227,0.003594503316147456,336.47700050258175
CAATTTATCTTAAATTCTCAACAATTGGTTGAAGCTTTGTCTTTGTGTGATGCTTTGTTGGGTTCTCAAGATAGAGAAGCTAATACTAATTCTGGTTCTTTGAAAGATAAACAACCATGT,0.22905610274571672,0.2854478869534343,0.32778625167556796,0.08925467908615736,0.0009245811070693213,0.0015050470299097366,0.019144407540160793,0.04688104386198377,603.1160587746758
CAATTTATCTTAAATTCTCAACAATTGGTTGAAGCTTTGTCTTTGTGTGATGCTTTGTTGGGTTCTCAAGATAGAGCTGAGAATACTAATTCTGGTTCTTTGAAAGATAAACAACCATGT,0.0885059210243259,0.12329708777520741,0.11013204005985512,0.1361451817709364,0.16771981942245134,0.16849039529089663,0.13259828511771604,0.07311126953861125,1312.789676858127
CAATTTATCTTAAATTCTCAACAATTGGTTGAAGCTTTGTCTTTGTGTGATGCTTTGTTGGGTTCTCAAGCTAGAGAAGAGAATACTAATTCTGGTTCTTTGAAAGATAAACAACCATGT,0.16109580354868294,0.14483949439602467,0.1450129023404702,0.12946908657607614,0.060795898117469334,0.08168496530997152,0.14622911120457574,0.13087273850672948,1537.9595515324029
CAATTTATCTTAAATTCTCAACAATTGGTTGAAGCTTTGTCTTTGTGTGATGCTTTGTTGGGTTCTCAAGCTAGAGCTGCTAATACTAATTCTGGTTCTTTGAAAGATAAACAACCATGT,0.12909418753100038,0.12988470992915127,0.2007973883005935,0.03585481571715877,0.15901280751492,0.08874632204657248,0.17959224804488258,0.07701752091572091,1332.9596484482954
CAATTTATCTTAAATTCTCAACAATTGGTTGAAGCTTTGTCTTTGTGTGATGCTTTGTTGGGTTCTCAAGCTAGAGCTGCTAATACTAATTCTGGTTCTTTGAAAGCTAAACAACCATGT,0.028652815013058327,0.06486361574485919,0.1515296374624289,0.198951909013011,0.17646668086190737,0.24950158716997808,0.11293950113768832,0.017094253597068988,1044.4717362909323
CAATTTATCTTAAATTCTCAACAATTGGTTGAAGCTTTGTCTTTGTGTGCTGATTTGTTGGGTTCTCAAGATAGAGAAGAGAATACTAATTCTGGTTCTTTGAAAGATAAACAACCATGT,0.03478530978599729,0.02722091667618416,0.009618884719194165,0.03864529909192722,0.0038086298763799877,0.028341691368367842,0.32261571197927225,0.5349635565026771,4311.976360732782
CAATTTATCTTAAATTCTCAACAATTGGTTGAAGCTTTGTCTTTGTGTGCTGATTTGTTGGGTTCTCAAGATAGAGAAGAGAATACTAATTCTGGTTCTTTGAAAGCTAAACAACCATGT,0.04906776115180079,0.07898917273924934,0.12211460147016047,0.13083028327636717,0.19340675476582783,0.18889825431159202,0.1547265345873217,0.08196663769768074,1459.3492410502615
CAATTTATCTTAAATTCTCAACAATTGGTTGAAGCTTTGTCTTTGTGTGCTGATTTGTTGGGTTCTCAAGATAGAGAAGCTAATACTAATTCTGGTTCTTTGAAAGATAAACAACCATGT,0.13703482155320973,0.13160697068934743,0.1705188114221778,0.09342063688329261,0.06137954456983879,0.014273506524927131,0.12420422142884799,0.26756148692835846,2242.6871340288594
CAATTTATCTTAAATTCTCAACAATTGGTTGAAGCTTTGTCTTTGTGTGCTGATTTGTTGGGTTCTCAAGATAGAGCTGAGAATACTAATTCTGGTTCTTTGAAAGATAAACAACCATGT,0.055036732763888215,0.013843439056404514,0.05136357760615352,0.07642992874678634,0.09490871575907119,0.22701134901595463,0.2679795088302096,0.2134267482215321,2499.882626631214
CAATTTATCTTAAATTCTCAACAATTGGTTGAAGCTTTGTCTTTGTGTGCTGATTTGTTGGGTTCTCAAGCTAGAGAAGAGAATACTAATTCTGGTTCTTTGAAAGATAAACAACCATGT,0.021272753289700946,0.0214030193246594,0.03054308975172975,0.043630721046690996,0.14028621815103842,0.18598779589646308,0.373340493592591,0.18353590894712654,2536.347529990476
CAATTTATCTTAAATTCTCAACAATTGGTTGAAGCTTTGTCTTTGTGTGCTGATTTGTTGGGTTCTCAAGCTAGAGCTGCTAATACTAATTCTGGTTCTTTGAAAGCTAAACAACCATGT,0.07433157581779769,0.1087807321665447,0.11771994447897895,0.2026960176903959,0.20642284171776337,0.154847099506235,0.11907590606183092,0.01612588256045358,956.0534746084307
CAATTTATCTTAAATTCTCAACAATTGGTTGAAGCTTTGTCTTTGTGTGCTGCTGCTGCTGCTGCTGCTGCTAGAGAAGAGAATACTAATTCTGGTTCTTTGAAAGATAAACAACCATGT,0.09071214328675226,0.10952115483918677,0.022575469036983577,0.0806224910493099,0.05363299905817992,0.11640613653106414,0.353349399677585,0.17318020652093846,2302.7990243602367
CAATTTATCTTAAATTCTCAACAATTGGTTGAAGCTTTGTCTTTGTGTGCTGCTGCTGCTGGTTCTCAAGATAGAGAAGAGAATACTAATTCTGGTGCTGCTGCTGCTAAACAACCATGT,0.21698265543280043,0.11583868744438094,0.07714332143415381,0.10331158676565394,0.07418109932443975,0.10147320085161064,0.13142214680761372,0.1796473019393467,1813.2052544111466
CAATTTATCTTAAATTCTCAACAATTGGTTGAAGCTTTGTCTTTGTGTGCTGCTGCTGCTGGTTCTCAAGATAGAGAAGAGAATACTAATTCTGGTTCTTTGAAAGATAAACAACCATGT,0.20452540863493968,0.12159599776891018,0.1388184504988221,0.24787722603870557,0.12825314624237724,0.10225586944663659,0.03448849305564873,0.02218540831395988,693.7808304851193
CAATTTATCTTAAATTCTCAACAATTGGTTGAAGCTTTGTCTTTGTGTGCTGCTGCTGCTGGTTCTCAAGATAGAGAAGAGAATACTAATTCTGGTTCTTTGAAAGATGCTGCTGCTGCT,0.19283433880991654,0.12346420609500401,0.1308833180934394,0.09737836753437232,0.10364738328045582,0.11247917943339525,0.11380972319104317,0.12550348356237348,1474.443377808771
CAATTTATCTTAAATTCTCAACAATTGGTTGAAGCTTTGTCTTTGTGTGCTGCTGCTGCTGGTTCTCAAGATAGAGAAGAGAATGCTGCTGCTGCTTCTTTGAAAGATAAACAACCATGT,0.07238230298849842,0.11652087031921479,0.12609613955916044,0.03216571322965806,0.05706079101580769,0.07961521173767552,0.18796633233852955,0.32819263881145555,2821.8607851703296
CAATTTATCTTAAATTCTCAACAATTGGTTGAAGCTTTGTCTTTGTGTGCTGCTGCTGCTGGTTCTCAAGATGCTGCTGCTGCTACTAATTCTGGTTCTTTGAAAGATAAACAACCATGT,0.5629629359546192,0.24062221163239866,0.09906357625750276,0.04812131719713579,0.0020492830010479775,0.012152038428156965,0.019829971608291693,0.015198665920847105,361.4355224460393
CAATTTATCTTAAATTCTCAACAATTGGTTGAAGCTTTGTCTTTGTGTGCTGCTTTGTTGGGTTCTCAAGATAGAGAAGAGAATACTAATTCTGGTTCTTTGAAAGATAAACAACCATGT,0.3046694733564377,0.383808202367483,0.1519543034319515,0.08139986669785404,0.030602615764527864,0.03727277009593113,0.00718629550701747,0.00310647277879716,338.01971077529936
CAATTTATCTTAAATTCTCAACAATTGGTTGAAGCTTTGTCTTTGTGTGCTGCTTTGTTGGGTTCTCAAGATAGAGCTGCTAATACTAATTCTGGTTCTTTGAAAGCTAAACAACCATGT,0.2085023463403031,0.18241663764972724,0.15792558868451687,0.16114019715465822,0.09826326709750842,0.041546603600342145,0.04203806854834741,0.10816729092459665,1133.2821754324552
CAATTTATCTTAAATTCTCAACAATTGGTTGAAGCTTTGTCTTTGTGTGCTGCTTTGTTGGGTTCTCAAGCTAGAGAAGAGAATACTAATTCTGGTTCTTTGAAAGCTAAACAACCATGT,0.06332467072682267,0.08494992837935758,0.02626594579793421,0.07035156090865066,0.3050693039774017,0.335363803027746,0.09788391449374952,0.01679087268833774,1126.6770581938893
CAATTTATCTTAAATTCTCAACAATTGGTTGAAGCTTTGTCTTTGTGTGCTGCTTTGTTGGGTTCTCAAGCTAGAGAAGCTAATACTAATTCTGGTTCTTTGAAAGCTAAACAACCATGT,0.16616225881300373,0.14860424142758843,0.16081600759418904,0.12306708836045606,0.10915824187888794,0.11845961843249536,0.08561493304826122,0.08811761044511823,1200.5136684974643
CAATTTATCTTAAATTCTCAACAATTGGTTGAAGCTTTGTCTTTGTGTGCTGCTTTGTTGGGTTCTCAAGCTAGAGCTGAGAATACTAATTCTGGTTCTTTGAAAGATAAACAACCATGT,0.1428176944518624,0.239487090413163,0.059238236510397176,0.05288853783073531,0.14073347835057354,0.08727164663039591,0.2207600107741131,0.056803305038759466,1284.3191071368785
CAATTTATCTTAAATTCTCAACAATTGGTTGAAGCTTTGTCTTTGTGTGCTGCTTTGTTGGGTTCTCAAGCTAGAGCTGAGAATACTAATTCTGGTTCTTTGAAAGCTAAACAACCATGT,0.16407175042959796,0.18660817416975659,0.1864088934337677,0.1664278748511859,0.13355956020876322,0.052309235626439625,0.05954401618228893,0.05107049509820017,864.2518635208687
CAATTTATCTTAAATTCTCAACAATTGGTTGAAGCTTTGTCTTTGTGTGCTGCTTTGTTGGGTTCTCAAGCTAGAGCTGCTAATACTAATTCTGGTTCTTTGAAAGATAAACAACCATGT,0.20085030366139311,0.30089256652282,0.24081521776603917,0.174429714345292,0.041302982530918596,0.02500150350098464,0.011311452164535886,0.005396259508016745,394.3715426320821
CAATTTATCTTAAATTCTCAACAATTGGTTGAAGCTTTGTCTTTGTGTGCTGCTTTGTTGGGTTCTCAAGCTAGAGCTGCTAATACTAATTCTGGTTCTTTGAAAGCTAAACAACCATGT,0.1253505613181283,0.08107595949284542,0.08913116695367171,0.09947158653388241,0.2293966119110781,0.14772471607703408,0.09964812527909223,0.1282012724342678,1567.8350900699002
CAATTTATCTTAAATTCTCAACAATTGGTTGATGCTTTGTCTTTGTGTGATGATTTGTTGGGTTCTCAAGATAGAGATGATAATACTAATTCTGGTTCTTTGAAAGATAAACAACCATGT,0.029787102221622026,0.022477130103686623,0.05559821812775144,0.15718918523973988,0.2861859280587792,0.34811348900825195,0.08287797852152237,0.017770968718646484,1128.6982310831006
CAATTTATCTTAAATTCTCAACAATTGGTTGCTGCTTTGTCTTTGTGTGATGATTTGTTGGGTTCTCAAGATAGAGAAGAGAATACTAATTCTGGTTCTTTGAAAGATAAACAACCATGT,0.08166920858580351,0.0,0.23712453409037582,0.24195125370000153,0.0,0.07485843760088157,0.2019838837086637,0.16241268231427383,1865.3809377068399
CAATTTATCTTAAATTCTCAACAATTGGTTGCTGCTTTGTCTTTGTGTGATGATTTGTTGGGTTCTCAAGATAGAGAAGAGAATACTAATTCTGGTTCTTTGAAAGCTAAACAACCATGT,0.21976062337053054,0.23689966245002678,0.19532741422842917,0.14823186262033297,0.06960649415204671,0.07194063360064963,0.058233309577984345,0.0,527.5620368873945
CAATTTATCTTAAATTCTCAACAATTGGTTGCTGCTTTGTCTTTGTGTGATGATTTGTTGGGTTCTCAAGATAGAGAAGCTAATACTAATTCTGGTTCTTTGAAAGATAAACAACCATGT,0.3902975992728234,0.29900245191533276,0.19878920582923232,0.07752336817172659,0.0028742874794159714,0.026324724085817205,0.0038497525416358288,0.0013386107040160137,287.7155221246173
CAATTTATCTTAAATTCTCAACAATTGGTTGCTGCTTTGTCTTTGTGTGATGATTTGTTGGGTTCTCAAGATAGAGAAGCTAATACTAATTCTGGTTCTTTGAAAGCTAAACAACCATGT,0.3298496456334891,0.2585495067055537,0.1431792830836337,0.06391600574248384,0.04913334442233088,0.05624966816098095,0.05335786805642849,0.04576467819509937,731.7797307578242
CAATTTATCTTAAATTCTCAACAATTGGTTGCTGCTTTGTCTTTGTGTGATGATTTGTTGGGTTCTCAAGATAGAGCTGAGAATACTAATTCTGGTTCTTTGAAAGATAAACAACCATGT,0.06734714832711323,0.1016393339505164,0.08380319363537327,0.26187138971465407,0.1659107871304643,0.15432689957273812,0.12492197620773536,0.0401792714614051,1106.6099969685747
CAATTTATCTTAAATTCTCAACAATTGGTTGCTGCTTTGTCTTTGTGTGATGATTTGTTGGGTTCTCAAGATAGAGCTGCTAATACTAATTCTGGTTCTTTGAAAGATAAACAACCATGT,0.26428347856563894,0.21782919701923578,0.17836487727467304,0.16422253060217798,0.0765095232288622,0.04516407287003834,0.03046555316525872,0.023160767274114993,575.7440610091398
CAATTTATCTTAAATTCTCAACAATTGGTTGCTGCTTTGTCTTTGTGTGATGATTTGTTGGGTTCTCAAGCTAGAGAAGAGAATACTAATTCTGGTTCTTTGAAAGATAAACAACCATGT,0.06901208126195825,0.13886936860211405,0.06679162562904042,0.18741575372577324,0.14356600664784105,0.16165638511094016,0.1777920196490891,0.05489675937324378,1297.3397860719044
CAATTTATCTTAAATTCTCAACAATTGGTTGCTGCTTTGTCTTTGTGTGATGATTTGTTGGGTTCTCAAGCTAGAGCTGCTAATACTAATTCTGGTTCTTTGAAAGCTAAACAACCATGT,0.2549052392779032,0.11657553610572763,0.11534198636333473,0.1544678581420642,0.06850507331496726,0.12744410116490573,0.10745972387196347,0.05530048175913373,1034.7051976608006
CAATTTATCTTAAATTCTCAACAATTGGTTGCTGCTTTGTCTTTGTGTGATGCTTTGTTGGGTTCTCAAGATAGAGAAGAGAATACTAATTCTGGTTCTTTGAAAGATAAACAACCATGT,0.01814606345145993,0.03129802775777226,0.07096568908188436,0.1382376747104496,0.21457497722776334,0.2447394734315439,0.19233751968548798,0.08970057465363858,1669.4256260010916
CAATTTATCTTAAATTCTCAACAATTGGTTGCTGCTTTGTCTTTGTGTGATGCTTTGTTGGGTTCTCAAGATAGAGCTGCTAATACTAATTCTGGTTCTTTGAAAGCTAAACAACCATGT,0.009733848009479198,0.07749070710125877,0.18902727712270723,0.24788784594732727,0.2763636419678201,0.1754493327064255,0.014876797305802826,0.009170549839179259,752.7132176354537
CAATTTATCTTAAATTCTCAACAATTGGTTGCTGCTTTGTCTTTGTGTGATGCTTTGTTGGGTTCTCAAGCTAGAGAAGCTAATACTAATTCTGGTTCTTTGAAAGCTAAACAACCATGT,0.11167720797316569,0.224722151178323,0.11117212136704843,0.12406958944524499,0.06602846513185283,0.1433095046342147,0.16571971183823528,0.053301248431915055,1181.3813886976675
CAATTTATCTTAAATTCTCAACAATTGGTTGCTGCTTTGTCTTTGTGTGATGCTTTGTTGGGTTCTCAAGCTAGAGCTGAGAATACTAATTCTGGTTCTTTGAAAGCTAAACAACCATGT,0.497052807628659,0.35928638357691167,0.03736372540099074,0.061706506555045754,0.0019048446188598533,0.02752271195157957,0.01362534108593247,0.0015376791820209397,284.0032677763612
CAATTTATCTTAAATTCTCAACAATTGGTTGCTGCTTTGTCTTTGTGTGATGCTTTGTTGGGTTCTCAAGCTAGAGCTGCTAATACTAATTCTGGTTCTTTGAAAGATAAACAACCATGT,0.3851461788902648,0.27683661738198584,0.20441454787222696,0.062141896237657306,0.03892012041327923,0.025786852527564942,0.005832305163484212,0.0009214815135364967,305.8678449196108
CAATTTATCTTAAATTCTCAACAATTGGTTGCTGCTTTGTCTTTGTGTGATGCTTTGTTGGGTTCTCAAGCTAGAGCTGCTAATACTAATTCTGGTTCTTTGAAAGCTAAACAACCATGT,0.5651152011602997,0.28037559794986,0.10977660976353718,0.003624943246346433,0.015641141956626813,0.0167078280974971,0.005597234718071731,0.0031614431077611194,256.57507141184453
CAATTTATCTTAAATTCTCAACAATTGGTTGCTGCTTTGTCTTTGTGTGCTGATTTGTTGGGTTCTCAAGATAGAGAAGAGAATACTAATTCTGGTTCTTTGAAAGATAAACAACCATGT,0.031524264457040055,0.03171730674356854,0.03922711063688006,0.0700447767227148,0.12425685504895075,0.2311624882508028,0.3216083281563103,0.1504588699837327,2260.740121646658
CAATTTATCTTAAATTCTCAACAATTGGTTGCTGCTTTGTCTTTGTGTGCTGATTTGTTGGGTTCTCAAGATAGAGAAGAGAATACTAATTCTGGTTCTTTGAAAGCTAAACAACCATGT,0.04432204825648994,0.15607710710888276,0.13787997282060258,0.19696116800758026,0.08735046511845525,0.12187748630865725,0.12331920493980916,0.1322125474395227,1578.3752041154944
CAATTTATCTTAAATTCTCAACAATTGGTTGCTGCTTTGTCTTTGTGTGCTGATTTGTTGGGTTCTCAAGATAGAGCTGCTAATACTAATTCTGGTTCTTTGAAAGCTAAACAACCATGT,0.13997332017712008,0.19950982135892975,0.24674837302123284,0.11662920762557925,0.08045952458416018,0.10691691760486188,0.05409083200262105,0.05567200362549484,908.1071814495131
CAATTTATCTTAAATTCTCAACAATTGGTTGCTGCTTTGTCTTTGTGTGCTGATTTGTTGGGTTCTCAAGCTAGAGAAGCTAATACTAATTCTGGTTCTTTGAAAGCTAAACAACCATGT,0.3165827053583746,0.21659450727822457,0.09454526554227598,0.12661655244763936,0.08734953980934113,0.09285805352577484,0.03523368531757511,0.030219690720794376,667.8781650904152
CAATTTATCTTAAATTCTCAACAATTGGTTGCTGCTTTGTCTTTGTGTGCTGATTTGTTGGGTTCTCAAGCTAGAGCTGAGAATACTAATTCTGGTTCTTTGAAAGCTAAACAACCATGT,0.00012320104679532106,9.296661142548768e-05,0.0013529148699340224,0.0016424662012101273,0.0024462726075885127,0.025329468852882984,0.35349129612840813,0.6155214136817555,4866.847915835447
CAATTTATCTTAAATTCTCAACAATTGGTTGCTGCTTTGTCTTTGTGTGCTGATTTGTTGGGTTCTCAAGCTAGAGCTGCTAATACTAATTCTGGTTCTTTGAAAGATAAACAACCATGT,0.08362129157297872,0.2524000671350711,0.14567541535641754,0.0929004181124721,0.1648019213921617,0.07664772740811253,0.12408705943243922,0.05986609959034686,1099.7532332416654
CAATTTATCTTAAATTCTCAACAATTGGTTGCTGCTTTGTCTTTGTGTGCTGATTTGTTGGGTTCTCAAGCTAGAGCTGCTAATACTAATTCTGGTTCTTTGAAAGCTAAACAACCATGT,0.12470201494949071,0.125465641397726,0.20689670095160073,0.13853970813360353,0.163842894383859,0.15240338705283427,0.03855155100978343,0.049598102121102355,933.5803996205439
CAATTTATCTTAAATTCTCAACAATTGGTTGCTGCTTTGTCTTTGTGTGCTGCTTTGTTGGGTTCTCAAGATAGAGAAGCTAATACTAATTCTGGTTCTTTGAAAGCTAAACAACCATGT,0.14506571727107317,0.15363583482219728,0.05700379864297737,0.13571628680497386,0.08275977053074923,0.1819562376223312,0.13454093106863882,0.10932142323705903,1498.1067823486824
CAATTTATCTTAAATTCTCAACAATTGGTTGCTGCTTTGTCTTTGTGTGCTGCTTTGTTGGGTTCTCAAGATAGAGCTGAGAATACTAATTCTGGTTCTTTGAAAGCTAAACAACCATGT,0.13205705463603484,0.03796163442155769,0.07042489036588176,0.14671090770802592,0.20448980261253435,0.13833623929519187,0.15746923411410874,0.11255023684666497,1593.4660721528412
CAATTTATCTTAAATTCTCAACAATTGGTTGCTGCTTTGTCTTTGTGTGCTGCTTTGTTGGGTTCTCAAGATAGAGCTGCTAATACTAATTCTGGTTCTTTGAAAGATAAACAACCATGT,0.12739957483029526,0.14740667809423993,0.14267630261105355,0.21938173875337105,0.16320247282792608,0.08174259677017622,0.06498607497223603,0.05320456114070194,951.530279024164
CAATTTATCTTAAATTCTCAACAATTGGTTGCTGCTTTGTCTTTGTGTGCTGCTTTGTTGGGTTCTCAAGATAGAGCTGCTAATACTAATTCTGGTTCTTTGAAAGCTAAACAACCATGT,0.014252142087458066,0.017525953671955925,0.027587162169593102,0.017592940399870076,0.014044152845434916,0.03773926115116142,0.35542063551317327,0.5158377521613532,4286.668697214404
CAATTTATCTTAAATTCTCAACAATTGGTTGCTGCTTTGTCTTTGTGTGCTGCTTTGTTGGGTTCTCAAGCTAGAGAAGAGAATACTAATTCTGGTTCTTTGAAAGCTAAACAACCATGT,0.1124401150105512,0.17912036942131723,0.1399144724709796,0.13532691605594124,0.17081545708655158,0.07300311175247065,0.0999372775933204,0.0894422806088682,1230.2934156693022
CAATTTATCTTAAATTCTCAACAATTGGTTGCTGCTTTGTCTTTGTGTGCTGCTTTGTTGGGTTCTCAAGCTAGAGAAGCTAATACTAATTCTGGTTCTTTGAAAGATAAACAACCATGT,0.16175774594868444,0.2557473084960019,0.11501868446852109,0.17970736817009111,0.06831305459996691,0.0847245848132902,0.10715851584321914,0.02757273766022523,830.7086168338728
CAATTTATCTTAAATTCTCAACAATTGGTTGCTGCTTTGTCTTTGTGTGCTGCTTTGTTGGGTTCTCAAGCTAGAGAAGCTAATACTAATTCTGGTTCTTTGAAAGCTAAACAACCATGT,0.4382560191780342,0.3817011450186225,0.11436597548412028,0.03925855029546612,0.003719816056291801,0.020808648404417807,0.001264260448160516,0.0006255851148866472,249.78894918763527
CAATTTATCTTAAATTCTCAACAATTGGTTGCTGCTTTGTCTTTGTGTGCTGCTTTGTTGGGTTCTCAAGCTAGAGCTGAGAATACTAATTCTGGTTCTTTGAAAGATAAACAACCATGT,0.00779916483661935,0.0009511422880977555,0.0004901446507354056,0.000875212883773209,0.0016302252045119396,0.02570663991108765,0.4189481070363021,0.5435993631888727,4579.852621317866
CAATTTATCTTAAATTCTCAACAATTGGTTGCTGCTTTGTCTTTGTGTGCTGCTTTGTTGGGTTCTCAAGCTAGAGCTGAGAATACTAATTCTGGTTCTTTGAAAGCTAAACAACCATGT,0.11241092987040734,0.14702907766665538,0.111902524833344,0.14986167549816462,0.13292454741832038,0.10303646533466858,0.13553190158935915,0.10730287778908051,1437.7950826914355
CAATTTATCTTAAATTCTCAACAATTGGTTGCTGCTTTGTCTTTGTGTGCTGCTTTGTTGGGTTCTCAAGCTAGAGCTGCTAATACTAATTCTGGTTCTTTGAAAGATAAACAACCATGT,0.12605315416187424,0.16910007261210475,0.10456920744704387,0.1400407779616035,0.12421359209268695,0.07702733452520352,0.058453882295934415,0.20054197890354875,1788.5454356943524
CAATTTATCTTAAATTCTCAACAATTGGTTGCTGCTTTGTCTTTGTGTGCTGCTTTGTTGGGTTCTCAAGCTAGAGCTGCTAATACTAATTCTGGTTCTTTGAAAGCTAAACAACCATGT,0.21934489938967222,0.2077064300309008,0.12844285892063775,0.1146751727141582,0.15257215077647276,0.04730652217319246,0.08376571456486896,0.04618625143009691,872.802291691929
CAATTTATCTTAAATTCTCCACAATTGGTTGAAGCTTTGTCTTTGTGTGATGATTTGTTGGGTTCTCCAGATAGAGAAGAGAATACTAATTCTGGTTCTTTGAAAGATAAACAACCATGT,0.056154585464933925,0.11299690844025341,0.1397515326521232,0.031192919712750847,0.13833772783102882,0.25735798135068755,0.13020116596721545,0.13400717858100675,1744.0541940930304
CAATTTATCTTAAATTCTGAACAATTGGTTGAAGCTTTGTCTTTGTGTGATGATTTGTTGGGTTCTGAAGATAGAGAAGAGAATACTAATTCTGGTTCTTTGAAAGATAAACAACCATGT,0.049095047848809484,0.11114029519226462,0.07636406855394863,0.09545013209638198,0.19351430871556688,0.1800031438796752,0.14798261168288326,0.14645039203047,1815.1345108752903
CAATTTATCTTAAATTCTGGTCAATTGGTTGAAGCTTTGTCTTTGTGTGATGATTTGTTGGGTTCTGGTGATAGAGAAGAGAATACTAATTCTGGTTCTTTGAAAGATAAACAACCATGT,0.1712899831811067,0.09574383119777338,0.0473653565803521,0.14800905805565118,0.3000715653736346,0.17445035949363843,0.017651397551584763,0.04541844856625888,940.1492586759687
CAATTTATCTTAAATTCTTCTCAATTGGTTGAAGCTTTGTCTTTGTGTGATGATTTGTTGGGTTCTTCTGATAGAGAAGAGAATACTAATTCTGGTTCTTTGAAAGATAAACAACCATGT,0.19964848218169695,0.26171931749892346,0.28209327649832494,0.17100781646345511,0.049013007179361114,0.027805417041932654,0.006240172205879838,0.002472510930425966,374.9987672773058
CAATTTATCTTGAATAAGACTCAATTGGTTGAAGCTTTGTCTTTGTGTGATGATTTGTTGGGTAAGACTGATAGAGAAGAGAATACTAATTCTGGTTCTTTGAAAGATAAACAACCATGT,0.11658734744763219,0.11902630170585222,0.10453938649088401,0.04952410711012979,0.04054797354053881,0.033002300544234996,0.1971759005733983,0.3395966825873297,2850.1300777980146
CAATTTATCTTGAATACTCAACAATTGGTTGAAGCTTTGTCTTTGTGTGATGATTTGTTGGGTTCTCAAGATAGAGAAGAGAATACTAATTCTGGTTCTTTGAAAGATAAACAACCATGT,0.1519556166743827,0.0655226286591872,0.2971342813830141,0.21705111653192743,0.128346896499681,0.07959047931385482,0.060398980937952686,0.0,605.6142835084097
CAATTTATCTTGAATACTCCACAATTGGTTGAAGCTTTGTCTTTGTGTGATGATTTGTTGGGTACTCCAGATAGAGAAGAGAATACTAATTCTGGTTCTTTGAAAGATAAACAACCATGT,0.14217702301628615,0.1072857446929556,0.1326881191664868,0.11846538694638804,0.17512769572606848,0.06516011352406963,0.13186181692697402,0.12723410000077132,1522.7136061017009
CAATTTATCTTGAATACTGATCAATTGGTTGAAGCTTTGTCTTTGTGTGATGATTTGTTGGGTACTGATGATAGAGAAGAGAATACTAATTCTGGTTCTTTGAAAGATAAACAACCATGT,0.043788488739685834,0.03304247426026188,0.027244028084370323,0.09729505095911738,0.14023574358929358,0.2608889740290945,0.25382220537491096,0.1436830349632656,2106.211175859082
CAATTTATCTTGAATCAATCTCAATTGGTTGAAGCTTTGTCTTTGTGTGATGATTTGTTGGGTCAATCTGATAGAGAAGAGAATACTAATTCTGGTTCTTTGAAAGATAAACAACCATGT,0.5420533441329493,0.13429541621576643,0.2275049929835482,0.05498263003401457,0.01695116094445812,0.01905606772006852,0.0038392340598354118,0.001317153909359497,270.2995842184954
CAATTTATCTTGAATCAATCTCAATTGGTTGAAGCTTTGTCTTTGTGTGATGATTTGTTGGGTTCTCAAGATAGAGAAGAGAATACTAATTCTGGTTCTTTGAAAGATAAACAACCATGT,0.18035925584594162,0.17138238853290247,0.11221471151365939,0.16697751217981105,0.08886358768547317,0.11021217856176455,0.07434393694063611,0.09564642873981162,1204.7546729809605
CAATTTATCTTGAATCCAACTCAATTGGTTGAAGCTTTGTCTTTGTGTGATGATTTGTTGGGTCCAACTGATAGAGAAGAGAATACTAATTCTGGTTCTTTGAAAGATAAACAACCATGT,0.14556596836965496,0.1126595057862063,0.16720109056552981,0.1865986760545097,0.055169863544615304,0.09237222876408539,0.09346492247843506,0.14696774443696348,1538.7662203595337
CAATTTATCTTGAATGAACAACAATTGGTTGAAGCTTTGGAATTGTGTGATGATTTGTTGGGTGAACAAGATAGAGAAGAGAATGAGAATGAAGGTGAATTGAAAGATAAACAACCATGT,0.02890513195533688,0.01817633481068432,0.013488000775531186,0.03612669863083095,0.04272495552322466,0.14903212520844478,0.4356301811703848,0.2759165719255623,3150.031125905781
CAATTTATCTTGAATGAACAACAATTGGTTGAAGCTTTGTCTTTGTGTGATGATTTGTTGGGTGAACAAGATAGAGAAGAGAATACTAATTCTGGTTCTTTGAAAGATAAACAACCATGT,0.1558741985644144,0.12546296903486004,0.1163769154554684,0.1385367572988781,0.12287955345181363,0.1714501585438402,0.0578260948181063,0.11159335283261912,1346.4231009006812
CAATTTATCTTGAATGAACAACAATTGGTTGAAGCTTTGTCTTTGTGTGATGATTTGTTGGGTGAACAAGATAGAGAAGAGAATGAGAATGAAGGTGAATTGAAAGATAAACAACCATGT,0.18591098395662406,0.12469962015421548,0.0,0.13769386413744783,0.3053298068353391,0.0,0.1724227980803471,0.07394292683602639,1277.113958637706
CAATTTATCTTGAATGAACAACAATTGGTTGAAGCTTTGTCTTTGTGTGATGATTTGTTGGGTGAACAAGATAGAGAAGAGAATGCTAATGCTGGTGCTTTGAAAGATAAACAACCATGT,0.036292783759746074,0.06251869971650363,0.08740222947483944,0.1544794742324329,0.18837100927248743,0.2021696899277254,0.1709515501218728,0.09781456349439235,1610.5083605787854
CAATTTATCTTGAATGAACAACAATTGGTTGAAGCTTTGTCTTTGTGTGATGATTTGTTGGGTGCTCAAGATAGAGAAGAGAATACTAATTCTGGTTCTTTGAAAGATAAACAACCATGT,0.0002599659937406104,0.005421382424304614,0.00023526385091104346,0.08241684199292695,0.28302366993027034,0.4215716721333292,0.20281312534887846,0.0042580783256387575,1388.618383163011
CAATTTATCTTGAATGAACAACAATTGGTTGAAGCTTTGTCTTTGTGTGATGATTTGTTGGGTGCTCAAGATAGAGAAGAGAATGAGAATGAAGGTGAATTGAAAGATAAACAACCATGT,0.0036718180403677455,0.0035856468550397444,0.001926153052576479,0.10014196328579647,0.34791795391806146,0.36348569029821004,0.1574506344827518,0.021820140067196302,1362.9934974596144
CAATTTATCTTGAATGAACAACAATTGGTTGAAGCTTTGTCTTTGTGTGATGATTTGTTGGGTGCTCAAGATAGAGAAGAGAATGCTAATGCTGGTGCTTTGAAAGATAAACAACCATGT,0.26107597394876303,0.0656686753182879,0.04060862438470095,0.18127909383725654,0.19294946296005347,0.08973886782127821,0.09080041086417265,0.07787889086548731,1157.2431983987478
CAATTTATCTTGAATGAACAACAATTGGTTGAAGCTTTGTCTTTGTGTGATGATTTGTTGGGTTCTCAAGATAGAGAAGAGAATACTAATTCTGGTTCTTTGAAAGATAAACAACCATGT,0.06441434333938642,0.09149476464943943,0.10372840536445452,0.17259106816418984,0.21655941017488858,0.14934288249603025,0.1159677527629613,0.08590137304864968,1367.2015791005663
CAATTTATCTTGAATGATCAACAATTGGTTGAAGCTTTGTCTTTGTGTGATGATTTGTTGGGTGATCAAGATAGAGAAGAGAATGCTAATGCTGGTGCTTTGAAAGATAAACAACCATGT,0.12036260458150397,0.12109965817501765,0.1225413779455892,0.15803127414201046,0.10782371617251561,0.09026591998389612,0.16237101805491155,0.11750443094455555,1537.7991256877367
CAATTTATCTTGAATGATCAACAATTGGTTGAAGCTTTGTCTTTGTGTGATGATTTGTTGGGTGCTCAAGATAGAGAAGAGAATGATAATGATGGTGATTTGAAAGATAAACAACCATGT,0.10492641380503887,0.07917670664510487,0.06528241203962708,0.14571210767868953,0.10339516572025291,0.21639626435925596,0.0973138083386307,0.1877971214134,1947.534407508005
CAATTTATCTTGAATGATCAACAATTGGTTGAAGCTTTGTCTTTGTGTGATGATTTGTTGGGTGCTCAAGATAGAGAAGAGAATGCTAATGCTGGTGCTTTGAAAGATAAACAACCATGT,0.04544097380044975,0.08312588469283702,0.17991374641282873,0.23405930876586556,0.18725273951998314,0.2006842203783041,0.04980671926691605,0.01971640716281566,872.4149321810067
CAATTTATCTTGAATGCTCAACAATTGGTTGAAGCTTTGTCTTTGTGTGATGATTTGTTGGAAGAACAAGATAGAGAAGAAGAAGAAGAAGAAGAAGAATTGAAAGATAAACAACCATGT,0.021855498892435772,0.06596800030177724,0.0,0.04856143565761545,0.30151169635068126,0.22036155134187616,0.26350794611260864,0.07823387134300562,1757.1720411822612
CAATTTATCTTGAATGCTCAACAATTGGTTGAAGCTTTGTCTTTGTGTGATGATTTGTTGGAAGAACAAGATAGAGAAGAGAATACTAATTCTGGTTCTTTGAAAGATAAACAACCATGT,0.09724491383854801,0.12230050465064533,0.060503187936660964,0.10803580027256714,0.13176042831929044,0.25626373778860073,0.18037923081550442,0.04351219637818311,1311.330653130634
CAATTTATCTTGAATGCTCAACAATTGGTTGAAGCTTTGTCTTTGTGTGATGATTTGTTGGAAGAACAAGATAGAGAAGAGAATGCTAATGCTGGTGCTTTGAAAGATAAACAACCATGT,0.025895095206402777,0.055829285696599944,0.05523852537681416,0.23014857833307645,0.26975319405888265,0.21362025688992858,0.10978906576276452,0.03972599867553088,1184.2758808698213
CAATTTATCTTGAATGCTCAACAATTGGTTGAAGCTTTGTCTTTGTGTGATGATTTGTTGGATGATCAAGATAGAGAAGAAGATGATGATGATGATGATTTGAAAGATAAACAACCATGT,0.1381036838075088,0.11368585378063398,0.12498097928136864,0.13948046144327853,0.11134494149003435,0.16111019569714558,0.15137200710825108,0.05992187739177907,1235.2820507324425
CAATTTATCTTGAATGCTCAACAATTGGTTGAAGCTTTGTCTTTGTGTGATGATTTGTTGGATGATCAAGATAGAGAAGAGAATACTAATTCTGGTTCTTTGAAAGATAAACAACCATGT,0.1147909433552778,0.12209352845787241,0.2163001439152391,0.16032197509090637,0.18098517894197794,0.15031142649556875,0.03954326926371972,0.015653534479437847,742.2014627955168
CAATTTATCTTGAATGCTCAACAATTGGTTGAAGCTTTGTCTTTGTGTGATGATTTGTTGGATGATCAAGATAGAGAAGAGAATGCTAATGCTGGTGCTTTGAAAGATAAACAACCATGT,0.2000055583343018,0.28397074537582023,0.22193335082093074,0.17462929173182296,0.08917458237166835,0.014566861217061506,0.0066937743375472345,0.009025835810847184,418.10394115204053
CAATTTATCTTGAATGCTCAACAATTGGTTGAAGCTTTGTCTTTGTGTGATGATTTGTTGGGTGAACAAGATAGAGAAGAGAATACTAATTCTGGTTCTTTGAAAGATAAACAACCATGT,0.09454971277947744,0.05945543643908235,0.05882630582769257,0.04595566645676943,0.04658494876133331,0.1299971659486753,0.3672016914720721,0.1974290723148976,2489.8727422236548
CAATTTATCTTGAATGCTCAACAATTGGTTGAAGCTTTGTCTTTGTGTGATGATTTGTTGGGTGAACAAGATAGAGAAGAGAATGAGAATGAAGGTGAATTGAAAGATAAACAACCATGT,0.04387554208488199,0.07567580361069773,0.08579431253020224,0.13926925369375778,0.14205865391028694,0.07468789491714091,0.19183508295559243,0.24680345629744,2398.2838723867944
CAATTTATCTTGAATGCTCAACAATTGGTTGAAGCTTTGTCTTTGTGTGATGATTTGTTGGGTGAACAAGATAGAGAAGAGAATGCTAATGCTGGTGCTTTGAAAGATAAACAACCATGT,0.05253119511400669,0.05872541737942693,0.12347102443846861,0.22047253030118302,0.24731965466205783,0.15515121512669525,0.08661326170713056,0.055715701271031155,1151.1772164055703
CAATTTATCTTGAATGCTCAACAATTGGTTGAAGCTTTGTCTTTGTGTGATGATTTGTTGGGTGATCAAGATAGAGAAGAGAATACTAATTCTGGTTCTTTGAAAGATAAACAACCATGT,0.0942433744881244,0.23705121028773934,0.1759071309757227,0.05235059594024616,0.09286802979220403,0.17276797193409127,0.1748116865818721,0.0,914.2842641626269
CAATTTATCTTGAATGCTCAACAATTGGTTGAAGCTTTGTCTTTGTGTGATGATTTGTTGGGTGATCAAGATAGAGAAGAGAATGATAATGATGGTGATTTGAAAGATAAACAACCATGT,0.08073249748608712,0.21118986662220998,0.140642889900627,0.1793821317666699,0.1431977838275211,0.10359978040813984,0.044925123248705456,0.09632992674003961,1176.280153696777
CAATTTATCTTGAATGCTCAACAATTGGTTGAAGCTTTGTCTTTGTGTGATGATTTGTTGGGTGATCAAGATAGAGAAGAGAATGCTAATGCTGGTGCTTTGAAAGATAAACAACCATGT,0.1996044210870259,0.10317703077927906,0.09342624055925064,0.07730864341174926,0.08120290684712511,0.08728294946556987,0.16134551693535215,0.196652290914648,1972.2529541916383
CAATTTATCTTGAATGCTCAACAATTGGTTGAAGCTTTGTCTTTGTGTGATGATTTGTTGGGTGCTCAAGATAGAGAAGAAGAAGAAGAAGAAGAAGAATTGAAAGATAAACAACCATGT,0.09741426939276972,0.056006169338300146,0.05195019123337514,0.10822394854797542,0.123419121566307,0.11480200117633976,0.2323200443224046,0.2158642544225283,2323.7494140991075
CAATTTATCTTGAATGCTCAACAATTGGTTGAAGCTTTGTCTTTGTGTGATGATTTGTTGGGTGCTCAAGATAGAGAAGAAGATGATGATGATGATGATTTGAAAGATAAACAACCATGT,0.06982221395192796,0.14049955585458923,0.14310146624734854,0.16882906512788287,0.21045703212218494,0.1317635083595688,0.09142091737129379,0.04410624096520393,1032.7899357306212
CAATTTATCTTGAATGCTCAACAATTGGTTGAAGCTTTGTCTTTGTGTGATGATTTGTTGGGTGCTCAAGATAGAGAAGAGAATGATAATGATGGTGATTTGAAAGATAAACAACCATGT,0.09584416409475183,0.1350035068651188,0.09541068617712342,0.1703673837235022,0.07555636656607115,0.12299178971057079,0.21333718235920596,0.09148892050365588,1520.8150484852383
CAATTTATCTTGAATTATCAACAATTGGTTGAAGCTTTGTCTTTGTGTGATGATTTGTTGGGTTATCAAGATAGAGAAGAGAATACTAATTCTGGTTCTTTGAAAGATAAACAACCATGT,0.0018271381840832455,0.002405752666154191,0.019904199950384924,0.10710776484960906,0.2647508923069622,0.3377613503129346,0.21852382468982187,0.0477190770400498,1595.0753667593535
CAATTTATCTTGAATTATCAACAATTGGTTGAAGCTTTGTCTTTGTGTGATGATTTGTTGGGTTCTCAAGATAGAGAAGAGAATACTAATTCTGGTTCTTTGAAAGATAAACAACCATGT,0.035395234909386904,0.10683594452250382,0.05872525263625653,0.40633668719585114,0.15114100318445803,0.1946607807065343,0.032827245125073325,0.014077851719936049,803.5703477894767
CAATTTATCTTGGAAGAACAACAATTGGTTGAAGCTTTGTCTTTGTGTGATGATTTGTTGGAAGAACAAGATAGAGAAGAAGAAGAAGAAGAAGAAGAATTGAAAGATAAACAACCATGT,0.07441077681722041,0.11229965903987657,0.13888919337498312,0.16533569736508139,0.14664971995868945,0.2046159595394914,0.06901213727721883,0.08878685662743879,1299.5023163452076
CAATTTATCTTGGAAGAACAACAATTGGTTGAAGCTTTGTCTTTGTGTGATGATTTGTTGGAAGAACAAGATAGAGAAGAGAATACTAATTCTGGTTCTTTGAAAGATAAACAACCATGT,0.04567291768925341,0.07658766800612322,0.11366587777151789,0.338273747425929,0.30004258680960444,0.11163744796340126,0.014119754334170715,0.0,647.5340784696812
CAATTTATCTTGGAAGAACAACAATTGGTTGAAGCTTTGTCTTTGTGTGATGATTTGTTGGAAGAACAAGATAGAGAAGAGAATGCTAATGCTGGTGCTTTGAAAGATAAACAACCATGT,0.16124002697522155,0.18250582268522408,0.07523942849487368,0.08956609997701075,0.07944348189016477,0.1662676643435802,0.1495417646765016,0.09619571095742342,1422.525225744724
CAATTTATCTTGGAAGAACAACAATTGGTTGAAGCTTTGTCTTTGTGTGATGATTTGTTGGGTGCTCAAGATAGAGAAGAGAATACTAATTCTGGTTCTTTGAAAGATAAACAACCATGT,0.14003805648646048,0.1408955948649369,0.17425587653770855,0.21780854201534114,0.02759888103002027,0.10268771102123975,0.12987803637660697,0.066837301667686,1139.7293996593166
CAATTTATCTTGGAAGAACAACAATTGGTTGAAGCTTTGTCTTTGTGTGATGATTTGTTGGGTGCTCAAGATAGAGAAGAGAATGCTAATGCTGGTGCTTTGAAAGATAAACAACCATGT,0.003132333842381152,0.00133378726063955,0.018379084295729986,0.09251104224206184,0.3061651570033102,0.33790970011926896,0.1956629354377493,0.0449059597988591,1542.6582465198069
CAATTTATCTTGGAAGAACAACAATTGGTTGAAGCTTTGTCTTTGTGTGATGATTTGTTGGGTTCTCAAGATAGAGAAGAGAATACTAATTCTGGTTCTTTGAAAGATAAACAACCATGT,0.11506797793172496,0.05093994809155226,0.034364266729771,0.025567323967687367,0.12245982677924765,0.18984947388416556,0.28600848303773946,0.17574269957811187,2265.1101194502526
CAATTTATCTTGGATGATCAACAATTGGTTGAAGCTTTGTCTTTGTGTGATGATTTGTTGGATGATCAAGATAGAGAAGAAGATGATGATGATGATGATTTGAAAGATAAACAACCATGT,0.1100694514487424,0.07666855877876497,0.11589307685793679,0.1599090961782208,0.21692629645050387,0.2173020846111475,0.06282074405239695,0.040410691622286575,1034.2942749180263
CAATTTATCTTGGATGATCAACAATTGGTTGAAGCTTTGTCTTTGTGTGATGATTTGTTGGATGATCAAGATAGAGAAGAGAATACTAATTCTGGTTCTTTGAAAGATAAACAACCATGT,0.00351004942403358,0.0029154395798079535,0.008925019739420052,0.04350369787612313,0.14318613131927305,0.2677850037634998,0.3963449503959698,0.13382970790187268,2379.6226415999668
CAATTTATCTTGGATGATCAACAATTGGTTGAAGCTTTGTCTTTGTGTGATGATTTGTTGGATGATCAAGATAGAGAAGAGAATGCTAATGCTGGTGCTTTGAAAGATAAACAACCATGT,0.055376595476471585,0.06000152321126927,0.04240472439711806,0.03785939627161677,0.18049565809845508,0.226460939526486,0.2804987224479584,0.11690244057062468,1973.78625160637
CAATTTATCTTGGATGATCAACAATTGGTTGAAGCTTTGTCTTTGTGTGATGATTTGTTGGGTGCTCAAGATAGAGAAGAAGATGATGATGATGATGATTTGAAAGATAAACAACCATGT,0.11653061137880895,0.05862209967109727,0.0,0.0,0.05741500847146902,0.08010944073856414,0.27019024976807815,0.4171325899719823,3536.775232475368
CAATTTATCTTGGATGATCAACAATTGGTTGAAGCTTTGTCTTTGTGTGATGATTTGTTGGGTGCTCAAGATAGAGAAGAGAATACTAATTCTGGTTCTTTGAAAGATAAACAACCATGT,0.0662745918027994,0.06668043152533408,0.041234280796706956,0.07362882314894816,0.26939306924949313,0.20502331445409078,0.16903218073483264,0.10873330828779482,1692.7404971025492
CAATTTATCTTGGATGATCAACAATTGGTTGAAGCTTTGTCTTTGTGTGATGATTTGTTGGGTGCTCAAGATAGAGAAGAGAATGCTAATGCTGGTGCTTTGAAAGATAAACAACCATGT,0.2770449350284517,0.2027210545710767,0.15669996234975722,0.09793239405006146,0.04963670326910026,0.08079937201666088,0.10511378688157787,0.03005179183331399,799.8850857604225
CAATTTATCTTGGATGATCAACAATTGGTTGAAGCTTTGTCTTTGTGTGATGATTTGTTGGGTTCTCAAGATAGAGAAGAGAATACTAATTCTGGTTCTTTGAAAGATAAACAACCATGT,0.22771145702167803,0.123364700884901,0.08718522233073275,0.11675986325261506,0.17260641552603972,0.1284440314712062,0.08122714210819677,0.06270116740463048,1066.0089402879862
CAATTTATCTTGGCTGCTGCTGCTGCTGCTGCTGCTTTGTCTTTGTGTGATGATTTGTTGGGTTCTCAAGATAGAGAAGAGAATACTAATTCTGGTTCTTTGAAAGATAAACAACCATGT,0.04253087978968871,0.04279132229085661,0.11907709824132354,0.18309516282533445,0.26193877241041275,0.19979317466322635,0.09368231619486486,0.057091273584292584,1225.7367023783008
CAATTTATCTTGGCTGCTGCTGCTTTGGTTGAAGCTGCTGCTGCTGCTGATGATTTGTTGGGTTCTCAAGATAGAGAAGAGAATACTAATTCTGGTTCTTTGAAAGATAAACAACCATGT,0.17954708366041783,0.06021551996485334,0.12412155519255179,0.11081706603907415,0.1965853951719692,0.14628784571705924,0.11101374035048374,0.07141179390359066,1228.8931071567954
CAATTTATCTTGGCTGCTGCTGCTTTGGTTGAAGCTTTGTCTTTGTGTGATGATTTGTTGGCTGCTGCTGCTAGAGAAGAGAATACTAATTCTGGTTCTTTGAAAGATAAACAACCATGT,0.13009165853766377,0.31580450270877386,0.30832552646775585,0.19612341485567594,0.010401067779555245,0.020800960723640266,0.0020802287586684327,0.016372640168266527,436.53897344071606
CAATTTATCTTGGCTGCTGCTGCTTTGGTTGAAGCTTTGTCTTTGTGTGATGATTTGTTGGGTTCTCAAGATAGAGAAGAGAATACTAATTCTGGTGCTGCTGCTGCTAAACAACCATGT,0.03004465393410425,0.046207432966903855,0.07195728586336103,0.14123965753443105,0.3121291693050766,0.32969252987817543,0.06777557943372674,0.0009536910842210586,981.0240595466217
CAATTTATCTTGGCTGCTGCTGCTTTGGTTGAAGCTTTGTCTTTGTGTGATGATTTGTTGGGTTCTCAAGATAGAGAAGAGAATACTAATTCTGGTTCTTTGAAAGATAAACAACCATGT,0.11375034373915308,0.17977007183288055,0.21303214964634093,0.2784135475788268,0.12748564904126594,0.07113252550368056,0.009881312832482243,0.00653439982537007,527.3056132185354
CAATTTATCTTGGCTGCTGCTGCTTTGGTTGAAGCTTTGTCTTTGTGTGATGATTTGTTGGGTTCTCAAGATAGAGAAGAGAATACTAATTCTGGTTCTTTGAAAGATGCTGCTGCTGCT,0.0825967945782737,0.1241449288245022,0.13614105285994377,0.13450101236700177,0.08386411944469546,0.0526312861864911,0.1375844817867265,0.2485363239523655,2224.940176813578
CAATTTATCTTGGCTGCTGCTGCTTTGGTTGAAGCTTTGTCTTTGTGTGATGATTTGTTGGGTTCTCAAGATAGAGAAGAGAATGCTGCTGCTGCTTCTTTGAAAGATAAACAACCATGT,0.2866033594804108,0.26578255698467124,0.23596499005295157,0.08107612110402346,0.053987083254215126,0.005904148928708264,0.030985972974079245,0.03969576722094022,604.7076046066368
CAATTTATCTTGGCTGCTGCTGCTTTGGTTGAAGCTTTGTCTTTGTGTGATGATTTGTTGGGTTCTCAAGATGCTGCTGCTGCTACTAATTCTGGTTCTTTGAAAGATAAACAACCATGT,0.04061690583317404,0.08173125581033015,0.06317688478572267,0.17485551730320104,0.24014496773718538,0.23733917950639605,0.13184525956597246,0.030290029458018262,1175.0469054706145
CAATTTATCTTGGCTGCTGCTGCTTTGGTTGAAGCTTTGTCTTTGTGTGCTGCTGCTGCTGGTTCTCAAGATAGAGAAGAGAATACTAATTCTGGTTCTTTGAAAGATAAACAACCATGT,0.3255771592274849,0.2868558128158644,0.2077484484476806,0.10975137226201184,0.033870325078341715,0.021977516533179017,0.008854492588042226,0.005364873047395244,350.609789685853
CAATTTATCTTTAATTCTCAACAATTTGTTGAAGCATTCTCATTCTGTGATGACTTCTTTGGTTCTCAAGATAGAGAAGAGAATACTAATTCTGGTTCATTTAAAGATAAACAACCATGT,0.008131375697439826,0.011453636694112378,0.05868584729009294,0.0722694603646477,0.06570422298552278,0.5023499176701262,0.2775245999013049,0.0038809393967533558,1538.4395169856375
CAATTTATTGCTAATTCTCAACAAGCTGTTGAAGCTGCTTCTTTGTGTGATGATTTGTTGGGTTCTCAAGATAGAGAAGAGAATACTAATTCTGGTTCTTTGAAAGATAAACAACCATGT,0.030159896276024035,0.04768434582142787,0.07398645998035579,0.14647180298552187,0.15539186994223525,0.16665819198563397,0.15344497369499527,0.22620245931380592,2294.5442045303544
CAATTTATTGCTAATTCTCAACAAGCTGTTGAAGCTTTGTCTTTGTGTGATGATTTGTTGGGTTCTCAAGATAGAGAAGAGAATACTAATTCTGGTTCTTTGAAAGATAAACAACCATGT,0.10400937415310971,0.16394584955309516,0.22002030517325577,0.24265686101985326,0.1503208797574101,0.07309059139697885,0.012861773548032427,0.03309436539826463,704.133687085872
CAATTTATTGCTAATTCTCAACAATTGGTTGAAGCTGCTTCTTTGTGTGATGATTTGTTGGGTTCTCAAGATAGAGAAGAGAATACTAATTCTGGTTCTTTGAAAGATAAACAACCATGT,0.38032319292726574,0.3188767863827085,0.07887564401415455,0.0985894385003791,0.04996972403032411,0.04648083898270688,0.011757668052338934,0.015126707110122184,433.6402444151039
CAATTTATTGCTAATTCTCAACAATTGGTTGAAGCTTTGTCTGCTTGTGATGATTTGTTGGGTTCTCAAGATAGAGAAGAGAATACTAATTCTGGTTCTTTGAAAGATAAACAACCATGT,0.07875475746174343,0.022639148813071806,0.1119979577579029,0.06249561700748278,0.2549893244031583,0.28874814385049813,0.16695075220190775,0.013424298504234797,1193.9191791382884
CAATTTATTGCTAATTCTCAACAATTGGTTGAAGCTTTGTCTTTGTGTGATGATGCTTTGGGTTCTCAAGATAGAGAAGAGAATACTAATTCTGGTTCTTTGAAAGATAAACAACCATGT,0.07730582781846616,0.07777921852308962,0.19239048478628995,0.04294207606563076,0.15235532386122203,0.31886522652340127,0.0,0.13836184242190022,1546.8687314256772
CAATTTATTGCTAATTCTCAACAATTGGTTGAAGCTTTGTCTTTGTGTGATGATTTGGCTGGTTCTCAAGATAGAGAAGAGAATACTAATTCTGGTTCTTTGAAAGATAAACAACCATGT,0.0536490103400365,0.08482184217806299,0.1335159249812571,0.21854151169605882,0.15859824367415631,0.13347492557599677,0.07108096481907716,0.1463175767353544,1597.1995851183397
CAATTTATTGCTAATTCTCAACAATTGGTTGAAGCTTTGTCTTTGTGTGATGATTTGTTGGGTTCTCAAGATAGAGAAGAGAATACTAATTCTGGTTCTGCTAAAGATAAACAACCATGT,0.003920130612394674,0.009202983910412932,0.017886004096757852,0.059520138989938604,0.1583798027990821,0.22397693667921434,0.3587241644625226,0.16838983844967695,2466.0964466583355
CAATTTATTGCTAATTCTCAACAATTGGTTGAAGCTTTGTCTTTGTGTGATGATTTGTTGGGTTCTCAAGATAGAGAAGAGAATACTAATTCTGGTTCTTTGAAAGATAAACAACCATGT,0.13379507163686585,0.20865228964133972,0.19146055565099898,0.18580223204285995,0.0395527582696699,0.03679118554544737,0.06824839539606888,0.13569751181674936,1342.5056360881022
CACTTTAATCCACATACTGATTACTTCTATACATTTGATGAATATTTGTTGTCTACTCCACCAGCTATCTTTCCAGATTTGAAATTGACTGATCAAGAAGCTTCTGAAGTTATGAGATCT,0.34486788428291626,0.3036072554801037,0.05364189650764228,0.0,0.12743814005194065,0.07902694125233738,0.039980885146344715,0.05143699727871492,777.3612889467304
CACTTTAATCCACATACTGATTACTTCTATACATTTGATGAATATTTGTTGTCTACTCCACCAGCTATCTTTCCAGATTTGAAATTGACTGCTCAAGAAGCTTCTGAAGTTATGAGATCT,0.1329509785281999,0.21736831741379603,0.10339818457767533,0.2030930368859482,0.13101075276560029,0.12186358485001202,0.030826284759351348,0.05948886021941709,929.2045583959057
CACTTTAATCCACATACTGATTACTTCTATACATTTGATGAATATTTGTTGTCTGATCCACCAGCTATCTTTCCAGATTTGAAATTGACTGATCAAGAAGCTTCTGAAGTTATGAGATCT,0.09229179662093738,0.20892814998089798,0.08613223605564832,0.2819659014609021,0.18188986471933416,0.08459515915552347,0.06419689200675663,0.0,650.6225505840155
CACTTTAATCCACATACTGATTACTTCTATACATTTGATGAATATTTGTTGTCTGATCCACCAGCTATCTTTCCAGATTTGAAATTGACTTCTCAAGAAGCTTCTGAAGTTATGAGATCT,0.12530442869954247,0.11280103418969395,0.09027071101214833,0.036633939308742265,0.07148598552946063,0.1632145964010702,0.25077619907552057,0.1495131057838215,1971.166645457658
CACTTTAATCCACATACTGATTACTTCTATACATTTGATGAATATTTGTTGTCTGCTCCACCAGCTATCTTTCCAGATTTGAAATTGACTGCTCAAGAAGCTTCTGAAGTTATGAGATCT,0.14128066758294142,0.1705749782718973,0.14064169232384832,0.0941748172703827,0.08353132928920146,0.07769917369058676,0.1572365924866089,0.13486074908453327,1588.7610983163868
CACTTTAATCCACATACTGATTACTTCTATACATTTGATGAATATTTGTTGTCTGCTCCACCAGCTATCTTTCCAGATTTGAAATTGACTTCTCAAGAAGCTTCTGAAGTTATGAGATCT,0.002274008154496807,0.0008165744887048747,0.00113877607896633,0.001206585053650658,0.005916069589775719,0.034244293533144565,0.38686976923027894,0.5675339238709822,4663.364931081023
CAGAAACCAATCTTGTCTGATGTTAATATTGAATTGGATACTCCACCAGAATTTAGATTGTCTCAATTGGAATTTGGTTCTCAAGATTCATTCTTGGCTTGGGGTACTGGTAAGACTGAT,0.002418301522939146,0.0026648350436135606,0.00394062589300738,0.00767614557683746,0.008397273110482037,0.07262096311705284,0.46175994434703205,0.4405219113890355,4108.847407484884
CAGAAACCAGATTCTTTGGTTATTAATATTGAATTGGATACTCCACCAGAATTTAGATTGTCTCAATTGGAATTTGGTTCTCAAGATTCATTCTTGGCTTGGGGTACTGGTAAGACTGAT,0.03199320337465341,0.05694997669078841,0.0872771573448322,0.1859191326257957,0.2643359771368026,0.2752051879238295,0.08216871860200921,0.01615064630128907,1033.0114040477797
CAGAAACCAGTTAATGATTCTATTATCTTGGAATTGGATACTCCACCAGAATTTAGATTGTCTCAATTGGAATTTGGTTCTCAAGATTCATTCTTGGCTTGGGGTACTGGTAAGACTGAT,0.0005053812145023281,0.00020339038869124647,0.00025154775417012297,0.00033687683065129764,0.0006972082771402803,0.00046323515025535074,0.3349436477353522,0.6625987126492372,5081.854800604515
CAGAAACCATCTATCTTGGATGTTAATATTGAATTGGATACTCCACCAGAATTTAGATTGTCTCAATTGGAATTTGGTTCTCAAGATTCATTCTTGGCTTGGGGTACTGGTAAGACTGAT,0.15286772767219073,0.153803829947518,0.15217634719128403,0.10189851567353034,0.19582789977847598,0.1401193846652072,0.08506613470747916,0.018240160364314494,837.886961437505
CAGAAACCATCTATCTTGGTTGATAATATTGAATTGGATACTCCACCAGAATTTAGATTGTCTCAATTGGAATTTGGTTCTCAAGATTCATTCTTGGCTTGGGGTACTGGTAAGACTGAT,0.17137069568922977,0.0862100514579999,0.21324453894496082,0.1903870292156449,0.0,0.15707930506506515,0.07946871731528982,0.10223966231180957,1278.1694019742656
CAGAAACCATCTTTGGTTATTGATAATATTGAATTGGATACTCCACCAGAATTTAGATTGTCTCAATTGGAATTTGGTTCTCAAGATTCATTCTTGGCTTGGGGTACTGGTAAGACTGAT,0.16824638848623757,0.16927666367561764,0.04926042775641156,0.07696542407821065,0.14628624499102383,0.0725720226878319,0.21111267288289864,0.10628015544176828,1553.4954047422914
CAGAAACCATTGATTGATGTTTCTAATATTGAATTGGATACTCCACCAGAATTTAGATTGTCTCAATTGGAATTTGGTTCTCAAGATTCATTCTTGGCTTGGGGTACTGGTAAGACTGAT,0.14526219848478575,0.1412800032200666,0.10242869453193747,0.13448447878648326,0.13837089812954267,0.15977773865089873,0.10328775385850701,0.07510823433777858,1224.049099040737
CAGAAAGAAATCTTGAATATTGATTTGTCTGTTCCAGATACTCCACCAGAATTTAGATTGTCTCAATTGGAATTTGGTTCTCAAGATTCATTCTTGGCTTGGGGTACTGGTAAGACTGAT,0.22749005949362033,0.24234683272082122,0.24977336233960049,0.13380021453767632,0.052745923207068425,0.012265800998291342,0.04964358464789773,0.031934222055024046,627.2936445785019
CAGAAAGATATCTTGGTTCCATCTAATATTGAATTGGATACTCCACCAGAATTTAGATTGTCTCAATTGGAATTTGGTTCTCAAGATTCATTCTTGGCTTGGGGTACTGGTAAGACTGAT,0.14281261091971392,0.1588121016478869,0.14029609251738367,0.1753610148983879,0.11850818442540446,0.14468205354758362,0.08365344742230493,0.0358744946213346,923.8190562834591
CAGAAAGATATTCCAATTGTCTTAAATTCTGAATTGGATACTCCACCAGAATTTAGATTGTCTCAATTGGAATTTGGTTCTCAAGATTCATTCTTGGCTTGGGGTACTGGTAAGACTGAT,0.03143291402489528,0.09487619075113836,0.039113439039138165,0.10476270339083472,0.10840968759779074,0.11524631492782807,0.2623715815699382,0.24378716869843642,2561.7658586980656
CAGAAAGATATTCCAGTTTCTATCTTGAATGAATTGGATACTCCACCAGAATTTAGATTGTCTCAATTGGAATTTGGTTCTCAAGATTCATTCTTGGCTTGGGGTACTGGTAAGACTGAT,0.1774692063643476,0.17855595848925943,0.18928559986402707,0.11266415296326317,0.04996551484269769,0.023238461840234606,0.11756677648012277,0.15125432915604767,1522.0259422768852
CAGAAAGATATTGTTTCTTTGCCAAATATTGAATTGGATACTCCACCAGAATTTAGATTGTCTCAATTGGAATTTGGTTCTCAAGATTCATTCTTGGCTTGGGGTACTGGTAAGACTGAT,0.0015941146135405547,0.0010662304165627032,0.005726754094812062,0.04097997392148672,0.11668078832075787,0.2060035289526294,0.35045038557746555,0.27749822410274516,3066.1310356179997
CAGAAAGATATTTCTGAACCATTGTTGATTGTTAATGATACTCCACCAGAATTTAGATTGTCTCAATTGGAATTTGGTTCTCAAGATTCATTCTTGGCTTGGGGTACTGGTAAGACTGAT,0.07288282136663848,0.13851057380166526,0.15115248240886509,0.2609044353730816,0.17156809560560785,0.1336095752591656,0.03755279878985858,0.03381921739511758,847.2221341605862
CAGAAAGATTCTGTCTTGATTCCAAATATTGAATTGGATACTCCACCAGAATTTAGATTGTCTCAATTGGAATTTGGTTCTCAAGATTCATTCTTGGCTTGGGGTACTGGTAAGACTGAT,0.3118153249333536,0.4307507891683943,0.2171019605299428,0.002622559343043842,0.0031720388993836434,0.032062830373133774,0.0011941880777384798,0.001280308675009493,278.16988013069
CAGAAAGTCTTGATTGATCCATCTAATATTGAATTGGATACTCCACCAGAATTTAGATTGTCTCAATTGGAATTTGGTTCTCAAGATTCATTCTTGGCTTGGGGTACTGGTAAGACTGAT,0.0003155612356399486,0.0007937340235813647,0.0004908344300954198,0.0009640890255802947,0.0005441731388092904,0.0010123579641288152,0.33224985313904737,0.6636293970431175,5082.549139058006
CAGAAAGTCTTGGATATTCCATCTAATATTGAATTGGATACTCCACCAGAATTTAGATTGTCTCAATTGGAATTTGGTTCTCAAGATTCATTCTTGGCTTGGGGTACTGGTAAGACTGAT,0.17554701411922002,0.14590512670860534,0.151959183649878,0.20350620241160375,0.1278585974816023,0.08395165622085975,0.05662982728036578,0.05464239212786504,916.675894442782
CAGAAAGTCTTGTTGGATATTTCTATTGAGAATCCAGATACTCCACCAGAATTTAGATTGTCTCAATTGGAATTTGGTTCTCAAGATTCATTCTTGGCTTGGGGTACTGGTAAGACTGAT,0.16822284362901108,0.11283531642591924,0.1255965120013219,0.13705257306883917,0.08288393820107151,0.09251638012102052,0.18722155807414292,0.0936708784786737,1430.325674973676
CAGAAAGTTATCTTGGATCCATCTAATATTGAATTGGATACTCCACCAGAATTTAGATTGTCTCAATTGGAATTTGGTTCTCAAGATTCATTCTTGGCTTGGGGTACTGGTAAGACTGAT,0.03621626089998379,0.032794231626617106,0.027039348215983777,0.06437605957602445,0.18557623424825329,0.25228975433764184,0.27206850370338603,0.1296396073921095,2070.554396505621
CAGAAAGTTGATATCTTGCCATCTAATATTGAATTGGATACTCCACCAGAATTTAGATTGTCTCAATTGGAATTTGGTTCTCAAGATTCATTCTTGGCTTGGGGTACTGGTAAGACTGAT,0.07112891494270707,0.155757987285578,0.17007615989577396,0.19523035776436523,0.15804809001982797,0.10354841078352604,0.07631636181750572,0.06989371749071599,1103.9026583775792
CAGAAAGTTGATCCATTGATCTTGAATATTGAATCTGATACTCCACCAGAATTTAGATTGTCTCAATTGGAATTTGGTTCTCAAGATTCATTCTTGGCTTGGGGTACTGGTAAGACTGAT,0.001615790541275415,0.0019702010406046403,0.001278264433993451,0.004172689106902052,0.015173449095719162,0.12423100807650148,0.49625226250729465,0.3553063351977092,3729.335286217306
CAGAAAGTTGATTTGCCATCTATTAATATTGAATTGGATACTCCACCAGAATTTAGATTGTCTCAATTGGAATTTGGTTCTCAAGATTCATTCTTGGCTTGGGGTACTGGTAAGACTGAT,0.11882582985739375,0.22582322648036868,0.08214473049776821,0.10267558454529524,0.16913251340987076,0.10891639730299665,0.09795981870076689,0.09452189920553995,1282.2472486145182
CAGAAATCTATTGTTCCAGATTTGAATATTGAATTGGATACTCCACCAGAATTTAGATTGTCTCAATTGGAATTTGGTTCTCAAGATTCATTCTTGGCTTGGGGTACTGGTAAGACTGAT,0.06443509427145835,0.12965933925872752,0.08017958913296151,0.17896300948995866,0.09524213697196253,0.08859233303502378,0.20916073135338695,0.15376776648652063,1867.5095125274177
CAGAAATCTTTGATTCCAATTGAAGATTTGGTTAATGATACTCCACCAGAATTTAGATTGTCTCAATTGGAATTTGGTTCTCAAGATTCATTCTTGGCTTGGGGTACTGGTAAGACTGAT,0.23834936714463542,0.2429643062028539,0.14439212009058908,0.09755718035846099,0.07416979121455448,0.05461807925094748,0.11052833977078659,0.037420815967172026,843.7238599062929
CAGAAATTGAATATTATTGAAGTTCCATTGTCTGATGATACTCCACCAGAATTTAGATTGTCTCAATTGGAATTTGGTTCTCAAGATTCATTCTTGGCTTGGGGTACTGGTAAGACTGAT,0.14635705080600275,0.16688705547015167,0.1699776358026204,0.11923832677543841,0.08653270977428995,0.05366066523688437,0.11764009917075943,0.13970645696385303,1508.154684985088
CAGAAATTGATTCCAAATGTTGATATTTCTGAATTGGATACTCCACCAGAATTTAGATTGTCTCAATTGGAATTTGGTTCTCAAGATTCATTCTTGGCTTGGGGTACTGGTAAGACTGAT,0.13558972072392594,0.18189335897479433,0.12372844377575197,0.16067795187960043,0.1603331836377683,0.049712908078295454,0.1341359313113378,0.05392850161852572,1064.1971668199992
CAGAAATTGATTGATGTTCCATCTAATATTGAATTGGATACTCCACCAGAATTTAGATTGTCTCAATTGGAATTTGGTTCTCAAGATTCATTCTTGGCTTGGGGTACTGGTAAGACTGAT,0.10913372158919689,0.20862382638664967,0.1222201558150572,0.03637315870788108,0.10754107397922974,0.04001302341091616,0.14170221542160064,0.2343928246894687,2118.7574437004623
CAGAAATTGATTGTTGATCCATCTAATATTGAATTGGATACTCCACCAGAATTTAGATTGTCTCAATTGGAATTTGGTTCTCAAGATTCATTCTTGGCTTGGGGTACTGGTAAGACTGAT,0.1336411712276603,0.1132290842766722,0.09627659351246222,0.1172137953952752,0.11782867593921234,0.19341508295582543,0.11089838782372706,0.11749720886916519,1524.4603233023108
CAGAAATTGCCAGATGTTATTAATTCTATTGAATTGGATACTCCACCAGAATTTAGATTGTCTCAATTGGAATTTGGTTCTCAAGATTCATTCTTGGCTTGGGGTACTGGTAAGACTGAT,0.08530205327980067,0.04681331440741772,0.041814822318041955,0.048819717725478,0.10698188344507113,0.20850219377238777,0.30446607266684395,0.15729994238495879,2217.5162130946414
CAGAAATTGGAACCATTGGATGTTTCTATTAATATTGATACTCCACCAGAATTTAGATTGTCTCAATTGGAATTTGGTTCTCAAGATTCATTCTTGGCTTGGGGTACTGGTAAGACTGAT,0.04460635416172231,0.08975901211510409,0.13876441052211236,0.12389036554405727,0.08791077886826788,0.18398891293889072,0.14479528221326324,0.1862848836365821,2012.2574984444436
CAGAAATTGGATCCAATTGTTTCTAATATTGAATTGGATACTCCACCAGAATTTAGATTGTCTCAATTGGAATTTGGTTCTCAAGATTCATTCTTGGCTTGGGGTACTGGTAAGACTGAT,0.2093372191871129,0.16381487000614128,0.15918714324407807,0.14212400205656725,0.18336199784089086,0.09593981276062333,0.03235823609990176,0.01387671880468469,635.9618599422332
CAGAAATTGGTCTTGGATCCATGTAATATTGATTTGGATACTCCACCAGAATTTAGATTGGATCAATTGGAATTTGGTTCTCAAGAATCATTCTTGGCTTGGGGTACTGGTAAGACTGAT,0.12752222321134898,0.16812132901807958,0.18604078053003376,0.2296077448407028,0.07799662068857072,0.0685202928619021,0.08972225859307026,0.05246875025629187,951.0340354500933
CAGAAATTGGTCTTGGATCCATGTAATATTGATTTGGATACTCCACCAGAATTTAGATTGGCTCAATTGGAATTTGGTTCTCAAGAATCATTCTTGGCTTGGGGTACTGGTAAGACTGAT,0.00036193447884417493,0.00022759426516949773,0.0003377789479656995,0.0008544559709087118,0.00842591702828463,0.0832695255335603,0.4374690467876988,0.46905374698756797,4236.443872655892
CAGAAATTGGTCTTGGATCCATGTAATATTGATTTGGATACTCCACCAGAATTTAGATTGTCTCAATTGGAATTTGGTGATCAAGAATCATTCTTGGCTTGGGGTACTGGTAAGACTGAT,0.08911761840326698,0.11955111986851231,0.18482200600134432,0.19801330151964613,0.14636179441147787,0.13614281710124196,0.05510131352946503,0.07089002916504547,1090.9073713761168
CAGAAATTGGTCTTGGATCCATGTAATATTGATTTGGATACTCCACCAGAATTTAGATTGTCTCAATTGGAATTTGGTGCTCAAGAATCATTCTTGGCTTGGGGTACTGGTAAGACTGAT,0.31203735091868795,0.272396185341388,0.1792952052881538,0.13254758365781918,0.03165272564587875,0.03449005868999485,0.025535158566025284,0.012045731892052314,447.85134881241197
CAGAAATTGGTCTTGGATCCATGTAATATTGATTTGGATACTCCACCAGAATTTAGATTGTCTCAATTGGAATTTGGTTCTCAAGAATCATTCTTGGCTTGGGGTACTGGTAAGACTGAT,0.1424459626078162,0.14331824606318558,0.019694682920299657,0.21100350936580334,0.1559635237677908,0.1450741539222233,0.08807416296901395,0.0944257583838671,1310.658786783664
CAGAAATTGGTCTTGGATCCATGTAATATTGATTTGGATGATCCACCAGAATTTAGATTGGATCAATTGGAATTTGGTGATCAAGAATCATTCTTGGCTTGGGGTACTGGTAAGACTGAT,8.286412070430136e-05,0.0003113241357741324,0.00023232759434684992,0.001298151630861514,0.00044755120963236813,0.0013652437305276147,0.31570581820520005,0.6805567193729533,5147.607827682093
CAGAAATTGGTCTTGGATCCATGTAATATTGATTTGGATGATCCACCAGAATTTAGATTGTCTCAATTGGAATTTGGTTCTCAAGAATCATTCTTGGCTTGGGGTACTGGTAAGACTGAT,0.2714161450480752,0.1662215078956411,0.14684163113596188,0.18354251357461251,0.09302790329939994,0.021633174277359463,0.03283361759019312,0.08448350717875666,940.1405631146165
CAGAAATTGGTCTTGGATCCATGTAATATTGATTTGGATGCTCCACCAGAATTTAGATTGGCTCAATTGGAATTTGGTGCTCAAGAATCATTCTTGGCTTGGGGTACTGGTAAGACTGAT,0.006874390321476051,0.002652898894539616,0.0067964273513685764,0.010357318207326067,0.027281865376103547,0.23201870745116773,0.48603342260224613,0.22798496979577232,3055.6279290443786
CAGAAATTGGTCTTGGATCCATGTAATATTGATTTGGATGCTCCACCAGAATTTAGATTGTCTCAATTGGAATTTGGTTCTCAAGAATCATTCTTGGCTTGGGGTACTGGTAAGACTGAT,0.06295580032728412,0.047505987800011855,0.019584708693498116,0.05245631880642869,0.062037052176256664,0.14426406634828018,0.2919412026335841,0.31925486321465624,3083.401108187088
CAGAAATTGGTTGATATTCCATCTAATATTGAATTGGATACTCCACCAGAATTTAGATTGTCTCAATTGGAATTTGGTTCTCAAGATTCATTCTTGGCTTGGGGTACTGGTAAGACTGAT,0.1543632329948512,0.13539714788380702,0.19208136092143654,0.27702604752549176,0.1287089071108409,0.07255906303571234,0.02569608368627047,0.014168156841589712,607.5285633410416
CAGAAATTGTCTGTTGTTGATCCAGGTAATATTGAATTGGATACTCCACCAGACTTTAGATTGGATCAATTGGAATTTGAATCTCAAGATTCTTATACTCCATGGGTTGGTACTAAAGTT,0.03285631517312087,0.0550958573635339,0.16353857355468082,0.15817642324265638,0.2698068761625898,0.14054262091679423,0.10157509571141565,0.07840823787520826,1311.179307572601
CAGAAATTGTCTGTTGTTGATCCAGGTAATATTGAATTGGATACTCCACCAGACTTTAGATTGGCTCAATTGGAATTTGAATCTCAAGATTCTTATACTCCATGGGTTGGTACTAAAGTT,0.1253314309146531,0.162127172134924,0.22279391045257663,0.21880409244283408,0.10585920115233047,0.0820567616872284,0.08302743121545338,0.0,645.4289544652512
CAGAAATTGTCTGTTGTTGATCCAGGTAATATTGAATTGGATACTCCACCAGACTTTAGATTGTCTCAATTGGAATTTGAAGATCAAGATTCTTATACTCCATGGGTTGGTACTAAAGTT,0.381563266734806,0.29956932904200845,0.19768046525335917,0.06442472228223688,0.025450485401213124,0.01697347653551569,0.006779313136560699,0.007558941614299946,331.78111294527486
CAGAAATTGTCTGTTGTTGATCCAGGTAATATTGAATTGGATACTCCACCAGACTTTAGATTGTCTCAATTGGAATTTGAAGCTCAAGATTCTTATACTCCATGGGTTGGTACTAAAGTT,0.005041716330075305,0.009313607560917439,0.10120105227553922,0.293832173331288,0.2747951439441355,0.26030597580237347,0.03618097028435252,0.019329360471318557,963.3181057866443
CAGAAATTGTCTGTTGTTGATCCAGGTAATATTGAATTGGATACTCCACCAGACTTTAGATTGTCTCAATTGGAATTTGAATCTCAAGATTCTTATACTCCATGGGTTGGTACTAAAGTT,0.05354403530225235,0.09696945252162201,0.19988201148440168,0.16655969891911648,0.21105055257846206,0.15705200606123385,0.08938676964383266,0.025555473489078866,949.5492867363216
CAGAAATTGTCTGTTGTTGATCCAGGTAATATTGAATTGGATGATCCACCAGACTTTAGATTGGATCAATTGGAATTTGAAGATCAAGATTCTTATACTCCATGGGTTGGTACTAAAGTT,0.054195660326006166,0.07088579340509249,0.060694366077588935,0.10837717209369162,0.18157616241291258,0.17883372567478598,0.26137105743516387,0.08406606257475832,1693.8625532500505
CAGAAATTGTCTGTTGTTGATCCAGGTAATATTGAATTGGATGATCCACCAGACTTTAGATTGTCTCAATTGGAATTTGAATCTCAAGATTCTTATACTCCATGGGTTGGTACTAAAGTT,0.11174085998577558,0.18469840712731345,0.09931739776639768,0.1152731400524607,0.18876028284116,0.19021279765439528,0.08142659944588486,0.028570515126612454,947.2474192620571
CAGAAATTGTCTGTTGTTGATCCAGGTAATATTGAATTGGATGCTCCACCAGACTTTAGATTGGCTCAATTGGAATTTGAAGCTCAAGATTCTTATACTCCATGGGTTGGTACTAAAGTT,0.14956214350554328,0.37619500918534204,0.1488857133114343,0.08307923379380293,0.0589518007999975,0.08225368102080516,0.08322667995604902,0.017845738427025786,687.5122631170852
CAGAAATTGTCTGTTGTTGATCCAGGTAATATTGAATTGGATGCTCCACCAGACTTTAGATTGTCTCAATTGGAATTTGAATCTCAAGATTCTTATACTCCATGGGTTGGTACTAAAGTT,0.15613839180608835,0.177796901266043,0.1988086521741245,0.1949794276829613,0.10257318636075097,0.06767561920450417,0.04714752735111374,0.054880294154414096,867.9015562888303
CAGAAGAATATCTTGGATTCTCCAGTTATTGAATTGGATACTCCACCAGAATTTAGATTGTCTCAATTGGAATTTGGTTCTCAAGATTCATTCTTGGCTTGGGGTACTGGTAAGACTGAT,0.0361464086888818,0.100011326750273,0.20240397000019414,0.240944602789167,0.2137134272132787,0.13252797357475452,0.04190489982121565,0.03234739116223527,873.2116587540133
CAGAAGAATATCTTGGTTGAATTGCCAGATTCTATTGATACTCCACCAGAATTTAGATTGTCTCAATTGGAATTTGGTTCTCAAGATTCATTCTTGGCTTGGGGTACTGGTAAGACTGAT,0.07125295035506285,0.04779285040101004,0.0,0.10554614748175849,0.11702186232006219,0.2177027968637362,0.2423058622152753,0.19837753036309488,2349.60696099326
CAGAAGAATCCATTGGATATTATTTCTGTTGAATTGGATACTCCACCAGAATTTAGATTGTCTCAATTGGAATTTGGTTCTCAAGATTCATTCTTGGCTTGGGGTACTGGTAAGACTGAT,0.11978961947450256,0.17530642084501752,0.14905980320903842,0.10888543915552616,0.053655211166048614,0.05989080658389377,0.15149817400289306,0.18191452556307977,1833.4087782231393
CAGAAGATCTTGGATTCTCCATTGAATGAAATTGTTGATACTCCACCAGAATTTAGATTGTCTCAATTGGAATTTGGTTCTCAAGATTCATTCTTGGCTTGGGGTACTGGTAAGACTGAT,0.013749439489991615,0.0004272937664495386,0.0007926981310147357,0.005248993489199498,0.004028017596131797,0.14714632780225065,0.5302620816595864,0.2983451480653756,3479.7590884149454
CAGAAGATCTTGGTTGATCCATCTAATATTGAATTGGATACTCCACCAGAATTTAGATTGTCTCAATTGGAATTTGGTTCTCAAGATTCATTCTTGGCTTGGGGTACTGGTAAGACTGAT,0.11319155649806734,0.1138846973931351,0.028169905223078155,0.12575197928262977,0.11153969070168497,0.2075039838338815,0.2729461790544453,0.027012008013077893,1362.3611501354203
CAGAAGATTAATGTTTCTTTGGATATTCCAGAATTGGATACTCCACCAGAATTTAGATTGTCTCAATTGGAATTTGGTTCTCAAGATTCATTCTTGGCTTGGGGTACTGGTAAGACTGAT,0.4556277277709166,0.2182941971765592,0.08099411491585899,0.09641656162496749,0.042759857632134794,0.03977436530000856,0.04024486600716985,0.0258883095723845,547.9561847213878
CAGAAGATTAATTCTATTCCATTGGATGTTGAATTGGATACTCCACCAGAATTTAGATTGTCTCAATTGGAATTTGGTTCTCAAGATTCATTCTTGGCTTGGGGTACTGGTAAGACTGAT,0.20135050825121983,0.21946545848950863,0.22967066480379644,0.13048792395136738,0.06613736368033656,0.046139740787355374,0.0466855390799226,0.06006280095649318,837.5424888107391
CAGAAGATTGATAATGTCTTGTCTCCATTGGAAATTGATACTCCACCAGAATTTAGATTGTCTCAATTGGAATTTGGTTCTCAAGATTCATTCTTGGCTTGGGGTACTGGTAAGACTGAT,0.2077643767397037,0.19803471599264352,0.1836930018284521,0.15185471988087756,0.11314156652111428,0.07016134986760866,0.05577888301577956,0.019571386153820466,663.908143398475
CAGAAGATTGATGATTGTCCTAAGATTACTTTGTCTTCTTTGCCAGATGATACTGAAGAAGAGAAAGGTCCAACATTTCATAATACTCAGAATGTTACTGGTTTGGATCATGTCTTGTTG,0.16120611059998563,0.1773988933024728,0.1692531047200739,0.16790111251100284,0.09431929077931309,0.08773391994352236,0.11213273174778328,0.030054836395845996,877.2661169718016
CAGAAGATTGATGTCTTGCCATCTAATATTGAATTGGATACTCCACCAGAATTTAGATTGTCTCAATTGGAATTTGGTTCTCAAGATTCATTCTTGGCTTGGGGTACTGGTAAGACTGAT,0.0004247867518313399,0.0015670892601347577,0.001409551844009069,0.0006292315607097107,0.0018138796359345368,0.19091708425301004,0.6655427459138418,0.13769563078052885,2863.4402953236995
CAGAAGATTGATTTGGATGTTATTAGAGAAGTTGATTTGAATAAATTGGAACCATGGGATATTCAAGAAGAATGTAGAATTGGTTCTACTCCACAGAATGATTGGTACTTCTTCTCTCAT,0.22546826389683206,0.11342447175414833,0.21042049716272934,0.1878656941889192,0.05554447079833186,0.15499907115697845,0.05227753104206074,0.0,610.2128840474276
CAGAAGATTGCTTTGGATCCATCTAATATTGAATTGGATACTCCACCAGAATTTAGATTGTCTCAATTGGAATTTGGTTCTCAAGATTCATTCTTGGCTTGGGGTACTGGTAAGACTGAT,0.13748416255717683,0.13832606188642715,0.057025982454443194,0.07637012024777219,0.15805741184397532,0.12601872581002216,0.17001257623646782,0.13670495896371526,1712.8664480055832
CAGAAGATTGTCTTAAATTCTCCAGATTTGACTGAAATTGATCCACCAGAATTTAGATTGTCTCAATTGGAATTTGGTTCTCAAGATTCATTCTTGGCTTGGGGTACTGGTAAGACTGAT,0.19934201946464294,0.17981484538168346,0.25660402758495227,0.18327907945826596,0.06773548731758851,0.09135898574093469,0.009562726919528123,0.012302828132403973,525.3518430284511
CAGAAGATTGTCTTGAATCCATCTAATATTAATTTGAATACTCCACCAAACTTTAGATTGTCTCAATTGAACTTTGGTTCTCAAAATTCATTCTTGGCTTGGGGTACTGGTAAGACTAAT,0.1217735151892635,0.14757995587197623,0.20662971416599465,0.2797965506046301,0.139086745883869,0.07102980283356089,0.030801442185086448,0.00330227326561919,561.937407254416
CAGAAGATTGTCTTGAATGATATTGAATTGCCAACTTCTGATCCACCAGAATTTAGATTGTCTCAATTGGAATTTGGTTCTCAAGATTCATTCTTGGCTTGGGGTACTGGTAAGACTGAT,0.15495262296510234,0.1461576490548116,0.132560151841353,0.11835113633537858,0.19086414408522404,0.17753801368632297,0.04490953858152212,0.03466674345028538,885.3578934834188
CAGAAGATTGTCTTGATTCCAGATTTGTCTAATGAAGATACTCCACCAGAATTTAGATTGTCTCAATTGGAATTTGGTTCTCAAGATTCATTCTTGGCTTGGGGTACTGGTAAGACTGAT,0.010547254612293675,0.031835525643732696,0.04687300070028063,0.0636100569084207,0.0668142823068836,0.046957256871989865,0.2515379599192089,0.4818246630371898,3886.1668959510607
CAGAAGATTGTCTTGATTGATTTGTCTCCAGAGAATGATACTCCACCAGAATTTAGATTGTCTCAATTGGAATTTGGTTCTCAAGATTCATTCTTGGCTTGGGGTACTGGTAAGACTGAT,0.17562455032240668,0.11780000432932301,0.08325249844034062,0.0836198217439158,0.115374377315963,0.10731894079501009,0.14737002954978154,0.16963977750325915,1817.8014704820182
CAGAAGATTGTCTTGCAACCATCTAATATTCAATTGCAAACTCCACCACAATTTAGATTGTCTCAATTGCAATTTGGTTCTCAACAATCATTCTTGGCTTGGGGTACTGGTAAGACTCAA,0.08439470498994649,0.16982301042087128,0.07876219683854109,0.21095922190708072,0.1039538590892964,0.01933916058062827,0.15654342597559606,0.1762244201980397,1813.5992807459102
CAGAAGATTGTCTTGCCATCTGATAATATTGAATTGGATACTCCACCAGAATTTAGATTGTCTCAATTGGAATTTGGTTCTCAAGATTCATTCTTGGCTTGGGGTACTGGTAAGACTGAT,0.1099056061014202,0.11560492626108164,0.18027542201924124,0.23865273610319862,0.09845608541998,0.09158188367213285,0.08803196679080609,0.07749137363213943,1140.496153956871
CAGAAGATTGTCTTGGAACCATCTAATATTGAATTGGAAACTCCACCAGAATTTAGATTGTCTCAATTGGAATTTGGTTCTCAAGAATCATTCTTGGCTTGGGGTACTGGTAAGACTGAA,0.1434967556651135,0.16242240798773064,0.20087965915753966,0.13949252403029758,0.12372730094822389,0.04932371292021331,0.11645007546395457,0.0642075638269269,1066.6067021173153
CAGAAGATTGTCTTGGATAATATTTCTCCAGAATTGGATACTCCACCAGAATTTAGATTGTCTCAATTGGAATTTGGTTCTCAAGATTCATTCTTGGCTTGGGGTACTGGTAAGACTGAT,0.20611432947899722,0.20737649315305012,0.18523386613188453,0.178100243758582,0.09026950721821562,0.052479307614246025,0.053100098195254554,0.02732615444976976,679.5544799527084
CAGAAGATTGTCTTGGATAATCCAGAAGATACTTTGATTTCTCCACCAGAATTTAGATTGTCTCAATTGGAATTTGGTTCTCAAGATTCATTCTTGGCTTGGGGTACTGGTAAGACTGAT,0.0058163918350528105,0.006384009979172231,0.006316457265041032,0.005874376372312046,0.11796489823599587,0.21344731334324016,0.34955723958043783,0.294639313388748,3169.047651351615
CAGAAGATTGTCTTGGATAATCCATCTATTGAATTGGATACTCCACCAGAATTTAGATTGTCTCAATTGGAATTTGGTTCTCAAGATTCATTCTTGGCTTGGGGTACTGGTAAGACTGAT,0.0031109177396211754,0.002180000044613933,0.0027187929322998895,0.012380818561333433,0.05862803995863119,0.14000478720959036,0.4007711391386599,0.38020550441525003,3700.0777828032033
CAGAAGATTGTCTTGGATAATTCTCCAATTGAATTGGATACTCCACCAGAATTTAGATTGTCTCAATTGGAATTTGGTTCTCAAGATTCATTCTTGGCTTGGGGTACTGGTAAGACTGAT,0.02166382269201933,0.06842880073641625,0.13704191022855766,0.2556361766765431,0.27258679215029796,0.20877724997079852,0.030098084358516235,0.0057671631868510065,799.1893002128747
CAGAAGATTGTCTTGGATAATTCTTTGCCAGAAATTGATACTCCACCAGAATTTAGATTGTCTCAATTGGAATTTGGTTCTCAAGATTCATTCTTGGCTTGGGGTACTGGTAAGACTGAT,0.2505506445682461,0.24578279591311145,0.2076117008598303,0.17586865459548198,0.05891793959746356,0.04436537788869656,0.01214675643040702,0.004756130146763034,416.4487584709944
CAGAAGATTGTCTTGGATAATTTGCCAATTTCTGAAGATACTCCACCAGAATTTAGATTGTCTCAATTGGAATTTGGTTCTCAAGATTCATTCTTGGCTTGGGGTACTGGTAAGACTGAT,0.1235501925137673,0.0372920296953445,0.07686962970301832,0.178438094227531,0.1582713047784699,0.2831169340630926,0.06875183846553017,0.0737099765532463,1294.275102910195
CAGAAGATTGTCTTGGATAATTTGTCTGAACCAATTGATACTCCACCAGAATTTAGATTGTCTCAATTGGAATTTGGTTCTCAAGATTCATTCTTGGCTTGGGGTACTGGTAAGACTGAT,0.2075968829461559,0.25263097047850247,0.24233108006308546,0.17242569430736446,0.05357715235741364,0.03986911739381477,0.02567137932971613,0.005897723123947248,453.66527024095535
CAGAAGATTGTCTTGGATACTATTGATCCATTGGAATCTAATCCACCAGAATTTAGATTGTCTCAATTGGAATTTGGTTCTCAAGATTCATTCTTGGCTTGGGGTACTGGTAAGACTGAT,0.013720626254597459,0.0018222132736376649,0.001775614291724503,0.029327821179271404,0.0963733663755627,0.3376008847114959,0.4005883337387468,0.11879114017496355,2345.9417201361643
CAGAAGATTGTCTTGGATACTATTTCTAATGAACCATTGGATCCACCAGAATTTAGATTGTCTCAATTGGAATTTGGTTCTCAAGATTCATTCTTGGCTTGGGGTACTGGTAAGACTGAT,0.008062406049919046,0.0056684707281642495,0.0045931595269528116,0.056224434400304044,0.20675486127428788,0.38909031698246344,0.2601796963771225,0.06942665466078594,1838.0892578656767
CAGAAGATTGTCTTGGATACTTCTAATCCAGATGAAATCTTGCCACCAGAATTTAGATTGTCTCAATTGGAATTTGGTTCTCAAGATTCATTCTTGGCTTGGGGTACTGGTAAGACTGAT,0.1442975108791631,0.14855743790000644,0.12944743105227444,0.13421272130844805,0.046294971771958314,0.1045807404862758,0.20852341359570523,0.08408577300616868,1417.5463685995446
CAGAAGATTGTCTTGGATATCTTAAATTCTGATCCAACTGAACCACCAGAATTTAGATTGTCTCAATTGGAATTTGGTTCTCAAGATTCATTCTTGGCTTGGGGTACTGGTAAGACTGAT,0.24461267947819645,0.302218706257409,0.18294519330018408,0.15629512498919068,0.05745064269864109,0.03833698961680752,0.01057922379682493,0.007561439862746102,415.7474627992808
CAGAAGATTGTCTTGGATATCTTGAATCCATCTGAAGATACTCCACCAGAATTTAGATTGTCTCAATTGGAATTTGGTTCTCAAGATTCATTCTTGGCTTGGGGTACTGGTAAGACTGAT,0.24455377881611093,0.15141620348848342,0.09363374094907169,0.12539582393415125,0.09268648955326463,0.15518721755457027,0.06978798451270436,0.0673387611916434,1055.7124845382345
CAGAAGATTGTCTTGGATATTAATCCATCTGAATTGGATACTCCACCAGAATTTAGATTGTCTCAATTGGAATTTGGTTCTCAAGATTCATTCTTGGCTTGGGGTACTGGTAAGACTGAT,0.0034711170002610296,0.004878818494868958,0.020446721856826253,0.08598084170331477,0.25236316351096927,0.32211161169435554,0.24989850605974956,0.06084921967965462,1719.7091449886811
CAGAAGATTGTCTTGGATATTCCAACTTCTAATTTGGATGAACCACCAGAATTTAGATTGTCTCAATTGGAATTTGGTTCTCAAGATTCATTCTTGGCTTGGGGTACTGGTAAGACTGAT,0.24316419463976693,0.17922272029018654,0.14777188858448373,0.15077981636014914,0.12259401133941748,0.10625942057343561,0.036712913412826995,0.013495034799733735,620.7355137991053
CAGAAGATTGTCTTGGATATTCCATCTCCATTGGATCCAGAAACTAATGAATTTAGATTGTCTCAATTGGAATTTGGTTCTCAAGATTCATTCTTGGCTTGGGGTACTGGTAAGACTGAT,0.07187131754688081,0.11750607282792172,0.05589551757963819,0.1996164889588071,0.2390258039037575,0.1482246849741849,0.12498172589192247,0.04287838831688735,1137.451374284446
CAGAAGATTGTCTTGGATATTTCTAATCCAGAATTGGATACTCCACCAGAATTTAGATTGTCTCAATTGGAATTTGGTTCTCAAGATTCATTCTTGGCTTGGGGTACTGGTAAGACTGAT,0.0017265294512794635,0.0014889446087109452,0.01616416002872616,0.0015527602868175192,0.03653815737565682,0.17980739413034857,0.37797515540780335,0.38474689871065726,3705.8638069981725
CAGAAGATTGTCTTGGATATTTCTTTGGAACCAAATGATACTCCACCAGAATTTAGATTGTCTCAATTGGAATTTGGTTCTCAAGATTCATTCTTGGCTTGGGGTACTGGTAAGACTGAT,0.5703855322414508,0.1490633106741316,0.12452698773140457,0.002795531431803586,0.02777805266355997,0.027958039683313812,0.07266143597031009,0.02483110960402561,567.0533077404742
CAGAAGATTGTCTTGGATCCAAATATTTCTGAATTGGATACTCCACCAGAATTTAGATTGTCTCAATTGGAATTTGGTTCTCAAGATTCATTCTTGGCTTGGGGTACTGGTAAGACTGAT,0.06490720463107315,0.07298757348006586,0.09216946623835874,0.0687163046298275,0.06245503790586985,0.07069322024035678,0.2783275325549829,0.28974366031946525,2798.6886501081735
CAGAAGATTGTCTTGGATCCAAATTCTATTGAATTGGATACTCCACCAGAATTTAGATTGTCTCAATTGGAATTTGGTTCTCAAGATTCATTCTTGGCTTGGGGTACTGGTAAGACTGAT,0.0449816629998836,0.15839989599173127,0.223891113910921,0.14991930481376964,0.13297566356038515,0.18553695842360574,0.10429540029970356,0.0,817.2222848670776
CAGAAGATTGTCTTGGATCCACCATCTTTGATTCCAGATAATGAAACTGAATTTAGATTGTCTCAATTGGAATTTGGTTCTCAAGATTCATTCTTGGCTTGGGGTACTGGTAAGACTGAT,0.07722720154525778,0.07770011077328463,0.09609740405904796,0.2144920025227444,0.2283005492797994,0.07078686996082031,0.1432484503600392,0.09214741149900622,1395.893570740994
CAGAAGATTGTCTTGGATCCAGAAGAAATTGAATTGGATGAAGAACCAGAATTTAGAGAAGAACAATTGGAATTTGAAGAACAAGATGAAGAATTGGCTTGGGGTACTGGTAAGACTGAT,0.007599182694641051,0.004982434054242484,0.06739493909722197,0.1490064849605063,0.3399915265981876,0.34294286532751567,0.07697463658327205,0.011107930684412902,1098.307040952957
CAGAAGATTGTCTTGGATCCAGAAGAAATTGAATTGGATGAAGAACCAGAATTTAGAGAAGAACAATTGGAATTTGGTGCTCAAGATGAAGAATTGGCTTGGGGTACTGGTAAGACTGAT,0.2632293845518363,0.1589047791131607,0.19652915051700956,0.05848778325317416,0.05187758706544163,0.09651099012421378,0.04882632113010036,0.12563400424506344,1266.5038583740993
CAGAAGATTGTCTTGGATCCAGAAGAAATTGAATTGGATGAAGAACCAGAATTTAGATTGGCTCAATTGGAATTTGAAGAACAAGATGAAGAATTGGCTTGGGGTACTGGTAAGACTGAT,0.27664575364812616,0.2920401974220507,0.21376878771874971,0.14125985529155646,0.0381322603385493,0.024365285977711565,0.007963494938165725,0.005824364665090565,369.08153481439945
CAGAAGATTGTCTTGGATCCAGAAGAAATTGAATTGGATGAAGAACCAGAATTTAGATTGGCTCAATTGGAATTTGGTGCTCAAGATGAAGAATTGGCTTGGGGTACTGGTAAGACTGAT,0.3032123074057123,0.22117506935809703,0.15092047898882976,0.16842929357443961,0.05228778899662976,0.04168890574573673,0.035151711683889246,0.027134444246665553,589.0394061201234
CAGAAGATTGTCTTGGATCCAGAAGAAATTGAATTGGATGCTCCACCAGAATTTAGAGAAGAACAATTGGAATTTGAAGAACAAGATGAAGAATTGGCTTGGGGTACTGGTAAGACTGAT,0.45288985053558517,0.2899674725463657,0.10246398840711551,0.0,0.04057096211182021,0.03773829841743044,0.07636942798168304,0.0,449.6674523031094
CAGAAGATTGTCTTGGATCCAGAAGAAATTGAATTGGATGCTCCACCAGAATTTAGAGAAGAACAATTGGAATTTGGTGCTCAAGATGAAGAATTGGCTTGGGGTACTGGTAAGACTGAT,0.26122740033760117,0.1832872883120743,0.27373256588340983,0.15656323642817452,0.060966750115609016,0.03780670196354452,0.022314790574564473,0.004101266385022226,430.5940374283131
CAGAAGATTGTCTTGGATCCAGAAGAAATTGAATTGGATGCTCCACCAGAATTTAGATTGGCTCAATTGGAATTTGAAGAACAAGATGAAGAATTGGCTTGGGGTACTGGTAAGACTGAT,0.3799895151733161,0.3078391974125645,0.13509675808950466,0.05482538445933713,0.024314553377531325,0.013570147072955145,0.05492268666306542,0.0294417577517258,566.5326785104294
CAGAAGATTGTCTTGGATCCAGAAGAAATTGAATTGGATGCTCCACCAGAATTTAGATTGGCTCAATTGGAATTTGGTGCTCAAGATGAAGAATTGGCTTGGGGTACTGGTAAGACTGAT,0.18785588694461033,0.16538046266507367,0.10226905075186965,0.05217537936140586,0.13883580304850496,0.1076185752432853,0.11978078389606318,0.12608405808918705,1492.1903621050024
CAGAAGATTGTCTTGGATCCAGAAGATATTTCTTTGACTAATCCACCAGAATTTAGATTGTCTCAATTGGAATTTGGTTCTCAAGATTCATTCTTGGCTTGGGGTACTGGTAAGACTGAT,0.09002215592661002,0.1358601246889999,0.1400234522170977,0.150017341893174,0.15523972408593625,0.18565828703800943,0.06261816145992037,0.08056075269025222,1212.2831319014188
CAGAAGATTGTCTTGGATCCAGAGAATATTGAATTGGATGAACCACCAGAATTTAGATTGGAACAATTGGAATTTGGTGAACAAGATGAGTTCTTGGCTTGGGGTACTGGTAAGACTGAT,0.06885704361268619,0.13855739452351407,0.14688347428942078,0.15299567900179006,0.0872385112499892,0.10819669371640808,0.10947657890180597,0.18779462470438557,1858.2576705356205
CAGAAGATTGTCTTGGATCCAGAGAATATTGAATTGGATGAACCACCAGAATTTAGATTGGAACAATTGGAATTTGGTGAACAAGATGAGTTCTTGGCTTGGGGTGAAGGTAAAGAAGAT,0.15158704874501666,0.08715160493865688,0.053893378727744315,0.1684080686144094,0.1493748566986893,0.05954807461925739,0.20084161125394082,0.12919535640228522,1680.9812445852688
CAGAAGATTGTCTTGGATCCAGAGAATATTGAATTGGATGAACCACCAGAATTTAGATTGGAACAATTGGAATTTGGTGCTCAAGATGAGTTCTTGGCTTGGGGTACTGGTAAGACTGAT,0.003873994710475428,0.0006814316250933736,0.0009420562068640666,0.004276300372650581,0.012046399354383576,0.053566142558785564,0.387227330717839,0.5373863444539084,4505.374833470658
CAGAAGATTGTCTTGGATCCAGAGAATATTGAATTGGATGAACCACCAGAATTTAGATTGGCTCAATTGGAATTTGGTGAACAAGATGAGTTCTTGGCTTGGGGTACTGGTAAGACTGAT,0.24959390122437022,0.11257207305665864,0.21419401183560316,0.1243025737685891,0.09329192627810402,0.12622296146835965,0.0798225523683153,0.0,645.5193619143239
CAGAAGATTGTCTTGGATCCAGAGAATATTGAATTGGATGAACCACCAGAATTTAGATTGGCTCAATTGGAATTTGGTGCTCAAGATGAGTTCTTGGCTTGGGGTACTGGTAAGACTGAT,0.0023092517809959207,0.006324791340235053,0.0006917708185663394,0.015202965262644148,0.050525673863345916,0.13852446580360983,0.451742437222885,0.3346786439077177,3536.0319655476233
CAGAAGATTGTCTTGGATCCAGAGAATATTGAATTGGATGCTCCACCAGAATTTAGATTGGAACAATTGGAATTTGGTGAACAAGATGAGTTCTTGGCTTGGGGTACTGGTAAGACTGAT,0.00022685607543385653,0.00020542072811515844,0.0001693725488533322,0.00025202940378847176,0.0002458999858079941,0.00012476250225496773,0.2837627675824,0.7150128911733461,5281.470635419882
CAGAAGATTGTCTTGGATCCAGAGAATATTGAATTGGATGCTCCACCAGAATTTAGATTGGAACAATTGGAATTTGGTGCTCAAGATGAGTTCTTGGCTTGGGGTACTGGTAAGACTGAT,0.2690083098980598,0.2038270656392891,0.1653034914472437,0.16603283682075734,0.07527034679816143,0.07610323132373345,0.024641112026680324,0.019813606046074874,574.5309963040909
CAGAAGATTGTCTTGGATCCAGAGAATATTGAATTGGATGCTCCACCAGAATTTAGATTGGCTCAATTGGAATTTGGTGAACAAGATGAGTTCTTGGCTTGGGGTACTGGTAAGACTGAT,0.15953897885545526,0.2716423486076607,0.15270906352119523,0.09543821172332738,0.04837253537805648,0.0787415405131019,0.0910548496893943,0.10250247171180876,1216.8782156009158
CAGAAGATTGTCTTGGATCCAGAGAATATTGAATTGGATGCTCCACCAGAATTTAGATTGGCTCAATTGGAATTTGGTGCTCAAGATGAGTTCTTGGCTTGGGGTACTGGTAAGACTGAT,0.1502809410028978,0.13754431997254873,0.09410401830970927,0.10771421111109387,0.13757835223322354,0.12619523696161658,0.13668014620445387,0.1099027742044565,1469.5313943753902
CAGAAGATTGTCTTGGATCCAGATAATATTGAATTGGATGATCCACCAGAATTTAGATTGGATCAATTGGAATTTGGTGCTCAAGATGACTTCTTGGCTTGGGGTACTGGTAAGACTGAT,0.10124455888193593,0.030559362308532945,0.03779499615024537,0.08998341618329159,0.0698369294725507,0.1392019640828802,0.2535275127673382,0.2778512601532251,2745.5051183728865
CAGAAGATTGTCTTGGATCCAGATAATATTGAATTGGATGATCCACCAGAATTTAGATTGGCTCAATTGGAATTTGGTGATCAAGATGACTTCTTGGCTTGGGGTACTGGTAAGACTGAT,0.030690729796836676,0.026467429579344972,0.0163671019859422,0.012664362148755043,0.012961218568100273,0.028935039765340013,0.3529543509832139,0.5189597671724667,4285.698242548469
CAGAAGATTGTCTTGGATCCAGATAATATTGAATTGGATGATCCACCAGAATTTAGATTGGCTCAATTGGAATTTGGTGCTCAAGATGACTTCTTGGCTTGGGGTACTGGTAAGACTGAT,0.0013538888887537895,0.0006810897878336266,0.00031588256385943454,0.00037603115629136194,0.0006670654268219383,0.00915224126461702,0.4820171522775857,0.5054366486342372,4476.0958001621
CAGAAGATTGTCTTGGATCCAGATAATATTGAATTGGATGCTCCACCAGAATTTAGATTGGATCAATTGGAATTTGGTGATCAAGATGACTTCTTGGCTTGGGGTACTGGTAAGACTGAT,0.060170239180811144,0.06818569169221117,0.08590649274372913,0.16746956299826063,0.2384168245656318,0.23280104027742934,0.10397311082325295,0.04307703771867389,1180.1588187106122
CAGAAGATTGTCTTGGATCCAGATAATATTGAATTGGATGCTCCACCAGAATTTAGATTGGATCAATTGGAATTTGGTGCTCAAGATGACTTCTTGGCTTGGGGTACTGGTAAGACTGAT,0.11263976721060474,0.1780892601141161,0.19022109078996635,0.12960820867865694,0.08721110669438294,0.051623109438203946,0.09700557627673813,0.15360188079733084,1550.1918565095527
CAGAAGATTGTCTTGGATCCAGATAATATTGAATTGGATGCTCCACCAGAATTTAGATTGGCTCAATTGGAATTTGGTGATCAAGATGACTTCTTGGCTTGGGGTACTGGTAAGACTGAT,0.04955202177931315,0.09971091802508204,0.09248983318550284,0.05505061516060165,0.0,0.499616158164895,0.11489232728337473,0.08868812640123057,1631.137436246743
CAGAAGATTGTCTTGGATCCAGATAATATTGAATTGGATGCTCCACCAGAATTTAGATTGGCTCAATTGGAATTTGGTGCTCAAGATGACTTCTTGGCTTGGGGTACTGGTAAGACTGAT,0.1545481053079288,0.21462620789940753,0.1733511266720374,0.1668611470169265,0.06863896381144746,0.0837986531121781,0.0888275435149423,0.04934825266513193,922.9166253304054
CAGAAGATTGTCTTGGATCCAGATGATATTGAATTGGATGATGATCCAGAATTTAGAGATGATCAATTGGAATTTGGTGCTCAAGATGATGATTTGGCTTGGGGTACTGGTAAGACTGAT,0.019985031436624306,0.09360455117913913,0.1988688517997731,0.19830017372667041,0.2737103179058875,0.1617790841785763,0.01922906159814646,0.0345229281751828,889.0765266614892
CAGAAGATTGTCTTGGATCCAGATGATATTGAATTGGATGATGATCCAGAATTTAGATTGGCTCAATTGGAATTTGATGATCAAGATGATGATTTGGCTTGGGGTACTGGTAAGACTGAT,0.02778690694128017,0.13978531554837875,0.1037296277914139,0.18522186569991478,0.24643257779177463,0.10187851580317153,0.12885457714353182,0.06631061328053432,1246.7042846327438
CAGAAGATTGTCTTGGATCCAGATGATATTGAATTGGATGATGATCCAGAATTTAGATTGGCTCAATTGGAATTTGGTGCTCAAGATGATGATTTGGCTTGGGGTACTGGTAAGACTGAT,0.12440723249773389,0.20861508968889297,0.20640761890435705,0.13821221483010046,0.1634555870085213,0.038010780367509836,0.09615104799158584,0.02474042871129858,787.869315473029
CAGAAGATTGTCTTGGATCCAGATGATATTGAATTGGATGCTCCACCAGAATTTAGAGATGATCAATTGGAATTTGATGATCAAGATGATGATTTGGCTTGGGGTACTGGTAAGACTGAT,0.10370902398737451,0.12453972934092379,0.12904996922416917,0.17096746897850576,0.19450119271061517,0.17172174448667252,0.07756834064900693,0.027942530622732102,933.7994518399665
CAGAAGATTGTCTTGGATCCAGATGATATTGAATTGGATGCTCCACCAGAATTTAGAGATGATCAATTGGAATTTGGTGCTCAAGATGATGATTTGGCTTGGGGTACTGGTAAGACTGAT,0.40908261973883986,0.20906040989012026,0.12928014183004616,0.04328351547953209,0.04479029501333706,0.05951862512472736,0.06624495406800676,0.03873943885539042,706.8852518966564
CAGAAGATTGTCTTGGATCCAGATGATATTGAATTGGATGCTCCACCAGAATTTAGATTGGCTCAATTGGAATTTGATGATCAAGATGATGATTTGGCTTGGGGTACTGGTAAGACTGAT,0.24307263506026583,0.30570139620863623,0.15123330095934465,0.06751136284797593,0.11976267210853539,0.0,0.11271863281524201,0.0,575.7085763066918
CAGAAGATTGTCTTGGATCCAGATGATATTGAATTGGATGCTCCACCAGAATTTAGATTGGCTCAATTGGAATTTGGTGCTCAAGATGATGATTTGGCTTGGGGTACTGGTAAGACTGAT,0.08047994637129464,0.12724293078917362,0.15200572154055078,0.16125820547167863,0.11895818827390629,0.1040660700216728,0.1359532087453513,0.12003572878637199,1519.8237724130165
CAGAAGATTGTCTTGGATCCAGCTAATATTGAATTGGATGAACCACCAGAATTTAGATTGGAACAATTGGAATTTGGTGAACAAGATGCATTCTTGGCTTGGGGTACTGGTAAGACTGAT,0.09542094354291954,0.09600526414298723,0.09714822927996432,0.09637221013792975,0.19660486551694983,0.19082913190146847,0.14481487232501775,0.08280448315276318,1429.99310677076
CAGAAGATTGTCTTGGATCCAGCTAATATTGAATTGGATGAACCACCAGAATTTAGATTGGAACAATTGGAATTTGGTGCTCAAGATGCATTCTTGGCTTGGGGTACTGGTAAGACTGAT,0.05999617858235949,0.10060595292301634,0.1244267326336009,0.16663429763541251,0.18228858387472177,0.1924748744311774,0.14374530744019864,0.029828072479512822,1120.4692306235734
CAGAAGATTGTCTTGGATCCAGCTAATATTGAATTGGATGAACCACCAGAATTTAGATTGGCTCAATTGGAATTTGGTGAACAAGATGCATTCTTGGCTTGGGGTACTGGTAAGACTGAT,0.0013224031451747364,0.0009866003368452767,0.004752972333643362,0.009632445253444397,0.047049806291105424,0.1332015782053678,0.4376679192767695,0.3653862751576496,3682.046000335462
CAGAAGATTGTCTTGGATCCAGCTAATATTGAATTGGATGAACCACCAGAATTTAGATTGGCTCAATTGGAATTTGGTGCTCAAGATGCATTCTTGGCTTGGGGTACTGGTAAGACTGAT,0.20567063860553883,0.1939969549593063,0.12796277778870613,0.18565064552227506,0.1393350580800536,0.0706945567352839,0.0,0.07668936830883616,900.0958275934051
CAGAAGATTGTCTTGGATCCAGCTAATATTGAATTGGATGAAGAACCAGAATTTAGAGAAGAACAATTGGAATTTGAAGAACAAGATGCATTCTTGGCTTGGGGTACTGGTAAGACTGAT,0.233074800335585,0.3048526772279848,0.11601033219210832,0.07768145885582198,0.06890202399566442,0.10681881029206046,0.0648494376942077,0.02781045940656735,726.2482307449188
CAGAAGATTGTCTTGGATCCAGCTAATATTGAATTGGATGAAGAACCAGAATTTAGAGAAGAACAATTGGAATTTGGTGCTCAAGATGCATTCTTGGCTTGGGGTACTGGTAAGACTGAT,0.07493410858067304,0.07539297580274891,0.0932440016729273,0.2636226329732765,0.22152166343531438,0.14881751856151423,0.09266333380388622,0.029803765169659532,991.5358139447693
CAGAAGATTGTCTTGGATCCAGCTAATATTGAATTGGATGAAGAACCAGAATTTAGATTGGCTCAATTGGAATTTGAAGAACAAGATGCATTCTTGGCTTGGGGTACTGGTAAGACTGAT,0.02811049019729624,0.09427542621068306,0.17489596157413545,0.17696887216312363,0.2308354880201617,0.2576622711059653,0.026071022120773894,0.011180468607860612,839.0439408859627
CAGAAGATTGTCTTGGATCCAGCTAATATTGAATTGGATGAAGAACCAGAATTTAGATTGGCTCAATTGGAATTTGGTGCTCAAGATGCATTCTTGGCTTGGGGTACTGGTAAGACTGAT,0.2210372346167429,0.2462183639423678,0.14734656790548809,0.1140122606270792,0.062231862379311546,0.09406610703460166,0.058571592646039165,0.05651601084836959,882.1527686711429
CAGAAGATTGTCTTGGATCCAGCTAATATTGAATTGGATGATCCACCAGAATTTAGATTGGATCAATTGGAATTTGGTGATCAAGATGCATTCTTGGCTTGGGGTACTGGTAAGACTGAT,0.06003585655438391,0.07550436587280272,0.16808717864006134,0.13339559987004368,0.14789930181764582,0.22011676123787222,0.06960018009662354,0.12536075591056692,1539.0578133087586
CAGAAGATTGTCTTGGATCCAGCTAATATTGAATTGGATGATCCACCAGAATTTAGATTGGATCAATTGGAATTTGGTGCTCAAGATGCATTCTTGGCTTGGGGTACTGGTAAGACTGAT,0.07027450007160321,0.14140966734113303,0.24047604285252808,0.27325404939000947,0.017312236541106304,0.09662097936855192,0.09776393259424453,0.0628885918408234,1053.7656472408635
CAGAAGATTGTCTTGGATCCAGCTAATATTGAATTGGATGATCCACCAGAATTTAGATTGGCTCAATTGGAATTTGGTGATCAAGATGCATTCTTGGCTTGGGGTACTGGTAAGACTGAT,0.23840437866195693,0.17704267842059299,0.24015144960294033,0.17026661372301122,0.06712148977633098,0.04682630161234869,0.026322345222800646,0.03386474298001821,637.9580997242654
CAGAAGATTGTCTTGGATCCAGCTAATATTGAATTGGATGATCCACCAGAATTTAGATTGGCTCAATTGGAATTTGGTGCTCAAGATGCATTCTTGGCTTGGGGTACTGGTAAGACTGAT,0.09037992202062099,0.11114078967836793,0.1530759275737689,0.17013751840509161,0.1509088468262183,0.14037239441504143,0.12107722098113498,0.06290738009975584,1194.6879723818724
CAGAAGATTGTCTTGGATCCAGCTAATATTGAATTGGATGATGATCCAGAATTTAGAGATGATCAATTGGAATTTGATGATCAAGATGCATTCTTGGCTTGGGGTACTGGTAAGACTGAT,0.17510029631640353,0.13212940662086212,0.108942727363463,0.19453048898694722,0.043136240672771616,0.1604978771396576,0.08119822291569466,0.10446473998420021,1313.838554626946
CAGAAGATTGTCTTGGATCCAGCTAATATTGAATTGGATGATGATCCAGAATTTAGAGATGATCAATTGGAATTTGGTGCTCAAGATGCATTCTTGGCTTGGGGTACTGGTAAGACTGAT,0.05366909899395068,0.05399774760048151,0.030355890790184588,0.027102067397981412,0.06250149066200852,0.03577700796311725,0.2534015606602163,0.48319513593205965,3869.560573006001
CAGAAGATTGTCTTGGATCCAGCTAATATTGAATTGGATGATGATCCAGAATTTAGATTGGCTCAATTGGAATTTGATGATCAAGATGCATTCTTGGCTTGGGGTACTGGTAAGACTGAT,0.07516438912960273,0.05293726654989123,0.03741222019449176,0.15865966415153546,0.21479567581329598,0.1791298208999243,0.1742776840548312,0.10762327920642742,1659.4396587788108
CAGAAGATTGTCTTGGATCCAGCTAATATTGAATTGGATGATGATCCAGAATTTAGATTGGCTCAATTGGAATTTGGTGCTCAAGATGCATTCTTGGCTTGGGGTACTGGTAAGACTGAT,0.1978957944564336,0.17066368374088156,0.2334586974619845,0.13134225517104584,0.05065137500233656,0.054182131663439465,0.06674112305562062,0.09506493944825789,1100.5839227682488
CAGAAGATTGTCTTGGATCCAGCTAATATTGAATTGGATGCTCCACCAGAATTTAGAGAAGAACAATTGGAATTTGAAGAACAAGATGCATTCTTGGCTTGGGGTACTGGTAAGACTGAT,0.09199848695720705,0.23581233155558218,0.19352233761165963,0.23604995726428696,0.09713132477463814,0.0923573870704459,0.02437823614402619,0.028749938622154005,694.6884566780915
CAGAAGATTGTCTTGGATCCAGCTAATATTGAATTGGATGCTCCACCAGAATTTAGAGAAGAACAATTGGAATTTGGTGCTCAAGATGCATTCTTGGCTTGGGGTACTGGTAAGACTGAT,0.0006632063320676063,0.002038873065437871,0.01870586002623785,0.06352851055929348,0.28991219449334815,0.3752422384452206,0.2161014392560495,0.033807677822345165,1549.3085659442615
CAGAAGATTGTCTTGGATCCAGCTAATATTGAATTGGATGCTCCACCAGAATTTAGAGATGATCAATTGGAATTTGATGATCAAGATGCATTCTTGGCTTGGGGTACTGGTAAGACTGAT,0.005734508959312705,0.028848124265377525,0.09990003249159556,0.210237882110715,0.2768902857809573,0.2575578120353468,0.07977689585669204,0.04105445850000302,1176.2266757004486
CAGAAGATTGTCTTGGATCCAGCTAATATTGAATTGGATGCTCCACCAGAATTTAGATTGGAACAATTGGAATTTGGTGAACAAGATGCATTCTTGGCTTGGGGTACTGGTAAGACTGAT,0.1237245745708744,0.199171544889414,0.06158250044890418,0.08247228301938456,0.17068659261785063,0.13608793579252676,0.13769775331050715,0.08857681535053834,1363.557496429754
CAGAAGATTGTCTTGGATCCAGCTAATATTGAATTGGATGCTCCACCAGAATTTAGATTGGAACAATTGGAATTTGGTGCTCAAGATGCATTCTTGGCTTGGGGTACTGGTAAGACTGAT,0.2036941415223559,0.16527539105673558,0.30252406461778875,0.11679859663167268,0.07122376601300083,0.04818249033839744,0.06094056601954576,0.03136098380050303,703.7690802944194
CAGAAGATTGTCTTGGATCCAGCTAATATTGAATTGGATGCTCCACCAGAATTTAGATTGGATCAATTGGAATTTGGTGATCAAGATGCATTCTTGGCTTGGGGTACTGGTAAGACTGAT,0.04654704936420379,0.08195614930945241,0.1399749323092271,0.2671796625423206,0.17582642490461733,0.20266006479913687,0.03957247690645621,0.046283239864585705,1011.2630062685206
CAGAAGATTGTCTTGGATCCAGCTAATATTGAATTGGATGCTCCACCAGAATTTAGATTGGATCAATTGGAATTTGGTGCTCAAGATGCATTCTTGGCTTGGGGTACTGGTAAGACTGAT,0.00029526270706301574,0.00036308650961293154,0.00020411618860008093,0.00024298285248573946,0.0006465639515182449,0.00869053157802518,0.3851419440324392,0.6044155121802557,4853.227031594958
CAGAAGATTGTCTTGGATCCAGCTAATATTGAATTGGATGCTCCACCAGAATTTAGATTGGCTCAATTGGAATTTGAAGAACAAGATGCATTCTTGGCTTGGGGTACTGGTAAGACTGAT,0.0011546439349967444,0.0011133097517937321,0.0005387914614872743,0.0009086289206102968,0.018726186162132653,0.06037021139001849,0.4620814324362183,0.4551067959427425,4188.755103648584
CAGAAGATTGTCTTGGATCCAGCTAATATTGAATTGGATGCTCCACCAGAATTTAGATTGGCTCAATTGGAATTTGATGATCAAGATGCATTCTTGGCTTGGGGTACTGGTAAGACTGAT,0.018844521301191873,0.01844046798907427,0.07355955446846164,0.07800670812346383,0.4372738740911801,0.20751249611502948,0.10845512787706772,0.057907250034531045,1340.7507944986078
CAGAAGATTGTCTTGGATCCAGCTAATATTGAATTGGATGCTCCACCAGAATTTAGATTGGCTCAATTGGAATTTGGTGAACAAGATGCATTCTTGGCTTGGGGTACTGGTAAGACTGAT,0.001315158679616287,0.001643990912482343,0.0012645783849097594,0.0010404779364545605,0.000490896157371782,0.07799100315218994,0.4703027467314629,0.44595114804551245,4162.199596673177
CAGAAGATTGTCTTGGATCCAGCTAATATTGAATTGGATGCTCCACCAGAATTTAGATTGGCTCAATTGGAATTTGGTGATCAAGATGCATTCTTGGCTTGGGGTACTGGTAAGACTGAT,0.000400023006784871,0.0005681965997433936,0.0017275451967074357,0.00020913505406477604,0.027523405677276087,0.0875678110241201,0.5105186456996944,0.3714852377416091,3826.462538663836
CAGAAGATTGTCTTGGATCCATCATTTACTGAAATTCCAAATGATTTGGAACCAAGATTGTCTCAATTGGAATTTGGTTCTCAAGATTCATTCTTGGCTTGGGGTACTGGTAAGACTGAT,0.3248068220158643,0.21786387477958916,0.18524561818368293,0.09021234007346912,0.053344456639551154,0.04961994783437837,0.06275864293543126,0.016148297538033634,578.3464313476649
CAGAAGATTGTCTTGGATCCATCATTTATTCCAGATAATACTGAACCAGAATTGAGATTGTCTCAATTGGAATTTGGTTCTCAAGATTCATTCTTGGCTTGGGGTACTGGTAAGACTGAT,0.15101979544896482,0.17726867866038704,0.06264032194955323,0.1398148912053161,0.12401323469812639,0.138425560010623,0.11671919154826783,0.09009832647876156,1312.6640458943639
CAGAAGATTGTCTTGGATCCATCTAATACTGAATTGGATATTCCACCAGAATTTAGATTGTCTCAATTGGAATTTGGTTCTCAAGATTCATTCTTGGCTTGGGGTACTGGTAAGACTGAT,0.17600143617223582,0.22352620358870648,0.11129853009408952,0.09936853063398224,0.056863262860356256,0.04231445686495478,0.13914876604609705,0.15147881373957797,1588.9739653664426
CAGAAGATTGTCTTGGATCCATCTAATATCTTGACTGATGAACCACCAGAATTTAGATTGTCTCAATTGGAATTTGGTTCTCAAGATTCATTCTTGGCTTGGGGTACTGGTAAGACTGAT,0.036073813427895896,0.00038033384375942003,0.0004703866532149959,0.00011999036804194543,0.05571571111576447,0.2471494053323145,0.4890772696984465,0.17101308956056227,2740.7362433054
CAGAAGATTGTCTTGGATCCATCTAATATCTTGAGATTTGAACCACCAACTGATTTGGAATCTCAATTGGAATTTGGTTCTCAAGATTCATTCTTGGCTTGGGGTACTGGTAAGACTGAT,0.012085965786812213,0.5690868544384124,0.2526573870637867,0.008056258786015007,0.019055341969295363,0.024371735308852137,0.06277099699568899,0.05191545965113713,764.9178971630892
CAGAAGATTGTCTTGGATCCATCTAATATCTTGGAAACTGATCCACCAGAATTTAGATTGTCTCAATTGGAATTTGGTTCTCAAGATTCATTCTTGGCTTGGGGTACTGGTAAGACTGAT,0.05150291561704526,0.025909149681193396,0.04005467303973355,0.057217992030883374,0.04757934902474064,0.07081177585303985,0.3343639865539736,0.37256015819939026,3423.0994970097686
CAGAAGATTGTCTTGGATCCATCTAATATCTTGGAAGAATTTACTGATCCACCAAGATTGTCTCAATTGGAATTTGGTTCTCAAGATTCATTCTTGGCTTGGGGTACTGGTAAGACTGAT,0.2272381794424669,0.0623535538160862,0.10282292772298494,0.13770213184324565,0.14249579870981133,0.09467624652541877,0.13411467304211175,0.09859648889787437,1362.617337718034
CAGAAGATTGTCTTGGATCCATCTAATATCTTGGAAGATACTCCACCAGAATTTAGATTGTCTCAATTGGAATTTGGTTCTCAAGATTCATTCTTGGCTTGGGGTACTGGTAAGACTGAT,0.19720567933557748,0.25946353296529256,0.13213426825163102,0.1601033681716594,0.14948288450963246,0.07647529601605348,0.007034540092732132,0.018100430657421538,564.9602438689321
CAGAAGATTGTCTTGGATCCATCTAATATCTTGGATACTCCAGAACCAGAATTTAGATTGTCTCAATTGGAATTTGGTTCTCAAGATTCATTCTTGGCTTGGGGTACTGGTAAGACTGAT,0.09581403223182665,0.09640075995353929,0.08743229970995692,0.1206389579296517,0.10700453488532588,0.07025892746914007,0.20142177299407796,0.22102871482648173,2230.0780085903675
CAGAAGATTGTCTTGGATCCATCTAATATCTTGGATACTGAACCACCAGAATTTAGATTGTCTCAATTGGAATTTGGTTCTCAAGATTCATTCTTGGCTTGGGGTACTGGTAAGACTGAT,0.14792421616550105,0.10630717593329392,0.0788867110100738,0.11738484705640785,0.041647279377796276,0.03873946723524864,0.2547852182185307,0.21432508500314779,2237.626891822424
CAGAAGATTGTCTTGGATCCATCTAATATCTTGGATCCAGAAACTCCAGAATTTAGATTGTCTCAATTGGAATTTGGTTCTCAAGATTCATTCTTGGCTTGGGGTACTGGTAAGACTGAT,0.14337839693151258,0.17310766830072083,0.17841241774365704,0.14335968143290334,0.0989001987363092,0.10513713029297345,0.1063808231534034,0.051323683408520074,1012.4143487250899
CAGAAGATTGTCTTGGATCCATCTAATATCTTTCCATTGGAAACTGATGAACCAAGATTGTCTCAATTGGAATTTGGTTCTCAAGATTCATTCTTGGCTTGGGGTACTGGTAAGACTGAT,0.06987722747964659,0.21091538500912896,0.0521708933842621,0.15526245833536462,0.09640045966172218,0.11528971927677802,0.11665350959848404,0.1834303472546134,1852.9439027132335
CAGAAGATTGTCTTGGATCCATCTAATATTACTAGAGACTTTGAACCAGAATTGTTGCCATCTCAATTGGAATTTGGTTCTCAAGATTCATTCTTGGCTTGGGGTACTGGTAAGACTGAT,0.027771066835842066,0.018005657494082825,0.09477234720498018,0.26510635110662506,0.2558738516277607,0.284792046157651,0.037020186515802654,0.016658493057255547,956.6067547295912
CAGAAGATTGTCTTGGATCCATCTAATATTACTGATTTGGAACCACCAAGATTCTTGGAATCTCAATTGGAATTTGGTTCTCAAGATTCATTCTTGGCTTGGGGTACTGGTAAGACTGAT,0.024802509877649186,0.03904628201852465,0.13180281588520376,0.21589954752889476,0.2418177106427362,0.2714720729872777,0.07063286981587141,0.004526191243842391,930.5731961082405
CAGAAGATTGTCTTGGATCCATCTAATATTACTGATTTGGAACCACCAGAATTTAGATTGTCTCAATTGGAATTTGGTTCTCAAGATTCATTCTTGGCTTGGGGTACTGGTAAGACTGAT,0.23528003595427915,0.11836039951335296,0.0487949846464301,0.13069406907327083,0.34776970010660246,0.035943158576736384,0.0363683390013744,0.046789313127953716,852.2808290417037
CAGAAGATTGTCTTGGATCCATCTAATATTACTTTGGATGAACCACCAGAATTTAGATTGTCTCAATTGGAATTTGGTTCTCAAGATTCATTCTTGGCTTGGGGTACTGGTAAGACTGAT,0.10478205488985205,0.060242113874660774,0.09313227968355269,0.21618871538737253,0.25075707567452027,0.23324922209153576,0.041648538398506,0.0,785.5139362947798
CAGAAGATTGTCTTGGATCCATCTAATATTAGACCAGAAACATTTCCAGATTTGGAATTGTCTCAATTGGAATTTGGTTCTCAAGATTCATTCTTGGCTTGGGGTACTGGTAAGACTGAT,0.13389354416104768,0.16839181993154717,0.12495748023384397,0.09296949079250351,0.1319395630267762,0.21477320479808337,0.09313448984217396,0.03994040721402407,1036.3640273653011
CAGAAGATTGTCTTGGATCCATCTAATATTCCAACTGAACCATTGGAAGATAGATTGTTCTCTCAATTGGAATTTGGTTCTCAAGATTCATTCTTGGCTTGGGGTACTGGTAAGACTGAT,0.11865325127635484,0.15917311661021896,0.14764576732903498,0.10545578951607121,0.062358229335901155,0.09425711606453786,0.09537210657233963,0.21708462329554126,1959.0214414470915
CAGAAGATTGTCTTGGATCCATCTAATATTCCAACTGAATTGCCAGATGAATTTAGATTGTCTCAATTGGAATTTGGTTCTCAAGATTCATTCTTGGCTTGGGGTACTGGTAAGACTGAT,0.0668237446127349,0.12486118753207295,0.13066726830752537,0.23332229891443348,0.18813871272053004,0.15750258469234105,0.053121907112073374,0.04556229610828879,983.4545705303933
CAGAAGATTGTCTTGGATCCATCTAATATTCCAACTTTGGAACCAGACTTTGAAAGATTGTCTCAATTGGAATTTGGTTCTCAAGATTCATTCTTGGCTTGGGGTACTGGTAAGACTGAT,0.03835804630458926,0.049363057678031404,0.37518553142059063,0.24676761748557205,0.050104678880117645,0.17497830623846677,0.06204959140374015,0.0031931705888921303,719.3576564482321
CAGAAGATTGTCTTGGATCCATCTAATATTCCAAGACCATTGGAAGAATTGACTGACTTCTCTCAATTGGAATTTGGTTCTCAAGATTCATTCTTGGCTTGGGGTACTGGTAAGACTGAT,0.11193275118408305,0.11261818364692278,0.13928313602913686,0.2487069785667078,0.036766418605538705,0.03419938805621134,0.13841576396937594,0.1780773799420236,1775.2511505171979
CAGAAGATTGTCTTGGATCCATCTAATATTCCACCAACTTTGGAAGATGAATTTAGATTGTCTCAATTGGAATTTGGTTCTCAAGATTCATTCTTGGCTTGGGGTACTGGTAAGACTGAT,0.02848178452259877,0.03820826113330603,0.011813737046123235,0.042189728492446565,0.1309752938115346,0.130532787470732,0.3345947925064399,0.2832036150168189,2984.7803171994506
CAGAAGATTGTCTTGGATCCATCTAATATTCCAGAAACTCCATTGGATGAATTTAGATTGTCTCAATTGGAATTTGGTTCTCAAGATTCATTCTTGGCTTGGGGTACTGGTAAGACTGAT,0.284108181620659,0.1715087695149862,0.09427441170775182,0.09819741602313563,0.11820619330818938,0.11574004153273723,0.08783186912001363,0.030133117172527157,829.5754083887473
CAGAAGATTGTCTTGGATCCATCTAATATTCCAGATGAAACTCCATTGGAATTTAGATTGTCTCAATTGGAATTTGGTTCTCAAGATTCATTCTTGGCTTGGGGTACTGGTAAGACTGAT,0.15608328677429148,0.1927297798502832,0.14125214833295424,0.1891671671252963,0.15380547868695596,0.11055160543344848,0.03947976968690218,0.01693076410986813,686.6931922604733
CAGAAGATTGTCTTGGATCCATCTAATATTCCATTGCCAACTGATGAAGAATTTAGATTGTCTCAATTGGAATTTGGTTCTCAAGATTCATTCTTGGCTTGGGGTACTGGTAAGACTGAT,0.20867673738330955,0.22904137335583333,0.04721203351055903,0.0632271207115751,0.14955011239018767,0.15649709263633613,0.12315981616435605,0.02263571384784322,923.5538895384798
CAGAAGATTGTCTTGGATCCATCTAATATTCCATTGGAAAGAGAACCAGACTTCTTGACTTCTCAATTGGAATTTGGTTCTCAAGATTCATTCTTGGCTTGGGGTACTGGTAAGACTGAT,0.01924650635038195,0.0919807310912117,0.1137592906026838,0.2672776952976123,0.22758757969155824,0.1411316132102678,0.07586308098749958,0.06315350276878462,1158.5742804942254
CAGAAGATTGTCTTGGATCCATCTAATATTGAAACTGATTTGCCACCAGAATTTAGATTGTCTCAATTGGAATTTGGTTCTCAAGATTCATTCTTGGCTTGGGGTACTGGTAAGACTGAT,0.0076676265566775394,0.027001030377296224,0.0524765168173954,0.22573953404241817,0.3022291488897199,0.2705852344114403,0.09600290184533,0.018298007059722596,1102.688671423119
CAGAAGATTGTCTTGGATCCATCTAATATTGAAACTTTGGATCCACCAGAATTTAGATTGTCTCAATTGGAATTTGGTTCTCAAGATTCATTCTTGGCTTGGGGTACTGGTAAGACTGAT,0.005710755815432141,0.004341215392074689,0.0007895732736901164,0.01889238001567212,0.14843871967488817,0.280918682850121,0.40947288160731116,0.13143579137081077,2406.5015714438086
CAGAAGATTGTCTTGGATCCATCTAATATTGAACCAACTCCAGATTTGGAATTTAGATTGTCTCAATTGGAATTTGGTTCTCAAGATTCATTCTTGGCTTGGGGTACTGGTAAGACTGAT,0.16004682894918382,0.09393235438858247,0.21574986777976515,0.1333549480694613,0.03942779468511471,0.11002484074696357,0.13606554076043656,0.11139782462049237,1422.9601553873558
CAGAAGATTGTCTTGGATCCATCTAATATTGAACCATTGGATGAACCATTTACTAGATTGTCTCAATTGGAATTTGGTTCTCAAGATTCATTCTTGGCTTGGGGTACTGGTAAGACTGAT,0.20353302256819916,0.20262380691266632,0.16262318781899432,0.10472846804626375,0.11822646595343353,0.1040805450586027,0.09140264166836984,0.012781861973470357,734.0293335772557
CAGAAGATTGTCTTGGATCCATCTAATATTGAACCATTGTTTAGATTGACTGATGAACCATCTCAATTGGAATTTGGTTCTCAAGATTCATTCTTGGCTTGGGGTACTGGTAAGACTGAT,0.08089231962812342,0.14468919574791614,0.17521962284284084,0.17973724572244618,0.15056676000336486,0.09062330076200656,0.11392447106449341,0.06434708422880867,1135.7090343465757
CAGAAGATTGTCTTGGATCCATCTAATATTGAAGAAACTCCAGATTTGCCATTTAGATTGTCTCAATTGGAATTTGGTTCTCAAGATTCATTCTTGGCTTGGGGTACTGGTAAGACTGAT,0.16358282510037103,0.14401147464245256,0.025444216102370572,0.13630122689429888,0.2619428047946886,0.18742612603632905,0.05689297067355116,0.024398355755938093,893.7531200353206
CAGAAGATTGTCTTGGATCCATCTAATATTGAAGAATTGTTTCCACCAACTGATAGATTGTCTCAATTGGAATTTGGTTCTCAAGATTCATTCTTGGCTTGGGGTACTGGTAAGACTGAT,0.2303711569313757,0.22405579794721384,0.17199693663542448,0.12796727004210973,0.06810276769492177,0.04927053750272129,0.06409719097239915,0.06413834227383407,899.3947122023278
CAGAAGATTGTCTTGGATCCATCTAATATTGAAGATCCAGAAACATTCTTGCCAAGATTGTCTCAATTGGAATTTGGTTCTCAAGATTCATTCTTGGCTTGGGGTACTGGTAAGACTGAT,0.1947801814080508,0.22109767497779503,0.1398311840875943,0.1664570566846687,0.1131939978582281,0.09613507404599345,0.04168811973370116,0.0268167112039686,705.0171585771034
CAGAAGATTGTCTTGGATCCATCTAATATTGAAGCTGATACTCCACCAGAAGCTAGAGCTTCTCAATTGGAATTTGGTTCTCAAGATTCATTCTTGGCTTGGGGTACTGGTAAGACTGAT,0.06979165887279681,0.17737043113756973,0.3105248283552134,0.20162903494652365,0.106342231739282,0.12202221812469123,0.005552301367230314,0.0067672954566928845,558.7680561535983
CAGAAGATTGTCTTGGATCCATCTAATATTGAAGCTGATACTCCACCAGAAGCTAGATTGTCTCAATTGGAATTTGGTTCTCAAGATTCATTCTTGGCTTGGGGTACTGGTAAGACTGAT,0.019426876866394573,0.07521766264645509,0.14233994936547295,0.24317290983000953,0.3032279219052296,0.19082643154541998,0.018712858283502852,0.007075389557515414,774.3040488719455
CAGAAGATTGTCTTGGATCCATCTAATATTGAAGCTGATACTCCACCAGAATTTAGAGCTTCTCAATTGGAATTTGGTTCTCAAGATTCATTCTTGGCTTGGGGTACTGGTAAGACTGAT,0.31139545145104935,0.10025674099451251,0.12399483672686801,0.1937318782407398,0.12274043547180889,0.05708535046511711,0.046208501643956595,0.04458680500594781,780.1611233189125
CAGAAGATTGTCTTGGATCCATCTAATATTGAAGCTGATACTCCACCAGAATTTAGATTGTCTCAATTGGAAGCTGGTTCTCAAGATTCATTCTTGGCTTGGGGTACTGGTAAGACTGAT,0.013402463812261746,0.0691146522456104,0.11252881302549649,0.20395872696436476,0.33074575968524883,0.2259236728398612,0.04092949874056202,0.0033964126865945157,846.5948899875693
CAGAAGATTGTCTTGGATCCATCTAATATTGAAGCTGATACTCCACCAGAATTTAGATTGTCTCAATTGGAATTTGGTTCTCAAGATTCATTCTTGGCTGCTGGTACTGGTAAGACTGAT,0.16551979206259357,0.23869783125081825,0.15790572339143363,0.21453468607252954,0.07611532690243192,0.04045768938831909,0.040936273303454805,0.0658326776284193,875.4792575515496
CAGAAGATTGTCTTGGATCCATCTAATATTGAAGCTGATACTCCACCAGAATTTAGATTGTCTCAATTGGAATTTGGTTCTCAAGATTCATTTGCTGCTTGGGGTACTGGTAAGACTGAT,0.10721754411878157,0.094389839682827,0.10006183818563512,0.14144912685735733,0.20470241688214388,0.17812557608798094,0.11808347157925186,0.05597018660602229,1203.151746030175
CAGAAGATTGTCTTGGATCCATCTAATATTGAAGCTGATACTCCACCAGAATTTAGATTGTCTCAATTGGAATTTGGTTCTCAAGATTCTGCTTTGGCTTGGGGTACTGGTAAGACTGAT,0.034570622019071816,0.012130488480294958,0.0639909435361973,0.3686231599773416,0.2608300521306408,0.2011769109613166,0.02498818012183069,0.033689642773306126,962.892074154457
CAGAAGATTGTCTTGGATCCATCTAATATTGAATTGACTAGACAAGAATTGTTTGATCCACCATCTTTGGAATTTGGTTCTCAAGATTCATTCTTGGCTTGGGGTACTGGTAAGACTGAT,0.0018867462211662675,0.002619772161424283,0.005080731851832305,0.031030279387206774,0.1205495240438518,0.21282237332818932,0.3947359119942563,0.231274661012073,2894.7703499580643
CAGAAGATTGTCTTGGATCCATCTAATATTGAATTGACTCAATTGTCATTTCCAGAAAGAGATCCATTGGAATTTGGTTCTCAAGATTCATTCTTGGCTTGGGGTACTGGTAAGACTGAT,0.18606720499620397,0.18720660790755125,0.09922803858271155,0.08859186534917018,0.13096558951599616,0.1705502048565215,0.0739575792833359,0.06343290950850945,1076.3689578747717
CAGAAGATTGTCTTGGATCCATCTAATATTGAATTGACTCCACCAGATGAATTTAGATTGTCTCAATTGGAATTTGGTTCTCAAGATTCATTCTTGGCTTGGGGTACTGGTAAGACTGAT,0.00027709215150394887,0.0013939447782299365,0.001723993354146148,0.002462719840478478,0.0013652419769995211,0.13511957437410613,0.37957216694120804,0.47808526658332773,4210.532579451991
CAGAAGATTGTCTTGGATCCATCTAATATTGAATTGACTCCAGATCCAGAATTTAGATTGTCTCAATTGGAATTTGGTTCTCAAGATTCATTCTTGGCTTGGGGTACTGGTAAGACTGAT,0.26150378473314806,0.236794618623363,0.06508026799273488,0.11620873336308822,0.1546125108737419,0.04793915623970811,0.02425312012915287,0.09360780804506298,1015.2675047709587
CAGAAGATTGTCTTGGATCCATCTAATATTGAATTGACTCCATTGCCAAGATTTGATGAATCTCAATTGGAATTTGGTTCTCAAGATTCATTCTTGGCTTGGGGTACTGGTAAGACTGAT,0.1900760938697436,0.10928002608642076,0.13515459267557162,0.12066748115408518,0.08027237584524362,0.1078534315522118,0.15949660522329254,0.09719939359343077,1397.3842295658412
CAGAAGATTGTCTTGGATCCATCTAATATTGAATTGACTGAACCACCATTGGATAGATTCTCTCAATTGGAATTTGGTTCTCAAGATTCATTCTTGGCTTGGGGTACTGGTAAGACTGAT,0.014099453141143792,0.0031523983748641873,0.0064980023273567816,0.008122081395789267,0.02675822196041903,0.08280699389772317,0.41118364654569556,0.44737920235700807,4052.3701638056937
CAGAAGATTGTCTTGGATCCATCTAATATTGAATTGACTGATCCACCAGAATTTAGATTGTCTCAATTGGAATTTGGTTCTCAAGATTCATTCTTGGCTTGGGGTACTGGTAAGACTGAT,0.01344890341902596,0.025665743355951346,0.038760643932704855,0.046462546879697746,0.04275043959577646,0.25418174607811833,0.49176441532164783,0.08696556141707751,2250.6891855781064
CAGAAGATTGTCTTGGATCCATCTAATATTGAATTGAGAGATCCATTTACTCCAGAATTGTCTCAATTGGAATTTGGTTCTCAAGATTCATTCTTGGCTTGGGGTACTGGTAAGACTGAT,0.3782582435444495,0.24070176648435734,0.20275725370449832,0.0775702451196325,0.06363072580241355,0.02368400008917993,0.009536759113416508,0.003861006142052265,347.79721659456993
CAGAAGATTGTCTTGGATCCATCTAATATTGAATTGAGATTTACTGATTCTGAACCACAATTGCCATTGGAATTTGGTTCTCAAGATTCATTCTTGGCTTGGGGTACTGGTAAGACTGAT,0.07556448045411147,0.10559334420472839,0.11231170329335047,0.2471848576143127,0.21924841836862347,0.20394049855510157,0.031147616702471563,0.005009080807300366,753.512458608658
CAGAAGATTGTCTTGGATCCATCTAATATTGAATTGAGATTTCAAACTTCTCCAGAATTGCCAGATTTGGAATTTGGTTCTCAAGATTCATTCTTGGCTTGGGGTACTGGTAAGACTGAT,0.21626860179547502,0.1885805534325642,0.12558611091535285,0.1281424425348416,0.08524499070092753,0.14537084338283282,0.09360302680140123,0.017203430436604664,796.1478053957989
CAGAAGATTGTCTTGGATCCATCTAATATTGAATTGCAATTCTCTGATTTGAGACCACCAACTGAATTGGAATTTGGTTCTCAAGATTCATTCTTGGCTTGGGGTACTGGTAAGACTGAT,0.06672312190968752,0.05594309021288592,0.06918890708129952,0.061772604067885775,0.07670762772264297,0.08154503179354666,0.2165878258518078,0.37153179136024395,3169.713568952093
CAGAAGATTGTCTTGGATCCATCTAATATTGAATTGCCAACATTTCCAGAAGATAGATTGTCTCAATTGGAATTTGGTTCTCAAGATTCATTCTTGGCTTGGGGTACTGGTAAGACTGAT,0.041202136388800784,0.03296377330310243,0.16517503372374664,0.1606691952340062,0.31212108224230206,0.25307837604431294,0.02479998304208823,0.009990420021640762,861.2996045133175
CAGAAGATTGTCTTGGATCCATCTAATATTGAATTGCCAACATTTCCAGATGAAAGATTGTCTCAATTGGAATTTGGTTCTCAAGATTCATTCTTGGCTTGGGGTACTGGTAAGACTGAT,0.018754425072892773,0.08302478733630968,0.0746784149859419,0.19168687616758476,0.3511338998781941,0.17534215441015888,0.06957502733051771,0.03580441481840023,1059.3120779708454
CAGAAGATTGTCTTGGATCCATCTAATATTGAATTGCCAACTCCAGATGAATTTAGATTGTCTCAATTGGAATTTGGTTCTCAAGATTCATTCTTGGCTTGGGGTACTGGTAAGACTGAT,0.05464063738320897,0.10995047062297493,0.10684439890076612,0.20812763817223315,0.24614051161801187,0.1574065531756358,0.0796342769195937,0.037255513207575565,1018.8798586522249
CAGAAGATTGTCTTGGATCCATCTAATATTGAATTGCCAACTGATCCAGAATTTAGATTGTCTCAATTGGAATTTGGTTCTCAAGATTCATTCTTGGCTTGGGGTACTGGTAAGACTGAT,0.23064981617333877,0.2216713796659094,0.18848306907873086,0.11091163448372945,0.06784591590035731,0.05679802397180647,0.07024099097422568,0.053399169751902224,853.8133116170859
CAGAAGATTGTCTTGGATCCATCTAATATTGAATTGCCACCAACTGATGAATTTAGATTGTCTCAATTGGAATTTGGTTCTCAAGATTCATTCTTGGCTTGGGGTACTGGTAAGACTGAT,0.036815505192345166,0.0598353791071805,0.09867038018974618,0.20450388657330573,0.20650688498099048,0.22064228640448913,0.09192742507599405,0.08109825247594885,1366.0142198517522
CAGAAGATTGTCTTGGATCCATCTAATATTGAATTGCCACCAACTTCTTTGGATAGAGAATTTCAATTGGAATTTGGTTCTCAAGATTCATTCTTGGCTTGGGGTACTGGTAAGACTGAT,0.011740552969294084,0.011812447531446038,0.015879692309239156,0.01361045849159632,0.005533103643885416,0.17311904663475136,0.5496453714117606,0.2186593270080268,3071.4699129310347
CAGAAGATTGTCTTGGATCCATCTAATATTGAATTGCCACCAGACTTTACTGAAAGATTGTCTCAATTGGAATTTGGTTCTCAAGATTCATTCTTGGCTTGGGGTACTGGTAAGACTGAT,0.1573505498242397,0.10290416704883733,0.08810937827949601,0.07866500525483737,0.13179611069771022,0.15865120002255992,0.22619843824873265,0.05632515062358668,1377.5602228005635
CAGAAGATTGTCTTGGATCCATCTAATATTGAATTGCCAGAATTTCCATTGACTAGAGATTCTCAATTGGAATTTGGTTCTCAAGATTCATTCTTGGCTTGGGGTACTGGTAAGACTGAT,0.2995019500293359,0.16436508165130032,0.03388038426940094,0.0,0.16098063031467783,0.12478413849905129,0.15151228875690034,0.0649755264793336,1194.7920245727182
CAGAAGATTGTCTTGGATCCATCTAATATTGAATTGCCAGATACTCCAGAATTTAGATTGTCTCAATTGGAATTTGGTTCTCAAGATTCATTCTTGGCTTGGGGTACTGGTAAGACTGAT,0.0023885188366067197,0.0011214677568909936,0.0009907150811774114,0.036442270662374675,0.10418876612377848,0.5921405881507592,0.26006769388906203,0.002659979499350547,1598.0792520178325
CAGAAGATTGTCTTGGATCCATCTAATATTGAATTGCCAGATCCAACTGAATTTAGATTGTCTCAATTGGAATTTGGTTCTCAAGATTCATTCTTGGCTTGGGGTACTGGTAAGACTGAT,0.32801037836030295,0.2700155338707361,0.16697396955010022,0.06625607322053477,0.05876791726289317,0.054664742554670055,0.055311385180762625,0.0,462.68698708368197
CAGAAGATTGTCTTGGATCCATCTAATATTGAATTGCCATTTGAAACTCCAGATAGATTGTCTCAATTGGAATTTGGTTCTCAAGATTCATTCTTGGCTTGGGGTACTGGTAAGACTGAT,0.059045813390198286,0.08911108034443897,0.07347345590436528,0.1311957911330076,0.11636825159983687,0.10824342279794769,0.246428686694462,0.1761334981357433,2113.7968913170284
CAGAAGATTGTCTTGGATCCATCTAATATTGAATTGGAAAGATTTCCAACTCCAGATTTGTCTCAATTGGAATTTGGTTCTCAAGATTCATTCTTGGCTTGGGGTACTGGTAAGACTGAT,0.19036802807428194,0.22635808891900952,0.08613956527672734,0.1538126698306314,0.017053625832351836,0.14276647842070572,0.08025294336382774,0.10324860028246455,1256.5783862138585
CAGAAGATTGTCTTGGATCCATCTAATATTGAATTGGAACCAACATTTCCAGATAGATTGTCTCAATTGGAATTTGGTTCTCAAGATTCATTCTTGGCTTGGGGTACTGGTAAGACTGAT,0.09471059789577078,0.15246490978633262,0.14142337019937432,0.12626431348318248,0.1679911825593046,0.13889959274477742,0.0878391687758564,0.09040686455540137,1279.9744954761165
CAGAAGATTGTCTTGGATCCATCTAATATTGAATTGGAACCACCACAATCTGATACTAGATTCTTGTTGGAATTTGGTTCTCAAGATTCATTCTTGGCTTGGGGTACTGGTAAGACTGAT,0.1627601440361721,0.2078451991931272,0.2142144531693366,0.2312422383886702,0.09252974823938409,0.07315892474116836,0.014514576387693722,0.003734715844447776,488.57250697960274
CAGAAGATTGTCTTGGATCCATCTAATATTGAATTGGAAGACTTTACTCCATTGCAATCTCCAAGATTGGAATTTGGTTCTCAAGATTCATTCTTGGCTTGGGGTACTGGTAAGACTGAT,0.07278998075655639,0.16274604039341423,0.10063995949973173,0.15274915412778595,0.12751594146659834,0.10378618355007034,0.13501786593941473,0.14475487426642836,1666.9775859688525
CAGAAGATTGTCTTGGATCCATCTAATATTGAATTGGAAGACTTTCCAACTCCAAGATTGTCTCAATTGGAATTTGGTTCTCAAGATTCATTCTTGGCTTGGGGTACTGGTAAGACTGAT,0.06645789623236745,0.076416981073892,0.07482078384916471,0.1336016090363283,0.17775325168839604,0.278471618546826,0.15849322172736352,0.033984637845661844,1261.7355184933228
CAGAAGATTGTCTTGGATCCATCTAATATTGAATTGGAATTTCCAGATACTCCAAGATTGTCTCAATTGGAATTTGGTTCTCAAGATTCATTCTTGGCTTGGGGTACTGGTAAGACTGAT,0.17166646706654418,0.2590765282226124,0.1983545395432048,0.13622544370135253,0.04833178433557267,0.04495726020190503,0.06823360596308807,0.07315437096572025,958.6476937222394
CAGAAGATTGTCTTGGATCCATCTAATATTGAATTGGATACATTCTTGCCACCAAGAGAATCTCAATTGGAATTTGGTTCTCAAGATTCATTCTTGGCTTGGGGTACTGGTAAGACTGAT,0.16427085991310986,0.119366570929521,0.1362732550563482,0.07097197042755332,0.06295083127229871,0.016730173028198427,0.13542462673494238,0.29401171263802817,2423.3822228124523
CAGAAGATTGTCTTGGATCCATCTAATATTGAATTGGATACATTCTTGTTGGAAAGACCACCACAAGAATCATTTGGTTCTCAAGATTCATTCTTGGCTTGGGGTACTGGTAAGACTGAT,0.42935463428819687,0.2262772466021014,0.07632371005892628,0.11357105547093457,0.040294174205945874,0.043727641809995346,0.037924205822639716,0.03252733174125983,592.4200238568593
CAGAAGATTGTCTTGGATCCATCTAATATTGAATTGGATACATTTCCAAGAGAACCATTGTCTCAATTGGAATTTGGTTCTCAAGATTCATTCTTGGCTTGGGGTACTGGTAAGACTGAT,0.0741262278397395,0.15661831062276863,0.15680582066221527,0.26352551814973085,0.15339337351689764,0.11890287625506973,0.041248939712732295,0.035378933240845914,840.1644321961986
CAGAAGATTGTCTTGGATCCATCTAATATTGAATTGGATACATTTCCACCAGAAAGATTGTCTCAATTGGAATTTGGTTCTCAAGATTCATTCTTGGCTTGGGGTACTGGTAAGACTGAT,0.0854097464843683,0.06874620993810787,0.14879105620771352,0.208752127861805,0.18515929457215774,0.20354629057747914,0.07921311134367302,0.020382163014695358,935.0503399269492
CAGAAGATTGTCTTGGATCCATCTAATATTGAATTGGATACATTTCCACCAGAATTGAGATCTCAATTGGAATTTGGTTCTCAAGATTCATTCTTGGCTTGGGGTACTGGTAAGACTGAT,0.3394927874066192,0.2595944985951963,0.13518294036819078,0.10560619149539424,0.04014460619606419,0.04978894754994931,0.037783434902202324,0.03240659348638368,609.8509038083007
CAGAAGATTGTCTTGGATCCATCTAATATTGAATTGGATACATTTCCAGAACCAAGATTGTCTCAATTGGAATTTGGTTCTCAAGATTCATTCTTGGCTTGGGGTACTGGTAAGACTGAT,0.11153591100924858,0.13466269605337003,0.13878932931511806,0.1239126133117866,0.13188984833491174,0.12268130198574766,0.10344377429115324,0.13308452569866408,1537.8167732504241
CAGAAGATTGTCTTGGATCCATCTAATATTGAATTGGATACATTTGAACCACCAAGATTGTCTCAATTGGAATTTGGTTCTCAAGATTCATTCTTGGCTTGGGGTACTGGTAAGACTGAT,0.11204124367791901,0.14090917563303607,0.1394181382927035,0.22560916263372247,0.20701155941367488,0.10911620953523629,0.0324726387936553,0.03342187202005252,810.977525624681
CAGAAGATTGTCTTGGATCCATCTAATATTGAATTGGATACTAGACAATTGCCACCATTTGAATCTTTGGAATTTGGTTCTCAAGATTCATTCTTGGCTTGGGGTACTGGTAAGACTGAT,0.13720431924180276,0.11043560393588621,0.2390216154076099,0.12194347525260575,0.18928283103871016,0.12576221991600525,0.07634993520737998,0.0,700.5420988980349
CAGAAGATTGTCTTGGATCCATCTAATATTGAATTGGATACTAGATTGTCTCCATTTCCAGAACAATTGGAATTTGGTTCTCAAGATTCATTCTTGGCTTGGGGTACTGGTAAGACTGAT,0.14913502621694258,0.21673639127982622,0.10309758872351835,0.12886529815427764,0.1143011472288928,0.16707529710038127,0.06147333516491649,0.05931591613124456,1022.5060385253191
CAGAAGATTGTCTTGGATCCATCTAATATTGAATTGGATACTCAACCATCTGAACCATTGTTTAGATTGGAATTTGGTTCTCAAGATTCATTCTTGGCTTGGGGTACTGGTAAGACTGAT,0.08820168146020943,0.13804279085041724,0.07316897373267275,0.0762137256914047,0.19314334770796324,0.10779485001694428,0.13633747711852115,0.18709715342186722,1946.298504977711
CAGAAGATTGTCTTGGATCCATCTAATATTGAATTGGATACTCAACCATTGCCATTGGAATCTGAAAGATTCTTTGGTTCTCAAGATTCATTCTTGGCTTGGGGTACTGGTAAGACTGAT,0.027167275219122107,0.0658492164206387,0.12139249875838153,0.2647777626182836,0.2774429237515363,0.20147715763419408,0.028632089925559722,0.013261075672284111,836.2668498873323
CAGAAGATTGTCTTGGATCCATCTAATATTGAATTGGATACTCAATCTGAACCACCATTTAGATTGTTGGAATTTGGTTCTCAAGATTCATTCTTGGCTTGGGGTACTGGTAAGACTGAT,0.11568517355700038,0.11639358438927602,0.18508172139301887,0.20196361937707538,0.1954232863782135,0.060592945587778134,0.04598228578444482,0.07887738353319304,1058.1926526648094
CAGAAGATTGTCTTGGATCCATCTAATATTGAATTGGATACTCAATCTTTGCCAGAACCAAGATTCTTGGAATTTGGTTCTCAAGATTCATTCTTGGCTTGGGGTACTGGTAAGACTGAT,0.001863076569565895,0.007143707845204552,0.0192511247512186,0.06295170784015755,0.23708682441725704,0.32871862235733573,0.27167322630950136,0.07131170990975927,1828.5999842516842
CAGAAGATTGTCTTGGATCCATCTAATATTGAATTGGATACTCAATTCTTGGAATTGTCTAGACCAGAACCATTTGGTTCTCAAGATTCATTCTTGGCTTGGGGTACTGGTAAGACTGAT,0.11678550496294231,0.09585579651706427,0.03824253778769662,0.047800691511842915,0.051483690588262715,0.10422921857949877,0.27790707362619,0.26769548642650237,2679.7098615983696
CAGAAGATTGTCTTGGATCCATCTAATATTGAATTGGATACTCAATTGCCATTGGAACCATTTGAATCTAGATTTGGTTCTCAAGATTCATTCTTGGCTTGGGGTACTGGTAAGACTGAT,0.16245090730494682,0.2263094213960547,0.20214523078236593,0.0971801637270289,0.11082473520676372,0.08017874246601545,0.04635839796855972,0.07455240114826465,980.6556366846243
CAGAAGATTGTCTTGGATCCATCTAATATTGAATTGGATACTCAATTTGAACCATTGTCTCCAAGATTGGAATTTGGTTCTCAAGATTCATTCTTGGCTTGGGGTACTGGTAAGACTGAT,0.07247865347053983,0.14584496888856308,0.2705656935192369,0.16104265038206883,0.10713139973541204,0.16608581288381244,0.03361009652716936,0.04324072459319759,884.1616571282749
CAGAAGATTGTCTTGGATCCATCTAATATTGAATTGGATACTCCAAGATTTGAAGAATTGTTGCAACCATCATTTGGTTCTCAAGATTCATTCTTGGCTTGGGGTACTGGTAAGACTGAT,0.03020302986041306,0.05317896748878495,0.13154062910216135,0.1761613431215326,0.26786034593027025,0.17994769172547156,0.09804110455830332,0.06306688821306283,1253.9859659559734
CAGAAGATTGTCTTGGATCCATCTAATATTGAATTGGATACTCCACCAAGACAATTGGAAGGTTCTTTGTTTGAGTTCTCTCAAGATTCATTCTTGGCTTGGGGTACTGGTAAGACTGAT,0.2502122658333615,0.17981747717936378,0.1334360473060634,0.15884419369780695,0.0704459378527621,0.09829110600049394,0.06630254370873319,0.04265042842141509,831.7568932439169
CAGAAGATTGTCTTGGATCCATCTAATATTGAATTGGATACTCCACCAAGAGAATCTTTGCAAGAATTGTTCTTTGGTTCTCAAGATTCATTCTTGGCTTGGGGTACTGGTAAGACTGAT,0.1776208594532052,0.14892378353534874,0.11051095442185009,0.19733074912264964,0.17502874188249398,0.13567353243484248,0.05491137914960995,0.0,656.3287566156473
CAGAAGATTGTCTTGGATCCATCTAATATTGAATTGGATACTCCACCAAGATCATTTCAATTGGAATTGGAATTTGGTTCTCAAGATTCATTCTTGGCTTGGGGTACTGGTAAGACTGAT,0.2622267321100417,0.13765174237986963,0.13714097354653917,0.15199565395705822,0.1011130102707999,0.09753675772038606,0.03524662282587863,0.0770885071894267,982.630849005869
CAGAAGATTGTCTTGGATCCATCTAATATTGAATTGGATACTCCACCAAGATTCTTGGAATCTCAATTGGAATTTGGTTCTCAAGATTCATTCTTGGCTTGGGGTACTGGTAAGACTGAT,0.1028283361048634,0.03448600556156003,0.0,0.0761591953297733,0.06755180427084949,0.09425300814346885,0.1748412417723883,0.44988040881709657,3554.0305724798645
CAGAAGATTGTCTTGGATCCATCTAATATTGAATTGGATACTCCACCAAGATTGTTCTCTGAACAATTGGAATTTGGTTCTCAAGATTCATTCTTGGCTTGGGGTACTGGTAAGACTGAT,0.25693319255839936,0.19387991333036195,0.19182836353584146,0.14272203027871355,0.10127345083181942,0.05887658793252831,0.02382922140360033,0.030657240128735528,631.4409956897686
CAGAAGATTGTCTTGGATCCATCTAATATTGAATTGGATACTCCACCAAGATTTCAAGAATCTGGTTTGGAGTTCTTGTCTCAAGATTCATTCTTGGCTTGGGGTACTGGTAAGACTGAT,0.02705961902937375,0.07323913408678508,0.11810188906262988,0.2195391056506273,0.30120646454310485,0.2186014148697412,0.03705177721454043,0.00520059554319744,827.4444312418115
CAGAAGATTGTCTTGGATCCATCTAATATTGAATTGGATACTCCACCAAGATTTGAATTGTCTCAATTGGAATTTGGTTCTCAAGATTCATTCTTGGCTTGGGGTACTGGTAAGACTGAT,0.06725481601775571,0.13533331650128624,0.08368830024208056,0.1867945474949427,0.19881998999494144,0.13870378695542987,0.10915687068019315,0.08024837211337027,1296.3655809406196
CAGAAGATTGTCTTGGATCCATCTAATATTGAATTGGATACTCCACCACAAGAATCTTTGTTTGAATTTAGAGGTTTGTCTCAAGATTCATTCTTGGCTTGGGGTACTGGTAAGACTGAT,0.07462133874420807,0.15015658137185992,0.10833060886300959,0.24870532752053745,0.17157548114441204,0.11969706358015304,0.0749747077590353,0.05193889101678472,1023.3832707643734
CAGAAGATTGTCTTGGATCCATCTAATATTGAATTGGATACTCCACCACAAGAATTGAGAGAGTTCTTGTCATTTGGTTCTCAAGATTCATTCTTGGCTTGGGGTACTGGTAAGACTGAT,0.04606195295615325,0.23172009185322512,0.22926813435715523,0.25586633548760107,0.0,0.0844412696253879,0.04272007304096826,0.10992214267950919,1185.7972815184012
CAGAAGATTGTCTTGGATCCATCTAATATTGAATTGGATACTCCACCACAAGAATTGAGATTCTCTGAATTGTTTGGTTCTCAAGATTCATTCTTGGCTTGGGGTACTGGTAAGACTGAT,0.21181906182790217,0.13319759940961393,0.09884112186796398,0.05883094794951251,0.07827295175085129,0.16988518390170734,0.12278199810279292,0.12637113518965584,1537.6806201685336
CAGAAGATTGTCTTGGATCCATCTAATATTGAATTGGATACTCCACCACAATTCTCTGAATTGAGATTGGAATTTGGTTCTCAAGATTCATTCTTGGCTTGGGGTACTGGTAAGACTGAT,0.22324227646556521,0.21213102916587595,0.1466117916035703,0.13778588651758567,0.0794388041793526,0.11368059783863554,0.05751267673440242,0.029596937495012222,751.8729497315011
CAGAAGATTGTCTTGGATCCATCTAATATTGAATTGGATACTCCACCACAATTCTCTTTGTTGGAAAGAGAATTTGGTTCTCAAGATTCATTCTTGGCTTGGGGTACTGGTAAGACTGAT,0.18669454231470364,0.18783778679483842,0.12249215885644392,0.18855572996366896,0.12376164145419172,0.11823197407181595,0.04407442017484129,0.028351746369496233,755.1726759687443
CAGAAGATTGTCTTGGATCCATCTAATATTGAATTGGATACTCCACCAGAAAGACAATTGTCATTCTTGGAATTTGGTTCTCAAGATTCATTCTTGGCTTGGGGTACTGGTAAGACTGAT,0.05409278003957154,0.04276173243838154,0.03846295188466797,0.038632656564001465,0.12564366905889848,0.17353606999248278,0.3655115266806031,0.16135861334139295,2356.788155494722
CAGAAGATTGTCTTGGATCCATCTAATATTGAATTGGATACTCCACCAGAAGAATTGAGATCTCAATTGTTCTTTGGTTCTCAAGATTCATTCTTGGCTTGGGGTACTGGTAAGACTGAT,0.23519814194313063,0.20283291731023678,0.18814371643668618,0.08398837178948036,0.08277348851797249,0.09239309441467479,0.0545335203897837,0.06013674919803524,899.1488912148777
CAGAAGATTGTCTTGGATCCATCTAATATTGAATTGGATACTCCACCAGAAGCTAGAGCTTCTCAAGCTGAATTTGGTTCTCAAGATTCATTCTTGGCTTGGGGTACTGGTAAGACTGAT,0.24640228343915827,0.2231200393311374,0.030660983848868815,0.027374457778361543,0.21852576110759375,0.06775609906945257,0.06855760255759652,0.11760277286783095,1299.5222741648383
CAGAAGATTGTCTTGGATCCATCTAATATTGAATTGGATACTCCACCAGAAGCTAGATTGTCTCAAGCTGAATTTGGTTCTCAAGATTCATTCTTGGCTTGGGGTACTGGTAAGACTGAT,0.027917954700390636,0.1108707219685138,0.1709818547354946,0.24798252794823522,0.2201820344976023,0.19782318988069053,0.02313182046671134,0.0011098958023616384,714.4283134419711
CAGAAGATTGTCTTGGATCCATCTAATATTGAATTGGATACTCCACCAGAAGCTAGATTGTCTCAATTGGAAGCTGGTTCTCAAGATTCATTCTTGGCTTGGGGTACTGGTAAGACTGAT,0.10942432623401405,0.19816991654742455,0.054464714409400164,0.07294002855679647,0.064696462603678,0.1203587139767828,0.22326785557651835,0.1566779820953856,1905.2860307938377
CAGAAGATTGTCTTGGATCCATCTAATATTGAATTGGATACTCCACCAGAAGCTAGATTGTCTCAATTGGAAGCTGGTTCTCAAGATTCTGCTTTGGCTTGGGGTACTGGTAAGACTGAT,0.1636229333632259,0.10289056019919567,0.10180181869932158,0.1287604990791708,0.16795322408600105,0.1687248723143018,0.10116785786465048,0.06507823439413275,1180.5635854390757
CAGAAGATTGTCTTGGATCCATCTAATATTGAATTGGATACTCCACCAGAAGCTAGATTGTCTCAATTGGAATTTGGTTCTCAAGATTCATTCTTGGCTGCTGGTACTGGTAAGACTGAT,0.16111119717789996,0.253645229694304,0.24618303417249665,0.19846456956381928,0.06169430598425023,0.06197775574931466,0.013935756844291606,0.002988150813623642,448.51072238439724
CAGAAGATTGTCTTGGATCCATCTAATATTGAATTGGATACTCCACCAGAAGCTAGATTGTCTCAATTGGAATTTGGTTCTCAAGATTCATTCTTGGCTTGGGGTACTGGTAAGACTGAT,0.19802667661459372,0.22137701628935638,0.0547586261384307,0.22000091972824495,0.15177304013107548,0.04033607136060104,0.06121982493945722,0.05250782479824046,871.0321060899332
CAGAAGATTGTCTTGGATCCATCTAATATTGAATTGGATACTCCACCAGAAGCTAGATTGTCTCAATTGGAATTTGGTTCTCAAGATTCATTTGCTGCTTGGGGTACTGGTAAGACTGAT,0.061828161164188954,0.12372761517023641,0.2126993117717154,0.19167623358580785,0.2262133510858766,0.15213099100228736,0.020952874349120257,0.010771461870767128,707.1657149388471
CAGAAGATTGTCTTGGATCCATCTAATATTGAATTGGATACTCCACCAGAAGCTAGATTGTCTCAATTGGAATTTGGTTCTCAAGATTCTGCTTTGGCTTGGGGTACTGGTAAGACTGAT,0.14944071499148498,0.2932040958929762,0.22587860454732075,0.1536048600656901,0.06729262808484635,0.0748895589800629,0.014244922134907904,0.021444615302710787,567.8793761279439
CAGAAGATTGTCTTGGATCCATCTAATATTGAATTGGATACTCCACCAGAAGGTCAAGAATCTTTGTTGTTCTTTAGATCTCAAGATTCATTCTTGGCTTGGGGTACTGGTAAGACTGAT,0.10913865519146694,0.12810814065167342,0.11317192686579072,0.12124934342435478,0.15235674207558392,0.10837350408492011,0.12652555477322863,0.14107613293298155,1633.1447201085973
CAGAAGATTGTCTTGGATCCATCTAATATTGAATTGGATACTCCACCAGAATTGAGATTCTCTCAATTGGAATTTGGTTCTCAAGATTCATTCTTGGCTTGGGGTACTGGTAAGACTGAT,0.1414654733986484,0.10674881454070793,0.07701403407660799,0.1080497974708243,0.1655386768039981,0.20260627629104241,0.1722024826602581,0.02637444475791267,1142.45728006244
CAGAAGATTGTCTTGGATCCATCTAATATTGAATTGGATACTCCACCAGAATTGAGATTGTCTCAATTGGAATTGGGTTCTCAAGATTCTTTGTTGGCTTTGGGTACTGGTAAGACTGAT,0.0978506388159255,0.20584966110784456,0.09962190628103337,0.13835657840252283,0.12271973808759362,0.13045879844221236,0.09900152063700096,0.10614115822586677,1367.4012434612166
CAGAAGATTGTCTTGGATCCATCTAATATTGAATTGGATACTCCACCAGAATTGTTCTTGTCTGAAAGACAATTTGGTTCTCAAGATTCATTCTTGGCTTGGGGTACTGGTAAGACTGAT,0.085129008979086,0.13139535547404307,0.12278248969373391,0.42129060082635533,0.08198015981942657,0.045221763358329614,0.03140165869584795,0.08079896315317756,1008.0250961910745
CAGAAGATTGTCTTGGATCCATCTAATATTGAATTGGATACTCCACCAGAATTTAGACAACAATCTTCTTTGTTTGAAGGTTTGGATTCATTCTTGGCTTGGGGTACTGGTAAGACTGAT,0.048599391683452654,0.17725160825952774,0.23433863630880766,0.13498068860441673,0.04190388509376618,0.0835246215979222,0.11268353973397773,0.16671762871812915,1690.2106030013865
CAGAAGATTGTCTTGGATCCATCTAATATTGAATTGGATACTCCACCAGAATTTAGACAATTGTCTTTGGAATTTGGTTCTCAAGATTCATTCTTGGCTTGGGGTACTGGTAAGACTGAT,0.022111236604264867,0.24026368158338107,0.12656459149327234,0.029477800500997433,0.4314133955732736,0.08512257126006897,0.04921686114313873,0.01582986184160287,795.3859084794184
CAGAAGATTGTCTTGGATCCATCTAATATTGAATTGGATACTCCACCAGAATTTAGAGAAGAACAATTGGAATTTGGTTCTCAAGATTCATTCTTGGCTTGGGGTACTGGTAAGACTGAT,0.19861823264198838,0.28309886529009215,0.1338728724352466,0.20226994187247344,0.10601483154824672,0.05309924216677453,0.02302601404517818,0.0,452.4792997419752
CAGAAGATTGTCTTGGATCCATCTAATATTGAATTGGATACTCCACCAGAATTTAGAGAATCTTTGCAATTGTTTGGTTCTCAAGATTCATTCTTGGCTTGGGGTACTGGTAAGACTGAT,0.0827942231955313,0.19635288205603177,0.16189597035156125,0.12483213506142271,0.20979247416735564,0.11383444810080183,0.08227215975956964,0.028225707307725813,883.2544836702402
CAGAAGATTGTCTTGGATCCATCTAATATTGAATTGGATACTCCACCAGAATTTAGAGAATTGTCTTTGCAATTTGGTTCTCAAGATTCATTCTTGGCTTGGGGTACTGGTAAGACTGAT,0.13802537500696754,0.18516078467991712,0.1335844247296317,0.2044553455557408,0.15112343980380535,0.11245760361247142,0.05689394607222506,0.018299080539240807,741.4635110314136
CAGAAGATTGTCTTGGATCCATCTAATATTGAATTGGATACTCCACCAGAATTTAGAGATGATCAATTGGAATTTGGTTCTCAAGATTCATTCTTGGCTTGGGGTACTGGTAAGACTGAT,0.017745437348669794,0.04575114016259504,0.10350691059412631,0.23411062427343773,0.29399125255743935,0.22568469631792443,0.06994638539757739,0.009263553348229897,936.9306503496069
CAGAAGATTGTCTTGGATCCATCTAATATTGAATTGGATACTCCACCAGAATTTAGAGCTTCTCAAGCTGAAGCTGGTTCTCAAGATTCATTCTTGGCTTGGGGTACTGGTAAGACTGAT,0.09254705369598892,0.17084768322937421,0.09142071446724252,0.08306952364198569,0.0021018391266775607,0.04214302447827347,0.24639779142123208,0.2714723699392256,2547.9126507908695
CAGAAGATTGTCTTGGATCCATCTAATATTGAATTGGATACTCCACCAGAATTTAGAGCTTCTCAAGCTGAATTTGGTTCTCAAGATTCATTCTTGGCTTGGGGTACTGGTAAGACTGAT,0.11790846085729273,0.249124021089064,0.2640941818540239,0.22705332001089162,0.0735855805204032,0.04323021276949623,0.010935398385662265,0.014068824513166111,507.1874467894748
CAGAAGATTGTCTTGGATCCATCTAATATTGAATTGGATACTCCACCAGAATTTAGAGCTTCTCAATTGGAAGCTGGTTCTCAAGATTCATTCTTGGCTTGGGGTACTGGTAAGACTGAT,0.0637717684810866,0.08256684406514553,0.1767060478646328,0.23855391351180916,0.25124131821540197,0.15089114449558577,0.029357281075969337,0.006911682290368783,723.4006832069932
CAGAAGATTGTCTTGGATCCATCTAATATTGAATTGGATACTCCACCAGAATTTAGAGCTTCTCAATTGGAATTTGGTTCTCAAGATTCATTCTTGGCTGCTGGTACTGGTAAGACTGAT,0.07467204350218586,0.11269395891007102,0.04645895094450044,0.2073952677653751,0.18395578464456366,0.1026671974511524,0.138508897161539,0.13364789962061246,1644.5629192448077
CAGAAGATTGTCTTGGATCCATCTAATATTGAATTGGATACTCCACCAGAATTTAGAGCTTCTCAATTGGAATTTGGTTCTCAAGATTCATTCTTGGCTTGGGGTACTGGTAAGACTGAT,0.11196347494726504,0.12874182348621035,0.1054861779007683,0.07285560737171676,0.04255567632434034,0.042516620662004935,0.1809788393752906,0.3149017799324037,2678.907304855932
CAGAAGATTGTCTTGGATCCATCTAATATTGAATTGGATACTCCACCAGAATTTAGAGCTTCTCAATTGGAATTTGGTTCTCAAGATTCATTTGCTGCTTGGGGTACTGGTAAGACTGAT,0.15241239222426772,0.148057923230582,0.1177161758578694,0.05254913706838397,0.08804133253023577,0.08671159969748939,0.22909192360488473,0.12541951578628707,1699.380048351502
CAGAAGATTGTCTTGGATCCATCTAATATTGAATTGGATACTCCACCAGAATTTAGAGCTTCTCAATTGGAATTTGGTTCTCAAGATTCTGCTTTGGCTTGGGGTACTGGTAAGACTGAT,0.11008584105946662,0.14584012620272652,0.1870142220710883,0.24848910747614883,0.18619256210359014,0.08612383455163691,0.03599071930356089,0.00026358723178159193,589.4804961093225
CAGAAGATTGTCTTGGATCCATCTAATATTGAATTGGATACTCCACCAGAATTTAGATCTTTGCAATTGGAATTTGGTTCTCAAGATTCATTCTTGGCTTGGGGTACTGGTAAGACTGAT,0.12852681183296982,0.12931385984388424,0.23989784794731878,0.2855778554323181,0.06332557516764907,0.0,0.0,0.15335804977585998,1290.7903599102237
CAGAAGATTGTCTTGGATCCATCTAATATTGAATTGGATACTCCACCAGAATTTAGATTGACTCAATTGGAATTTGGTACTCAAGATTCATTCTTGGCTTGGGGTACTGGTAAGACTGAT,0.41525533000596676,0.16348624885008478,0.17972923456024364,0.14040617781055403,0.017791099290313493,0.03309785024774524,0.050234059235092096,0.0,415.83812200484596
CAGAAGATTGTCTTGGATCCATCTAATATTGAATTGGATACTCCACCAGAATTTAGATTGACTCAATTGGAATTTGGTTCTCAAGATTCATTCTTGGCTTGGGGTACTGGTAAGACTGAT,0.1211414251442316,0.16721172856618327,0.16693733064426536,0.10121607638276711,0.04143544453935375,0.024777271736119322,0.12163771214001078,0.25564301084706886,2167.8171225097017
CAGAAGATTGTCTTGGATCCATCTAATATTGAATTGGATACTCCACCAGAATTTAGATTGACTCCATTGGAATTTGGTACTCCAGATTCATTCTTGGCTTGGGGTACTGGTAAGACTGAT,0.0005718798702071353,0.05646961765066499,0.0007116167601686926,0.00045381366782972377,0.0008855536124067701,0.026583828984796786,0.4111271886414259,0.5031965008125,4315.330891955564
CAGAAGATTGTCTTGGATCCATCTAATATTGAATTGGATACTCCACCAGAATTTAGATTGCAACAAGAGTTCTCTTCTTTGGGTGATTCATTCTTGGCTTGGGGTACTGGTAAGACTGAT,0.16993480869114402,0.1709754231065961,0.1585933484031508,0.09439590373638543,0.027909142971548773,0.07788158164443779,0.13133810324251666,0.16897168820422048,1705.888634999055
CAGAAGATTGTCTTGGATCCATCTAATATTGAATTGGATACTCCACCAGAATTTAGATTGCAACAATCTGAATCTTTGGATTCATTTGGATTCTTGGCTTGGGGTACTGGTAAGACTGAT,0.005441935043952455,0.004076962331353004,0.05394403162866862,0.149080255435987,0.3575726957936758,0.33989728823180726,0.08025685492709123,0.009729976607464635,1102.5975427823694
CAGAAGATTGTCTTGGATCCATCTAATATTGAATTGGATACTCCACCAGAATTTAGATTGCAAGAATCTTTGTTTGGTTCTCAAGATTCATTCTTGGCTTGGGGTACTGGTAAGACTGAT,0.528450688762284,0.33516090775511687,0.11296082827665102,0.0007913459771267177,0.01130853894961293,0.010446432336505846,0.00022020845297412452,0.0006610494897285469,222.15662181198675
CAGAAGATTGTCTTGGATCCATCTAATATTGAATTGGATACTCCACCAGAATTTAGATTGCAAGAATTGTCATTTGGTTCTCAAGATTCATTCTTGGCTTGGGGTACTGGTAAGACTGAT,0.30745350693092266,0.1687288539047239,0.17389941799668227,0.031051855994552183,0.13771212322476867,0.02561941315382383,0.15553482879452657,0.0,702.3914675892539
CAGAAGATTGTCTTGGATCCATCTAATATTGAATTGGATACTCCACCAGAATTTAGATTGCAAGGTCAATTCTCTGAAGATTTGTCTTCATTCTTGGCTTGGGGTACTGGTAAGACTGAT,0.04159864836089092,0.054642746721087536,0.12119381791439789,0.3224622360314936,0.27596795232211835,0.16654080708776753,0.015305380376090586,0.0022884111861536157,710.419915081349
CAGAAGATTGTCTTGGATCCATCTAATATTGAATTGGATACTCCACCAGAATTTAGATTGCAAGGTTTGTTCTCTGAACAATCTGATTCATTCTTGGCTTGGGGTACTGGTAAGACTGAT,0.005405666622263351,0.0015454425045115987,0.0018010907961675015,0.024087682940876324,0.16875409875431593,0.29145696772066365,0.3895443072694782,0.11740474339172348,2297.927291902402
CAGAAGATTGTCTTGGATCCATCTAATATTGAATTGGATACTCCACCAGAATTTAGATTGCAATCTGGTCAAGACTTCTTGTCTGAATCATTCTTGGCTTGGGGTACTGGTAAGACTGAT,0.12203385827194836,0.04501975352251754,0.07086445990372153,0.08586446850142734,0.0601264759841817,0.14541396151233774,0.20372413690015467,0.266952885403711,2563.490543630008
CAGAAGATTGTCTTGGATCCATCTAATATTGAATTGGATACTCCACCAGAATTTAGATTGCAATCTTTGGAATTTGGTTCTCAAGATTCATTCTTGGCTTGGGGTACTGGTAAGACTGAT,0.05956396617543217,0.0998811877447745,0.1235303625835677,0.2646941829309361,0.156519245067819,0.12739219042649827,0.07365665362463548,0.09476221144633676,1289.6473272017167
CAGAAGATTGTCTTGGATCCATCTAATATTGAATTGGATACTCCACCAGAATTTAGATTGCAATTGGAATCATTTGGTTCTCAAGATTCATTCTTGGCTTGGGGTACTGGTAAGACTGAT,0.04358505212114268,0.11902672132557747,0.10846982101677119,0.11759510615199029,0.14725368620003268,0.1769227311566084,0.1905649865956685,0.09658189543220877,1590.7817178991743
CAGAAGATTGTCTTGGATCCATCTAATATTGAATTGGATACTCCACCAGAATTTAGATTGCAATTGTCTGAATTTGGTTCTCAAGATTCATTCTTGGCTTGGGGTACTGGTAAGACTGAT,0.0004090085494086484,0.00031798744032156533,0.00020820615925656177,0.004647217734317618,0.033525572195508835,0.21958882947920716,0.5219121625767664,0.21939101586521323,3075.448621363452
CAGAAGATTGTCTTGGATCCATCTAATATTGAATTGGATACTCCACCAGAATTTAGATTGCAATTGTCTGGTGAGTTCTCTCAAGATTCATTCTTGGCTTGGGGTACTGGTAAGACTGAT,0.0017574793242749092,0.0020605196358917674,0.008480404176736431,0.032118554515553815,0.1265187098540567,0.23558731591709128,0.40353774495742817,0.1899392716189669,2691.9986131176493
CAGAAGATTGTCTTGGATCCATCTAATATTGAATTGGATACTCCACCAGAATTTAGATTGCAATTTGGTTTGGAATCTTCTCAAGATTCATTCTTGGCTTGGGGTACTGGTAAGACTGAT,0.10264979634438873,0.03227449488013285,0.03991622591565439,0.021382582758314225,0.006321985760836964,0.017641754556545382,0.24395605694836126,0.535857102835766,4113.9229003058745
CAGAAGATTGTCTTGGATCCATCTAATATTGAATTGGATACTCCACCAGAATTTAGATTGGAACAATTGGAATTTGGTGAACAAGATTCATTCTTGGCTTGGGGTACTGGTAAGACTGAT,0.11883974046986898,0.21920702583666804,0.13555467247577752,0.0330067300156245,0.06831151113520276,0.22693572467814233,0.17451135423275993,0.023633241155955893,1095.2335197205489
CAGAAGATTGTCTTGGATCCATCTAATATTGAATTGGATACTCCACCAGAATTTAGATTGGAACAATTGGAATTTGGTTCTCAAGATTCATTCTTGGCTTGGGGTACTGGTAAGACTGAT,0.0007556828383536602,0.0011147407313774993,0.0020079255997591154,0.0012245892589519093,0.00031913774944099607,0.0013540779870493192,0.31612323642991697,0.6771006094051505,5127.445239316118
CAGAAGATTGTCTTGGATCCATCTAATATTGAATTGGATACTCCACCAGAATTTAGATTGGAACAATTGTCATTTGGTTCTCAAGATTCATTCTTGGCTTGGGGTACTGGTAAGACTGAT,0.2363739647404936,0.09512857064226812,0.058826226884304875,0.07878103677505434,0.06987732936829738,0.2166616524930432,0.1315347577421578,0.11281646135438067,1522.4424304431664
CAGAAGATTGTCTTGGATCCATCTAATATTGAATTGGATACTCCACCAGAATTTAGATTGGAAGAATTGGAATTTGAAGAACAAGATTCATTCTTGGCTTGGGGTACTGGTAAGACTGAT,0.2531664885862236,0.15504499731949578,0.15066501714191757,0.09782934964471177,0.19523887251814553,0.060535766224991745,0.06125185862778877,0.02626764993672523,730.6540866666401
CAGAAGATTGTCTTGGATCCATCTAATATTGAATTGGATACTCCACCAGAATTTAGATTGGAATCTCAATTTGGTTTGTCTCAAGATTCATTCTTGGCTTGGGGTACTGGTAAGACTGAT,0.03431000193803867,0.009862886569479434,0.09148614330370754,0.08712513873716402,0.13040729022124095,0.1752143698462541,0.27274926697541046,0.19884490240870478,2390.9217221378713
CAGAAGATTGTCTTGGATCCATCTAATATTGAATTGGATACTCCACCAGAATTTAGATTGGAATTGTCTCAATTTGGTTCTCAAGATTCATTCTTGGCTTGGGGTACTGGTAAGACTGAT,0.3902271820496662,0.2355700685663469,0.11952685761702925,0.09337551158427765,0.041411179929875565,0.022011344140376664,0.03340758258059388,0.06447027353183384,756.0555687197425
CAGAAGATTGTCTTGGATCCATCTAATATTGAATTGGATACTCCACCAGAATTTAGATTGGATGATTTGGAATTTGATGATCAAGATTCATTCTTGGCTTGGGGTACTGGTAAGACTGAT,0.0005928841848595159,0.0007158177313310937,0.0006393862862863389,0.0007025858303742593,0.0008179246659903666,0.0007245877938640155,0.2877649547240952,0.7080418587831993,5249.339101931438
CAGAAGATTGTCTTGGATCCATCTAATATTGAATTGGATACTCCACCAGAATTTAGATTGGCTGCTGCTGCATTTGGTTCTCAAGATTCATTCTTGGCTGCTGCTGCTGGTAAGACTGAT,0.1303594540750987,0.20830932710183855,0.12404473115130207,0.18742049903871738,0.11334445397195494,0.10543074665483794,0.08534233022009101,0.04574845778615939,943.7777986614087
CAGAAGATTGTCTTGGATCCATCTAATATTGAATTGGATACTCCACCAGAATTTAGATTGGCTGCTGCTGCATTTGGTTCTCAAGATTCATTCTTGGCTTGGGGTACTGCTGCTGCTGCT,0.11213474098724259,0.10618485680636959,0.07387119600867462,0.08060922494849906,0.19499699624644942,0.18742838720596502,0.13458714570688785,0.1101874520899118,1561.2046086202472
CAGAAGATTGTCTTGGATCCATCTAATATTGAATTGGATACTCCACCAGAATTTAGATTGGCTGCTGCTGCATTTGGTTCTCAAGATTCATTCTTGGCTTGGGGTACTGGTAAGACTGAT,0.07864732979353402,0.10299321741683728,0.1677677756343843,0.23715939871361927,0.21404647738534355,0.14760992327709643,0.04283855330730777,0.008937324471877285,741.2631296325575
CAGAAGATTGTCTTGGATCCATCTAATATTGAATTGGATACTCCACCAGAATTTAGATTGGCTGCTGCTGCATTTGGTTCTCAAGCTGCTGCTGCTGCTTGGGGTACTGGTAAGACTGAT,0.2106385148718481,0.29522361795723207,0.1387203753740195,0.22417642331421883,0.06448780322789134,0.06462244857388777,0.0017427565011958687,0.0003880601797065324,400.0865559098427
CAGAAGATTGTCTTGGATCCATCTAATATTGAATTGGATACTCCACCAGAATTTAGATTGGCTGCTGCTGCTGCTGCTGCTGCTGATTCATTCTTGGCTTGGGGTACTGGTAAGACTGAT,0.013272338809953035,0.040060840291470126,0.10184490127096833,0.22363429206424898,0.27465161574382596,0.2392547826604211,0.08616584250081175,0.02111538665830064,1050.2037601179989
CAGAAGATTGTCTTGGATCCATCTAATATTGAATTGGATACTCCACCAGAATTTAGATTGGGATTTGAACAATTGTCTTCTCAAGATTCATTCTTGGCTTGGGGTACTGGTAAGACTGAT,0.14729468597085732,0.21555877980343705,0.09997398469782079,0.08925785410327026,0.10556009796605607,0.012273736777046974,0.18628388722500447,0.14379697345650722,1644.4165963677976
CAGAAGATTGTCTTGGATCCATCTAATATTGAATTGGATACTCCACCAGAATTTAGATTGGGTCAATCTTCTTCTGAATTTCAAGATTTGTTCTTGGCTTGGGGTACTGGTAAGACTGAT,0.01072543725123959,0.010791115641097622,0.007626377801892717,0.021277851659211363,0.03472643541503591,0.09830993701506927,0.41707553070905773,0.3994673145073958,3798.440903541462
CAGAAGATTGTCTTGGATCCATCTAATATTGAATTGGATACTCCACCAGAATTTAGATTGGGTCAATTCTCTGAATTGTCTCAAGATTCATTCTTGGCTTGGGGTACTGGTAAGACTGAT,0.00047334446906713566,0.0008191380387295412,0.0008481665820044039,0.005469044329595551,0.09668299843303169,0.2617625065552485,0.46163741843485573,0.17230738315746738,2727.1778245980586
CAGAAGATTGTCTTGGATCCATCTAATATTGAATTGGATACTCCACCAGAATTTAGATTGGGTGAATTGCAATCTCAATCATTTGATTCATTCTTGGCTTGGGGTACTGGTAAGACTGAT,0.07610463488151625,0.16537764685108733,0.2016315912990005,0.23060756951884365,0.18790261240813738,0.11750154002490956,0.015204878086521888,0.005669526929983423,609.9660463108403
CAGAAGATTGTCTTGGATCCATCTAATATTGAATTGGATACTCCACCAGAATTTAGATTGGGTTCTGAACAATCTTTGTTTCAAGATTCATTCTTGGCTTGGGGTACTGGTAAGACTGAT,0.09242984789820757,0.15942146090820733,0.2300295300842951,0.22004234006227327,0.11710410297396165,0.08472169770174186,0.0489850808061014,0.047265939565211745,867.5699555747991
CAGAAGATTGTCTTGGATCCATCTAATATTGAATTGGATACTCCACCAGAATTTAGATTGTATCAATTGGAATTTGGTTCTCAAGATTCATTCTTGGCTTGGGGTACTGGTAAGACTGAT,0.052721763896206385,0.026522305696248187,0.09840621982534949,0.13178720502000027,0.24677374130878751,0.2778690575279074,0.13446593153043468,0.03145377519506597,1229.2060039313135
CAGAAGATTGTCTTGGATCCATCTAATATTGAATTGGATACTCCACCAGAATTTAGATTGTCATTCTCTCAAGGTGAACAATTGGATTCATTCTTGGCTTGGGGTACTGGTAAGACTGAT,0.00038873879164190965,0.00032000668053910094,0.0003078254998998273,0.001020796895600527,0.0012884937704666008,0.07443850306544192,0.44637519632281103,0.4758604389735991,4285.31084135895
CAGAAGATTGTCTTGGATCCATCTAATATTGAATTGGATACTCCACCAGAATTTAGATTGTCATTCTCTGATTCTGAACAAGGTTTGCAATTCTTGGCTTGGGGTACTGGTAAGACTGAT,0.010305848806042689,0.00877373352315764,0.004932326041110275,0.012330175201018851,0.006249507669506496,0.2986514638527454,0.36173885229998654,0.29701809260643214,3249.153437819706
CAGAAGATTGTCTTGGATCCATCTAATATTGAATTGGATACTCCACCAGAATTTAGATTGTCATTCTCTTTGGGTCAACAAGAAGATTCATTCTTGGCTTGGGGTACTGGTAAGACTGAT,0.34511444377593403,0.2125884427810842,0.15775419582471242,0.04694821703753309,0.048582571636439004,0.038734746461885274,0.09145021494752834,0.05882716753488347,877.2003283046474
CAGAAGATTGTCTTGGATCCATCTAATATTGAATTGGATACTCCACCAGAATTTAGATTGTCTCAACAAGATGAGTTCTCTGGTTTGTCATTCTTGGCTTGGGGTACTGGTAAGACTGAT,0.0004744991820190775,0.00034887276019182205,0.00020438357328970053,0.0001824758633052143,0.00017983636846729642,0.03295419883318614,0.44288308772591506,0.5227726456936257,4516.615498819822
CAGAAGATTGTCTTGGATCCATCTAATATTGAATTGGATACTCCACCAGAATTTAGATTGTCTCAACAAGGTGAATTGTTCTCTGATTCATTCTTGGCTTGGGGTACTGGTAAGACTGAT,0.049039472808417,0.06728150644346953,0.08875941851892538,0.15849073641307082,0.2372259919510608,0.16345398395560584,0.12404064086907064,0.11170824904038006,1567.7171574262054
CAGAAGATTGTCTTGGATCCATCTAATATTGAATTGGATACTCCACCAGAATTTAGATTGTCTCAACAATCATTTGAAGGTTTGGATTCATTCTTGGCTTGGGGTACTGGTAAGACTGAT,0.0018738867710648625,0.00018980151563461722,0.00010954598760290322,0.00018163570611747128,0.0006444301106447355,0.015078121282815939,0.4123333091921341,0.5695892694339852,4711.156118609209
CAGAAGATTGTCTTGGATCCATCTAATATTGAATTGGATACTCCACCAGAATTTAGATTGTCTCAACAATCTGGTTCTGATGAGTTCTTGTTCTTGGCTTGGGGTACTGGTAAGACTGAT,0.14568641066240579,0.13942836480242146,0.08843140816306913,0.05526676191087755,0.03151324313320087,0.04559798317102834,0.15488975181171502,0.33918607634528186,2754.6094302593833
CAGAAGATTGTCTTGGATCCATCTAATATTGAATTGGATACTCCACCAGAATTTAGATTGTCTCAACAATCTTTGTTTGGTGAAGATTCATTCTTGGCTTGGGGTACTGGTAAGACTGAT,0.016894973786492785,0.004249608002281807,0.015767402126854457,0.028154614080457788,0.17064626674299885,0.3019774719979185,0.35647457704021285,0.10583508622278286,2163.386033578409
CAGAAGATTGTCTTGGATCCATCTAATATTGAATTGGATACTCCACCAGAATTTAGATTGTCTCAACAATTGGGTGACTTCTCTGAATCATTCTTGGCTTGGGGTACTGGTAAGACTGAT,0.005041192578903544,0.0010932109725065712,0.0019221506781827336,0.014347975372479532,0.07231804688573651,0.15018329403580374,0.43089312053954204,0.32420100893684534,3447.3510087945765
CAGAAGATTGTCTTGGATCCATCTAATATTGAATTGGATACTCCACCAGAATTTAGATTGTCTCAACAATTTGGTGAATTGTCTGATTCATTCTTGGCTTGGGGTACTGGTAAGACTGAT,0.01930682868900457,0.043706376380983285,0.06606706214107347,0.09115923470631279,0.023781342078712787,0.07078697373041472,0.24173211434781358,0.4434600679256848,3639.72836193721
CAGAAGATTGTCTTGGATCCATCTAATATTGAATTGGATACTCCACCAGAATTTAGATTGTCTCAAGAAGGATTCTTGTCTCAAGATTCATTCTTGGCTTGGGGTACTGGTAAGACTGAT,0.02444411778992902,0.014053602298738088,0.021726395965630693,0.011638536688229544,0.06193900675746988,0.1312328607017248,0.34329844177655505,0.39166703802172304,3626.4356082570425
CAGAAGATTGTCTTGGATCCATCTAATATTGAATTGGATACTCCACCAGAATTTAGATTGTCTCAAGAATCTGGATTTCAATTGGATTCATTCTTGGCTTGGGGTACTGGTAAGACTGAT,0.04488093840979397,0.03870494721629517,0.09573847230620128,0.2706750857254102,0.21481183740858553,0.10578371271958281,0.16055258124281033,0.06885242497132088,1342.9813163394422
CAGAAGATTGTCTTGGATCCATCTAATATTGAATTGGATACTCCACCAGAATTTAGATTGTCTCAAGAATTGTTTGGTTCTCAAGATTCATTCTTGGCTTGGGGTACTGGTAAGACTGAT,0.3113886717435339,0.2913098456553489,0.18354099243107755,0.09710659664496823,0.03229941135915335,0.030044267158849128,0.01519983407618621,0.03911038093088282,576.22511929155
CAGAAGATTGTCTTGGATCCATCTAATATTGAATTGGATACTCCACCAGAATTTAGATTGTCTCAAGAATTTGGTTTGTCTCAAGATTCATTCTTGGCTTGGGGTACTGGTAAGACTGAT,0.22493436543405437,0.28471481453974795,0.21067464054893903,0.15853518818443654,0.04766704864526565,0.04655588316022628,0.02691805948733028,0.0,416.88709488450877
CAGAAGATTGTCTTGGATCCATCTAATATTGAATTGGATACTCCACCAGAATTTAGATTGTCTCAAGACTTCTTGGGTTCTCAAGAATCATTCTTGGCTTGGGGTACTGGTAAGACTGAT,0.014768750773121694,0.03436187418378217,0.04479502097518132,0.14151538684841147,0.2610484264459338,0.3206604520545932,0.1575183816467844,0.025331707072191918,1302.7548281958989
CAGAAGATTGTCTTGGATCCATCTAATATTGAATTGGATACTCCACCAGAATTTAGATTGTCTCAAGAGTTCTCTTTGGGTCAAGATTCATTCTTGGCTTGGGGTACTGGTAAGACTGAT,0.048749595564913865,0.03205462241723424,0.023055546618706776,0.01204931193142855,0.0029502002458665823,0.12545733183894497,0.41739253512336455,0.33829085625954053,3433.9751703598076
CAGAAGATTGTCTTGGATCCATCTAATATTGAATTGGATACTCCACCAGAATTTAGATTGTCTCAAGAGTTCTTGGGTTCTCAAGATTCATTCTTGGCTTGGGGTACTGGTAAGACTGAT,0.0002992069839596334,0.010837411585223163,0.0018177839127247084,0.0031481069527889644,0.037652865453323935,0.13872449913124077,0.43242500271219025,0.37509512326854866,3728.4985189536173
CAGAAGATTGTCTTGGATCCATCTAATATTGAATTGGATACTCCACCAGAATTTAGATTGTCTCAAGCTGAAGCTGGTTCTCAAGATTCTGCTTTGGCTTGGGGTACTGGTAAGACTGAT,0.088827528964507,0.035748589627268,0.022106446360008455,0.09868437123455057,0.17506244128139087,0.16283958542940802,0.24714878214291225,0.16958225495995471,2153.0287070768636
CAGAAGATTGTCTTGGATCCATCTAATATTGAATTGGATACTCCACCAGAATTTAGATTGTCTCAAGCTGAATTTGGTTCTCAAGATTCATTCTTGGCTGCTGGTACTGGTAAGACTGAT,0.20182875011084056,0.15955081259086815,0.10763353490212053,0.14414457497044433,0.1136476306615437,0.15856913333180633,0.08022244322036012,0.03440312021201616,903.6451371364469
CAGAAGATTGTCTTGGATCCATCTAATATTGAATTGGATACTCCACCAGAATTTAGATTGTCTCAAGCTGAATTTGGTTCTCAAGATTCATTCTTGGCTTGGGGTACTGGTAAGACTGAT,0.11879709115667307,0.13470227982800692,0.11497480866048508,0.1361693647294618,0.15422641146654997,0.12098895028303112,0.16614164327678846,0.053999450599003594,1211.7175507744612
CAGAAGATTGTCTTGGATCCATCTAATATTGAATTGGATACTCCACCAGAATTTAGATTGTCTCAAGCTGAATTTGGTTCTCAAGATTCATTTGCTGCTTGGGGTACTGGTAAGACTGAT,0.14030154147463725,0.06273808592546692,0.13578735580775547,0.08659458494121104,0.30723121101975803,0.10002311708629574,0.1301224050413665,0.037201698703508965,1070.7351747010728
CAGAAGATTGTCTTGGATCCATCTAATATTGAATTGGATACTCCACCAGAATTTAGATTGTCTCAAGCTGAATTTGGTTCTCAAGATTCTGCTTTGGCTTGGGGTACTGGTAAGACTGAT,0.06428756313178222,0.0618690074550024,0.07303983454538177,0.1614742473324764,0.15148764745207968,0.21520919615047476,0.16590853975817488,0.10672396417462783,1645.7961189635432
CAGAAGATTGTCTTGGATCCATCTAATATTGAATTGGATACTCCACCAGAATTTAGATTGTCTCAAGGATTCTTGGAATCTCAAGATTCATTCTTGGCTTGGGGTACTGGTAAGACTGAT,0.19785719095081367,0.0,0.08206763957233364,0.14654175127035418,0.12997983574351848,0.18135696964806666,0.18350228565309737,0.07869432716181611,1450.964225758269
CAGAAGATTGTCTTGGATCCATCTAATATTGAATTGGATACTCCACCAGAATTTAGATTGTCTCAAGGTCAATTTGAATTGGACTTCTCTTCTTTGGCTTGGGGTACTGGTAAGACTGAT,0.26819437264457935,0.17598045017160102,0.13058872831708793,0.1036364694265401,0.0689427304317248,0.06412915048881412,0.1189608748423758,0.06956722367727704,1065.7021774924021
CAGAAGATTGTCTTGGATCCATCTAATATTGAATTGGATACTCCACCAGAATTTAGATTGTCTCAAGGTGAATCTCAATTGTTTGATTCATTCTTGGCTTGGGGTACTGGTAAGACTGAT,0.18617288007848065,0.1404846975770773,0.11583179322672889,0.20683175391281367,0.045863989557715326,0.04266176680189459,0.15108248150973058,0.11107063733555898,1390.1791139451032
CAGAAGATTGTCTTGGATCCATCTAATATTGAATTGGATACTCCACCAGAATTTAGATTGTCTCAAGGTTTGTCTCAATTTGAAGATTCATTCTTGGCTTGGGGTACTGGTAAGACTGAT,0.0003930955604950405,0.00033900233504476654,0.00020963447827514946,0.0005614917840912969,0.0007193808211675504,0.03819323242605016,0.4981146393255159,0.4614695232693601,4277.8070381506805
CAGAAGATTGTCTTGGATCCATCTAATATTGAATTGGATACTCCACCAGAATTTAGATTGTCTCAAGGTTTGTTGTTTCAAGATGAGTTCTCTTCTGCTTGGGGTACTGGTAAGACTGAT,0.04068771543781394,0.09303834345494402,0.2439427122225211,0.287653364306664,0.22598401153944772,0.09154124103928614,0.017152611999323185,0.0,592.3575225929592
CAGAAGATTGTCTTGGATCCATCTAATATTGAATTGGATACTCCACCAGAATTTAGATTGTCTCAATCTCAATTTGAATCTGATGGTTTGTTCTTGGCTTGGGGTACTGGTAAGACTGAT,0.08232597831625464,0.13459892950132182,0.07683153711886002,0.12575938241258205,0.050702844155305064,0.06602788174705516,0.18133855612233987,0.28241489062628145,2524.840994565482
CAGAAGATTGTCTTGGATCCATCTAATATTGAATTGGATACTCCACCAGAATTTAGATTGTCTCAATCTGAAGATTTGTTTGGTTCTCAATTCTTGGCTTGGGGTACTGGTAAGACTGAT,0.14855950446897045,0.2562329569158785,0.0,0.1650445696321765,0.1254784243018854,0.15562336458613366,0.09841516967199322,0.050646010422962295,1048.8237601762014
CAGAAGATTGTCTTGGATCCATCTAATATTGAATTGGATACTCCACCAGAATTTAGATTGTCTCAATCTGGTGAATTGTTTCAAGATTCATTCTTGGCTTGGGGTACTGGTAAGACTGAT,0.07637929874509226,0.1280783595790736,0.06336154607348174,0.22627949270117456,0.025088218066231963,0.14001935535108082,0.18890090479167113,0.1518928246921941,1837.4403052685734
CAGAAGATTGTCTTGGATCCATCTAATATTGAATTGGATACTCCACCAGAATTTAGATTGTCTCAATCTTCTTTGCAAGACTTCTTGTTTGGTGAAGCTTGGGGTACTGGTAAGACTGAT,0.10197487143872573,0.06839955048944794,0.15509032297312764,0.12587846967121347,0.03349556560435308,0.11424198844887272,0.25220374888591635,0.14871548248834301,1924.1482928952867
CAGAAGATTGTCTTGGATCCATCTAATATTGAATTGGATACTCCACCAGAATTTAGATTGTCTCAATCTTTGCAATTTGGTGAATTGTCATTTGATGCTTGGGGTACTGGTAAGACTGAT,0.21600446602679546,0.16299539477651337,0.22398701531535792,0.17998022540590877,0.0532130489150548,0.06599695332580699,0.03338882372408308,0.06443407251047956,858.7011118788083
CAGAAGATTGTCTTGGATCCATCTAATATTGAATTGGATACTCCACCAGAATTTAGATTGTCTCAATTCTCTCAATTGGAATTTGATGGTTTGTCTGCTTGGGGTACTGGTAAGACTGAT,0.08634490008775801,0.10424837104986044,0.3008403469399908,0.23022301145966217,0.11911875095974322,0.07914420168015875,0.08008041782282647,0.0,656.0463735570469
CAGAAGATTGTCTTGGATCCATCTAATATTGAATTGGATACTCCACCAGAATTTAGATTGTCTCAATTCTTGGAATCTGATGGTCAATCATTCTTGGCTTGGGGTACTGGTAAGACTGAT,0.015002941557425258,0.018525453193784854,0.03309479550700527,0.060610033092323275,0.11894396372617075,0.1275164799262097,0.24223793174709307,0.38406840124998776,3382.446525476218
CAGAAGATTGTCTTGGATCCATCTAATATTGAATTGGATACTCCACCAGAATTTAGATTGTCTCAATTGCAATCTTCTGGTGAAGACTTCTTCTTGGCTTGGGGTACTGGTAAGACTGAT,0.04561250906501543,0.32124275582425843,0.056757769620838124,0.050673950181703856,0.13484058291909318,0.16723468846037712,0.1692129485429457,0.054424795385768096,1243.3790934319156
CAGAAGATTGTCTTGGATCCATCTAATATTGAATTGGATACTCCACCAGAATTTAGATTGTCTCAATTGCAATTTGATTCTGAATCTGGATTCTTGGCTTGGGGTACTGGTAAGACTGAT,0.17617009984267765,0.18127728076346755,0.23914544845657346,0.16458189007364427,0.10258131826922716,0.055049476646163276,0.033420402231623146,0.047774083716623346,772.3498683558975
CAGAAGATTGTCTTGGATCCATCTAATATTGAATTGGATACTCCACCAGAATTTAGATTGTCTCAATTGGAACAAGATTCTGGATTCTCATTCTTGGCTTGGGGTACTGGTAAGACTGAT,0.04042059600439643,0.16267246380658973,0.10059446072937608,0.15717068816861074,0.2190689397412621,0.11114920970269555,0.11246402092271335,0.09645962092435606,1379.9705615471667
CAGAAGATTGTCTTGGATCCATCTAATATTGAATTGGATACTCCACCAGAATTTAGATTGTCTCAATTGGAACAAGGATTCTCTGATTCATTCTTGGCTTGGGGTACTGGTAAGACTGAT,0.0446097910929071,0.12418395230453991,0.060974759998913906,0.10656676311193038,0.1776572302719557,0.46080220989995696,0.02272314212450708,0.00248215119528892,948.6726628681961
CAGAAGATTGTCTTGGATCCATCTAATATTGAATTGGATACTCCACCAGAATTTAGATTGTCTCAATTGGAACAAGGTGATTCTTCTTGGGCATTCTTGTTTGGTACTGGTAAGACTGAT,0.13983295322176498,0.16078769786049524,0.14914342027878447,0.1553496672419428,0.07873845432492967,0.1281716400165787,0.09263415266661912,0.09534201438888508,1265.0467236742288
CAGAAGATTGTCTTGGATCCATCTAATATTGAATTGGATACTCCACCAGAATTTAGATTGTCTCAATTGGAACAAGGTTCTGACTTCTCATTCTTGGCTTGGGGTACTGGTAAGACTGAT,0.12823870947494048,0.15321599199566469,0.08976003718943877,0.17808606971270904,0.12636725241129027,0.14693036698711387,0.08176764325334641,0.09563392897549643,1289.1218119187458
CAGAAGATTGTCTTGGATCCATCTAATATTGAATTGGATACTCCACCAGAATTTAGATTGTCTCAATTGGAACAATCATTTGATTCTGGATTCTTGGCTTGGGGTACTGGTAAGACTGAT,0.2484347042823702,0.275180940998806,0.21271023468736414,0.13420306426361495,0.024705511746714856,0.029248002576021392,0.040163264489661926,0.03535427695544653,624.6325903549078
CAGAAGATTGTCTTGGATCCATCTAATATTGAATTGGATACTCCACCAGAATTTAGATTGTCTCAATTGGAACAATCATTTGGTGATTCATTCTTGGCTTGGGGTACTGGTAAGACTGAT,0.33831291862258644,0.2596153841985637,0.10702843804203975,0.1019265560499016,0.06215479798530898,0.04204738279165895,0.0478628680267689,0.04105165428317164,686.1901453059045
CAGAAGATTGTCTTGGATCCATCTAATATTGAATTGGATACTCCACCAGAATTTAGATTGTCTCAATTGGAACAATCTGGATTCTGGGCTTTGTTCTCTGATGGTACTGGTAAGACTGAT,0.16808893813195627,0.12299509029588729,0.1521170146581931,0.11883525048313634,0.07528905684575343,0.15407122836668166,0.09920512932674082,0.10939829189165107,1382.6010795772042
CAGAAGATTGTCTTGGATCCATCTAATATTGAATTGGATACTCCACCAGAATTTAGATTGTCTCAATTGGAACAATCTTCTGGTGACTTCTTCTTGGCTTGGGGTACTGGTAAGACTGAT,0.29972873232736696,0.22037380488390418,0.05737944965233442,0.08965073745815076,0.07951855377787564,0.14793314015679518,0.06414989035623353,0.041265691387339376,850.3726075626641
CAGAAGATTGTCTTGGATCCATCTAATATTGAATTGGATACTCCACCAGAATTTAGATTGTCTCAATTGGAACAATGGTTCTCTGGTTTGGATTCTGCATTTGGTACTGGTAAGACTGAT,0.02820962228056328,0.0343168619092861,0.16003570283851623,0.3213767710948588,0.1254698106804957,0.10871731911328188,0.11844686427283808,0.10342704781016004,1430.6035106867937
CAGAAGATTGTCTTGGATCCATCTAATATTGAATTGGATACTCCACCAGAATTTAGATTGTCTCAATTGGAACAATGGTTCTTGTTTGGTGATTCTGCTTCTGGTACTGGTAAGACTGAT,0.1446839627861522,0.15790638739607993,0.15867667280903605,0.19343164703784702,0.10874174584462763,0.11014045724323882,0.07960238263099169,0.04681674425202677,943.0557340435936
CAGAAGATTGTCTTGGATCCATCTAATATTGAATTGGATACTCCACCAGAATTTAGATTGTCTCAATTGGAACAATTCTCTGGTGATTCATTCTTGGCTTGGGGTACTGGTAAGACTGAT,0.019175069456567894,0.07716996037918669,0.11930216041482766,0.11716568412040222,0.13226666085149197,0.2109116665038786,0.18673076822350212,0.1372780300501427,1864.1739114741113
CAGAAGATTGTCTTGGATCCATCTAATATTGAATTGGATACTCCACCAGAATTTAGATTGTCTCAATTGGAACAATTTGATGGTTCTTCTTTGTTTGCTTGGGGTACTGGTAAGACTGAT,0.1526424005497921,0.17037462083900057,0.19587567548501067,0.12983509226070888,0.11751156811093239,0.11586532775354745,0.07520795322682955,0.04268736177417834,905.7416312388898
CAGAAGATTGTCTTGGATCCATCTAATATTGAATTGGATACTCCACCAGAATTTAGATTGTCTCAATTGGAAGATTTGTTTGCATTCTGGTCTGGTTCTCAAGGTACTGGTAAGACTGAT,0.08983733831684802,0.11298433387336654,0.13973598076650853,0.1996124703350954,0.1770525865945655,0.16469077883999647,0.06248960489726542,0.05359690637635419,1047.2785905911467
CAGAAGATTGTCTTGGATCCATCTAATATTGAATTGGATACTCCACCAGAATTTAGATTGTCTCAATTGGAAGCTGCTGCTGCTGATTCATTCTTGGCTGCTGCTGCTGGTAAGACTGAT,0.09008197680936912,0.056638514383510516,0.2396334794312732,0.2666321874164354,0.2307482044678299,0.08761767029633916,0.002291588931007237,0.026356378264235442,706.7357288231077
CAGAAGATTGTCTTGGATCCATCTAATATTGAATTGGATACTCCACCAGAATTTAGATTGTCTCAATTGGAAGCTGCTGCTGCTGATTCATTCTTGGCTTGGGGTACTGCTGCTGCTGCT,0.1029661688312585,0.1566305244168548,0.23196139965657414,0.2563229699799965,0.12811187408285007,0.09800744434116515,0.016255514850494285,0.009744103840806626,589.9122437009526
CAGAAGATTGTCTTGGATCCATCTAATATTGAATTGGATACTCCACCAGAATTTAGATTGTCTCAATTGGAAGCTGCTGCTGCTGATTCATTCTTGGCTTGGGGTACTGGTAAGACTGAT,0.0006575339227075939,0.0009372105719206316,0.0009545667686178507,0.029767788671278314,0.25561160941679056,0.32766743473881543,0.3371335887473884,0.04727026716248122,1834.652262663198
CAGAAGATTGTCTTGGATCCATCTAATATTGAATTGGATACTCCACCAGAATTTAGATTGTCTCAATTGGAAGCTGCTGCTGCTGCTGCTGCTGCTGCTTGGGGTACTGGTAAGACTGAT,0.11298159743775882,0.11367345262552214,0.16401964165642693,0.10459893490784984,0.05566639784392871,0.017259923718081615,0.13971276465910432,0.29208728715132765,2433.9217395426704
CAGAAGATTGTCTTGGATCCATCTAATATTGAATTGGATACTCCACCAGAATTTAGATTGTCTCAATTGGAAGCTGGTTCTCAAGATTCATTCTTGGCTGCTGGTACTGGTAAGACTGAT,0.269354140249529,0.24072383247650442,0.19754427243588366,0.17720553675396816,0.06227809488248054,0.03724061120293966,0.01116478207775285,0.004488729920941692,403.9526477643832
CAGAAGATTGTCTTGGATCCATCTAATATTGAATTGGATACTCCACCAGAATTTAGATTGTCTCAATTGGAAGCTGGTTCTCAAGATTCATTCTTGGCTTGGGGTACTGGTAAGACTGAT,0.10486359919273823,0.11209985186207683,0.10602041200669601,0.1092186574121727,0.11624992627012855,0.0841037236201496,0.16411874238451923,0.20332508725151888,2052.583899999831
CAGAAGATTGTCTTGGATCCATCTAATATTGAATTGGATACTCCACCAGAATTTAGATTGTCTCAATTGGAAGCTGGTTCTCAAGATTCATTTGCTGCTTGGGGTACTGGTAAGACTGAT,0.15110564950378302,0.12438896850035212,0.136747489489511,0.1831344549695034,0.13536407525251593,0.16368684599194733,0.08918168957231366,0.01639082672007357,848.9257762933473
CAGAAGATTGTCTTGGATCCATCTAATATTGAATTGGATACTCCACCAGAATTTAGATTGTCTCAATTGGAAGCTGGTTCTCAAGATTCTGCTGCTGCTTGGGGTACTGGTAAGACTGAT,0.11624325736177654,0.18753546710697394,0.1976304014361098,0.19827272167734128,0.18277673722614377,0.0946296362493901,0.016930043324258275,0.005981735618006387,575.4169462764801
CAGAAGATTGTCTTGGATCCATCTAATATTGAATTGGATACTCCACCAGAATTTAGATTGTCTCAATTGGAAGCTGGTTCTCAAGATTCTGCTTTGGCTTGGGGTACTGGTAAGACTGAT,0.07262523389861554,0.17118124581898628,0.21760376222368616,0.28693067057751614,0.13808008253544138,0.0996937671290872,0.007251258961845266,0.006633978854821913,565.8875078140613
CAGAAGATTGTCTTGGATCCATCTAATATTGAATTGGATACTCCACCAGAATTTAGATTGTCTCAATTGGAAGCTTGGTTGGGATTCTTTCAATCTGATTCTGGTACTGGTAAGACTGAT,0.015545052599113542,0.018978921251390776,0.12623114244294656,0.15122406788134798,0.26119936879574573,0.29428217578863985,0.11614338941092715,0.016395881829888433,1130.9551990582838
CAGAAGATTGTCTTGGATCCATCTAATATTGAATTGGATACTCCACCAGAATTTAGATTGTCTCAATTGGAAGGATTCTCTCAAGATTCATTCTTGGCTTGGGGTACTGGTAAGACTGAT,0.1165086629325184,0.06313112707546945,0.17289776740139726,0.22738366431791146,0.21870826857042225,0.15015558143894014,0.042863185996974196,0.008351742266366743,737.7510459652601
CAGAAGATTGTCTTGGATCCATCTAATATTGAATTGGATACTCCACCAGAATTTAGATTGTCTCAATTGGAAGGATTCTTGCAAGATTCTTCATTTGCTTGGGGTACTGGTAAGACTGAT,0.21945216134065895,0.23845968074425503,0.07646087294947836,0.11702587507502674,0.1902996276595132,0.08850645589260356,0.04884732023618081,0.02094800610228328,698.5610522453289
CAGAAGATTGTCTTGGATCCATCTAATATTGAATTGGATACTCCACCAGAATTTAGATTGTCTCAATTGGAAGGATTTCAATCTGATTCATTCTTGGCTTGGGGTACTGGTAAGACTGAT,0.06762694455183749,0.13608213110913162,0.08415135711046391,0.22539372352500747,0.19992008357639496,0.0,0.12544096918956507,0.16138479093759953,1685.04835962853
CAGAAGATTGTCTTGGATCCATCTAATATTGAATTGGATACTCCACCAGAATTTAGATTGTCTCAATTGGAAGGTTCTCAATCATTTGACTTCTTGGCTTGGGGTACTGGTAAGACTGAT,0.11685772498916869,0.17101573246338753,0.07931536927408747,0.16523177758521665,0.0942155646601953,0.0973749288664343,0.09852680074536603,0.17746210141614402,1753.0910196301681
CAGAAGATTGTCTTGGATCCATCTAATATTGAATTGGATACTCCACCAGAATTTAGATTGTCTCAATTGGAAGGTTCTCAATTTGATTCATTCTTGGCTTGGGGTACTGGTAAGACTGAT,0.319381608563865,0.09640121304856213,0.11922642361656993,0.07096442643946126,0.03147206994686779,0.1170987628240749,0.2073469173385823,0.03810857822201663,1107.0610467999504
CAGAAGATTGTCTTGGATCCATCTAATATTGAATTGGATACTCCACCAGAATTTAGATTGTCTCAATTGGAAGGTTCTGATCAATTCTCATTCTTGGCTTGGGGTACTGGTAAGACTGAT,0.1420292966889856,0.17692260689375996,0.1178224463146385,0.21790010378046834,0.12662738742742669,0.14878265177007782,0.03763565954801614,0.03227984757662684,810.8689252576684
CAGAAGATTGTCTTGGATCCATCTAATATTGAATTGGATACTCCACCAGAATTTAGATTGTCTCAATTGGAAGGTTCTTCATTTGATCAATTCTTGGCTTGGGGTACTGGTAAGACTGAT,0.1642760979309279,0.18364673401243578,0.1476340670234991,0.1419484669462938,0.13489893975445855,0.08365353247177944,0.06771447247410826,0.07622768938649715,1063.816901602519
CAGAAGATTGTCTTGGATCCATCTAATATTGAATTGGATACTCCACCAGAATTTAGATTGTCTCAATTGGAAGGTTCTTCTCAAGACTTCTTGTTTGCTTGGGGTACTGGTAAGACTGAT,0.05007947186754902,0.15115841699750515,0.12255523168981598,0.21141905839722458,0.19903949435408894,0.14076955064681868,0.09908504217972444,0.025893733867273224,953.7165448413948
CAGAAGATTGTCTTGGATCCATCTAATATTGAATTGGATACTCCACCAGAATTTAGATTGTCTCAATTGGAATCATTCTCTGGATTTGATCAATTGGCTTGGGGTACTGGTAAGACTGAT,0.15247270321835824,0.16619025206135302,0.17391814610619508,0.08469600034437604,0.0751237931678935,0.08152509348532783,0.12962631594030882,0.13644769567618753,1533.0088822789824
CAGAAGATTGTCTTGGATCCATCTAATATTGAATTGGATACTCCACCAGAATTTAGATTGTCTCAATTGGAATCTCAAGCATTCTCATTCTTGTGGGGTGATGGTACTGGTAAGACTGAT,0.003931411856263327,0.0007655779911109851,0.00033534137583361733,0.0005811812565102366,0.0003592858406897512,0.007119923931877412,0.35181232587646716,0.6350949518712474,4960.333676429982
CAGAAGATTGTCTTGGATCCATCTAATATTGAATTGGATACTCCACCAGAATTTAGATTGTCTCAATTGGAATCTCAAGGATTTGATTCATTCTTGGCTTGGGGTACTGGTAAGACTGAT,0.008040714796404988,0.003111520382396126,0.0015392978385708619,0.0487877120440208,0.27914650042719574,0.27666456536699,0.36942545098364377,0.013284238160777721,1661.9721696224788
CAGAAGATTGTCTTGGATCCATCTAATATTGAATTGGATACTCCACCAGAATTTAGATTGTCTCAATTGGAATCTGACTTCTTTCAAGGTTTGTCTGCTTGGGGTACTGGTAAGACTGAT,0.17893541715978145,0.24432798628250077,0.1590411958778247,0.15619306853756057,0.025189159362177305,0.070291358406098,0.05926904341481216,0.10675277095924508,1159.791117643564
CAGAAGATTGTCTTGGATCCATCTAATATTGAATTGGATACTCCACCAGAATTTAGATTGTCTCAATTGGAATCTGATTGGGGTTTTTTCTCTGCTCAATTGGGTACTGGTAAGACTGAT,0.13684984316131174,0.12148928661728733,0.3105263329401866,0.19675186644988132,0.11898769336921841,0.07378665013321624,0.02239784714600012,0.019210480182898275,619.7440888896801
CAGAAGATTGTCTTGGATCCATCTAATATTGAATTGGATACTCCACCAGAATTTAGATTGTCTCAATTGGAATCTGGATTTCAAGATTCATTCTTGGCTTGGGGTACTGGTAAGACTGAT,0.1437152547387574,0.16204646904878042,0.15879011480333613,0.12662909544809067,0.04028786225652174,0.04883101446300372,0.15856729050575855,0.16113289873575148,1706.305960550448
CAGAAGATTGTCTTGGATCCATCTAATATTGAATTGGATACTCCACCAGAATTTAGATTGTCTCAATTGGAATCTGGTCAATTTGATTCATTCTTGGCTTGGGGTACTGGTAAGACTGAT,0.055811507295129646,0.11230655034713861,0.20834657453726876,0.2790211104794899,0.10999403937695451,0.1790499513847929,0.03882170937982286,0.0166485571994027,774.5353021052684
CAGAAGATTGTCTTGGATCCATCTAATATTGAATTGGATACTCCACCAGAATTTAGATTGTCTCAATTGGAATCTTCATTTGGTGATCAATTCTTGGCTTGGGGTACTGGTAAGACTGAT,0.0019981032378793085,0.001044536369564695,0.0018241763785820265,0.00011591774998860182,0.003202746757483425,0.03760017244509581,0.42618767535731567,0.5280266717040903,4516.315042094854
CAGAAGATTGTCTTGGATCCATCTAATATTGAATTGGATACTCCACCAGAATTTAGATTGTCTCAATTGGAATCTTTGTTTGATTCTCAATTTGGTGCTTGGGGTACTGGTAAGACTGAT,0.18089258881028095,0.056875095122685355,0.08440990277888795,0.16328449267488065,0.10026715787886133,0.18653301418245896,0.1467974346889612,0.0809403138629836,1373.9706750918012
CAGAAGATTGTCTTGGATCCATCTAATATTGAATTGGATACTCCACCAGAATTTAGATTGTCTCAATTGGAATTGTCATTCTCTGATCAATTTGGTGCTTGGGGTACTGGTAAGACTGAT,0.09190909178461679,0.059834763466667565,0.026909826812620462,0.07808249875451737,0.05327518384862385,0.0644221651686738,0.2707652661353374,0.3548012040289427,3160.72876570695
CAGAAGATTGTCTTGGATCCATCTAATATTGAATTGGATACTCCACCAGAATTTAGATTGTCTCAATTGGAATTGTCTGGTTGGCAATTTGCATTTGATTCTGGTACTGGTAAGACTGAT,0.16347354950799178,0.10121513704312501,0.1251801551442489,0.11176219551778711,0.14869651505259227,0.16136694886415787,0.12828812701425185,0.060017371855845034,1192.8171695352955
CAGAAGATTGTCTTGGATCCATCTAATATTGAATTGGATACTCCACCAGAATTTAGATTGTCTCAATTGGAATTTCAATCTGGTGATTCATTCTTGGCTTGGGGTACTGGTAAGACTGAT,0.21878146794039294,0.0,0.05444799424197344,0.19444703103333238,0.12935320276693268,0.24064352991257595,0.16232677410479265,0.0,993.249155030006
CAGAAGATTGTCTTGGATCCATCTAATATTGAATTGGATACTCCACCAGAATTTAGATTGTCTCAATTGGAATTTGAAGAACAAGATTCATTCTTGGCTTGGGGTACTGGTAAGACTGAT,0.1108269691529413,0.020273750952434083,0.05014805816051496,0.06715909252366419,0.11913775752283641,0.1477594158366569,0.2803261840316533,0.20436877181929894,2389.794959916366
CAGAAGATTGTCTTGGATCCATCTAATATTGAATTGGATACTCCACCAGAATTTAGATTGTCTCAATTGGAATTTGATGATCAAGATTCATTCTTGGCTTGGGGTACTGGTAAGACTGAT,0.2799592078606808,0.10242675226777209,0.06333932410889412,0.11310006633024908,0.07523825761300709,0.13997024819778336,0.16523032229656645,0.06073582132504709,1204.4207509581702
CAGAAGATTGTCTTGGATCCATCTAATATTGAATTGGATACTCCACCAGAATTTAGATTGTCTCAATTGGAATTTGGATTCTCTCAATCTTGGTTGGATGCTGGTACTGGTAAGACTGAT,0.23678234123014108,0.21624162963347116,0.13145445527650895,0.1983046195199619,0.10051002685559282,0.050085224443540195,0.04054215586276359,0.026079547178020187,642.2970203552858
CAGAAGATTGTCTTGGATCCATCTAATATTGAATTGGATACTCCACCAGAATTTAGATTGTCTCAATTGGAATTTGGATTCTCTGCTGATTTGCAATCTTGGGGTACTGGTAAGACTGAT,0.12479725438302008,0.16143616805189015,0.08873773518686379,0.13864551591328786,0.10540801743488372,0.1470726479168854,0.14881240628454348,0.0850902548286255,1361.8629658243995
CAGAAGATTGTCTTGGATCCATCTAATATTGAATTGGATACTCCACCAGAATTTAGATTGTCTCAATTGGAATTTGGATTCTTGTGGGATTCTCAATCTGCTGGTACTGGTAAGACTGAT,0.05011064770806493,0.08402917624726441,0.04157000870252926,0.030928460897912242,0.054865950931538246,0.13269154971256703,0.3666363280346326,0.23916787776549128,2750.2080017820185
CAGAAGATTGTCTTGGATCCATCTAATATTGAATTGGATACTCCACCAGAATTTAGATTGTCTCAATTGGAATTTGGATTTGCTTCTGGTACTGATTCTTGGCAATTGGGTAAGACTGAT,0.20291866116843413,0.20757659281076823,0.18679452502479896,0.1546204298077417,0.11596040153195522,0.08539237197692393,0.026935192075787245,0.0198018256035906,617.4891225948786
CAGAAGATTGTCTTGGATCCATCTAATATTGAATTGGATACTCCACCAGAATTTAGATTGTCTCAATTGGAATTTGGTACTCAAGATTCATTCTTGGCTTGGGGTACTGGTAAGACTGAT,0.2257777356264844,0.2391161161284049,0.16265280435207807,0.13201652886568863,0.16393472320409153,0.05446028728101091,0.022041804542241576,0.0,465.8656650377282
CAGAAGATTGTCTTGGATCCATCTAATATTGAATTGGATACTCCACCAGAATTTAGATTGTCTCAATTGGAATTTGGTACTTCTTTGGGTTGGTCTGACTTTCAAGCTGGTAAGACTGAT,0.000947968270048633,0.0016350398701533485,0.002383275639233383,0.005652678260772404,0.03225622082970253,0.18679852667989963,0.46543317109871357,0.3048931193514765,3428.477372613627
CAGAAGATTGTCTTGGATCCATCTAATATTGAATTGGATACTCCACCAGAATTTAGATTGTCTCAATTGGAATTTGGTACTTTGGGTCAATCTGATTGGTCTGCATTTGGTAAGACTGAT,0.21256167536775183,0.23698367899713824,0.15727050430220854,0.18721707479112826,0.08491607331614555,0.06318978793569123,0.037296743989882045,0.02056446130005436,609.1687051179911
CAGAAGATTGTCTTGGATCCATCTAATATTGAATTGGATACTCCACCAGAATTTAGATTGTCTCAATTGGAATTTGGTCAAGATGCTTCTTCTTTGGGTACATTCTGGGGTAAGACTGAT,0.0007969380338392646,0.1334225436851851,0.076160034523457,0.14555501208393073,0.17967844402631897,0.2701306554040966,0.13644131292703401,0.057815059316138444,1356.3244397853077
CAGAAGATTGTCTTGGATCCATCTAATATTGAATTGGATACTCCACCAGAATTTAGATTGTCTCAATTGGAATTTGGTCAAGATTCTTCATTCTTGGCTTGGGGTACTGGTAAGACTGAT,0.08776940344058502,0.14717811499449437,0.08191166769304052,0.11376030128637687,0.06486640268747482,0.04022495457281644,0.2984724263460647,0.1658167289791471,2062.695175415977
CAGAAGATTGTCTTGGATCCATCTAATATTGAATTGGATACTCCACCAGAATTTAGATTGTCTCAATTGGAATTTGGTCAATCTGATTCATTCTTGGCTTGGGGTACTGGTAAGACTGAT,0.1424175187402738,0.1432896280165046,0.08860837612671162,0.14943097452732512,0.0935594284135071,0.08702711115161044,0.2201414404019972,0.07552552262207006,1398.2865896607855
CAGAAGATTGTCTTGGATCCATCTAATATTGAATTGGATACTCCACCAGAATTTAGATTGTCTCAATTGGAATTTGGTCAATCTTCTGACTTCTTGGCTTGGGGTACTGGTAAGACTGAT,0.1940420564872511,0.13780961948841766,0.15623595654009262,0.16485081442754185,0.1012289799593934,0.06277411651664479,0.07410280139870247,0.10895565518195613,1241.2112096434917
CAGAAGATTGTCTTGGATCCATCTAATATTGAATTGGATACTCCACCAGAATTTAGATTGTCTCAATTGGAATTTGGTCAATGGTTGGCATTCTCTTCTGATGGTACTGGTAAGACTGAT,0.18970004874701166,0.18456560029891983,0.2787690068052623,0.16240288456603455,0.13929139007760993,0.036054306873011886,0.006400722549933181,0.002816040082216716,433.9118218129362
CAGAAGATTGTCTTGGATCCATCTAATATTGAATTGGATACTCCACCAGAATTTAGATTGTCTCAATTGGAATTTGGTGAACAAGATTCATTCTTGGCTTGGGGTACTGGTAAGACTGAT,0.006259291826812645,0.00666984490828102,0.0007216393699765016,0.0005220949858339699,0.0015469131212050718,0.024525585690492756,0.41347452620504394,0.546280103892354,4582.067540190653
CAGAAGATTGTCTTGGATCCATCTAATATTGAATTGGATACTCCACCAGAATTTAGATTGTCTCAATTGGAATTTGGTGATCAATCTTCATTCTTGGCTTGGGGTACTGGTAAGACTGAT,0.11258298435047419,0.19565232483266776,0.05094263688922768,0.06822320523941774,0.0907690907271471,0.1970070544912653,0.19933749918233085,0.0854852042874694,1511.8872159078812
CAGAAGATTGTCTTGGATCCATCTAATATTGAATTGGATACTCCACCAGAATTTAGATTGTCTCAATTGGAATTTGGTGATCAATTCTTGTCTTCTGCTTGGGGTACTGGTAAGACTGAT,0.0021971259799024503,0.001964960285787224,0.0009788345643656536,0.0005122944599640794,0.012001393773591202,0.0766772840237642,0.49083905193678795,0.41482905497583733,4024.5819305240384
CAGAAGATTGTCTTGGATCCATCTAATATTGAATTGGATACTCCACCAGAATTTAGATTGTCTCAATTGGAATTTGGTGATTCATTTCAATTGTCTGCTTGGGGTACTGGTAAGACTGAT,0.10909385993361312,0.08537037299382065,0.0905003809420513,0.14813281683755347,0.19111430052695635,0.1444386971712109,0.10117889853957084,0.13017067305522345,1572.7340123512733
CAGAAGATTGTCTTGGATCCATCTAATATTGAATTGGATACTCCACCAGAATTTAGATTGTCTCAATTGGAATTTGGTGATTCATTTGCTCAATTGTCTTGGGGTACTGGTAAGACTGAT,0.15465946638727568,0.09575787112054736,0.07401922228074062,0.11895329103520873,0.1758489656346297,0.19628543360324252,0.0993036710320558,0.0851720789062995,1330.255849382773
CAGAAGATTGTCTTGGATCCATCTAATATTGAATTGGATACTCCACCAGAATTTAGATTGTCTCAATTGGAATTTGGTGATTCTCAATCATTCTTGGCTTGGGGTACTGGTAAGACTGAT,0.006888260018700899,0.0069304410334562125,0.008571382790466176,0.061220985590375344,0.17648113347806807,0.26518028584012143,0.23637464833406785,0.23835286291474408,2661.6025717272937
CAGAAGATTGTCTTGGATCCATCTAATATTGAATTGGATACTCCACCAGAATTTAGATTGTCTCAATTGGAATTTGGTGATTCTCAATTGTTCTCTGCTTGGGGTACTGGTAAGACTGAT,0.1838254684327317,0.24124062238001173,0.2386879229240841,0.15982736807704923,0.05513041849817287,0.043955326178383436,0.029650189663744823,0.047682683845822096,722.9232496425429
CAGAAGATTGTCTTGGATCCATCTAATATTGAATTGGATACTCCACCAGAATTTAGATTGTCTCAATTGGAATTTGGTGATTCTTCTCAATTCTTGGCTTGGGGTACTGGTAAGACTGAT,0.013786952701094169,0.04161413584849108,0.05146724229092768,0.07658418366515671,0.17661477886228893,0.2653811011935275,0.24294699168121833,0.13160461375729565,2031.263285716974
CAGAAGATTGTCTTGGATCCATCTAATATTGAATTGGATACTCCACCAGAATTTAGATTGTCTCAATTGGAATTTGGTGATTCTTGGTTTCAAGCTACTTCTTTGGGTGGTAAGACTGAT,0.029564504073096246,0.07555802811810916,0.1197639877387495,0.21169545412498367,0.2960088327663635,0.2187699006813624,0.04142953089125996,0.00720976160607545,845.4372518986011
CAGAAGATTGTCTTGGATCCATCTAATATTGAATTGGATACTCCACCAGAATTTAGATTGTCTCAATTGGAATTTGGTGATTCTTTGCAATTCTCTGCTTGGGGTACTGGTAAGACTGAT,0.016022959497230108,0.014605420953449287,0.01141755294142148,0.00791153974566017,0.007152339923650896,0.16456670599494808,0.45330766248122367,0.3250158184624163,3484.519542448102
CAGAAGATTGTCTTGGATCCATCTAATATTGAATTGGATACTCCACCAGAATTTAGATTGTCTCAATTGGAATTTGGTGCTCAATTCTCTGATTCTTGGTTGGGTACTGGTAAGACTGAT,0.006307593070111537,0.00042053253842902694,9.456423926954176e-05,0.0002954979121985542,0.045380952084281334,0.1461762983592357,0.542214274222611,0.25911028757386334,3288.378187726091
CAGAAGATTGTCTTGGATCCATCTAATATTGAATTGGATACTCCACCAGAATTTAGATTGTCTCAATTGGAATTTGGTGCTTGGTTCTCTCAATCTTTGGATGGTACTGGTAAGACTGAT,0.0009565486408814079,0.0012360497054517779,0.0001956936798256971,0.0034367946721598607,0.014910047465463868,0.05629183853381893,0.4049004165582505,0.5180726107441479,4433.399077129298
CAGAAGATTGTCTTGGATCCATCTAATATTGAATTGGATACTCCACCAGAATTTAGATTGTCTCAATTGGAATTTGGTGGTGATCAATTGTCTACATTCTGGGCTTCTGGTAAGACTGAT,0.04375079409515799,0.04108412641685634,0.09799407174018729,0.31755690032067657,0.2615480444534994,0.19516410871986992,0.03246127442533172,0.010440679828420833,821.6167262691259
CAGAAGATTGTCTTGGATCCATCTAATATTGAATTGGATACTCCACCAGAATTTAGATTGTCTCAATTGGAATTTGGTTATCAAGATTCATTCTTGGCTTGGGGTACTGGTAAGACTGAT,0.06959602097220187,0.05601775986406424,0.10392188474184082,0.20102892752215126,0.13716073695726447,0.2551683545576976,0.07745604105297194,0.09965027433180773,1443.6615638246149
CAGAAGATTGTCTTGGATCCATCTAATATTGAATTGGATACTCCACCAGAATTTAGATTGTCTCAATTGGAATTTGGTTCATTCTCTGATTTGCAAGCTTGGGGTACTGGTAAGACTGAT,0.02622138741902445,0.10364340233162374,0.137505795026279,0.2705028102260723,0.26207849121442384,0.1442079918176254,0.046900884685751536,0.008939237279199631,783.0255189196376
CAGAAGATTGTCTTGGATCCATCTAATATTGAATTGGATACTCCACCAGAATTTAGATTGTCTCAATTGGAATTTGGTTCATTTGGTACTTCTGCTGATCAATGGTTGGGTAAGACTGAT,0.2092849338641819,0.14288170959727858,0.23940145995087178,0.20318307004669262,0.1258193217630748,0.07853002226361393,0.0006295165124542751,0.0002699660018322286,449.8964963246611
CAGAAGATTGTCTTGGATCCATCTAATATTGAATTGGATACTCCACCAGAATTTAGATTGTCTCAATTGGAATTTGGTTCTCAAACTGGTGCATTCTCTGATTGGTTGGGTAAGACTGAT,0.004724004773309905,0.005149010461833809,0.0044087243846159035,0.01399522411419334,0.010085973752032865,0.2583595476532707,0.4914323940356958,0.21184512082504767,2990.8503382508115
CAGAAGATTGTCTTGGATCCATCTAATATTGAATTGGATACTCCACCAGAATTTAGATTGTCTCAATTGGAATTTGGTTCTCAAACTTCTGCTGGTTTGTGGGACTTTGGTAAGACTGAT,0.05092140062729115,0.08325398802807862,0.10296628984745536,0.24043078157113687,0.28225280812716014,0.15752755391261217,0.08264717788626567,0.0,825.492876817286
CAGAAGATTGTCTTGGATCCATCTAATATTGAATTGGATACTCCACCAGAATTTAGATTGTCTCAATTGGAATTTGGTTCTCAAACTTTGTTTGCTGATGGTTGGTCTGGTAAGACTGAT,0.10548333946049174,0.08844106520348509,0.13125783261344973,0.15625121553685078,0.13859195180993886,0.177258764019648,0.09783032800730354,0.10488550334883226,1424.9384434245785
CAGAAGATTGTCTTGGATCCATCTAATATTGAATTGGATACTCCACCAGAATTTAGATTGTCTCAATTGGAATTTGGTTCTCAAGACTTCTCTTTGGCTTGGGGTACTGGTAAGACTGAT,0.1912375799741558,0.3046470200514744,0.19334723560992859,0.12393410381252416,0.058889608191591045,0.07303724936715539,0.04064567368148633,0.014261529311684245,565.3154096670256
CAGAAGATTGTCTTGGATCCATCTAATATTGAATTGGATACTCCACCAGAATTTAGATTGTCTCAATTGGAATTTGGTTCTCAAGACTTCTCTTTGTGGGCTGGTACTGGTAAGACTGAT,0.002718626351006374,0.0027352741572614597,0.0033829133998223614,0.005134512800671344,0.004286323138668089,0.16870214410218576,0.5859698691147762,0.22707033693560852,3200.4008373967345
CAGAAGATTGTCTTGGATCCATCTAATATTGAATTGGATACTCCACCAGAATTTAGATTGTCTCAATTGGAATTTGGTTCTCAAGACTTCTTGTCTGCTTGGGGTACTGGTAAGACTGAT,0.00023226489169804525,0.0002628980901048871,0.00014450901171886795,0.0002580384151656535,0.0001716564930881306,0.01735096319720789,0.33214091241452026,0.6494387574864965,5013.4600281186695
CAGAAGATTGTCTTGGATCCATCTAATATTGAATTGGATACTCCACCAGAATTTAGATTGTCTCAATTGGAATTTGGTTCTCAAGATTCATTCTGGGCTGGTACTTTGGGTAAGACTGAT,0.10438972005887927,0.07001930796291352,0.17319598806956943,0.1739601563971935,0.15429945635567366,0.07973681758928632,0.1613600878613282,0.08303846570515622,1347.8043742547088
CAGAAGATTGTCTTGGATCCATCTAATATTGAATTGGATACTCCACCAGAATTTAGATTGTCTCAATTGGAATTTGGTTCTCAAGATTCATTCTTGAAAGATGCTGGTACTACTGGTTGG,0.006412094155808353,0.009149095002252491,0.03437179370683092,0.1294615269472971,0.30467913707119,0.34028611412002424,0.14810524220117058,0.027534996795426255,1336.5215149357027
CAGAAGATTGTCTTGGATCCATCTAATATTGAATTGGATACTCCACCAGAATTTAGATTGTCTCAATTGGAATTTGGTTCTCAAGATTCATTCTTGACTGCTGGTAAATGGGGTACTGAT,0.03499638085264419,0.039211899231553535,0.050475658331855126,0.1184066389269301,0.1912386582225376,0.3149463763853617,0.21466096914614138,0.036063418902976166,1451.944983395256
CAGAAGATTGTCTTGGATCCATCTAATATTGAATTGGATACTCCACCAGAATTTAGATTGTCTCAATTGGAATTTGGTTCTCAAGATTCATTCTTGACTGCTGGTGATTGGAAGACTGGT,0.003402462390725363,0.002073751625743244,0.004828310099614116,0.025408410618441294,0.10974838539369222,0.20151119332139905,0.40050874900492145,0.25251873754546333,3018.264978369187
CAGAAGATTGTCTTGGATCCATCTAATATTGAATTGGATACTCCACCAGAATTTAGATTGTCTCAATTGGAATTTGGTTCTCAAGATTCATTCTTGACTGCTGGTGGTTGGAAGACTGAT,0.34217498539588476,0.28200867572156096,0.19477365658886622,0.08492596609144198,0.02989197164769286,0.028917111429241586,0.021381707746567852,0.015925925378743714,441.5845300667632
CAGAAGATTGTCTTGGATCCATCTAATATTGAATTGGATACTCCACCAGAATTTAGATTGTCTCAATTGGAATTTGGTTCTCAAGATTCATTCTTGACTGCTTGGGGTGGTAAGACTGAT,0.000761541612273689,0.0006895844961792278,0.000947621700102085,0.00042302344809233425,0.022287712263770548,0.1786964874523129,0.41409803761440933,0.38209599141285994,3764.1562042188893
CAGAAGATTGTCTTGGATCCATCTAATATTGAATTGGATACTCCACCAGAATTTAGATTGTCTCAATTGGAATTTGGTTCTCAAGATTCATTCTTGACTGGTAAGACTGGTGATTGGGCT,0.17178351078080642,0.1767635242425091,0.07287212181544764,0.1778334491792847,0.165429385788016,0.17892919728090081,0.04707190658874144,0.009316904324293964,730.6581472241837
CAGAAGATTGTCTTGGATCCATCTAATATTGAATTGGATACTCCACCAGAATTTAGATTGTCTCAATTGGAATTTGGTTCTCAAGATTCATTCTTGACTGGTGCTGGTTGGAAGACTGAT,0.2192706037549812,0.24762720861964505,0.20417244099063334,0.1922303091305875,0.051445397349639294,0.04511899620443422,0.01521757328645602,0.024917470663623428,550.437724002373
CAGAAGATTGTCTTGGATCCATCTAATATTGAATTGGATACTCCACCAGAATTTAGATTGTCTCAATTGGAATTTGGTTCTCAAGATTCATTCTTGACTGGTGCTTGGGGTAAGACTGAT,0.047196373740671184,0.11871346476274974,0.2642789079531176,0.10486714020852729,0.023253805726072305,0.19467202963328697,0.21886094749277973,0.028157330482795253,1203.0142364117603
CAGAAGATTGTCTTGGATCCATCTAATATTGAATTGGATACTCCACCAGAATTTAGATTGTCTCAATTGGAATTTGGTTCTCAAGATTCATTCTTGACTGGTGGTAAAGCTTGGACTGAT,0.0008143749045851487,0.0008193618185189148,0.0005456578758907849,0.06096575177178723,0.1714242718974245,0.23295307579758381,0.3678845720013151,0.16459293393289443,2480.5874803688757
CAGAAGATTGTCTTGGATCCATCTAATATTGAATTGGATACTCCACCAGAATTTAGATTGTCTCAATTGGAATTTGGTTCTCAAGATTCATTCTTGACTGGTTGGAAAGCTGATACTGGT,0.06304113969168817,0.03171358950801621,0.06863939820513497,0.1663368479248715,0.27954515761656684,0.2455813585116074,0.11693477672466068,0.028207731817454274,1154.0919732161647
CAGAAGATTGTCTTGGATCCATCTAATATTGAATTGGATACTCCACCAGAATTTAGATTGTCTCAATTGGAATTTGGTTCTCAAGATTCATTCTTGACTGGTTGGAAAGGTGATACTGCT,0.001552339830828737,0.0009371074522944286,0.0009014360871354966,0.0003449193778854157,0.02916600722179892,0.29766713856270227,0.40542366059429996,0.2640073908730547,3158.7176181299315
CAGAAGATTGTCTTGGATCCATCTAATATTGAATTGGATACTCCACCAGAATTTAGATTGTCTCAATTGGAATTTGGTTCTCAAGATTCATTCTTGACTGGTTGGGCTGGTAAGACTGAT,0.000774760173031716,0.0015590090036349397,0.001124748532789502,0.00043036613437573196,0.04631618976701647,0.19967032790340114,0.5481338069487931,0.20199079153695748,3014.1727386575353
CAGAAGATTGTCTTGGATCCATCTAATATTGAATTGGATACTCCACCAGAATTTAGATTGTCTCAATTGGAATTTGGTTCTCAAGATTCATTCTTGACTTGGGGTGCTGGTAAGACTGAT,0.08289448535691178,0.19460489724234065,0.17191578213844919,0.030697653687695364,0.08168476115745579,0.10130871054098009,0.205014232173305,0.1318794777028621,1701.2822315139108
CAGAAGATTGTCTTGGATCCATCTAATATTGAATTGGATACTCCACCAGAATTTAGATTGTCTCAATTGGAATTTGGTTCTCAAGATTCATTCTTGGCTACTTGGGGTGGTAAGACTGAT,0.0012766638076059963,0.0014985618646552392,0.0018533809486507016,0.002363883633076666,0.06856278542021603,0.04446748371983637,0.6441174804705562,0.2358597601354028,3285.068150806995
CAGAAGATTGTCTTGGATCCATCTAATATTGAATTGGATACTCCACCAGAATTTAGATTGTCTCAATTGGAATTTGGTTCTCAAGATTCATTCTTGGCTGCTGCTGCTGCTGCTGCTGCT,0.13623728277913738,0.06853577335174267,0.08476319838846647,0.15135499936213323,0.03356227454890249,0.2185327008766299,0.06317650791715199,0.24383726277583598,2175.2446219615285
CAGAAGATTGTCTTGGATCCATCTAATATTGAATTGGATACTCCACCAGAATTTAGATTGTCTCAATTGGAATTTGGTTCTCAAGATTCATTCTTGGCTGCTGCTGCTGGTAAGACTGAT,0.01388149800556862,0.047346194912380034,0.10178633572294912,0.2510261640294873,0.3708479407170395,0.1962979148767646,0.017480584180785137,0.0013333675550255618,777.4989108858078
CAGAAGATTGTCTTGGATCCATCTAATATTGAATTGGATACTCCACCAGAATTTAGATTGTCTCAATTGGAATTTGGTTCTCAAGATTCATTCTTGGCTGCTGGTACTGGTAAGACTGAT,0.17047535938642278,0.23641847243477565,0.17199764617247607,0.143323933697355,0.04086182918310758,0.05067847620814854,0.09828276493413758,0.08796151798357686,1121.8317788212603
CAGAAGATTGTCTTGGATCCATCTAATATTGAATTGGATACTCCACCAGAATTTAGATTGTCTCAATTGGAATTTGGTTCTCAAGATTCATTCTTGGCTTGGAAAGGTACTGGTACTGAT,0.002514304069249218,0.008720947518298256,0.023261790509115334,0.09520279761140038,0.23492354325533135,0.34224864553354206,0.23767935050153888,0.055448621001524534,1673.7961391413396
CAGAAGATTGTCTTGGATCCATCTAATATTGAATTGGATACTCCACCAGAATTTAGATTGTCTCAATTGGAATTTGGTTCTCAAGATTCATTCTTGGCTTGGAAAGGTGGTACTACTGAT,0.0943681725387777,0.10681430217781773,0.5577768852200014,0.03931493935538809,0.03487162747394797,0.03243689120031749,0.12034218214163918,0.01407499989211046,715.4120204655688
CAGAAGATTGTCTTGGATCCATCTAATATTGAATTGGATACTCCACCAGAATTTAGATTGTCTCAATTGGAATTTGGTTCTCAAGATTCATTCTTGGCTTGGAAGACTGGTACTGATGGT,0.04708012536434963,0.11250001096414154,0.12449098500259596,0.27459821603475837,0.24356356264511037,0.1564328771330272,0.027290234473143965,0.01404398838287286,769.7673462087107
CAGAAGATTGTCTTGGATCCATCTAATATTGAATTGGATACTCCACCAGAATTTAGATTGTCTCAATTGGAATTTGGTTCTCAAGATTCATTCTTGGCTTGGAAGACTGGTGGTACTGAT,0.16610670047327378,0.15518645354524732,0.029527757786485778,0.17135755845932538,0.1753742306481396,0.08700245635697876,0.08803162971856399,0.12741321301198538,1446.4756891240868
CAGAAGATTGTCTTGGATCCATCTAATATTGAATTGGATACTCCACCAGAATTTAGATTGTCTCAATTGGAATTTGGTTCTCAAGATTCATTCTTGGCTTGGACTAAAGGTGATACTGGT,0.01977806457042648,0.079596710861145,0.09844306796052348,0.1757820701867104,0.15591546034803325,0.10877208471704282,0.22011755268698027,0.1415949886691382,1879.2589736149725
CAGAAGATTGTCTTGGATCCATCTAATATTGAATTGGATACTCCACCAGAATTTAGATTGTCTCAATTGGAATTTGGTTCTCAAGATTCATTCTTGGCTTGGACTAAAGGTGGTACTGAT,0.05879667723016421,0.14206695595642044,0.18059319503639337,0.2651887621418188,0.1897750622445628,0.13590998671360377,0.02528580019242957,0.0023835604846069317,643.4564613873803
CAGAAGATTGTCTTGGATCCATCTAATATTGAATTGGATACTCCACCAGAATTTAGATTGTCTCAATTGGAATTTGGTTCTCAAGATTCATTCTTGGCTTGGACTGGTAAAGATACTGGT,0.1252067645964556,0.14820409639346316,0.1649653509284695,0.14728284833073246,0.19595576279023558,0.18227413568382214,0.02732300756599811,0.008788033710823451,706.5160642861285
CAGAAGATTGTCTTGGATCCATCTAATATTGAATTGGATACTCCACCAGAATTTAGATTGTCTCAATTGGAATTTGGTTCTCAAGATTCATTCTTGGCTTGGACTGGTAAAGGTACTGAT,0.03924045026602323,0.07896148692314739,0.1908759056588425,0.2932741698115747,0.1968542193432002,0.16676076719656013,0.02977648608501957,0.0042565147156324494,713.7342035777704
CAGAAGATTGTCTTGGATCCATCTAATATTGAATTGGATACTCCACCAGAATTTAGATTGTCTCAATTGGAATTTGGTTCTCAAGATTCATTCTTGGCTTGGACTGGTAAGACTGATGGT,0.11184463386041642,0.10502755827869428,0.15772995254405234,0.05798594383218551,0.051432464737202296,0.07517942325954899,0.13830679830432055,0.30249322518357963,2545.333652677607
CAGAAGATTGTCTTGGATCCATCTAATATTGAATTGGATACTCCACCAGAATTTAGATTGTCTCAATTGGAATTTGGTTCTCAAGATTCATTCTTGGCTTGGACTGGTGATGGTACTAAA,0.1407410162115259,0.22163925794224698,0.19797372407558508,0.2107440576935911,0.11456760947163544,0.06730642197730688,0.03972652023958916,0.007301392388519518,570.4918914360878
CAGAAGATTGTCTTGGATCCATCTAATATTGAATTGGATACTCCACCAGAATTTAGATTGTCTCAATTGGAATTTGGTTCTCAAGATTCATTCTTGGCTTGGACTGGTGGTAAGACTGAT,0.003577597930872039,0.0007831092527058032,0.0024697474958952615,0.01552468033406311,0.06561275931366406,0.1540633909378001,0.4208440850301778,0.3371246297048217,3504.0109391116275
CAGAAGATTGTCTTGGATCCATCTAATATTGAATTGGATACTCCACCAGAATTTAGATTGTCTCAATTGGAATTTGGTTCTCAAGATTCATTCTTGGCTTGGGATAAAGGTACTACTGGT,0.0032690644635643253,0.0037950956975722097,0.001668861202957801,0.002048718814758425,0.027835830442405462,0.08920177755669567,0.44491009771058576,0.42727055411146014,4015.5563601007425
CAGAAGATTGTCTTGGATCCATCTAATATTGAATTGGATACTCCACCAGAATTTAGATTGTCTCAATTGGAATTTGGTTCTCAAGATTCATTCTTGGCTTGGGGTAAGACTGGTACTGAT,0.09767950438628731,0.09476773926211202,0.12154715713472597,0.2170372312555252,0.24235385764160355,0.10712051070550903,0.09868130735776896,0.020812692256467983,904.0494570314343
CAGAAGATTGTCTTGGATCCATCTAATATTGAATTGGATACTCCACCAGAATTTAGATTGTCTCAATTGGAATTTGGTTCTCAAGATTCATTCTTGGCTTGGGGTACTAAAGATACTGGT,0.002357128984471875,0.0015810420813366988,0.0021998140413065042,0.002182241947428697,0.028453443998595607,0.16798331884701506,0.5243032271774127,0.2709397829224329,3335.068293445289
CAGAAGATTGTCTTGGATCCATCTAATATTGAATTGGATACTCCACCAGAATTTAGATTGTCTCAATTGGAATTTGGTTCTCAAGATTCATTCTTGGCTTGGGGTACTAAAGGTACTGAT,0.14710854503511073,0.17761125638964803,0.26847922167152255,0.2397011509559114,0.07731291211906514,0.04494682892021875,0.027287109579712157,0.01755297532881125,571.8287402718919
CAGAAGATTGTCTTGGATCCATCTAATATTGAATTGGATACTCCACCAGAATTTAGATTGTCTCAATTGGAATTTGGTTCTCAAGATTCATTCTTGGCTTGGGGTACTAAGACTGATGGT,0.23172737873785004,0.2738544859940436,0.20596369358891148,0.15936839688208465,0.061617081609280706,0.02360028518573369,0.03070216123519061,0.013166516766905114,487.1698220792635
CAGAAGATTGTCTTGGATCCATCTAATATTGAATTGGATACTCCACCAGAATTTAGATTGTCTCAATTGGAATTTGGTTCTCAAGATTCATTCTTGGCTTGGGGTACTACTAAAGATGGT,0.0007671966519373594,0.0009500242026747002,0.0005140469004259338,0.0010490208657300006,0.016050472895880154,0.14810823341393675,0.5363880099945765,0.2961729950748385,3488.5782419899087
CAGAAGATTGTCTTGGATCCATCTAATATTGAATTGGATACTCCACCAGAATTTAGATTGTCTCAATTGGAATTTGGTTCTCAAGATTCATTCTTGGCTTGGGGTACTACTAAAGGTGAT,0.20751518579247225,0.15658944582270642,0.225943210114586,0.08645337432385557,0.12780425256139935,0.023776192484099557,0.04811489377471272,0.12380344512616795,1227.2922299990953
CAGAAGATTGTCTTGGATCCATCTAATATTGAATTGGATACTCCACCAGAATTTAGATTGTCTCAATTGGAATTTGGTTCTCAAGATTCATTCTTGGCTTGGGGTACTACTGATAAAGGT,0.44889119852141074,0.20969001529658868,0.09974575487216861,0.07124327043849159,0.04739360204080402,0.01469486059153388,0.08921213817587097,0.019129160063131437,592.324150797597
CAGAAGATTGTCTTGGATCCATCTAATATTGAATTGGATACTCCACCAGAATTTAGATTGTCTCAATTGGAATTTGGTTCTCAAGATTCATTCTTGGCTTGGGGTACTACTGATGGTAAA,0.076951860743714,0.061938467113745725,0.07660382773964043,0.15388363209497352,0.15165772097885316,0.19749657506682242,0.17128526607141512,0.11018265019083548,1657.070286449218
CAGAAGATTGTCTTGGATCCATCTAATATTGAATTGGATACTCCACCAGAATTTAGATTGTCTCAATTGGAATTTGGTTCTCAAGATTCATTCTTGGCTTGGGGTACTACTGGTAAAGAT,0.0007057048733807538,0.00038232187240954524,6.754934192850613e-05,0.0004221614780480546,0.04595029797250986,0.08991255278373539,0.4792988111230275,0.38326060055496036,3837.4482154038033
CAGAAGATTGTCTTGGATCCATCTAATATTGAATTGGATACTCCACCAGAATTTAGATTGTCTCAATTGGAATTTGGTTCTCAAGATTCATTCTTGGCTTGGGGTACTACTGGTGATAAA,0.1813280917641663,0.14595077935721687,0.09025399627516208,0.20144935845347764,0.21441824704916598,0.1329650464615798,0.03363448063923123,0.0,623.1718059059721
CAGAAGATTGTCTTGGATCCATCTAATATTGAATTGGATACTCCACCAGAATTTAGATTGTCTCAATTGGAATTTGGTTCTCAAGATTCATTCTTGGCTTGGGGTACTGATAAAGGTACT,0.18225265995116605,0.24449160543745319,0.07559515798285861,0.20247652234355942,0.11972863200186093,0.13921147689151467,0.0,0.03624394539158725,720.5681901936023
CAGAAGATTGTCTTGGATCCATCTAATATTGAATTGGATACTCCACCAGAATTTAGATTGTCTCAATTGGAATTTGGTTCTCAAGATTCATTCTTGGCTTGGGGTACTGATGGTAAGACT,0.08616168664006346,0.08292020685466422,0.14450717394418683,0.13734128078467814,0.22518092288603603,0.1476512822400074,0.11812856056051647,0.05810888608984737,1198.1235714494826
CAGAAGATTGTCTTGGATCCATCTAATATTGAATTGGATACTCCACCAGAATTTAGATTGTCTCAATTGGAATTTGGTTCTCAAGATTCATTCTTGGCTTGGGGTACTGATGGTACTAAA,0.11563179088091241,0.06980392489111412,0.201440432790762,0.20554079503650113,0.18231090147235995,0.1271864687153337,0.0428969961998162,0.05518869001320048,976.357878358285
CAGAAGATTGTCTTGGATCCATCTAATATTGAATTGGATACTCCACCAGAATTTAGATTGTCTCAATTGGAATTTGGTTCTCAAGATTCATTCTTGGCTTGGGGTACTGCTGCTGCTGCT,0.06687119965482864,0.18502190511996622,0.1248164227997578,0.11143745134923808,0.09884296793565465,0.10726537973545008,0.1860587111652088,0.11968596223989582,1614.8718739878998
CAGAAGATTGTCTTGGATCCATCTAATATTGAATTGGATACTCCACCAGAATTTAGATTGTCTCAATTGGAATTTGGTTCTCAAGATTCATTCTTGGCTTGGGGTACTGGTAAAGATACT,0.12088028781553711,0.1424697420417335,0.08595255578752924,0.07673937082207462,0.07827637064012563,0.1171309259649494,0.18898576448420124,0.18956498244384926,2032.3540045292214
CAGAAGATTGTCTTGGATCCATCTAATATTGAATTGGATACTCCACCAGAATTTAGATTGTCTCAATTGGAATTTGGTTCTCAAGATTCATTCTTGGCTTGGGGTACTGGTAAGACTGAT,0.03743708783832812,0.07886389507551517,0.12960900597660902,0.15670443235520795,0.11807190618093603,0.11222422906342784,0.20928877603532817,0.1578006674746477,1933.058378021944
CAGAAGATTGTCTTGGATCCATCTAATATTGAATTGGATACTCCACCAGAATTTAGATTGTCTCAATTGGAATTTGGTTCTCAAGATTCATTCTTGGCTTGGGGTACTGGTAAGACTGCT,0.11135568359895064,0.1120375823252216,0.20784759593047109,0.18556858015965277,0.12801904464048378,0.0510346104519775,0.1377021636172618,0.0664347392759808,1149.4416482574877
CAGAAGATTGTCTTGGATCCATCTAATATTGAATTGGATACTCCACCAGAATTTAGATTGTCTCAATTGGAATTTGGTTCTCAAGATTCATTCTTGGCTTGGGGTACTGGTACTGATAAA,0.17567118533059364,0.17674692707675244,0.0956356793519748,0.1463735454858663,0.043276880103038755,0.12076586781963512,0.16292591579128665,0.07860399904085229,1290.1879454102873
CAGAAGATTGTCTTGGATCCATCTAATATTGAATTGGATACTCCACCAGAATTTAGATTGTCTCAATTGGAATTTGGTTCTCAAGATTCATTCTTGGCTTGGGGTGATAAGACTACTGGT,0.12081582300445706,0.0729333911583772,0.0,0.05368891228818734,0.11905269215037914,0.04429617430699788,0.35856131680170117,0.23065169028990012,2609.3046676847243
CAGAAGATTGTCTTGGATCCATCTAATATTGAATTGGATACTCCACCAGAATTTAGATTGTCTCAATTGGAATTTGGTTCTCAAGATTCATTCTTGGCTTGGGGTGGTAAGACTACTGAT,0.0005968512331974834,0.0005629744847833637,0.00046418111892630157,0.008164190625213098,0.056755612225158875,0.24067971554721423,0.4993354086196636,0.19344106614584303,2900.6292369796984
CAGAAGATTGTCTTGGATCCATCTAATATTGAATTGGATACTCCACCAGAATTTAGATTGTCTCAATTGGAATTTGGTTCTCAAGATTCATTCTTGGCTTGGGGTGGTACTAAGACTGAT,0.027251191658594597,0.027418067315775122,0.0406919125412851,0.07266035866773309,0.13426750116753972,0.18484156178079952,0.2527406728101112,0.2601287340581618,2724.0983897302376
CAGAAGATTGTCTTGGATCCATCTAATATTGAATTGGATACTCCACCAGAATTTAGATTGTCTCAATTGGAATTTGGTTCTCAAGATTCATTCTTGGGTAAAGGTGCTACTTGGACTGAT,0.16334324474536202,0.05478116499898701,0.0677518692745937,0.30244800590944854,0.1609594881524435,0.14972130018193572,0.10099492673722961,0.0,796.2427717790925
CAGAAGATTGTCTTGGATCCATCTAATATTGAATTGGATACTCCACCAGAATTTAGATTGTCTCAATTGGAATTTGGTTCTCAAGATTCATTCTTGGGTACTGCTTGGGGTAAGACTGAT,0.2268294206459666,0.16403200047960395,0.10584540511053445,0.07874993475730654,0.16065440763753167,0.16243208737169104,0.05916727307156789,0.04228947092579793,913.4846530858558
CAGAAGATTGTCTTGGATCCATCTAATATTGAATTGGATACTCCACCAGAATTTAGATTGTCTCAATTGGAATTTGGTTCTCAAGATTCATTCTTGGGTACTGGTACTGATTGGAAAGCT,0.24980554583938624,0.2848466251243927,0.22795276270382897,0.05550509737113984,0.06564266612699503,0.06105949660223994,0.0154454460849804,0.039742360147036894,633.1422283192455
CAGAAGATTGTCTTGGATCCATCTAATATTGAATTGGATACTCCACCAGAATTTAGATTGTCTCAATTGGAATTTGGTTCTCAAGATTCATTCTTGGGTGATGGTTGGAAGACTACTGCT,0.0007207388616255494,0.0006848661413827362,0.0003487745865775711,0.04568532043857552,0.19550798383985712,0.3856996438771564,0.3000217097247851,0.0713309625300401,1931.3647054275723
CAGAAGATTGTCTTGGATCCATCTAATATTGAATTGGATACTCCACCAGAATTTAGATTGTCTCAATTGGAATTTGGTTCTCAAGATTCATTCTTGGGTGCTACTAAATGGGGTACTGAT,0.21542293087015338,0.25286577958188955,0.11615967440809981,0.143596540826344,0.07075971572054388,0.04607349173293335,0.08657722607710913,0.068544640782927,977.0871526879524
CAGAAGATTGTCTTGGATCCATCTAATATTGAATTGGATACTCCACCAGAATTTAGATTGTCTCAATTGGAATTTGGTTCTCAAGATTCATTCTTGGGTGCTACTGATGGTAAATGGACT,0.14797764768062954,0.17219306666067696,0.2710770664196206,0.17359682997890577,0.17021493351189348,0.06034131671857941,0.004161128861437588,0.0004380101682564906,463.9506922824827
CAGAAGATTGTCTTGGATCCATCTAATATTGAATTGGATACTCCACCAGAATTTAGATTGTCTCAATTGGAATTTGGTTCTCAAGATTCATTCTTGGGTGCTACTTGGGGTAAGACTGAT,0.17400006817288305,0.10941598540629664,0.2706454870003347,0.14498112963328333,0.08573039538689817,0.07974470104105484,0.07060201805799986,0.06488021530124946,981.6876588211301
CAGAAGATTGTCTTGGATCCATCTAATATTGAATTGGATACTCCACCAGAATTTAGATTGTCTCAATTGGAATTTGGTTCTCAAGATTCATTCTTGGGTGCTTGGGGTACTAAGACTGAT,0.16531338193229408,0.08316284826738173,0.20570714129276757,0.09182877956204379,0.0814504370292515,0.0,0.07665979509726445,0.2958776168189969,2299.0894512430295
CAGAAGATTGTCTTGGATCCATCTAATATTGAATTGGATACTCCACCAGAATTTAGATTGTCTCAATTGGAATTTGGTTCTCAAGATTCATTCTTGGGTGGTTGGACTGCTACTGATAAA,0.20356760167130733,0.17921239890633156,0.09499074328593966,0.09894355602782617,0.07522381095522276,0.08163363379084715,0.12979889691303764,0.1366293584494877,1526.1394082278528
CAGAAGATTGTCTTGGATCCATCTAATATTGAATTGGATACTCCACCAGAATTTAGATTGTCTCAATTGGAATTTGGTTCTCAAGATTCATTCTTGTGGACTGCTGGTGGTAAGACTGAT,0.03234341898449126,0.09762443236049305,0.04024642277089731,0.14372976500721954,0.1593570696161757,0.2223461437096543,0.14998422046144788,0.15436852708962095,1907.623224263741
CAGAAGATTGTCTTGGATCCATCTAATATTGAATTGGATACTCCACCAGAATTTAGATTGTCTCAATTGGAATTTGGTTCTCAAGATTCATTCTTGTGGACTGGTGCTGGTAAGACTGAT,0.00021506901601119134,0.00025966321762693024,0.002265852672176544,0.0009079506464397757,0.05750378109993943,0.19442612245391827,0.47835782865039955,0.2660637322434883,3242.3722805500242
CAGAAGATTGTCTTGGATCCATCTAATATTGAATTGGATACTCCACCAGAATTTAGATTGTCTCAATTGGAATTTGGTTCTCAAGATTCATTCTTGTGGGCTGGTACTGGTAAGACTGAT,0.004624216291534521,0.0058768840250857345,0.008176918343997149,0.023523643471735727,0.05252233885020758,0.18716684116145355,0.5322528288831294,0.18585632897285634,2873.277358898724
CAGAAGATTGTCTTGGATCCATCTAATATTGAATTGGATACTCCACCAGAATTTAGATTGTCTCAATTGGAATTTGGTTCTCAAGATTCATTCTTGTGGGGTACTGCTGGTAAGACTGAT,0.04397624738440073,0.22122770376179238,0.10944338599198948,0.14656835689255807,0.08666895629376013,0.10077216455720427,0.26510698023951473,0.02623620487878021,1224.518964787334
CAGAAGATTGTCTTGGATCCATCTAATATTGAATTGGATACTCCACCAGAATTTAGATTGTCTCAATTGGAATTTGGTTCTCAAGATTCATTCTTGTGGGGTACTGGTGCTAAGACTGAT,0.015572540840968332,0.01430547482663781,0.008425059966915883,0.05641488450304858,0.004670303309775797,0.18618097860075417,0.5601265207272913,0.1543042372246081,2726.0360605025035
CAGAAGATTGTCTTGGATCCATCTAATATTGAATTGGATACTCCACCAGAATTTAGATTGTCTCAATTGGAATTTGGTTCTCAAGATTCATTCTTGTGGGGTGCTACTGGTAAGACTGAT,0.425246258418044,0.3473349035897544,0.1338195662104559,0.044339398559625036,0.025531937367026622,0.013931674842712856,0.008183524678643101,0.0016127363337381094,280.39398052265506
CAGAAGATTGTCTTGGATCCATCTAATATTGAATTGGATACTCCACCAGAATTTAGATTGTCTCAATTGGAATTTGGTTCTCAAGATTCATTTACTGGTGCTTTGTGGGGTAAGACTGAT,0.06377473473355763,0.060390838877645,0.06535354247139141,0.18338052571069188,0.3327037169740106,0.19943902598956983,0.059147759726544714,0.03580985551658881,1044.9957171131605
CAGAAGATTGTCTTGGATCCATCTAATATTGAATTGGATACTCCACCAGAATTTAGATTGTCTCAATTGGAATTTGGTTCTCAAGATTCATTTGCTGCTGCTGGTACTGGTAAGACTGAT,0.13252441295658376,0.1833369184843219,0.18551958740377092,0.16563389281557395,0.14691421383390577,0.04555222220386055,0.06145476079364115,0.07906399150834201,1042.2467626498405
CAGAAGATTGTCTTGGATCCATCTAATATTGAATTGGATACTCCACCAGAATTTAGATTGTCTCAATTGGAATTTGGTTCTCAAGATTCATTTGCTGCTTGGGGTACTGGTAAGACTGAT,0.07434082256785363,0.0005088167125036888,0.027479031793804717,0.03839223817768077,0.20581427000034658,0.34626854390898837,0.26515771007116345,0.042038566767658804,1625.163481077931
CAGAAGATTGTCTTGGATCCATCTAATATTGAATTGGATACTCCACCAGAATTTAGATTGTCTCAATTGGAATTTGGTTCTCAAGATTCATTTGGTTTGACTGGTAAAGCTTGGACTGAT,0.001101203412952182,0.0013541571421592437,0.016747850775814473,0.02637105877350524,0.23221845217437773,0.3111099546118986,0.3918989850684603,0.019198338040832215,1761.1639721363467
CAGAAGATTGTCTTGGATCCATCTAATATTGAATTGGATACTCCACCAGAATTTAGATTGTCTCAATTGGAATTTGGTTCTCAAGATTCTAAATTGGGATTTGCTTGGACTGGTACTGAT,0.08724239765432708,0.17555327206555804,0.10855977907673933,0.2907700323720137,0.2579076660352276,0.07996685279613433,0.0,0.0,539.9298641044162
CAGAAGATTGTCTTGGATCCATCTAATATTGAATTGGATACTCCACCAGAATTTAGATTGTCTCAATTGGAATTTGGTTCTCAAGATTCTACTAAAGATGGTGGTTGGTTGGCATTTACT,0.0007864334166222163,0.0006593743564948068,0.0004892978658458423,0.00029123361545650635,0.03319397295709558,0.07496830810470671,0.3240861658035221,0.5655252138802561,4563.66413610022
CAGAAGATTGTCTTGGATCCATCTAATATTGAATTGGATACTCCACCAGAATTTAGATTGTCTCAATTGGAATTTGGTTCTCAAGATTCTACTAAAGGTGGTGATTTGTTCTGGACTGCT,0.48122417314703386,0.2737759290829661,0.12113350327269443,0.06843149975886874,0.02276436423657612,0.008904769600299197,0.018006112278189455,0.0057596486233721066,321.3884101451601
CAGAAGATTGTCTTGGATCCATCTAATATTGAATTGGATACTCCACCAGAATTTAGATTGTCTCAATTGGAATTTGGTTCTCAAGATTCTACTACTAAAGGTGATGCTTTGTGGTTTGGT,0.0005247954525844837,0.00026847920085954776,0.001250713545036231,0.007193996600933138,0.028766831676116853,0.10934064349865077,0.4592084849328722,0.3934460550929467,3866.897600533032
CAGAAGATTGTCTTGGATCCATCTAATATTGAATTGGATACTCCACCAGAATTTAGATTGTCTCAATTGGAATTTGGTTCTCAAGATTCTACTGCTTTGTTTGGTTGGGGTAAGACTGAT,0.026750070677998516,0.05382775533192446,0.12104130523563575,0.2809741625204114,0.26838959517507543,0.16717676749763194,0.07893869312884258,0.00290165043247981,851.7922019748706
CAGAAGATTGTCTTGGATCCATCTAATATTGAATTGGATACTCCACCAGAATTTAGATTGTCTCAATTGGAATTTGGTTCTCAAGATTCTACTTGGTTTACTGGTGGTGCTGATTTGAAA,0.11474009048659674,0.0923541711993341,0.1142211512693539,0.12747234801037427,0.09045250087484655,0.12620566383943344,0.1702647753899864,0.16428929893007452,1866.0653742096488
CAGAAGATTGTCTTGGATCCATCTAATATTGAATTGGATACTCCACCAGAATTTAGATTGTCTCAATTGGAATTTGGTTCTCAAGATTCTACTTTGGACTTTGGTAAAGGTGCTACTTGG,0.2382140875880303,0.1597818784313523,0.03293565388800508,0.29405307774988027,0.10432786673960738,0.09704369734742235,0.0736437382557023,0.0,629.7874972968045
CAGAAGATTGTCTTGGATCCATCTAATATTGAATTGGATACTCCACCAGAATTTAGATTGTCTCAATTGGAATTTGGTTCTCAAGATTCTGATACTAAAGGTACTGGTTGGGCTTTGTTT,0.17462819363323545,0.1699053216316802,0.18147964448326936,0.21319340540865653,0.13236903819885734,0.08442996673631276,0.03025600127707743,0.013738428630910926,612.4450490210332
CAGAAGATTGTCTTGGATCCATCTAATATTGAATTGGATACTCCACCAGAATTTAGATTGTCTCAATTGGAATTTGGTTCTCAAGATTCTGATTTGGGTTGGACTGGATTTACTGCTAAA,0.06858126876666484,0.1725030841956451,0.08533886718257049,0.15238292600507441,0.11826574392952785,0.1257239225763989,0.174915319760617,0.10228886758350156,1519.6367022235431
CAGAAGATTGTCTTGGATCCATCTAATATTGAATTGGATACTCCACCAGAATTTAGATTGTCTCAATTGGAATTTGGTTCTCAAGATTCTGCATTCTGGGGTGGTACTTTGAAGACTGAT,0.08335767827129313,0.08743698466188783,0.09600157698654999,0.18422991862398025,0.21321756856281643,0.24222358737894306,0.07977726249159257,0.013755423022936775,943.7280539950476
CAGAAGATTGTCTTGGATCCATCTAATATTGAATTGGATACTCCACCAGAATTTAGATTGTCTCAATTGGAATTTGGTTCTCAAGATTCTGCATTCTTGACTGGTTGGGGTAAGACTGAT,0.1544999532659454,0.23914777023613512,0.08873145614910971,0.1452374056843119,0.0702670392108643,0.15250899080136365,0.12124597335735104,0.02836141129491902,935.8673340784148
CAGAAGATTGTCTTGGATCCATCTAATATTGAATTGGATACTCCACCAGAATTTAGATTGTCTCAATTGGAATTTGGTTCTCAAGATTCTGCTACTAAAGGATTCTGGTTGGGTACTGAT,0.10243396125562751,0.12882653354731946,0.1274633492757366,0.11380065591619729,0.10093908688318244,0.09389152202704754,0.11875273479181551,0.2138921563030736,2016.5596258770954
CAGAAGATTGTCTTGGATCCATCTAATATTGAATTGGATACTCCACCAGAATTTAGATTGTCTCAATTGGAATTTGGTTCTCAAGATTCTGCTGCTGCTTGGGATACTGGTAAGACTGAT,0.03448083827004042,0.034691985460171965,0.04290611314704861,0.46926125919325384,0.2930571509468277,0.051358649149845746,0.06395837930763049,0.010285624525181319,782.7426954305851
CAGAAGATTGTCTTGGATCCATCTAATATTGAATTGGATACTCCACCAGAATTTAGATTGTCTCAATTGGAATTTGGTTCTCAAGATTCTGCTGCTGCTTGGGGTACTGGTAAGACTGAT,0.022393957926305243,0.039429407116174604,0.020899383704176388,0.11817490585484865,0.1379196921773755,0.11802693088100186,0.24923081811979456,0.29392490422032325,2859.111774424181
CAGAAGATTGTCTTGGATCCATCTAATATTGAATTGGATACTCCACCAGAATTTAGATTGTCTCAATTGGAATTTGGTTCTCAAGATTCTGCTTGGTTCTTGGGTACTGGTAAGACTGAT,0.3710510708704793,0.25073949139750284,0.17917342386236118,0.07998398470676661,0.06002981095616108,0.03553361054577917,0.010272556093276581,0.013216051567673264,417.22926701600363
CAGAAGATTGTCTTGGATCCATCTAATATTGAATTGGATACTCCACCAGAATTTAGATTGTCTCAATTGGAATTTGGTTCTCAAGATTCTGCTTGGTTGTTTGGTACTGGTAAGACTGAT,0.0007899712032001627,0.0006755873766360466,0.0009338480661017804,0.0006582234054295194,0.00027245495369074627,0.030773904503589394,0.3584892319251954,0.6074067785661569,4833.5784869007575
CAGAAGATTGTCTTGGATCCATCTAATATTGAATTGGATACTCCACCAGAATTTAGATTGTCTCAATTGGAATTTGGTTCTCAAGATTCTGCTTGGTTTGGTAAAGGTTTGACTACTGAT,0.14281271637858187,0.11245088793196191,0.061811657420081455,0.055186115833624615,0.11625403850327512,0.09675432257759299,0.2591440230514201,0.15558623830346185,1977.5651241036016
CAGAAGATTGTCTTGGATCCATCTAATATTGAATTGGATACTCCACCAGAATTTAGATTGTCTCAATTGGAATTTGGTTCTCAAGATTCTGCTTGGTTTGGTTTGACTGGTAAGACTGAT,0.0017729350428386085,0.0014864931706486386,0.0014707637703904282,0.0013131137908995046,0.0017470616398474338,0.1254021481948726,0.524807449571198,0.3420000348193048,3708.5315847718953
CAGAAGATTGTCTTGGATCCATCTAATATTGAATTGGATACTCCACCAGAATTTAGATTGTCTCAATTGGAATTTGGTTCTCAAGATTCTGCTTTGGCTGCTGGTACTGGTAAGACTGAT,0.13334349060429962,0.20196000974933517,0.2206914687038891,0.2543940686753002,0.1203883489741972,0.060921258756244476,0.006722236674277314,0.0015791178624569324,467.23432870883744
CAGAAGATTGTCTTGGATCCATCTAATATTGAATTGGATACTCCACCAGAATTTAGATTGTCTCAATTGGAATTTGGTTCTCAAGATTCTGCTTTGGCTTGGGGTACTGGTAAGACTGAT,0.31362901238951213,0.15999695695844734,0.0329799877761574,0.0785197054653642,0.017411383326838593,0.05263609299236905,0.17616351874756933,0.16866334234374206,1746.666080477786
CAGAAGATTGTCTTGGATCCATCTAATATTGAATTGGATACTCCACCAGAATTTAGATTGTCTCAATTGGAATTTGGTTCTCAAGATTCTGGATTCTGGGGTGCTAAGACTTTGACTGAT,0.005765821656768835,0.0048342744143870485,0.014349360909011158,0.004270421504697731,0.030302282096364833,0.015854949797544735,0.30659003595358536,0.6180328536676405,4777.4567314332635
CAGAAGATTGTCTTGGATCCATCTAATATTGAATTGGATACTCCACCAGAATTTAGATTGTCTCAATTGGAATTTGGTTCTCAAGATTCTGGATTTGCTACTAAATTGTGGGGTACTGAT,0.30207902276193577,0.23000020078162778,0.1828658912119805,0.0907025800962044,0.04827091130090661,0.08980127464239723,0.0075719629925717485,0.04870815621237585,692.1629839866733
CAGAAGATTGTCTTGGATCCATCTAATATTGAATTGGATACTCCACCAGAATTTAGATTGTCTCAATTGGAATTTGGTTCTCAAGATTCTGGTACTGCTAAATGGTTGTTTGGTACTGAT,0.00024408794376677538,0.0015735480460650827,0.006659561433998718,0.013408019343307131,0.039508595649600894,0.14198716402566236,0.5016305153623378,0.29498850819526123,3408.8863602757274
CAGAAGATTGTCTTGGATCCATCTAATATTGAATTGGATACTCCACCAGAATTTAGATTGTCTCAATTGGAATTTGGTTCTCAAGATTCTGGTACTGCTTGGTTCTTGGGTAAGACTGAT,0.12506996804990475,0.15379936941020117,0.11239972386896002,0.23158081924245721,0.1780202004375599,0.05731990404420014,0.08377482421497758,0.05803519073173917,1006.1705866829597
CAGAAGATTGTCTTGGATCCATCTAATATTGAATTGGATACTCCACCAGAATTTAGATTGTCTCAATTGGAATTTGGTTCTCAAGATTCTGGTGATACTACATTCTTGGCTGGTTGGAAA,0.18250783049269378,0.3805127114987424,0.14446273819287792,0.24274878754545792,0.004995677630615642,0.04228660369420728,0.001880739441078488,0.0006049115043265274,352.16835894796964
CAGAAGATTGTCTTGGATCCATCTAATATTGAATTGGATACTCCACCAGAATTTAGATTGTCTCAATTGGAATTTGGTTCTCAAGATTCTGGTGGTGCTTGGGATACTGGTAAGACTGAT,0.19021593142631016,0.12102017351898708,0.11486646967241401,0.21132344680105095,0.1653882415912966,0.12563668449061832,0.041509509093101964,0.030039543406220944,794.8070715014342
CAGAAGATTGTCTTGGATCCATCTAATATTGAATTGGATACTCCACCAGAATTTAGATTGTCTCAATTGGAATTTGGTTCTCAAGATTCTTGGACATTTGCTGGTTTGGGTAAGACTGAT,0.04902490676142597,0.06782203470364072,0.13980077608982924,0.2836719180100754,0.2294699335676453,0.17038420744217384,0.037890049221107405,0.02193617420410206,854.651046292736
CAGAAGATTGTCTTGGATCCATCTAATATTGAATTGGATACTCCACCAGAATTTAGATTGTCTCAATTGGAATTTGGTTCTCAAGATTCTTGGGATGCTGCTGGTACTGGTAAGACTGAT,0.6525828862166275,0.2618634266328211,0.0723737694614932,0.0017463806384969735,0.000774503738933476,0.009468481033007393,0.0005206785877069423,0.0006698736909134113,201.2619620226619
CAGAAGATTGTCTTGGATCCATCTAATATTGAATTGGATACTCCACCAGAATTTAGATTGTCTCAATTGGAATTTGGTTCTCAAGATTCTTGGGATGCTGGTGGTACTGGTAAGACTGAT,0.029706898285181093,0.00897861500593989,0.14129871026614343,0.17700197843428325,0.3080934192091126,0.2761122539456794,0.0585241763501436,0.00028394850351675,907.9243010125028
CAGAAGATTGTCTTGGATCCATCTAATATTGAATTGGATACTCCACCAGAATTTAGATTGTCTCAATTGGAATTTGGTTCTCAAGATTCTTGGGCATTCTTGGGTACTGGTAAGACTGAT,0.08428556135655042,0.13876640709389187,0.13348420902032027,0.19578938036893928,0.11325754967768104,0.14046654668867292,0.12080893588710892,0.0731414099068353,1241.5238071736012
CAGAAGATTGTCTTGGATCCATCTAATATTGAATTGGATACTCCACCAGAATTTAGATTGTCTCAATTGGAATTTGGTTCTCAAGATTCTTGGGCTTTGTTTGGTACTGGTAAGACTGAT,0.001734196147319065,0.0014763825047135165,0.00199194557858438,0.001630227997226628,0.05586749499003425,0.08180190054734016,0.6345665903322671,0.220931261902515,3206.2374319146606
CAGAAGATTGTCTTGGATCCATCTAATATTGAATTGGATACTCCACCAGAATTTAGATTGTCTCAATTGGAATTTGGTTCTCAAGATTCTTGGGGTTTTGCTTTGACTACTAAAGATGGT,0.5700494722763061,0.24151758263656423,0.1252374363845808,0.056828814913162405,8.72455433789531e-05,0.0011970224061393796,0.004844729109243538,0.0002376967306244079,225.13781615493488
CAGAAGATTGTCTTGGATCCATCTAATATTGAATTGGATACTCCACCAGAATTTAGATTGTCTCAATTGGAATTTGGTTCTCAAGATTCTTGGGGTTTTGGTACTTTGGCTAAGACTGAT,0.07893048162011221,0.11117934949835347,0.1375036247109038,0.08768908738903873,0.09333432753344284,0.028939242270036095,0.16104864409451886,0.301375242883594,2570.9219542621418
CAGAAGATTGTCTTGGATCCATCTAATATTGAATTGGATACTCCACCAGAATTTAGATTGTCTCAATTGGAATTTGGTTCTCAAGATTCTTGGTTCTTGGCTGGTACTGGTAAGACTGAT,0.00335448372541921,0.0007370744851171505,0.00033585037286709544,0.012422392063906218,0.003799459683252102,0.11337654221855453,0.47961153589704125,0.3863626615538424,3863.630147960389
CAGAAGATTGTCTTGGATCCATCTAATATTGAATTGGATACTCCACCAGAATTTAGATTGTCTCAATTGGAATTTGGTTCTCAAGATTCTTGGTTGGGTGCATTTACTGGTAAGACTGAT,0.010600207816226627,0.01669323028683426,0.03899750429255577,0.07833913500476954,0.07766012011908127,0.07857454942938549,0.2795464175726727,0.41958883547847436,3615.6003821664062
CAGAAGATTGTCTTGGATCCATCTAATATTGAATTGGATACTCCACCAGAATTTAGATTGTCTCAATTGGAATTTGGTTCTCAAGATTCTTGGTTGTTTACTGCTGGTGGTAAGACTGAT,0.07939286046965711,0.11183064388626328,0.1383091280664779,0.10584332952579731,0.18776216971679408,0.16009823417591126,0.10308586615928327,0.1136777679998156,1488.923441156444
CAGAAGATTGTCTTGGATCCATCTAATATTGAATTGGATACTCCACCAGAATTTAGATTGTCTCAATTGGAATTTGGTTCTCAAGATTCTTGGTTGTTTGCTGGTACTGGTAAGACTGAT,0.15909086577605805,0.19486183179733393,0.20226774361318653,0.23822092164833486,0.10224076073255157,0.06023146492311401,0.022453037036792228,0.020633374472628745,602.280030836837
CAGAAGATTGTCTTGGATCCATCTAATATTGAATTGGATACTCCACCAGAATTTAGATTGTCTCAATTGGAATTTGGTTCTCAAGATTCTTGGTTTGGTGCTTTGACTGGTAAGACTGAT,0.06603250012673306,0.08858247649916126,0.17802918389633782,0.18339966877429947,0.28196502544712615,0.18157723856870472,0.0204139066876375,0.0,697.5335511255182
CAGAAGATTGTCTTGGATCCATCTAATATTGAATTGGATACTCCACCAGAATTTAGATTGTCTCAATTGGAATTTGGTTCTCAAGATTCTTTGGCTTGGTTTGGTACTGGTAAGACTGAT,0.15179614868396268,0.16313880418897458,0.1373723769751491,0.19163678585560345,0.17337786730835691,0.12965054437959767,0.044794609118393725,0.008232863489961922,678.685466253297
CAGAAGATTGTCTTGGATCCATCTAATATTGAATTGGATACTCCACCAGAATTTAGATTGTCTCAATTGGAATTTGGTTCTCAAGATTCTTTGTGGACTGGTGCTGACTTTGGTACTAAA,0.15621150476423873,0.12641780591130206,0.12677038146194775,0.3131367747085598,0.15393182552221085,0.09338107095917514,0.022046662986809504,0.008103973685756204,601.4587467204094
CAGAAGATTGTCTTGGATCCATCTAATATTGAATTGGATACTCCACCAGAATTTAGATTGTCTCAATTGGAATTTGGTTCTCAAGATTCTTTGTGGGCATTTGGTACTGGTAAGACTGAT,0.05292710122328652,0.06482755528284154,0.048678877172296416,0.20196595217505858,0.25623834465610096,0.22991069911593404,0.11524807275363226,0.030203397620849688,1139.9189029256413
CAGAAGATTGTCTTGGATCCATCTAATATTGAATTGGATACTCCACCAGAATTTAGATTGTCTCAATTGGAATTTGGTTCTCAAGATTCTTTGTTCTGGGCTGGTACTGGTAAGACTGAT,0.002800157906353702,0.0013947054356528783,0.0010349604688545753,0.0168480356476602,0.05450288017001065,0.2213663346600521,0.5370135792648733,0.16503934644654278,2794.5517796790514
CAGAAGATTGTCTTGGATCCATCTAATATTGAATTGGATACTCCACCAGAATTTAGATTGTCTCAATTGGAATTTGGTTCTCAAGATTCTTTGTTTACTAAAGCTGGTGATACTTGGGGT,0.1223977019129872,0.13546193941272527,0.09138309700168207,0.20396954178467713,0.18091722876261618,0.1458475128722941,0.09081401773384379,0.029208960519174244,939.1387109737809
CAGAAGATTGTCTTGGATCCATCTAATATTGAATTGGATACTCCACCAGAATTTAGATTGTCTCAATTGGAATTTGGTTCTCAAGATTCTTTGTTTGCTTGGGGTACTGGTAAGACTGAT,0.1635944740187054,0.21946168360037205,0.16964018675887052,0.18174791074548224,0.10747136740046387,0.07497578914525617,0.05057513074351946,0.032533457587330325,743.4030411940239
CAGAAGATTGTCTTGGATCCATCTAATATTGAATTGGATACTCCACCAGAATTTAGATTGTCTCAATTGGAATTTGGTTCTCAAGATTTGACTAAATTTGGTGGTTGGTCTGCTACTGAT,0.1510772074948896,0.060800938129512,0.07519696253264295,0.06042299482141804,0.13100776113791623,0.12186080209770798,0.24099999567233843,0.15863333811357475,1991.5258716029905
CAGAAGATTGTCTTGGATCCATCTAATATTGAATTGGATACTCCACCAGAATTTAGATTGTCTCAATTGGAATTTGGTTCTCAAGATTTGTCATTTGCTTGGGGTACTGGTAAGACTGAT,0.1461955021319774,0.036772686575835635,0.04547946824073005,0.08120912161689363,0.10804649388792997,0.11725313836708635,0.2033831219211732,0.26166046725837366,2518.659382129285
CAGAAGATTGTCTTGGATCCATCTAATATTGAATTGGATACTCCACCAGAATTTAGATTGTCTCAATTGGAATTTGGTTCTCAAGCATTCTGGTTGTCTGATGGTACTGGTAAGACTGAT,0.04930944099995106,0.1488341782896136,0.061358034227371995,0.17803862746866425,0.13362206432976242,0.20338784950487124,0.13719584945512983,0.08825395572463558,1446.5288320110012
CAGAAGATTGTCTTGGATCCATCTAATATTGAATTGGATACTCCACCAGAATTTAGATTGTCTCAATTGGAATTTGGTTCTCAAGCATTCTTGGATACTTCTGGTTGGGGTAAGACTGAT,0.05705831450485558,0.031893176302120886,0.039444621369640845,0.07747648544795017,0.05622563156413281,0.05229995918823784,0.4057094829647687,0.27989232865829317,3012.2092563979963
CAGAAGATTGTCTTGGATCCATCTAATATTGAATTGGATACTCCACCAGAATTTAGATTGTCTCAATTGGAATTTGGTTCTCAAGCTGCTGCTGCTGCTGCTGCTGCTGGTAAGACTGAT,0.17385843142477006,0.15305768850209242,0.08112755414897754,0.0965754096111024,0.14990606838164475,0.2489993391780553,0.07054454773426404,0.025930961019093476,938.8139410570998
CAGAAGATTGTCTTGGATCCATCTAATATTGAATTGGATACTCCACCAGAATTTAGATTGTCTCAATTGGAATTTGGTTCTCAAGCTGCTGCTGCTGCTTGGGGTACTGCTGCTGCTGCT,0.06925190914325077,0.17418995198662765,0.14362229373500893,0.1795185506558912,0.15922964974069975,0.09521501081822233,0.09634133249763664,0.08263130142266274,1214.0796364814084
CAGAAGATTGTCTTGGATCCATCTAATATTGAATTGGATACTCCACCAGAATTTAGATTGTCTCAATTGGAATTTGGTTCTCAAGCTGCTGCTGCTGCTTGGGGTACTGGTAAGACTGAT,0.1110859201325227,0.015966595276093926,0.039494109916292014,0.07052153640773612,0.04691347844144649,0.10182195425391301,0.23548898533748536,0.3787074202345105,3260.2576051854567
CAGAAGATTGTCTTGGATCCATCTAATATTGAATTGGATACTCCACCAGAATTTAGATTGTCTCAATTGGAATTTGGTTCTCAAGCTTCATTCTTGGCTTGGGGTACTGGTAAGACTGAT,0.001986248090579268,0.001199046658999735,0.0018784015727882893,0.14007841152423428,0.3022012056383353,0.42150663756813045,0.11465492532860685,0.01649512361832587,1280.3420464779301
CAGAAGATTGTCTTGGATCCATCTAATATTGAATTGGATACTCCACCAGAATTTAGATTGTCTCAATTGGAATTTGGTTCTCAAGCTTCATTCTTGGCTTGGGGTACTGGTAAGACTGCT,0.07729992665099593,0.07777328121917398,0.1154254791547086,0.15457967304191517,0.16757806314057463,0.19838988451926892,0.17206001746745647,0.03689367480590634,1223.7429081176058
CAGAAGATTGTCTTGGATCCATCTAATATTGAATTGGATACTCCACCAGAATTTAGATTGTCTCAATTGGAATTTGGTTCTCAAGCTTCTGGTAAATTTACTTTGGATTGGGGTACTGAT,0.11425642639136957,0.24140778508113417,0.19904443065408411,0.21578952313483069,0.09007121629670882,0.11520086315254574,0.010596691124854448,0.013633064164472443,585.1663830134862
CAGAAGATTGTCTTGGATCCATCTAATATTGAATTGGATACTCCACCAGAATTTAGATTGTCTCAATTGGAATTTGGTTCTCAAGCTTGGTTGGGTTCTGACTTTACTGGTAAGACTGAT,0.001107219269826813,0.0006117556292408289,0.00614156044627754,0.03271603926982227,0.10331423215293029,0.19812927513173526,0.4099338744768025,0.2480460436233644,3007.938820960527
CAGAAGATTGTCTTGGATCCATCTAATATTGAATTGGATACTCCACCAGAATTTAGATTGTCTCAATTGGAATTTGGTTCTCAAGCTTTGGACTTCTGGTCTGGTACTGGTAAGACTGAT,0.25269648060649086,0.1452822258202969,0.1796811435441501,0.16042126703310347,0.14229071072216834,0.0,0.03348041191076773,0.08614776036302244,953.1236359989068
CAGAAGATTGTCTTGGATCCATCTAATATTGAATTGGATACTCCACCAGAATTTAGATTGTCTCAATTGGAATTTGGTTCTCAAGGTGACTTTGCTTCTAAGACTTGGGGTTTGACTGAT,0.317922101273489,0.25913432472741216,0.21157370941948717,0.11289008727915145,0.048578614197602725,0.019365795603567236,0.01492943111778839,0.015605936381501777,434.4042445751262
CAGAAGATTGTCTTGGATCCATCTAATATTGAATTGGATACTCCACCAGAATTTAGATTGTCTCAATTGGAATTTGGTTCTCAAGGTTCTGGTACATTTGATTGGGCTAAATTGACTGAT,0.211567601677858,0.25340852269233904,0.13789988740195958,0.08954073451506851,0.05956573739427411,0.02770342945089404,0.11212456040776334,0.10818952645984341,1242.2378974950016
CAGAAGATTGTCTTGGATCCATCTAATATTGAATTGGATACTCCACCAGAATTTAGATTGTCTCAATTGGAATTTGGTTCTCAATCATTCTTGGATGCTTGGGGTACTGGTAAGACTGAT,0.06032069746501055,0.12138015572677228,0.144559717932071,0.1563665798883833,0.12548529902166264,0.06348142917832184,0.10981662668146092,0.21858949410631745,2019.1316152909892
CAGAAGATTGTCTTGGATCCATCTAATATTGAATTGGATACTCCACCAGAATTTAGATTGTCTCAATTGGAATTTGGTTCTCAATCATTCTTGGCTGATGGTACTTGGGGTAAGACTGAT,0.00035869901713891965,0.0006315672122581166,0.0006695188423741117,0.024009771967457443,0.10188609247930562,0.24264366658175643,0.4077760622441225,0.22202462165558676,2890.4160242657026
CAGAAGATTGTCTTGGATCCATCTAATATTGAATTGGATACTCCACCAGAATTTAGATTGTCTCAATTGGAATTTGGTTCTCAATCATTTGATTTGGCTTGGGGTACTGGTAAGACTGAT,0.05588473688879907,0.05622695319667704,0.0,0.12417209362388201,0.055069180602955334,0.20489700643231423,0.10366039164849894,0.4000896376068735,3215.730843055086
CAGAAGATTGTCTTGGATCCATCTAATATTGAATTGGATACTCCACCAGAATTTAGATTGTCTCAATTGGAATTTGGTTCTCAATCTGACTTCTTGGCTTGGGGTACTGGTAAGACTGAT,0.000913531463726905,0.026769532334363525,0.0008525623138659032,0.00038058842435360115,0.0024755494594534072,0.10895989193417513,0.5229669548221662,0.3366813892478954,3653.300034418477
CAGAAGATTGTCTTGGATCCATCTAATATTGAATTGGATACTCCACCAGAATTTAGATTGTCTCAATTGGAATTTGGTTCTCAATCTTGGGCATTTGATTTGGGTACTGGTAAGACTGAT,0.2689572981260399,0.23746906871225562,0.17075310911054076,0.11586216825826384,0.054088215989985165,0.11068591143082493,0.035634849785223605,0.006549378586866101,534.9766103154179
CAGAAGATTGTCTTGGATCCATCTAATATTGAATTGGATACTCCACCAGAATTTAGATTGTCTCAATTGGAATTTGGTTCTCAATCTTGGGCTTTGGACTTTGGTACTGGTAAGACTGAT,0.1749704644974847,0.12044973152301355,0.11459152576167975,0.15346282913734002,0.09074580293596939,0.16881986588773576,0.11103097032447812,0.06592880993229873,1173.7353756578923
CAGAAGATTGTCTTGGATCCATCTAATATTGAATTGGATACTCCACCAGAATTTAGATTGTCTCAATTGGAATTTGGTTCTCAATCTTTGGCATTTGATTGGGGTACTGGTAAGACTGAT,0.24800527769266373,0.1940741951374967,0.14858736095397593,0.1020464629697043,0.0543080004709588,0.11787117313156012,0.10222757151691374,0.032879958126726644,857.5862605812025
CAGAAGATTGTCTTGGATCCATCTAATATTGAATTGGATACTCCACCAGAATTTAGATTGTCTCAATTGGAATTTGGTTCTCAATCTTTGTTTGATGCTTGGGGTACTGGTAAGACTGAT,0.1860986508033108,0.24184940144048228,0.1736784146316214,0.12060375116201068,0.05348665356526839,0.06396713559492075,0.08629842467503383,0.07401756812735184,1023.199891674379
CAGAAGATTGTCTTGGATCCATCTAATATTGAATTGGATACTCCACCAGAATTTAGATTGTCTCAATTGGAATTTGGTTCTCAATGGGCATTTGATTTGACTGGTTCTGGTAAGACTGAT,0.014188564031475398,0.01903393234335798,0.019336966459736035,0.03452850531625498,0.037284006982713766,0.0464475514608777,0.3108067666260606,0.5183737067795235,4222.860018983299
CAGAAGATTGTCTTGGATCCATCTAATATTGAATTGGATACTCCACCAGAATTTAGATTGTCTCAATTGGAATTTGGTTCTCAATGGGGTTCTAAATTGTTTGGTGATGCTACTACTGAT,0.2742158242998315,0.24436415608720463,0.18523345529525503,0.0870412794612857,0.07720401257121035,0.07899499309742003,0.04359787866284947,0.009348400524943346,541.3959949942841
CAGAAGATTGTCTTGGATCCATCTAATATTGAATTGGATACTCCACCAGAATTTAGATTGTCTCAATTGGAATTTGGTTCTCAATTCTGGGCTTCTTTGGATGGTACTGGTAAGACTGAT,0.0020613103507239466,0.011616237709389467,0.023325090077509422,0.04195521500626455,0.05072532706429879,0.06571153397833744,0.3258409296793225,0.47876435613415397,4048.117061133981
CAGAAGATTGTCTTGGATCCATCTAATATTGAATTGGATACTCCACCAGAATTTAGATTGTCTCAATTGGAATTTGGTTCTCAATTCTTGGATTCTGCTTGGGGTACTGGTAAGACTGAT,0.16812394442833134,0.1268651023635828,0.15690334134011855,0.14008499903232513,0.08283521024557841,0.05778874324761447,0.11694468088583104,0.15045397845661823,1576.869708508009
CAGAAGATTGTCTTGGATCCATCTAATATTGAATTGGATACTCCACCAGAATTTAGATTGTCTCAATTGGAATTTGGTTCTCAATTCTTGGCTGGTGATTCTTGGACTGGTAAGACTGAT,0.0022465864058693564,0.003756055381134289,0.01573578815972674,0.03999454764013223,0.13582186470350632,0.25470462782547676,0.37501407681820687,0.17272645306594742,2548.6175277485304
CAGAAGATTGTCTTGGATCCATCTAATATTGAATTGGATACTCCACCAGAATTTAGATTGTCTCAATTGGAATTTGGTTCTCAATTCTTGTCTGATGCTTGGGGTACTGGTAAGACTGAT,0.17084227855209042,0.24828331660692307,0.1417246699253366,0.08435554475673891,0.1122327229934719,0.12179607616067693,0.052815785044822504,0.06794960595993964,993.5173134168509
CAGAAGATTGTCTTGGATCCATCTAATATTGAATTGGATACTCCACCAGAATTTAGATTGTCTCAATTGGAATTTGGTTCTCAATTGAAAGGATTTACTGATGGTTGGTCTGCTACTGAT,0.059029663192027154,0.04859274910959325,0.08680851572606757,0.14308353435103835,0.2749769988271165,0.3000473991315726,0.07465493441609448,0.012806205246490126,1015.5392184256514
CAGAAGATTGTCTTGGATCCATCTAATATTGAATTGGATACTCCACCAGAATTTAGATTGTCTCAATTGGAATTTGGTTCTCAATTGTCTAAATTTGATGGTTGGGCTGGTACTACTGAT,0.0037546687909647478,0.0017715927057100575,0.02241001375434767,0.06343986625879688,0.27044809496800587,0.32330985844582943,0.24123060270495084,0.07363530237139441,1783.258927071893
CAGAAGATTGTCTTGGATCCATCTAATATTGAATTGGATACTCCACCAGAATTTAGATTGTCTCAATTGGAATTTGGTTCTCAATTGTGGACATTCTCTGCTGGTGATGGTAAGACTGAT,0.0002856464102796375,0.00023949633113525912,0.0001777215667368987,0.0002644528927992953,0.017263972790483337,0.18785946773822274,0.5671985044576586,0.22671073781268436,3181.3008623020282
CAGAAGATTGTCTTGGATCCATCTAATATTGAATTGGATACTCCACCAGAATTTAGATTGTCTCAATTGGAATTTGGTTCTCAATTGTGGGATGCATTCTCTGGTACTGGTAAGACTGAT,0.003377309026618284,0.0002406909830108662,0.00019261655113964304,0.0027827895178934815,0.0048256320792549046,0.089954711192287,0.49235510652567877,0.40627114412411713,3987.250990167783
CAGAAGATTGTCTTGGATCCATCTAATATTGAATTGGATACTCCACCAGAATTTAGATTGTCTCAATTGGAATTTGGTTCTCAATTTGATGCTTGGTTGTCTGGTACTGGTAAGACTGAT,0.1828509617044753,0.15768914536947656,0.2708690103435678,0.13542747686286247,0.06006083947133474,0.06384844910008049,0.05652826203484553,0.07272585511335701,961.6736937620985
CAGAAGATTGTCTTGGATCCATCTAATATTGAATTGGATACTCCACCAGAATTTAGATTGTCTCAATTGGAATTTGGTTCTCAATTTGATGCTTTGACTTCTTGGGGTGGTAAGACTGAT,0.09389695636657913,0.06668607858652024,0.08934850787046021,0.15954262709347164,0.14695411839605466,0.24301117340100817,0.1280655271251246,0.07249501116078139,1374.4472698975187
CAGAAGATTGTCTTGGATCCATCTAATATTGAATTGGATACTCCACCAGAATTTAGATTGTCTCAATTGGAATTTGGTTCTCAATTTGATTCTTTGGCTTGGGGTACTGGTAAGACTGAT,0.08173067270947029,0.10278894929559426,0.11441394337102999,0.12485000645389799,0.09060517424183437,0.04682173496783678,0.08527608132583148,0.3535134376345049,2736.9622151185777
CAGAAGATTGTCTTGGATCCATCTAATATTGAATTGGATACTCCACCAGAATTTAGATTGTCTCAATTGGAATTTGGTTCTCAATTTGATTTGTCTGCTTGGGGTACTGGTAAGACTGAT,0.1135684781159813,0.16187389677014044,0.15309509284468126,0.1261707264131889,0.055955555848964396,0.06072353017924985,0.1931029373046457,0.13550978252314816,1654.766955425204
CAGAAGATTGTCTTGGATCCATCTAATATTGAATTGGATACTCCACCAGAATTTAGATTGTCTCAATTGGAATTTGGTTCTCAATTTGATTTGTGGTCTGCTGGTACTGGTAAGACTGAT,0.22704636877510984,0.20305485518636454,0.1255663876846405,0.12612040661748222,0.024859217547879023,0.0693706425541501,0.16377957136927684,0.06020255026509687,1104.8879715255957
CAGAAGATTGTCTTGGATCCATCTAATATTGAATTGGATACTCCACCAGAATTTAGATTGTCTCAATTGGAATTTGGTTCTCAGAAAGATACTGGTTGGTCTTTGGGATTTGCTACTGAT,0.12291220256533121,0.1868713574509719,0.22092110270558954,0.29434388594399313,0.10496934769266804,0.050071994930388906,0.010132861764030493,0.00977724694702668,515.699426626094
CAGAAGATTGTCTTGGATCCATCTAATATTGAATTGGATACTCCACCAGAATTTAGATTGTCTCAATTGGAATTTGGTTCTCAGAAAGATGCATTCTGGTCTGGTACTTTGGGTACTGAT,0.1569333476164048,0.13533801099497403,0.13948533875625202,0.06226700903181144,0.05522969076071334,0.07192297693014624,0.21832131431069357,0.16050231159900458,1858.3952119397113
CAGAAGATTGTCTTGGATCCATCTAATATTGAATTGGATACTCCACCAGAATTTAGATTGTCTCAATTGGAATTTGGTTCTCAGAAAGGATTTGCTTTGACTGGTTCTGATTGGACTGAT,0.13446182767691947,0.1606511980463682,0.10457319705879967,0.12137330479243597,0.16562444159122125,0.15406054667283225,0.10911807662425971,0.05013740753716332,1091.1635018793881
CAGAAGATTGTCTTGGATCCATCTAATATTGAATTGGATACTCCACCAGAATTTAGATTGTCTCAATTGGAATTTGGTTCTGATCAATCATTCTTGGCTTGGGGTACTGGTAAGACTGAT,0.06421096341106086,0.18458333222597606,0.11985103899532082,0.14267240402729672,0.23049777122800963,0.11350822332807511,0.06805981623582079,0.07661645054844007,1158.8558223603177
CAGAAGATTGTCTTGGATCCATCTAATATTGAATTGGATACTCCACCAGAATTTAGATTGTCTCAATTGGAATTTGGTTCTGATTCTCAATTCTTGGCTTGGGGTACTGGTAAGACTGAT,0.07127900303513861,0.12908787807245586,0.053217470154577444,0.20589024106314133,0.14047757974243555,0.19600415725908585,0.11899364305992023,0.08505002761324527,1383.5153513312011
CAGAAGATTGTCTTGGATCCATCTAATATTGAATTGGATACTCCACCAGAATTTAGATTGTCTCAATTGGAATTTGGTTCTTCATTCTTGGATCAAGCTTGGGGTACTGGTAAGACTGAT,0.0035458806134799586,0.0029286221059779036,0.0015805269533396822,0.0011759262891731966,0.006727511064893997,0.03618849694323933,0.5198965287398779,0.427956507290018,4124.975886581255
CAGAAGATTGTCTTGGATCCATCTAATATTGAATTGGATACTCCACCAGAATTTAGATTGTCTCAATTGGAATTTGGTTCTTCTCAAGACTTCTTGGCTTGGGGTACTGGTAAGACTGAT,0.26060718810361466,0.15620606922261382,0.20699084873288306,0.1047220779675316,0.10381438541009101,0.11181334105316963,0.03599782086904373,0.019848268641052498,646.7193781762753
CAGAAGATTGTCTTGGATCCATCTAATATTGAATTGGATACTCCACCAGAATTTAGATTGTCTCAATTGGAATTTGGTTCTTCTGATCAATTCTTGGCTTGGGGTACTGGTAAGACTGAT,0.001188438529811776,0.0006945503329132277,0.0012733428711020145,0.013810674194410672,0.06598946937010881,0.147741820085032,0.42824446737414507,0.3410572372424764,3538.268339991883
CAGAAGATTGTCTTGGATCCATCTAATATTGAATTGGATACTCCACCAGAATTTAGATTGTCTCAATTGGAATTTGGTTCTTCTGATCAATTGGCTTGGACTGGATTTGGTAAGACTGAT,0.07344157710298656,0.10673188448732178,0.1320031197830455,0.20851059062618582,0.10453416179899737,0.21691015983207756,0.128658370169388,0.029210136199997436,1076.5768736705802
CAGAAGATTGTCTTGGATCCATCTAATATTGAATTGGATACTCCACCAGAATTTAGATTGTCTCAATTGGAATTTGGTTGGCAAGATACTGCTGGTTTGTTCTCTTCTGGTAAGACTGAT,0.028980965314565,0.039650980674813666,0.17709651495628706,0.33305895517321216,0.20552989139470101,0.18115223095668295,0.027343843139853077,0.007186618389885023,756.2583384252516
CAGAAGATTGTCTTGGATCCATCTAATATTGAATTGGATACTCCACCAGAATTTAGATTGTCTCAATTGGAATTTGGTTGGGCTACTTCTGATCAATTTGGTTCTTTGGGTAAGACTGAT,0.19243964099853736,0.08800821191807866,0.1088461858939047,0.2526655331875665,0.08619602950398292,0.14432008426953746,0.06490101417233674,0.06262330005605563,1037.0801349006304
CAGAAGATTGTCTTGGATCCATCTAATATTGAATTGGATACTCCACCAGAATTTAGATTGTCTCAATTGGAATTTGGTTTGCAAGATTCATTCTCTGCTTGGGGTACTGGTAAGACTGAT,0.1187848342335736,0.19121956188405587,0.05912380085268906,0.26393184219330007,0.1638718797807672,0.13065458459139362,0.044066709889161906,0.028346786575058753,809.5095462091193
CAGAAGATTGTCTTGGATCCATCTAATATTGAATTGGATACTCCACCAGAATTTAGATTGTCTCAATTGGAATTTGGTTTGGATCAATCATTCTCTGCTTGGGGTACTGGTAAGACTGAT,0.15917022192719776,0.1494406861406373,0.22227447752263468,0.21479958525364112,0.14885681152259128,0.08362203194411064,0.0217710854765577,6.510021262949936e-05,522.3951796744237
CAGAAGATTGTCTTGGATCCATCTAATATTGAATTGGATACTCCACCAGAATTTAGATTGTCTCAATTGGAATTTGGTTTGGATTCATTCTCTCAAGCTTGGGGTACTGGTAAGACTGAT,0.2894172784125356,0.31552778843402224,0.21393117810964987,0.11133672310388731,0.028093703332739896,0.026924086471819694,0.009615027559030563,0.005154214576314855,357.83452694897414
CAGAAGATTGTCTTGGATCCATCTAATATTGAATTGGATACTCCACCAGAATTTAGATTGTCTCAATTGGAATTTGGTTTGTCTCAATCTGACTTTGCTTGGGGTACTGGTAAGACTGAT,0.3114931374542753,0.14957755899641798,0.08809214091259229,0.08651457710209196,0.0558086089268915,0.0908460928593412,0.1247495669449041,0.09291831680348571,1233.127087561213
CAGAAGATTGTCTTGGATCCATCTAATATTGAATTGGATACTCCACCAGAATTTAGATTGTCTCAATTGGAATTTGGTTTGTGGGCTTCTCAATCTGACTTTGGTACTGGTAAGACTGAT,0.11803292608610258,0.25447652922462816,0.146873867800593,0.16859645569677725,0.11631040755662296,0.0772782981604114,0.07819244207341777,0.04023907340144696,861.7301574003853
CAGAAGATTGTCTTGGATCCATCTAATATTGAATTGGATACTCCACCAGAATTTAGATTGTCTCAATTGGAATTTGGTTTGTGGTCTCAATTTGATTCTGCTGGTACTGGTAAGACTGAT,0.15184133696624816,0.21567692333034091,0.17782893950617315,0.07938379962425997,0.09681645726431642,0.07368278262440985,0.14082496701803143,0.06394479366622016,1117.6362744051276
CAGAAGATTGTCTTGGATCCATCTAATATTGAATTGGATACTCCACCAGAATTTAGATTGTCTCAATTGGAGTTCTCTCAAGGTGATTCATTCTTGGCTTGGGGTACTGGTAAGACTGAT,0.3120861884022085,0.13737381103354712,0.024271461308357483,0.10834911496639409,0.09610367041612239,0.10727245707936583,0.1447218789910069,0.0698214178029977,1178.35859596102
CAGAAGATTGTCTTGGATCCATCTAATATTGAATTGGATACTCCACCAGAATTTAGATTGTCTCAATTGGAGTTCTCTCAATTGTTTGGTTCTGATGCTTGGGGTACTGGTAAGACTGAT,0.0004949808012067518,0.00040463464466951245,0.0006544231458893219,0.0009623370366366416,0.0012498780244175362,0.004225100575921364,0.39560273506732785,0.596405910703931,4824.337194629656
CAGAAGATTGTCTTGGATCCATCTAATATTGAATTGGATACTCCACCAGAATTTAGATTGTCTCAATTGGAGTTCTCTGGTTCTGATCAATTCTTGGCTTGGGGTACTGGTAAGACTGAT,0.2929907899612557,0.3055044039267632,0.17234789577034132,0.12428289797499212,0.0367455475418629,0.029297120751213036,0.019762455711278444,0.019068888362293233,473.17801840676236
CAGAAGATTGTCTTGGATCCATCTAATATTGAATTGGATACTCCACCAGAATTTAGATTGTCTCAATTGGAGTTCTCTTGGTCTCAAGGATTCTTGGCTGATGGTACTGGTAAGACTGAT,0.3713008401577599,0.26634481201266963,0.18181615311961724,0.10121592485749786,0.03218408641385595,0.020483206557025933,0.014348428216171123,0.012306548665402359,394.73988210201435
CAGAAGATTGTCTTGGATCCATCTAATATTGAATTGGATACTCCACCAGAATTTAGATTGTCTCAATTGGAGTTCTTCTCTCAAGGTTCTGATTTGGCTTGGGGTACTGGTAAGACTGAT,0.08920467282500961,0.1346263911156213,0.11100152947270063,0.09910336526908617,0.0,0.12264822722070837,0.12409906313484953,0.3193167509620243,2648.392308047451
CAGAAGATTGTCTTGGATCCATCTAATATTGAATTGGATACTCCACCAGAATTTAGATTGTCTCAATTGGCATTTGGTTCTCAAGATTCATTCTTGGCTTGGGGTACTGGTAAGACTGAT,0.12908818350300638,0.12987866913483417,0.10708695969918629,0.2390209876620308,0.10600360800331671,0.15776390142793217,0.07981506462573416,0.05134262594395921,1031.235522071511
CAGAAGATTGTCTTGGATCCATCTAATATTGAATTGGATACTCCACCAGAATTTAGATTGTCTCAATTGGCATTTGGTTCTCAAGATTCATTCTTGGCTTGGGGTACTGGTAAGACTGCT,0.13451178939194888,0.16486322970166642,0.12781690853267436,0.11139926226502748,0.1060390286956737,0.14795307901926416,0.15197148331630728,0.0554452190774377,1185.294175570102
CAGAAGATTGTCTTGGATCCATCTAATATTGAATTGGATACTCCACCAGAATTTAGATTGTCTCAATTGGCATTTGGTTCTCAAGCTTCATTCTTGGCTTGGGGTACTGGTAAGACTGAT,0.13121255568473497,0.10267915011069216,0.09070771933662443,0.2267575302571972,0.10056487752101496,0.13363348564918212,0.16225712265043937,0.05218755879011475,1195.6813264413447
CAGAAGATTGTCTTGGATCCATCTAATATTGAATTGGATACTCCACCAGAATTTAGATTGTCTCAATTGGGATTTGAATCTCAAGATTCATTCTTGGCTTGGGGTACTGGTAAGACTGAT,0.01693807376113224,0.0017597506647416704,0.002978248302646977,0.0037839790065714637,0.048802702969473484,0.19862552893808197,0.49765674104340446,0.22945497531394765,3063.071151556144
CAGAAGATTGTCTTGGATCCATCTAATATTGAATTGGATACTCCACCAGAATTTAGATTGTCTCAATTGGGTCAAGAAGACTTCTCTTCATTCTTGGCTTGGGGTACTGGTAAGACTGAT,0.446674137386835,0.3808223827610276,0.13394461902351287,0.027845389364579847,0.008829361038849216,0.0007768954959296712,0.0006737876425703768,0.0004334272866954374,225.66734518637662
CAGAAGATTGTCTTGGATCCATCTAATATTGAATTGGATACTCCACCAGAATTTAGATTGTCTCAATTGGGTGAGTTCTCTGATTCTCAATTCTTGGCTTGGGGTACTGGTAAGACTGAT,0.13648691567158788,0.2059840623754458,0.27598516824562686,0.13267829140731474,0.13449508805982188,0.07819040245599361,0.01582306717481408,0.02035700460939509,605.6227836135077
CAGAAGATTGTCTTGGATCCATCTAATATTGAATTGGATACTCCACCAGAATTTAGATTGTCTCAATTGTTCTTGCAATCTGGTGAATCATTTGATGCTTGGGGTACTGGTAAGACTGAT,0.0014539112229336347,0.0012799626066209162,0.00045229236415603847,0.0014133402895623506,0.10637749294179694,0.29268608458413753,0.4540828843661662,0.14225403162462644,2564.412443519163
CAGAAGATTGTCTTGGATCCATCTAATATTGAATTGGATACTCCACCAGAATTTAGATTGTCTCAATTGTTGCAAGAAGGTTCTTCTGACTTCTTTGCTTGGGGTACTGGTAAGACTGAT,0.16286566276157322,0.12985368899015837,0.14912814872309196,0.12290143663935385,0.17260124376517894,0.16900024070566114,0.08264970320341074,0.010999875211571787,811.8856530855118
CAGAAGATTGTCTTGGATCCATCTAATATTGAATTGGATACTCCACCAGAATTTAGATTGTCTCAATTGTTGGGATTTGAACAATTCTCTTCTGATGCTTGGGGTACTGGTAAGACTGAT,0.31705912776493617,0.2392505055480284,0.11096196778630636,0.09906804416787238,0.058581020979771824,0.07265452715464162,0.055135481511106726,0.04728932508733642,775.6603341151335
CAGAAGATTGTCTTGGATCCATCTAATATTGAATTGGATACTCCACCAGAATTTAGATTGTCTCAATTGTTTGGTCAAGAATCTGATTCATTCTTGGCTTGGGGTACTGGTAAGACTGAT,0.00043380076332970573,0.0021531888031214286,0.0002878925311336962,0.0002570335634717656,0.007352485263005936,0.04474596788247154,0.45994104412022846,0.48482858707323745,4341.754623436735
CAGAAGATTGTCTTGGATCCATCTAATATTGAATTGGATACTCCACCAGAATTTAGATTGTCTCAATTGTTTGGTGAATCTCAATCTGACTTCTTGGCTTGGGGTACTGGTAAGACTGAT,0.048934574407100286,0.07033461519101437,0.06524096814099212,0.1630939562303231,0.21354768771552352,0.25310299404207404,0.12318590418836718,0.06255930008460538,1352.115716812341
CAGAAGATTGTCTTGGATCCATCTAATATTGAATTGGATACTCCACCAGAATTTAGATTGTCTCAATTTGAATTGGGTTCTCAAGATTCATTCTTGGCTTGGGGTACTGGTAAGACTGAT,0.05066516198188288,0.11894263651917054,0.09456753149025161,0.04690606346894789,0.04160481482045936,0.06191994808381382,0.17229413936014534,0.4130997042753285,3278.949374869932
CAGAAGATTGTCTTGGATCCATCTAATATTGAATTGGATACTCCACCAGAATTTAGATTGTCTCAATTTGATGGTTTGTTGTCTCAATTTGAATCTGCTTGGGGTACTGGTAAGACTGAT,0.04847427902828775,0.0929699409915387,0.11309775615920384,0.23392518294229867,0.17912575340462916,0.17078467711807152,0.07305574313871237,0.08856666721725799,1303.863015349645
CAGAAGATTGTCTTGGATCCATCTAATATTGAATTGGATACTCCACCAGAATTTAGATTGTCTCAATTTGGTGAATTGTCTCAAGATTCATTCTTGGCTTGGGGTACTGGTAAGACTGAT,0.07449805450604355,0.22486275450968599,0.21630326497930272,0.23909834356476187,0.06525410131333521,0.083459834391229,0.07677009200914263,0.019753554726499034,740.2878920394437
CAGAAGATTGTCTTGGATCCATCTAATATTGAATTGGATACTCCACCAGAATTTAGATTGTCTCAATTTGGTTTGGAATCTCAAGATTCATTCTTGGCTTGGGGTACTGGTAAGACTGAT,0.0023997934840822555,0.0025209622726865962,0.0003464286926363251,0.0049414895210186495,0.02345359688326321,0.12884447848457764,0.523250160831784,0.31424308982995147,3551.300844002579
CAGAAGATTGTCTTGGATCCATCTAATATTGAATTGGATACTCCACCAGAATTTAGATTGTCTGAACAATTGTTTGGTTCTCAAGATTCATTCTTGGCTTGGGGTACTGGTAAGACTGAT,0.04108220069694684,0.04317082858869303,0.02272022040026806,0.025356072930009414,0.01259460715423854,0.0075312334002802465,0.2887255413014054,0.5588192955281585,4356.833746090376
CAGAAGATTGTCTTGGATCCATCTAATATTGAATTGGATACTCCACCAGAATTTAGATTGTCTGAAGGTCAATCTTCATTTGATTTGCAATTCTTGGCTTGGGGTACTGGTAAGACTGAT,0.12049349850578993,0.21215486887452714,0.11245175450530953,0.20079628370580432,0.059367535753999556,0.05522249569573716,0.1676272083609574,0.07188635459787496,1214.942862600651
CAGAAGATTGTCTTGGATCCATCTAATATTGAATTGGATACTCCACCAGAATTTAGATTGTCTGAATTGCAATTTGGTTCTCAAGATTCATTCTTGGCTTGGGGTACTGGTAAGACTGAT,0.27592884810391344,0.30846503181128343,0.20982568335843818,0.06812168654379105,0.03776417621076933,0.05620397159534854,0.007108602767336604,0.036581999609119474,572.691388038461
CAGAAGATTGTCTTGGATCCATCTAATATTGAATTGGATACTCCACCAGAATTTAGATTGTCTGATCAATCTGGATTTGAATTGCAATCATTCTTGGCTTGGGGTACTGGTAAGACTGAT,0.02913920815428456,0.04397646793093086,0.036259273985500745,0.09711801516376514,0.05742792776025499,0.28044613322267153,0.35132636092515895,0.10430661285743321,2074.394231413852
CAGAAGATTGTCTTGGATCCATCTAATATTGAATTGGATACTCCACCAGAATTTAGATTGTCTTTGGAACAATTTGGTTCTCAAGATTCATTCTTGGCTTGGGGTACTGGTAAGACTGAT,0.0942905785037988,0.08696231242391986,0.13688518527355897,0.22696620687113908,0.17034333237912289,0.1512476934897477,0.05829974837862127,0.07500494268009149,1155.717815011275
CAGAAGATTGTCTTGGATCCATCTAATATTGAATTGGATACTCCACCAGAATTTAGATTGTTCTCTCAATCTGGTGAAGATCAATTGTCATTCTTGGCTTGGGGTACTGGTAAGACTGAT,0.12549993104469312,0.22298469830684733,0.1694560830582414,0.21952204835379535,0.09998725135112961,0.07832096305784497,0.0396237204546265,0.04460530437282179,803.9699802542062
CAGAAGATTGTCTTGGATCCATCTAATATTGAATTGGATACTCCACCAGAATTTAGATTGTTGGAACAATCATTTGGTTCTCAAGATTCATTCTTGGCTTGGGGTACTGGTAAGACTGAT,0.17579061213858682,0.17097151570095664,0.08749777874351318,0.032549567741108884,0.017322520435994384,0.04833918730498632,0.22281679321662634,0.24471202471822742,2323.421281070019
CAGAAGATTGTCTTGGATCCATCTAATATTGAATTGGATACTCCACCAGAATTTAGATTGTTGTCTGAACAATTTGGTTCTCAAGATTCATTCTTGGCTTGGGGTACTGGTAAGACTGAT,0.0035242461912882283,0.00594087698631725,0.025697241326574558,0.09532838248995879,0.23002893668658045,0.3273945925510811,0.26202997204356887,0.05005575172463074,1678.9267037703007
CAGAAGATTGTCTTGGATCCATCTAATATTGAATTGGATACTCCACCAGAATTTAGATTGTTGTCTGAATCTCAACAAGGATTTGATTCATTCTTGGCTTGGGGTACTGGTAAGACTGAT,0.291459779009603,0.28330407116731415,0.18133848948309164,0.12348378564464119,0.05841485050620419,0.04301625880475756,0.016035566349919792,0.0029471990344683385,393.6655343309317
CAGAAGATTGTCTTGGATCCATCTAATATTGAATTGGATACTCCACCAGAATTTAGATTGTTGTCTTCTCAAGGTGAATTTCAAGATTCATTCTTGGCTTGGGGTACTGGTAAGACTGAT,0.1470894009605388,0.21846160426658143,0.07844151124814307,0.10115939755200941,0.08282448315916692,0.09630209942751873,0.11692953665316107,0.15879196673288054,1656.2243360687387
CAGAAGATTGTCTTGGATCCATCTAATATTGAATTGGATACTCCACCAGAATTTAGATTGTTGTTCTCTCAAGAAGGTTCTCAAGATTCATTCTTGGCTTGGGGTACTGGTAAGACTGAT,0.07836993668088653,0.014336335195034564,0.044326983007238877,0.18204780386280583,0.32294610155027914,0.22203331303032883,0.11893754089171803,0.017001985781708175,1087.268386219801
CAGAAGATTGTCTTGGATCCATCTAATATTGAATTGGATACTCCACCAGAATTTAGATTGTTGTTCTCTTCTGAAGGTCAACAAGATTCATTCTTGGCTTGGGGTACTGGTAAGACTGAT,0.07598842807542876,0.05096916769227968,0.08404972491514882,0.04690031428283589,0.04159971539821267,0.09286853801205017,0.30539308374260155,0.3022310278814424,2945.462896288209
CAGAAGATTGTCTTGGATCCATCTAATATTGAATTGGATACTCCACCAGAATTTAGATTGTTGTTTGAATCTCAACAATCTGGTGATTCATTCTTGGCTTGGGGTACTGGTAAGACTGAT,0.005023994199529308,0.015954966121549896,0.01686881546347557,0.022668944888325947,0.012943667713697917,0.02742431031695992,0.35966609116171494,0.5394492101347466,4430.031690959322
CAGAAGATTGTCTTGGATCCATCTAATATTGAATTGGATACTCCACCAGAATTTAGATTGTTGTTTGGTCAATCTGAATCTCAAGATTCATTCTTGGCTTGGGGTACTGGTAAGACTGAT,0.3363691681983294,0.0028471309168134136,0.17394998845581106,0.18045494477671914,0.1912914753736291,0.07746852080041068,0.03604306354942677,0.001575707928860486,552.0714963758463
CAGAAGATTGTCTTGGATCCATCTAATATTGAATTGGATACTCCACCAGAATTTAGATTGTTTGAACAATTGTCTGGTTCTCAAGATTCATTCTTGGCTTGGGGTACTGGTAAGACTGAT,0.21481051019985192,0.1756023147849075,0.22553329797804378,0.13423904406864767,0.052918915969610604,0.12306029601195058,0.04980640255549264,0.02402921843149536,703.240322554662
CAGAAGATTGTCTTGGATCCATCTAATATTGAATTGGATACTCCACCAGAATTTAGATTGTTTGGTGAATCTCAATTGTCTCAAGATTCATTCTTGGCTTGGGGTACTGGTAAGACTGAT,0.09690807406902324,0.13812712680733497,0.08039148697226468,0.16149237407370712,0.21486114442435134,0.17765292798438137,0.08238744615452957,0.04817941951440774,1080.3707788624595
CAGAAGATTGTCTTGGATCCATCTAATATTGAATTGGATACTCCACCAGAATTTAGATTGTTTGGTTTGTCTCAAGAATCTCAAGATTCATTCTTGGCTTGGGGTACTGGTAAGACTGAT,0.000285456030417956,0.0005744081033773849,0.0004144072741015407,0.0003171319657914011,0.00018752681046071504,0.05041133716806664,0.29730938430285625,0.6505003483449283,4975.231378092019
CAGAAGATTGTCTTGGATCCATCTAATATTGAATTGGATACTCCACCAGAATTTCAAAGATCTTTGTTGGAATTTGGTTCTCAAGATTCATTCTTGGCTTGGGGTACTGGTAAGACTGAT,0.036971782693411684,0.049597577939432626,0.06134094842544968,0.054765861755576885,0.030360194507849325,0.06212898204926262,0.28574509541906756,0.41908955720994956,3577.015316364809
CAGAAGATTGTCTTGGATCCATCTAATATTGAATTGGATACTCCACCAGAATTTCAAGGATTTCAATCTTCTTTGTTGGAAAGAGATTCATTCTTGGCTTGGGGTACTGGTAAGACTGAT,0.06775393301766967,0.10225324747226797,0.08430937477351186,0.07527232105249966,0.13353032622610134,0.15525905218270925,0.21993390934358353,0.16168783593165667,2011.700174354677
CAGAAGATTGTCTTGGATCCATCTAATATTGAATTGGATACTCCACCAGAATTTCAATCTGAAAGATTGTTGTTTGGTTCTCAAGATTCATTCTTGGCTTGGGGTACTGGTAAGACTGAT,0.004595057580476968,0.0027599813120083353,0.017685599302260966,0.06841172385993965,0.19126198303272138,0.2916585101776069,0.30618310731449183,0.11744403742049393,2126.6816567279852
CAGAAGATTGTCTTGGATCCATCTAATATTGAATTGGATACTCCACCAGAATTTCAATCTTTGGAAAGATTGTTTGGTTCTCAAGATTCATTCTTGGCTTGGGGTACTGGTAAGACTGAT,0.007292670572059814,0.0001892147631869195,0.00015601048158919137,0.00018571712559500836,0.00010295479475275433,0.024286382679805894,0.45312068677158973,0.5146663628114208,4480.6803220436095
CAGAAGATTGTCTTGGATCCATCTAATATTGAATTGGATACTCCACCAGAATTTCAATTGGGTCAATTCTCTTTGTCTAGAGAAGATTCATTCTTGGCTTGGGGTACTGGTAAGACTGAT,0.23983126896062348,0.08393040069805238,0.16867964557875467,0.13901447145260418,0.11302800401942886,0.12425209872770063,0.10638007534901775,0.02488403521381805,868.9983835744209
CAGAAGATTGTCTTGGATCCATCTAATATTGAATTGGATACTCCACCAGAATTTCAATTGTCTAGATTGGAATTTGGTTCTCAAGATTCATTCTTGGCTTGGGGTACTGGTAAGACTGAT,0.05007702873839595,0.08637202441585085,0.04450941385992303,0.3417509776432076,0.19738490995431954,0.2163898390781886,0.046443847646133324,0.017071958663981132,884.8150791245732
CAGAAGATTGTCTTGGATCCATCTAATATTGAATTGGATACTCCACCAGAATTTCAATTGTTGTCTTCTGGATTTAGACAAGAAGATTCATTCTTGGCTTGGGGTACTGGTAAGACTGAT,0.20533303073579892,0.04426937358030329,0.07300155839417492,0.0814707254611492,0.11562085395099556,0.14787878660050705,0.12242297534732392,0.21000269592974727,2047.7202779668967
CAGAAGATTGTCTTGGATCCATCTAATATTGAATTGGATACTCCACCAGAATTTGAAAGATTGCAATTGTCATTTGGTTCTCAAGATTCATTCTTGGCTTGGGGTACTGGTAAGACTGAT,0.1455809887504631,0.17576696385818824,0.18115320533879994,0.19408264765690972,0.05738257855849659,0.08006419225283568,0.02700376372975892,0.13896565985454776,1323.750119054545
CAGAAGATTGTCTTGGATCCATCTAATATTGAATTGGATACTCCACCAGAATTTGAACAATTGCAATTTAGATTGTCTTCTGGTGATTCATTCTTGGCTTGGGGTACTGGTAAGACTGAT,0.010519814792252535,0.007657641941260494,0.045894830378369396,0.13719134186643528,0.30932617012958874,0.3518302434547417,0.12161059433138269,0.01596936310596917,1221.4708229408945
CAGAAGATTGTCTTGGATCCATCTAATATTGAATTGGATACTCCACCAGAATTTGAAGGTCAATTGTTGTCATTTAGATCTCAAGATTCATTCTTGGCTTGGGGTACTGGTAAGACTGAT,0.10808785000239361,0.32624921337504575,0.13449874639658763,0.15010241813439804,0.10651046536393331,0.07430543023736484,0.10024587649027675,0.0,653.9624825153953
CAGAAGATTGTCTTGGATCCATCTAATATTGAATTGGATACTCCACCAGAATTTGAATCTCAAAGATTTGGTTTGTTGTCTCAAGATTCATTCTTGGCTTGGGGTACTGGTAAGACTGAT,0.21267591215567166,0.1604836922999941,0.1323212718777142,0.29534465430479184,0.052393054295413306,0.09746994476253182,0.04931147030388309,0.0,556.9564730875636
CAGAAGATTGTCTTGGATCCATCTAATATTGAATTGGATACTCCACCAGAATTTGAGTTCTTGTTGTCTGGTCAAAGATCTCAAGATTCATTCTTGGCTTGGGGTACTGGTAAGACTGAT,0.5609616123844928,0.3452518646474052,0.05249727770191452,0.029566336388155513,0.0019336255189282804,0.006295169395025258,0.002616100703456727,0.0008780132606216556,217.8317945030183
CAGAAGATTGTCTTGGATCCATCTAATATTGAATTGGATACTCCACCAGAATTTGGTAGATTCTTGTTGCAAGAATCTTCTCAAGATTCATTCTTGGCTTGGGGTACTGGTAAGACTGAT,0.2864036982102347,0.15516174295380955,0.054828532633793316,0.1713302729165468,0.15196679812089925,0.06058134838854936,0.04086531999594757,0.07886228678021948,987.2987001743753
CAGAAGATTGTCTTGGATCCATCTAATATTGAATTGGATACTCCACCAGAATTTGGTTTGAGATCTTCTTTGTTTCAAGAACAAGATTCATTCTTGGCTTGGGGTACTGGTAAGACTGAT,0.3005620684139388,0.1827015667026693,0.0857091082945097,0.10434820673047321,0.1357472430777629,0.13200889048913428,0.029037055648116504,0.029885860643395264,716.6006835987738
CAGAAGATTGTCTTGGATCCATCTAATATTGAATTGGATACTCCACCAGAGTTCTCTAGACAATTGTTGGAATTTGGTTCTCAAGATTCATTCTTGGCTTGGGGTACTGGTAAGACTGAT,0.0016005108125776426,0.002415467573784416,0.0038587059243444096,0.03578452847130026,0.2088742918098303,0.33778523552211714,0.3022590749614327,0.10742218492461311,2108.5311628686145
CAGAAGATTGTCTTGGATCCATCTAATATTGAATTGGATACTCCACCAGAGTTCTCTAGATTGCAATTGGAATTTGGTTCTCAAGATTCATTCTTGGCTTGGGGTACTGGTAAGACTGAT,0.122544297114512,0.2465894210824625,0.0,0.22690426136469607,0.08050396113330494,0.11232476447047639,0.1136534816157145,0.09747981321883359,1315.878967971642
CAGAAGATTGTCTTGGATCCATCTAATATTGAATTGGATACTCCACCAGAGTTCTCTCAAAGATTGTTGGAATTTGGTTCTCAAGATTCATTCTTGGCTTGGGGTACTGGTAAGACTGAT,0.05178212578268141,0.08931294737495403,0.1472797967498123,0.10683805795518354,0.11663186543221203,0.0881470127835911,0.20582244319252627,0.19418575072903932,2107.749196760423
CAGAAGATTGTCTTGGATCCATCTAATATTGAATTGGATACTCCACCAGAGTTCTCTCAATTGAGATTGGAATTTGGTTCTCAAGATTCATTCTTGGCTTGGGGTACTGGTAAGACTGAT,0.13118570364386292,0.16131993004115117,0.07255132513809869,0.09716191087734788,0.1149077684403604,0.1736879796290895,0.1622239174829426,0.08696146474714678,1427.7068857634235
CAGAAGATTGTCTTGGATCCATCTAATATTGAATTGGATACTCCACCAGAGTTCTCTTTGAGAGGATTCTTGGAACAATCTCAAGATTCATTCTTGGCTTGGGGTACTGGTAAGACTGAT,0.5301747693627035,0.23473823418809472,0.12928925213157705,0.035153022478762494,0.018255388138875697,0.021967002099079445,0.019423973034476544,0.010998358566430461,357.204805713401
CAGAAGATTGTCTTGGATCCATCTAATATTGAATTGGATACTCCACCAGAGTTCTTCTTGGGTTTGTCTAGAGAACAATCTCAAGATTCATTCTTGGCTTGGGGTACTGGTAAGACTGAT,0.027085130234726865,0.13625494498294094,0.1011098674590642,0.24072528669241197,0.1334493111704791,0.09930550652797675,0.10048021568283066,0.16158973724956957,1712.6645856944751
CAGAAGATTGTCTTGGATCCATCTAATATTGAATTGGATACTCCACCAGAGTTCTTCTTGTCTAGATTGGAAGGTCAATCTCAAGATTCATTCTTGGCTTGGGGTACTGGTAAGACTGAT,0.07643783205025591,0.16436752776785854,0.16039026108296253,0.30471236088438175,0.1668906600470691,0.09204398204866278,0.02085062526542553,0.014306750853383756,650.428253859782
CAGAAGATTGTCTTGGATCCATCTAATATTGAATTGGATACTCCACCAGAGTTCTTGAGAGGTCAATCATTCTTGGAATCTCAAGATTCATTCTTGGCTTGGGGTACTGGTAAGACTGAT,0.2687033364716575,0.24955271149471958,0.17146670643117828,0.12246986303456595,0.0678928212555782,0.050522036758853174,0.044729715015661205,0.02466280953778599,608.6008924092297
CAGAAGATTGTCTTGGATCCATCTAATATTGAATTGGATACTCCACCAGAGTTCTTGAGATCTCAATTGGAATTTGGTTCTCAAGATTCATTCTTGGCTTGGGGTACTGGTAAGACTGAT,0.015555896579439685,0.04612940921962966,0.11184326098555328,0.22712336181154438,0.32463604740161783,0.2319936135750427,0.03483587888574382,0.00788253154142861,868.6852468075679
CAGAAGATTGTCTTGGATCCATCTAATATTGAATTGGATACTCCACCAGAGTTCTTGCAAAGATCTTTGGAATTTGGTTCTCAAGATTCATTCTTGGCTTGGGGTACTGGTAAGACTGAT,0.16940759270750502,0.09587530049519856,0.18445153865701586,0.17644320787554243,0.17736879428170452,0.11645993570349185,0.029459392200468615,0.050534238079073215,887.8259161664657
CAGAAGATTGTCTTGGATCCATCTAATATTGAATTGGATACTCCACCAGAGTTCTTGCAAGAATCTTTGAGATTTGGTTCTCAAGATTCATTCTTGGCTTGGGGTACTGGTAAGACTGAT,0.14828480179446,0.21218537247454922,0.26652554622881686,0.19036551072354888,0.08117822290529206,0.06040828891467775,0.02139300567500396,0.019659251283651334,577.9197499935807
CAGAAGATTGTCTTGGATCCATCTAATATTGAATTGGATACTCCACCAGAGTTCTTGCAATCTAGATTGGAATTTGGTTCTCAAGATTCATTCTTGGCTTGGGGTACTGGTAAGACTGAT,0.14600334774588386,0.11017306142911304,0.1816787663099188,0.12165357467220929,0.10790448125826745,0.10037059271799045,0.10155790103820651,0.1306582748284106,1480.793951043851
CAGAAGATTGTCTTGGATCCATCTAATATTGAATTGGATACTCCACCAGAGTTCTTGGAACAAAGATTGTCATTTGGTTCTCAAGATTCATTCTTGGCTTGGGGTACTGGTAAGACTGAT,0.17493312489765445,0.09600237111813052,0.17809971999044436,0.1766770611017755,0.07835465040706843,0.1020375025819621,0.11799374764246327,0.07590182226050145,1180.908866256003
CAGAAGATTGTCTTGGATCCATCTAATATTGAATTGGATACTCCACCAGAGTTCTTGGAATTGCAATTCTCTAGAGGTCAATCTGATTCATTCTTGGCTTGGGGTACTGGTAAGACTGAT,0.0003705270221462107,0.0005858222620695623,0.00032933145177492463,0.027580077756917176,0.22778254549563107,0.3463225744145189,0.3089855884793458,0.08804353311759634,2023.3497552615102
CAGAAGATTGTCTTGGATCCATCTAATATTGAATTGGATACTCCACCAGAGTTCTTGGAATTGTCTGGTTCTAGACAACAATTTGATTCATTCTTGGCTTGGGGTACTGGTAAGACTGAT,0.16028008906612798,0.16663696780667092,0.2193883785862635,0.1602591673523398,0.14214693128936445,0.07835391741088339,0.034685343475739004,0.03824920501261073,763.1519541003428
CAGAAGATTGTCTTGGATCCATCTAATATTGAATTGGATACTCCACCAGAGTTCTTGGGTGAATTGTTTCAAAGATCTTCTCAAGATTCATTCTTGGCTTGGGGTACTGGTAAGACTGAT,0.24073367288989425,0.13119590894880187,0.17474107136690176,0.17829796251276764,0.07907350526355404,0.06435852048647858,0.08372549981000389,0.04787385872159793,880.6944346077047
CAGAAGATTGTCTTGGATCCATCTAATATTGAATTGGATACTCCACCAGAGTTCTTGTTGTCTCAAGGTAGATTTGAATCTCAAGATTCATTCTTGGCTTGGGGTACTGGTAAGACTGAT,0.054710959769433805,0.04971895719636536,0.11858991496893401,0.1646996677805154,0.198258992506191,0.18926962116021848,0.1636825109894467,0.061069375628895264,1363.070225179457
CAGAAGATTGTCTTGGATCCATCTAATATTGAATTGGATACTCCACCAGAGTTCTTTCAAGGTTTGCAATTGTCTTCTGAAAGAGATTCATTCTTGGCTTGGGGTACTGGTAAGACTGAT,0.3891459358179584,0.2635290764497364,0.09312161808068319,0.024941996137182836,0.03687181904272259,0.08231383064917894,0.0832875411091064,0.026788182713431218,689.2043181136937
CAGAAGATTGTCTTGGATCCATCTAATATTGAATTGGATACTCCACCAGCATTTAGATTGTCTCAATTGGAATTTGGTTCTCAAGATTCATTCTTGGCTTGGGGTACTGGTAAGACTGAT,0.0017737197774304134,0.002319955748211924,0.061357995419455476,0.10877394599221056,0.19995231512045283,0.48042423273985985,0.1447629150591739,0.0006349201432050693,1263.379418172282
CAGAAGATTGTCTTGGATCCATCTAATATTGAATTGGATACTCCACCAGCATTTAGATTGTCTCAATTGGAATTTGGTTCTCAAGATTCATTCTTGGCTTGGGGTACTGGTAAGACTGCT,0.2329697881307798,0.20509685362914817,0.07247378972561348,0.09705807419588981,0.1434812085088472,0.16015602437260038,0.05401684973474565,0.03474741170237558,844.1846233645495
CAGAAGATTGTCTTGGATCCATCTAATATTGAATTGGATACTCCACCAGCATTTAGATTGTCTCAATTGGAATTTGGTTCTCAAGCTTCATTCTTGGCTTGGGGTACTGGTAAGACTGAT,0.002709866039583196,0.002478600182828808,0.0012261863768257338,0.0016421286756290703,0.3806419060854502,0.3732590979913578,0.23716037578587468,0.0008818388624505042,1427.0111569942742
CAGAAGATTGTCTTGGATCCATCTAATATTGAATTGGATACTCCACCAGCATTTAGATTGTCTCAATTGGCATTTGGTTCTCAAGATTCATTCTTGGCTTGGGGTACTGGTAAGACTGAT,0.07993011064033066,0.17156175238031843,0.16576793290869352,0.2308790674278717,0.18903275320666516,0.08303295383738576,0.05436275769398093,0.025432671904753828,781.2438355919484
CAGAAGATTGTCTTGGATCCATCTAATATTGAATTGGATACTCCACCAGCTGCTGCTGCTGCTGCTGCTGCATTTGGTTCTCAAGATTCATTCTTGGCTTGGGGTACTGGTAAGACTGAT,0.1818274261687514,0.19301924496602885,0.1917625289237133,0.21858680241354211,0.1448702584982713,0.061514167526885995,0.0069600474113146096,0.001459524091492441,464.9864705581524
CAGAAGATTGTCTTGGATCCATCTAATATTGAATTGGATACTCCACCAGCTGCTGCTGCTTCTCAATTGGAAGCTGCTGCTGCTGATTCATTCTTGGCTTGGGGTACTGGTAAGACTGAT,0.14012988657946937,0.13362394236942082,0.31782946974007037,0.13803685340654842,0.17917378445188933,0.06001363236652913,0.018965823696168373,0.012226607389904134,571.7826019421823
CAGAAGATTGTCTTGGATCCATCTAATATTGAATTGGATACTCCACCAGCTGCTGCTGCTTCTCAATTGGAATTTGGTTCTCAAGATTCATTCTTGGCTGCTGCTGCTGGTAAGACTGAT,0.16891420754528153,0.3398971443956433,0.07006260544211732,0.1251053028155196,0.06935381286236743,0.07741383738368211,0.06527465385279306,0.08397843570259575,1051.2875327049958
CAGAAGATTGTCTTGGATCCATCTAATATTGAATTGGATACTCCACCAGCTGCTGCTGCTTCTCAATTGGAATTTGGTTCTCAAGATTCATTCTTGGCTTGGGGTACTGCTGCTGCTGCT,0.043435541762953625,0.05618767379247036,0.09265520195250466,0.12408534864519574,0.16509213001000855,0.10237693404978028,0.14962707626089458,0.2665400935261922,2460.2425501740245
CAGAAGATTGTCTTGGATCCATCTAATATTGAATTGGATACTCCACCAGCTGCTGCTGCTTCTCAATTGGAATTTGGTTCTCAAGATTCATTCTTGGCTTGGGGTACTGGTAAGACTGAT,0.0553800582458539,0.11211948555835996,0.18296190790250816,0.22115705401013233,0.21211686304075264,0.1596449911658059,0.04037464748888461,0.016244992587702498,792.316013024847
CAGAAGATTGTCTTGGATCCATCTAATATTGAATTGGATACTCCACCAGCTGCTGCTGCTTCTCAATTGGAATTTGGTTCTCAAGCTGCTGCTGCTGCTTGGGGTACTGGTAAGACTGAT,0.09103587989251899,0.08761102859346816,0.12313063665526594,0.18688501753975523,0.25742107381569007,0.17051595729200875,0.055063733715035264,0.028336672496257605,920.2807003209109
CAGAAGATTGTCTTGGATCCATCTAATATTGAATTGGATACTCCACCAGGATTTGAAGAAAGATTGTCATTCTTGCAATCTCAAGATTCATTCTTGGCTTGGGGTACTGGTAAGACTGAT,0.5203338723347783,0.2801227184001711,0.1000748495317923,0.058063339196414404,0.00022707721781539016,0.03590785753704026,0.004445402963778414,0.0008248828182097639,269.4479918076304
CAGAAGATTGTCTTGGATCCATCTAATATTGAATTGGATACTCCACCAGGTTCTAGAGAGTTCTTGCAAGAATTGTTCTCTCAAGATTCATTCTTGGCTTGGGGTACTGGTAAGACTGAT,0.11008403758272596,0.13030370499449667,0.20144514056395144,0.230211070473889,0.16590679758191662,0.08309710154005263,0.04804575857323269,0.030906388689734984,787.9191766829936
CAGAAGATTGTCTTGGATCCATCTAATATTGAATTGGATACTCCACCAGGTTTGTTGGAATTTGAACAAAGATTCTCTTCTCAAGATTCATTCTTGGCTTGGGGTACTGGTAAGACTGAT,0.15797857056014197,0.08477118380892187,0.09173737713150551,0.1365068697383345,0.19718593118642194,0.1834184137492774,0.11070168268012852,0.03769997114526832,1069.2500088106808
CAGAAGATTGTCTTGGATCCATCTAATATTGAATTGGATACTCCACCATCTAGATTGGGTGAATTGTTTCAAGAGTTCTCTCAAGATTCATTCTTGGCTTGGGGTACTGGTAAGACTGAT,0.1114402523050801,0.1345472026765039,0.18489372897842868,0.12380633973664584,0.17570231078553786,0.1770543441968801,0.04823235937471889,0.0443234619462045,953.7858920009481
CAGAAGATTGTCTTGGATCCATCTAATATTGAATTGGATACTCCACCATCTCAAAGATTTGAATTGTTGGAATTTGGTTCTCAAGATTCATTCTTGGCTTGGGGTACTGGTAAGACTGAT,0.11286430066302446,0.04258328908917718,0.01755528830456913,0.07836775571996553,0.09731505935252191,0.1034520274513693,0.2616894670440863,0.28617281237528613,2784.3575722016826
CAGAAGATTGTCTTGGATCCATCTAATATTGAATTGGATACTCCACCATCTCAAGAGTTCTTGTTGGAAAGATTTGGTTCTCAAGATTCATTCTTGGCTTGGGGTACTGGTAAGACTGAT,0.16383477363918578,0.1805368941857892,0.20386724012135693,0.18201487547174952,0.0999414271752243,0.06435935923725214,0.08682757581082723,0.018617854358614894,730.8518523533423
CAGAAGATTGTCTTGGATCCATCTAATATTGAATTGGATACTCCACCATCTCAATTCTTGGAAAGATTGGAATTTGGTTCTCAAGATTCATTCTTGGCTTGGGGTACTGGTAAGACTGAT,0.06599697745480661,0.09960167576320773,0.10265389141146268,0.10998060453945686,0.146326157450905,0.1058630753541535,0.15302193656640434,0.21655568145960324,2151.5638854978192
CAGAAGATTGTCTTGGATCCATCTAATATTGAATTGGATACTCCACCATCTCAATTGTTTGAAAGATTGGAATTTGGTTCTCAAGATTCATTCTTGGCTTGGGGTACTGGTAAGACTGAT,0.1428832087073125,0.31105986096060256,0.28985638810135356,0.11751105530080877,0.07325224563414132,0.05687175215021092,0.008001425997006532,0.0005640631485639267,406.0246978554122
CAGAAGATTGTCTTGGATCCATCTAATATTGAATTGGATACTCCACCATCTGAATTGAGACAATTCTTGGAATTTGGTTCTCAAGATTCATTCTTGGCTTGGGGTACTGGTAAGACTGAT,0.21162303728431145,0.09678133369728485,0.16757516523426869,0.08549309642915988,0.07583080272164767,0.15870666987203239,0.0892133610746449,0.11477653368665008,1386.790741966558
CAGAAGATTGTCTTGGATCCATCTAATATTGAATTGGATACTCCACCATCTTTGGAAGAATTGAGACAATTCTTTGGTTCTCAAGATTCATTCTTGGCTTGGGGTACTGGTAAGACTGAT,0.3186909305789626,0.2686463932822051,0.10717891061282044,0.07655239186748229,0.0933632732471817,0.023684904964020526,0.039941799174746065,0.07194139627258136,848.2658057337272
CAGAAGATTGTCTTGGATCCATCTAATATTGAATTGGATACTCCACCATTCTCTAGATTGTTGCAAGAAGAATTTGGTTCTCAAGATTCATTCTTGGCTTGGGGTACTGGTAAGACTGAT,0.09277479894592823,0.1527429527831473,0.1259389131254705,0.13117955998516703,0.21608573047377738,0.1236914642833561,0.11733247584767004,0.040254104555483304,1051.209512359595
CAGAAGATTGTCTTGGATCCATCTAATATTGAATTGGATACTCCACCATTCTTGAGAGAATCTCAATTGGAATTTGGTTCTCAAGATTCATTCTTGGCTTGGGGTACTGGTAAGACTGAT,0.00020737089690586074,0.00036512132178934077,0.02993278687653949,0.01071276446345775,0.11703838161911995,0.34147384052666074,0.4742272294985009,0.02604250479702603,1966.540112065808
CAGAAGATTGTCTTGGATCCATCTAATATTGAATTGGATACTCCACCATTCTTGGAAAGATCTCAATTGGAATTTGGTTCTCAAGATTCATTCTTGGCTTGGGGTACTGGTAAGACTGAT,0.1555019650833705,0.06883984729601582,0.1470587371082564,0.14511622259740842,0.06742236183710208,0.09122172217669952,0.10960720744193024,0.2152319364592171,1986.8633918040446
CAGAAGATTGTCTTGGATCCATCTAATATTGAATTGGATACTCCACCATTGAGATCATTTCAAGAATTGGAATTTGGTTCTCAAGATTCATTCTTGGCTTGGGGTACTGGTAAGACTGAT,0.14946014239279679,0.2460688002759328,0.1859802169035788,0.06038005374970874,0.10711199232351024,0.08717925592553062,0.1638195384289421,0.0,797.5141589442239
CAGAAGATTGTCTTGGATCCATCTAATATTGAATTGGATACTCCACCATTGAGATTTGAATCTCAATTGGAATTTGGTTCTCAAGATTCATTCTTGGCTTGGGGTACTGGTAAGACTGAT,0.012563538707326844,0.00016041209280195942,0.0048011192027616854,0.041625017044685436,0.1631420247453949,0.4051576712731714,0.34953134815355125,0.0230188687803064,1755.1158260754057
CAGAAGATTGTCTTGGATCCATCTAATATTGAATTGGATACTCCACCATTGGAAAGATTCTCTCAATTGGAATTTGGTTCTCAAGATTCATTCTTGGCTTGGGGTACTGGTAAGACTGAT,0.022832551137959435,0.057430921914749675,0.09944062415509526,0.20292951781924,0.19124441831636102,0.29299815535347035,0.10588003652968961,0.027243774773434693,1143.5593680972768
CAGAAGATTGTCTTGGATCCATCTAATATTGAATTGGATACTCCACCATTGTCTGAACAAAGATTCTTGGAATTTGGTTCTCAAGATTCATTCTTGGCTTGGGGTACTGGTAAGACTGAT,0.011901463059684434,0.07184605783440462,0.059238179380102535,0.22477606900281083,0.16418889972913794,0.16363417962044255,0.1766078382957265,0.12780731307769055,1767.7860213061363
CAGAAGATTGTCTTGGATCCATCTAATATTGAATTGGATACTCCACCATTGTTCTCTAGAGAACAATTGGGATTTGAATCTCAAGATTCATTCTTGGCTTGGGGTACTGGTAAGACTGAT,0.15954296840905585,0.13887680829687515,0.12268506834911344,0.13343300343555578,0.20137609583600327,0.18731602119393786,0.048214237018334306,0.008555797461124436,752.3913853261719
CAGAAGATTGTCTTGGATCCATCTAATATTGAATTGGATACTCCACCATTGTTTGAAAGATCTCAATTGGAATTTGGTTCTCAAGATTCATTCTTGGCTTGGGGTACTGGTAAGACTGAT,0.5024851344792175,0.31234707573961107,0.11592531003170109,0.0256653741825835,0.0005867194442139987,0.013280031163489294,0.019290555961045338,0.010419798998138156,332.9657800128377
CAGAAGATTGTCTTGGATCCATCTAATATTGAATTGGATACTCCACCATTTAGATTGGAATCTCAATTGGAATTTGGTTCTCAAGATTCATTCTTGGCTTGGGGTACTGGTAAGACTGAT,0.09288909613372005,0.07120602871530847,0.08256159215212966,0.20147914368858413,0.24408937375091505,0.19055735306542423,0.10666168232194881,0.010555730171969691,947.9833911386436
CAGAAGATTGTCTTGGATCCATCTAATATTGAATTGGATACTCCACCATTTGAAAGATTGTCTCAATTGGAATTTGGTTCTCAAGATTCATTCTTGGCTTGGGGTACTGGTAAGACTGAT,0.04872090872819141,0.04901925654961173,0.24250278443318815,0.21650910702418089,0.1680346432570788,0.20096031614229407,0.04518611665189162,0.029066867213563174,909.978380440545
CAGAAGATTGTCTTGGATCCATCTAATATTGAATTGGATACTCCACCATTTGAATTGAGATCTCAATTGGAATTTGGTTCTCAAGATTCATTCTTGGCTTGGGGTACTGGTAAGACTGAT,0.16437628551863423,0.3473040095879891,0.03214216791910298,0.03391448854842331,0.07404683574913468,0.10331533092555731,0.17205125809867478,0.07284962365248357,1240.7741179825773
CAGAAGATTGTCTTGGATCCATCTAATATTGAATTGGATACTCCAGAACCATTTAGATTGTCTCAATTGGAATTTGGTTCTCAAGATTCATTCTTGGCTTGGGGTACTGGTAAGACTGAT,0.0067743998363707985,0.00043337988308729894,0.004872659689065883,0.025797653991597714,0.20018894648052482,0.4657088603671172,0.20090767752488445,0.09531642222735195,1932.4175948968364
CAGAAGATTGTCTTGGATCCATCTAATATTGAATTGGATACTCCAGAATTTCCAAGATTGTCTCAATTGGAATTTGGTTCTCAAGATTCATTCTTGGCTTGGGGTACTGGTAAGACTGAT,0.21722810787891056,0.34605068598794086,0.13515352646559795,0.14077761743534606,0.017838165020241332,0.08296352362779034,0.016788983893011988,0.04319938969116091,671.6009516122583
CAGAAGATTGTCTTGGATCCATCTAATATTGAATTGGATACTCCATCATTTAGACAAGAATTGCCATTGGAATTTGGTTCTCAAGATTCATTCTTGGCTTGGGGTACTGGTAAGACTGAT,0.17356433637718166,0.28522438845155496,0.1943767694077796,0.13497686272098905,0.0969178034475384,0.06893900345160052,0.03219438452554751,0.0138064516178084,562.9275823501998
CAGAAGATTGTCTTGGATCCATCTAATATTGAATTGGATACTCCATTCTCTCCACAAAGATTGGAAGAATTGTTTGGTTCTCAAGATTCATTCTTGGCTTGGGGTACTGGTAAGACTGAT,0.00889069747082484,0.02459913673432202,0.04010377006681649,0.03950905310427048,0.05037546651901705,0.08251127077632714,0.3349799748303353,0.41903063049808664,3723.167805972487
CAGAAGATTGTCTTGGATCCATCTAATATTGAATTGGATACTCCATTTAGACCATTGGAATCTCAATTGGAATTTGGTTCTCAAGATTCATTCTTGGCTTGGGGTACTGGTAAGACTGAT,0.2912382348672357,0.2344173312802339,0.07248026025410019,0.0,0.17219282237620334,0.16017032325391936,0.0,0.06950102796830747,915.9806418249494
CAGAAGATTGTCTTGGATCCATCTAATATTGAATTGGATACTCCATTTCCAGAAAGATTGTCTCAATTGGAATTTGGTTCTCAAGATTCATTCTTGGCTTGGGGTACTGGTAAGACTGAT,0.17426659410807013,0.11688915645734718,0.14456536015731244,0.12906951607771,0.11448228476760457,0.21297826825804503,0.10774882017391055,0.0,821.9629160721846
CAGAAGATTGTCTTGGATCCATCTAATATTGAATTGGATACTCCATTTGAACCAAGATTGTCTCAATTGGAATTTGGTTCTCAAGATTCATTCTTGGCTTGGGGTACTGGTAAGACTGAT,0.12926956021822505,0.08670743768682417,0.10723742336259771,0.047871365324893445,0.12738305939038702,0.07899278463169802,0.3197088385000808,0.10282953088529387,1787.0085246631807
CAGAAGATTGTCTTGGATCCATCTAATATTGAATTGGATACTGAACCAAGATTTCCACAATTGTCTGAATTGTTTGGTTCTCAAGATTCATTCTTGGCTTGGGGTACTGGTAAGACTGAT,0.06032713690808598,0.13353242482601252,0.10509501301686058,0.12063852454750855,0.1723955757787191,0.11059235890915209,0.1678508745071555,0.12956809150650567,1676.8705721231458
CAGAAGATTGTCTTGGATCCATCTAATATTGAATTGGATACTGAACCAAGATTTCCATTGTCTCAATTGGAATTTGGTTCTCAAGATTCATTCTTGGCTTGGGGTACTGGTAAGACTGAT,0.0010105275567630777,0.0010167156329487547,0.04265645463043849,0.033852572217548456,0.2919168482812556,0.3370855752000637,0.26083328463947997,0.03162802184150188,1594.309984963148
CAGAAGATTGTCTTGGATCCATCTAATATTGAATTGGATACTGAACCACCATTTAGATTGTCTCAATTGGAATTTGGTTCTCAAGATTCATTCTTGGCTTGGGGTACTGGTAAGACTGAT,0.0027320922127965857,0.0038655316107159966,0.004727665535937107,0.03144341482688281,0.10104243099705296,0.24236449132816917,0.48301970600758115,0.13080466748086417,2510.5734848814277
CAGAAGATTGTCTTGGATCCATCTAATATTGAATTGGATACTGAACCATTGCCATTTAGAGAATTGCAATCATTTGGTTCTCAAGATTCATTCTTGGCTTGGGGTACTGGTAAGACTGAT,0.2601179885644366,0.23798458375068732,0.19317398813360276,0.14908465654554628,0.09953003965284743,0.04602455112840626,0.007744978956344352,0.006339213268128992,430.7142145731383
CAGAAGATTGTCTTGGATCCATCTAATATTGAATTGGATACTGAACCATTGCCATTTAGATCTCAATTGGAATTTGGTTCTCAAGATTCATTCTTGGCTTGGGGTACTGGTAAGACTGAT,0.11804429800765705,0.05938357759846081,0.18361002301534685,0.1311432104721072,0.07270100845097269,0.08115003074196059,0.1779049443768824,0.1760629073366125,1902.8916059297746
CAGAAGATTGTCTTGGATCCATCTAATATTGAATTGGATACTGAACCATTTCCAAGATTGTCTCAATTGGAATTTGGTTCTCAAGATTCATTCTTGGCTTGGGGTACTGGTAAGACTGAT,0.038941648454891675,0.05877016785723201,0.07960777585264593,0.1823220121919489,0.22201724999556632,0.24730929642640517,0.12124777934851061,0.049784069872799305,1274.3925587274161
CAGAAGATTGTCTTGGATCCATCTAATATTGAATTGGATACTGATCCAGAATTTAGATTGACTGATTTGGAATTTGGTACTGATGATTCATTCTTGGCTTGGGGTACTGGTAAGACTGAT,0.02251977382386395,0.022657676125660314,0.03269280410740154,0.020848920618594613,0.1109556527314197,0.17201455244181282,0.32721278684713073,0.2910978333041165,3048.9230089106427
CAGAAGATTGTCTTGGATCCATCTAATATTGAATTGGATACTTCTGAGTTCTTGCCACCAAGACAATTGGAATTTGGTTCTCAAGATTCATTCTTGGCTTGGGGTACTGGTAAGACTGAT,0.1512946807585645,0.1281862318389952,0.08422292930358813,0.12385082146312097,0.11377673438183601,0.10583284525588017,0.18832148837405852,0.10451426862395648,1525.3401470201436
CAGAAGATTGTCTTGGATCCATCTAATATTGAATTGGATACTTCTTTGGAACAACCATTTCCAAGATTGGAATTTGGTTCTCAAGATTCATTCTTGGCTTGGGGTACTGGTAAGACTGAT,0.29216615936007656,0.1646149516706289,0.15996462281309995,0.10386774125028993,0.08061267762266347,0.08569634539437855,0.04335503422477203,0.06972246766409058,919.8336405918884
CAGAAGATTGTCTTGGATCCATCTAATATTGAATTGGATACTTTGCCATCATTTCCAGAATTGGAAAGACAATTTGGTTCTCAAGATTCATTCTTGGCTTGGGGTACTGGTAAGACTGAT,0.1350316007802601,0.1095632915958219,0.10298374514890296,0.06290973736544361,0.10730726723249077,0.12776329748804596,0.21411112385972875,0.14032993652930598,1814.7471533212465
CAGAAGATTGTCTTGGATCCATCTAATATTGAATTGGATACTTTGTCTCAACCAGAACCATTGGAAAGATTCTTTGGTTCTCAAGATTCATTCTTGGCTTGGGGTACTGGTAAGACTGAT,0.20159564404093316,0.07990278126201694,0.09121994546579985,0.06786846104934831,0.07825749826075394,0.05039554252854497,0.17563802177826907,0.25512210561433374,2317.8765083239628
CAGAAGATTGTCTTGGATCCATCTAATATTGAATTGGATACTTTGTTTCCAAGACCAGAATCTCAATTGGAATTTGGTTCTCAAGATTCATTCTTGGCTTGGGGTACTGGTAAGACTGAT,0.32542569347871286,0.18826562218166962,0.13160626324398428,0.1265379169229309,0.08016914494328192,0.0671145632844758,0.022636159296239557,0.058244636648705196,779.5001915801657
CAGAAGATTGTCTTGGATCCATCTAATATTGAATTGGATAGATTTCCACCAGAATTGACTTCTCAATTGGAATTTGGTTCTCAAGATTCATTCTTGGCTTGGGGTACTGGTAAGACTGAT,0.09393232342276157,0.0630050188629747,0.038961455107120374,0.03478520823306014,0.07713459838649976,0.0717490624007235,0.2468325187417213,0.3735998148451386,3230.8298869188716
CAGAAGATTGTCTTGGATCCATCTAATATTGAATTGGATCCAACTCCAGAATTTAGATTGCAATCTTTGGAATTTGGTCAATCTGATTCATTCTTGGCTTGGGGTACTGGTAAGACTGAT,0.0005917436610926178,0.03718755552267263,0.013197374514963793,0.009810537211997839,0.15510673459521993,0.42386117121033595,0.33933441138881526,0.020910471894901937,1728.9987934037306
CAGAAGATTGTCTTGGATCCATCTAATATTGAATTGGATCCAACTCCAGAATTTAGATTGCCAACTTTGGAATTTGGTCCAACTGATTCATTCTTGGCTTGGGGTACTGGTAAGACTGAT,0.0017427285869907256,0.0026549463189052924,0.007594344038784401,0.0097275927621872,0.057032304106218526,0.17595914067639423,0.4807645989509454,0.2645243445595741,3220.084250547345
CAGAAGATTGTCTTGGATCCATCTAATATTGAATTGGATCCAACTCCAGAATTTAGATTGTCTCAATTGGAATTTGGTTCTCAAGATTCATTCTTGGCTTGGGGTACTGGTAAGACTGAT,0.23523144711373206,0.1848999317555245,0.16464906366809717,0.13883377122131016,0.10865558764710936,0.06737950458337331,0.047723587270184144,0.052627106740669276,834.1930626993271
CAGAAGATTGTCTTGGATCCATCTAATATTGAATTGGATCCAACTGAACCATTCTTGAGATCTCAATTGGAATTTGGTTCTCAAGATTCATTCTTGGCTTGGGGTACTGGTAAGACTGAT,0.006203771297485036,0.007490112924693606,0.005734590896739268,0.035642413730159035,0.08768127488935801,0.43021755425087804,0.4058807590018964,0.02114952300879057,1863.1422012032094
CAGAAGATTGTCTTGGATCCATCTAATATTGAATTGGATCCAACTGAATTTCCAAGATTGTCTCAATTGGAATTTGGTTCTCAAGATTCATTCTTGGCTTGGGGTACTGGTAAGACTGAT,0.02095654454749943,0.10542437121793963,0.10430881807272503,0.13969206028990255,0.10325357161441984,0.11525329138148004,0.13605275925347404,0.27505858362255936,2468.5691444754248
CAGAAGATTGTCTTGGATCCATCTAATATTGAATTGGATCCACCAACTGAATTTAGATTGCAATCTTTGGAATTTGGTCAATCTGATTCATTCTTGGCTTGGGGTACTGGTAAGACTGAT,0.03345731927805389,0.15147989476885396,0.04163250079068998,0.16726476010161587,0.21429888002551598,0.23000369639044735,0.06205985771701948,0.09980309092780344,1410.6831135725447
CAGAAGATTGTCTTGGATCCATCTAATATTGAATTGGATCCACCAACTGAATTTAGATTGTCTCAATTGGAATTTGGTTCTCAAGATTCATTCTTGGCTTGGGGTACTGGTAAGACTGAT,0.10457084547023708,0.07651723381601802,0.1242077204819131,0.19538465845747702,0.12646405602050179,0.21348454001027342,0.09698403714442523,0.06238690859915429,1206.190695656622
CAGAAGATTGTCTTGGATCCATCTAATATTGAATTGGATCCAGAACCAACTTTGTTTAGATCTCAATTGGAATTTGGTTCTCAAGATTCATTCTTGGCTTGGGGTACTGGTAAGACTGAT,0.0028959990461848517,0.00029431646601697277,0.014159704151016153,0.06788947610890263,0.26185191197327484,0.41404655876205365,0.18437678132626992,0.054485252166281084,1630.1940029592183
CAGAAGATTGTCTTGGATCCATCTAATATTGAATTGGATCCATTTGAACCAACTAGATTGTCTCAATTGGAATTTGGTTCTCAAGATTCATTCTTGGCTTGGGGTACTGGTAAGACTGAT,0.008908663455630883,0.004219850662213177,0.0604108786085128,0.14938675519282052,0.3528863733137642,0.33605226797160925,0.07684691976653224,0.011288291028916935,1097.6125743594494
CAGAAGATTGTCTTGGATCCATCTAATATTGAATTGGATGAACCACCAGAATTTAGATTGGAACAATTGGAATTTGGTGAACAAGATTCATTCTTGGCTTGGGGTACTGGTAAGACTGAT,0.0889223167978076,0.08449646221486459,0.12909187750217913,0.13171956973560148,0.12656890304314716,0.11773186497880692,0.1741051028277798,0.14736390289981338,1786.2347732892135
CAGAAGATTGTCTTGGATCCATCTAATATTGAATTGGATGAACCACCAGAATTTAGATTGGAACAATTGGAATTTGGTGCTCAAGATTCATTCTTGGCTTGGGGTACTGGTAAGACTGAT,0.09075862122652864,0.05478863495111243,0.11293517985028391,0.14116164891637195,0.13415119713842658,0.14142273192684693,0.15151304758732512,0.17326893840310445,1922.9926822420584
CAGAAGATTGTCTTGGATCCATCTAATATTGAATTGGATGAACCACCAGAATTTAGATTGGAACAATTGGAATTTGGTTCTCAAGATTCATTCTTGGCTTGGGGTACTGGTAAGACTGAT,0.29624086385608084,0.18566654985810024,0.25819122452723575,0.10851511816477843,0.05668936704844605,0.0845086454367677,0.009681013563791856,0.0005072175447990571,412.70654612644194
CAGAAGATTGTCTTGGATCCATCTAATATTGAATTGGATGAACCACCAGAATTTAGATTGGCTCAATTGGAATTTGGTGAACAAGATTCATTCTTGGCTTGGGGTACTGGTAAGACTGAT,0.0016750460353313172,0.001838512759866516,0.004168675607917954,0.017763320780495032,0.18351684025617598,0.1972234880715902,0.3943112020379836,0.19950291445063936,2712.356368422056
CAGAAGATTGTCTTGGATCCATCTAATATTGAATTGGATGAACCACCAGAATTTAGATTGGCTCAATTGGAATTTGGTGCTCAAGATTCATTCTTGGCTTGGGGTACTGGTAAGACTGAT,0.0020806324872063376,0.002473986825997166,0.0025890279178933566,0.0321510320546761,0.05330698590015155,0.40118848216417907,0.3773399083883309,0.12886994426156553,2403.154612887908
CAGAAGATTGTCTTGGATCCATCTAATATTGAATTGGATGAACCACCAGAATTTAGATTGTCTCAATTGGAATTTGGTGAACAAGATTCATTCTTGGCTTGGGGTACTGGTAAGACTGAT,0.22132082717372972,0.11133805475105786,0.1032749303193997,0.27661492209708777,0.10904548613226456,0.10143193265644117,0.07697384687001918,0.0,648.9776335210927
CAGAAGATTGTCTTGGATCCATCTAATATTGAATTGGATGAACCACCAGAATTTAGATTGTCTCAATTGGAATTTGGTTCTCAAGATTCATTCTTGGCTTGGGGTACTGGTAAGACTGAT,0.0007302777658640398,0.0011021245526354386,0.000832992086457319,0.0007437043381527511,0.014872155475057793,0.08897129892916972,0.5528418500710734,0.33990559678158944,3727.6463521615547
CAGAAGATTGTCTTGGATCCATCTAATATTGAATTGGATGAAGAACCAGAATTTAGAGAAGAACAATTGGAATTTGAAGAACAAGATTCATTCTTGGCTTGGGGTACTGGTAAGACTGAT,0.25330039150855344,0.26850426335582867,0.16885364767893582,0.19598067020487553,0.04457211454757316,0.012438027143079325,0.02936537242800981,0.026985513133144366,550.38197089914
CAGAAGATTGTCTTGGATCCATCTAATATTGAATTGGATGAAGAACCAGAATTTAGAGAAGAACAATTGGAATTTGGTGCTCAAGATTCATTCTTGGCTTGGGGTACTGGTAAGACTGAT,0.020296997071753514,0.030631931934942493,0.06314124718239847,0.18039420142157506,0.22000871179420098,0.22325204542931038,0.14118309284069303,0.12109177232512604,1729.2228051768338
CAGAAGATTGTCTTGGATCCATCTAATATTGAATTGGATGAAGAACCAGAATTTAGATTGGAAGAATTGGAATTTGAAGAACAAGATTCATTCTTGGCTTGGGGTACTGGTAAGACTGAT,0.006493663629608415,0.004670456713896977,0.00598575624706369,0.0036107163295401546,0.0007528115380124202,0.001406434829699844,0.2828910803129945,0.694189080399184,5154.496457566165
CAGAAGATTGTCTTGGATCCATCTAATATTGAATTGGATGAAGAACCAGAATTTAGATTGGAAGAATTGGAATTTGGTTCTCAAGATTCATTCTTGGCTTGGGGTACTGGTAAGACTGAT,0.04739837111267412,0.11922155057534203,0.14745000237662528,0.1579739469955914,0.11676665241725913,0.28239641892524797,0.04395953158746528,0.08483352600979475,1289.3125052631467
CAGAAGATTGTCTTGGATCCATCTAATATTGAATTGGATGAAGAACCAGAATTTAGATTGGCTCAATTGGAATTTGAAGAACAAGATTCATTCTTGGCTTGGGGTACTGGTAAGACTGAT,0.002627785707502315,0.0017625848274175604,0.0010899587186105398,0.0017840660287144414,0.0008631456683200016,0.1617804925817969,0.6855119147626914,0.14458005170494695,2919.3045342185537
CAGAAGATTGTCTTGGATCCATCTAATATTGAATTGGATGAAGAACCAGAATTTAGATTGGCTCAATTGGAATTTGGTGCTCAAGATTCATTCTTGGCTTGGGGTACTGGTAAGACTGAT,0.22121680976504343,0.13835522886548562,0.0967166201680853,0.14613016650526517,0.11783160693963393,0.06028253368481859,0.1552616050055275,0.06420542906614048,1151.9366108435265
CAGAAGATTGTCTTGGATCCATCTAATATTGAATTGGATGAAGAACCAGAATTTAGATTGTCTCAATTGGAATTTGAAGAACAAGATTCATTCTTGGCTTGGGGTACTGGTAAGACTGAT,0.16620877381099244,0.08361328572185553,0.0,0.1846523091254433,0.08189159949885905,0.07617392979862926,0.30830003947137663,0.09916006257284385,1730.1932365418952
CAGAAGATTGTCTTGGATCCATCTAATATTGAATTGGATGAAGAACCAGAATTTAGATTGTCTCAATTGGAATTTGGTTCTCAAGATTCATTCTTGGCTTGGGGTACTGGTAAGACTGAT,0.05122247473309655,0.06366229203101696,0.033743917698873034,0.08703336616410207,0.2048689446129777,0.25961028896287264,0.22076405669093518,0.07909465910612591,1663.8847151835466
CAGAAGATTGTCTTGGATCCATCTAATATTGAATTGGATGATCCACCAGAATTTAGATTGGATCAATTGGAATTTGGTGCTCAAGATTCATTCTTGGCTTGGGGTACTGGTAAGACTGAT,0.3733716962425356,0.27984245540507235,0.17271886659180935,0.12550787745164083,0.024008304181584398,0.0102694805035421,0.001072083247158628,0.013209236376656806,358.01315010822714
CAGAAGATTGTCTTGGATCCATCTAATATTGAATTGGATGATCCACCAGAATTTAGATTGGCTCAATTGGAATTTGGTGATCAAGATTCATTCTTGGCTTGGGGTACTGGTAAGACTGAT,0.03793518763462225,0.13358620769015417,0.23602260481002424,0.10536176630792116,0.18690789429812266,0.12170059242146351,0.08795729895107547,0.0905284478866165,1280.7264800706935
CAGAAGATTGTCTTGGATCCATCTAATATTGAATTGGATGATCCACCAGAATTTAGATTGGCTCAATTGGAATTTGGTGCTCAAGATTCATTCTTGGCTTGGGGTACTGGTAAGACTGAT,0.06518726209840961,0.0983796651575922,0.04055777329768204,0.21726251020403256,0.19270784704521027,0.23900398579419374,0.030228902808741943,0.11667205359413763,1446.776023007353
CAGAAGATTGTCTTGGATCCATCTAATATTGAATTGGATGATGATCCAGAATTTAGAGATGATCAATTGGAATTTGATGATCAAGATTCATTCTTGGCTTGGGGTACTGGTAAGACTGAT,0.002089622425031489,0.0034020953210774536,0.006831472683661976,0.0457335426016483,0.17957837521354317,0.289132177218715,0.3597768977555676,0.11345581678075528,2212.971355149767
CAGAAGATTGTCTTGGATCCATCTAATATTGAATTGGATGATGATCCAGAATTTAGAGATGATCAATTGGAATTTGGTGCTCAAGATTCATTCTTGGCTTGGGGTACTGGTAAGACTGAT,0.13405578383642272,0.07786695453948497,0.3181463233565256,0.2333770831195845,0.11303353720819818,0.0544709173251756,0.04101601275919193,0.028033387855416515,702.5882846175546
CAGAAGATTGTCTTGGATCCATCTAATATTGAATTGGATGATGATCCAGAATTTAGATTGGATGATTTGGAATTTGATGATCAAGATTCATTCTTGGCTTGGGGTACTGGTAAGACTGAT,0.2625288893319054,0.4352638837202268,0.12117009893829203,0.1375437884080503,0.007292148884692113,0.005168008539260001,0.005664904025975299,0.025368278151597968,436.6851574609228
CAGAAGATTGTCTTGGATCCATCTAATATTGAATTGGATGATGATCCAGAATTTAGATTGGATGATTTGGAATTTGGTTCTCAAGATTCATTCTTGGCTTGGGGTACTGGTAAGACTGAT,0.00016505308583913424,0.00013492684277309627,0.0001797103373972216,0.00017190785530785683,0.001240163371631845,0.00011346641232118121,0.30745752265115367,0.6905372494435761,5187.990919415458
CAGAAGATTGTCTTGGATCCATCTAATATTGAATTGGATGATGATCCAGAATTTAGATTGGCTCAATTGGAATTTGATGATCAAGATTCATTCTTGGCTTGGGGTACTGGTAAGACTGAT,0.011421969921690011,0.09193530884522243,0.05685155679617335,0.16496247425299948,0.34891377044560007,0.2093887861699218,0.1165261335683928,0.0,980.3501445794495
CAGAAGATTGTCTTGGATCCATCTAATATTGAATTGGATGATGATCCAGAATTTAGATTGGCTCAATTGGAATTTGGTGCTCAAGATTCATTCTTGGCTTGGGGTACTGGTAAGACTGAT,0.1966589469670189,0.13190880638035316,0.04894237758295925,0.10195799529513389,0.025838532834139904,0.048068974064544245,0.13375338275745027,0.31287098411840036,2546.6466283281507
CAGAAGATTGTCTTGGATCCATCTAATATTGAATTGGATGATGATCCAGAATTTAGATTGTCTCAATTGGAATTTGATGATCAAGATTCATTCTTGGCTTGGGGTACTGGTAAGACTGAT,0.042524555183923445,0.07416059552317027,0.12699668345369566,0.22361846737416882,0.23186864107328295,0.1637085950338962,0.09991294405660553,0.03720951830125711,1072.572116095656
CAGAAGATTGTCTTGGATCCATCTAATATTGAATTGGATGATGATCCAGAATTTAGATTGTCTCAATTGGAATTTGGTTCTCAAGATTCATTCTTGGCTTGGGGTACTGGTAAGACTGAT,0.0008030644789027315,0.0004328475708245905,0.0005710231640844759,0.0007328600008669748,0.00426761012185106,0.03556907681636867,0.48994583748538445,0.4676776803617172,4295.557323389572
CAGAAGATTGTCTTGGATCCATCTAATATTGAATTGGATGCTCCACCAGAATTTAGAGAAGAACAATTGGAATTTGAAGAACAAGATTCATTCTTGGCTTGGGGTACTGGTAAGACTGAT,0.054550729526792956,0.12349074801254464,0.05091001025700732,0.21211403460981268,0.1881412439695338,0.12500373314116586,0.16442716278515956,0.0813623376979832,1416.4522899116153
CAGAAGATTGTCTTGGATCCATCTAATATTGAATTGGATGCTCCACCAGAATTTAGAGAAGAACAATTGGAATTTGGTGCTCAAGATTCATTCTTGGCTTGGGGTACTGGTAAGACTGAT,0.01769965836434439,0.026712066241703067,0.020647977503942504,0.019663719987635855,0.01962152735268681,0.02129347819508624,0.2790637618070743,0.5952978105475268,4577.1590288666575
CAGAAGATTGTCTTGGATCCATCTAATATTGAATTGGATGCTCCACCAGAATTTAGAGATGATCAATTGGAATTTGATGATCAAGATTCATTCTTGGCTTGGGGTACTGGTAAGACTGAT,0.282815311081609,0.2845471616182286,0.12797100540783182,0.09521158066492844,0.07600582740129022,0.04713273478747377,0.05563865935744058,0.03067771968119764,659.5775503539626
CAGAAGATTGTCTTGGATCCATCTAATATTGAATTGGATGCTCCACCAGAATTTAGAGATGATCAATTGGAATTTGGTGCTCAAGATTCATTCTTGGCTTGGGGTACTGGTAAGACTGAT,0.06401038979570355,0.0644023644292301,0.09956388696426562,0.16000508594560728,0.12615250289678576,0.1613487395872412,0.13357421455027604,0.19094281583089037,2012.8688477729888
CAGAAGATTGTCTTGGATCCATCTAATATTGAATTGGATGCTCCACCAGAATTTAGATTGGAACAATTGGAATTTGGTGAACAAGATTCATTCTTGGCTTGGGGTACTGGTAAGACTGAT,0.04387665522889995,0.0735755645556405,0.036398510558659086,0.11373944273546431,0.08647267878747705,0.28152305380748655,0.18990217263394232,0.1745119216924303,2143.5264200977035
CAGAAGATTGTCTTGGATCCATCTAATATTGAATTGGATGCTCCACCAGAATTTAGATTGGAACAATTGGAATTTGGTGCTCAAGATTCATTCTTGGCTTGGGGTACTGGTAAGACTGAT,0.337855885270448,0.2549435870941379,0.10510245376926802,0.06255773781408235,0.02774378091933413,0.07742013221248728,0.0,0.13437642292024216,1156.114043787841
CAGAAGATTGTCTTGGATCCATCTAATATTGAATTGGATGCTCCACCAGAATTTAGATTGGATCAATTGGAATTTGGTGATCAAGATTCATTCTTGGCTTGGGGTACTGGTAAGACTGAT,0.1668613746385465,0.11192211236261178,0.24223894417487274,0.2162735475898494,0.0274043793445542,0.05098201234660611,0.051585091055233026,0.1327325384877263,1303.8230817287317
CAGAAGATTGTCTTGGATCCATCTAATATTGAATTGGATGCTCCACCAGAATTTAGATTGGATCAATTGGAATTTGGTGCTCAAGATTCATTCTTGGCTTGGGGTACTGGTAAGACTGAT,0.24023733372393816,0.23119939016304383,0.05198930511304551,0.11604153382344304,0.06175602260124654,0.1340365097006407,0.07749832022687016,0.08724158464777207,1149.3442994256532
CAGAAGATTGTCTTGGATCCATCTAATATTGAATTGGATGCTCCACCAGAATTTAGATTGGCTCAATTGGAATTTGAAGAACAAGATTCATTCTTGGCTTGGGGTACTGGTAAGACTGAT,0.03908267259190334,0.09175133244336173,0.048632389943207004,0.0578926978435386,0.14121183246996005,0.15523468455269693,0.217482914285247,0.24871147587008532,2537.6056877771857
CAGAAGATTGTCTTGGATCCATCTAATATTGAATTGGATGCTCCACCAGAATTTAGATTGGCTCAATTGGAATTTGATGATCAAGATTCATTCTTGGCTTGGGGTACTGGTAAGACTGAT,0.0800804354465057,0.24171245029459876,0.07473586192765438,0.15569163238711686,0.19727944551040794,0.12845377923363416,0.07427045168240663,0.047775943517675556,993.4347113294558
CAGAAGATTGTCTTGGATCCATCTAATATTGAATTGGATGCTCCACCAGAATTTAGATTGGCTCAATTGGAATTTGGTGAACAAGATTCATTCTTGGCTTGGGGTACTGGTAAGACTGAT,0.1718500246795366,0.12103165699091871,0.14968869323403075,0.05727586423883875,0.10160527441899639,0.18902239272713015,0.12750558993259165,0.0820205037779569,1319.5568744485797
CAGAAGATTGTCTTGGATCCATCTAATATTGAATTGGATGCTCCACCAGAATTTAGATTGGCTCAATTGGAATTTGGTGATCAAGATTCATTCTTGGCTTGGGGTACTGGTAAGACTGAT,0.011428433825346243,0.000946928466377857,0.000948062169029722,0.0015435085117485705,0.02689547594671345,0.11444848840303314,0.579510427631555,0.26427867504619595,3362.0414897802007
CAGAAGATTGTCTTGGATCCATCTAATATTGAATTGGATTATCCACCAGAATTTAGATTGTATCAATTGGAATTTGGTTATCAAGATTCATTCTTGGCTTGGGGTACTGGTAAGACTGAT,0.06491421140139911,0.2285910223993604,0.08077577689460849,0.07211748667345488,0.22388409083258926,0.11900143341040702,0.21071597838818074,0.0,1007.4509010286956
CAGAAGATTGTCTTGGATCCATCTAATATTGAATTGGATTATCCACCAGAATTTAGATTGTCTCAATTGGAATTTGGTTCTCAAGATTCATTCTTGGCTTGGGGTACTGGTAAGACTGAT,0.22713861876948274,0.15106189071690104,0.08622889726434846,0.03421604065751345,0.0948406193521465,0.09527635731604861,0.16424283759991057,0.14699473832364865,1677.7482776510872
CAGAAGATTGTCTTGGATCCATCTAATATTGAATTGGATTCTCCACCAGAATTTAGATTGTCTCAATTGGAATTTGGTTCTCAAGATTCATTCTTGGCTTGGGGTACTGGTAAGACTGAT,0.0607209918571812,0.015273205875528741,0.1511159169983938,0.20237688604031226,0.26925685865396887,0.20871445885395354,0.05631557154617554,0.036226110174485966,1030.1416071067547
CAGAAGATTGTCTTGGATCCATCTAATATTGAATTGGATTCTCCACCAGAATTTAGATTGTCTCCATTGGAATTTGGTTCTCCAGATTCATTCTTGGCTTGGGGTACTGGTAAGACTGAT,0.2511188701924296,0.20871634164888214,0.13586039438274655,0.14555715425625862,0.08607101087806705,0.08006153476602057,0.04050430113319967,0.05211039274239578,813.6509771282375
CAGAAGATTGTCTTGGATCCATCTAATATTGAATTGGATTCTGAACCAGAATTTAGATTGTCTGAATTGGAATTTGGTTCTGAAGATTCATTCTTGGCTTGGGGTACTGGTAAGACTGAT,0.0613463027745557,0.09875514172702037,0.13740491160023033,0.14539447728889832,0.23777410205190755,0.1724397473331529,0.08344675533257752,0.06343856189165734,1187.3615333866105
CAGAAGATTGTCTTGGATCCATCTAATATTGAATTGGATTCTGGTCCAGAATTTAGATTGTCTGGTTTGGAATTTGGTTCTGGTGATTCATTCTTGGCTTGGGGTACTGGTAAGACTGAT,0.17918889572259494,0.13220986427268724,0.10405410839202202,0.1459867084300691,0.11771592996524131,0.1751952100625917,0.0886338185522908,0.057015464602502786,1084.948801001659
CAGAAGATTGTCTTGGATCCATCTAATATTGAATTGGATTCTTCTCCAGAATTTAGATTGTCTTCTTTGGAATTTGGTTCTTCTGATTCATTCTTGGCTTGGGGTACTGGTAAGACTGAT,0.14811275971890733,0.18627468053389978,0.1382277044119035,0.08227412568526331,0.07297563492866176,0.06788047768127581,0.17170863118619273,0.1325459858538957,1588.1450034415452
CAGAAGATTGTCTTGGATCCATCTAATATTGAATTGGCTACTCCACCAGAATTTAGATTGTCTCAATTGGAATTTGGTTCTCAAGATTCATTCTTGGCTTGGGGTACTGGTAAGACTGAT,0.04953713272253328,0.07476071817148654,0.10016721267063007,0.05503407392362562,0.18305328925574565,0.27811177053356223,0.12634358573426854,0.132992216988148,1778.9954217703405
CAGAAGATTGTCTTGGATCCATCTAATATTGAATTGGCTACTCCACCAGAATTTAGATTGTCTCAATTGGAATTTGGTTCTCAAGATTCATTCTTGGCTTGGGGTACTGGTAAGACTGCT,0.02328212308877878,0.031232924959740768,0.02897103022053311,0.08621882971061054,0.22177609286935707,0.36634558897128855,0.2051331388089023,0.03704027137078882,1500.9982312598797
CAGAAGATTGTCTTGGATCCATCTAATATTGAATTGGCTACTCCACCAGAATTTAGATTGTCTCAATTGGAATTTGGTTCTCAAGCTTCATTCTTGGCTTGGGGTACTGGTAAGACTGAT,0.0800394995770235,0.08052963022010323,0.06224804843399067,0.16672719134267588,0.2563321791356111,0.1008763765942032,0.15774403229524747,0.09550304240114492,1484.3991476876604
CAGAAGATTGTCTTGGATCCATCTAATATTGAATTGGCTACTCCACCAGAATTTAGATTGTCTCAATTGGCATTTGGTTCTCAAGATTCATTCTTGGCTTGGGGTACTGGTAAGACTGAT,0.0021570455107358393,0.008146453693832338,0.032667950160631704,0.11856693926422993,0.2752710108024192,0.3320153341645573,0.19242563762208933,0.038749628781504224,1481.9044244014092
CAGAAGATTGTCTTGGATCCATCTAATATTGAATTGGCTACTCCACCAGCATTTAGATTGTCTCAATTGGAATTTGGTTCTCAAGATTCATTCTTGGCTTGGGGTACTGGTAAGACTGAT,0.03800128033756398,0.061762591703594695,0.06911142312503908,0.139644594675417,0.21603869443784682,0.310810210501675,0.1192881195354792,0.045343085683384174,1299.5420969789398
CAGAAGATTGTCTTGGATCCATCTAATATTGAATTGGCTACTCCACCAGCATTTAGATTGTCTCAATTGGCATTTGGTTCTCAAGCTTCATTCTTGGCTTGGGGTACTGGTAAGACTGAT,0.0044179315636922395,0.022458872849971348,0.03450365709763748,0.25173756326667646,0.3725070956462577,0.27808342268523867,0.036014011045410535,0.0002774458451155301,902.4610590621301
CAGAAGATTGTCTTGGATCCATCTAATATTGAATTGGCTACTCCACCAGCATTTAGATTGTCTCAATTGGCATTTGGTTCTCAAGCTTCATTCTTGGCTTGGGGTACTGGTAAGACTGCT,0.0006825869647044246,0.00038630635917325656,0.0010617184431155288,0.08128359990854957,0.3540112625678659,0.43421005107043686,0.11161709957271274,0.016747375113441654,1302.5524549658317
CAGAAGATTGTCTTGGATCCATCTAATATTGAATTGGCTGCTGCTGCTGAATTTAGATTGGCTGCTGCTGCATTTGGTTCTCAAGATTCATTCTTGGCTTGGGGTACTGGTAAGACTGAT,0.07468312562501664,0.09183833502002034,0.09293169189063495,0.14750296705539132,0.10630133836576966,0.12930380622052967,0.16931377631687136,0.1881249595057661,2028.3056508926768
CAGAAGATTGTCTTGGATCCATCTAATATTGAATTGGCTGCTGCTGCTGAATTTAGATTGTCTCAATTGGAAGCTGCTGCTGCTGATTCATTCTTGGCTTGGGGTACTGGTAAGACTGAT,0.003816688962772302,0.012795527655773268,0.04419324477867556,0.1554364575960646,0.3121405791595938,0.32371633293749724,0.1270793426350246,0.020821826274598693,1238.8177229758223
CAGAAGATTGTCTTGGATCCATCTAATATTGAATTGGCTGCTGCTGCTGAATTTAGATTGTCTCAATTGGAATTTGGTTCTCAAGATTCATTCTTGGCTGCTGCTGCTGGTAAGACTGAT,0.21325670976487932,0.10478639121689702,0.19130983663911852,0.08264684995963718,0.04398374069921225,0.06364212847672858,0.1701866979695619,0.13018764527396515,1548.8778669706774
CAGAAGATTGTCTTGGATCCATCTAATATTGAATTGGCTGCTGCTGCTGAATTTAGATTGTCTCAATTGGAATTTGGTTCTCAAGATTCATTCTTGGCTTGGGGTACTGCTGCTGCTGCT,0.35722571995136637,0.2991318977673635,0.2221923610525614,0.07632470975334285,0.007392668233043058,0.018886859118225473,0.01725167096439665,0.0015941131597006289,319.8082160850611
CAGAAGATTGTCTTGGATCCATCTAATATTGAATTGGCTGCTGCTGCTGAATTTAGATTGTCTCAATTGGAATTTGGTTCTCAAGATTCATTCTTGGCTTGGGGTACTGGTAAGACTGAT,0.1120834701240691,0.1550585101049151,0.1220368472982045,0.14008604952666082,0.13805971904167244,0.12842039245362838,0.10395160697904747,0.10030340447180214,1350.539876710086
CAGAAGATTGTCTTGGATCCATCTAATATTGAATTGGCTGCTGCTGCTGAATTTAGATTGTCTCAATTGGAATTTGGTTCTCAAGCTGCTGCTGCTGCTTGGGGTACTGGTAAGACTGAT,0.11514870281181161,0.13582862652511385,0.09387631014757088,0.1720388205249746,0.09781747872191152,0.08370883532147841,0.08838161492168983,0.21319961102544926,1937.6511921018862
CAGAAGATTGTCTTGGATCCATCTAATATTGAATTGGCTGCTGCTGCTGCTGCTGCTGCTTCTCAATTGGAATTTGGTTCTCAAGATTCATTCTTGGCTTGGGGTACTGGTAAGACTGAT,0.2776925766752187,0.27939305758656324,0.13612410611765574,0.12153307323412749,0.049752737861979514,0.046279002783928214,0.039022040367296375,0.05020340537323085,732.5376853074599
CAGAAGATTGTCTTGGATCCATCTAATATTGAATTGTCTCAACCAGATAGATTTCCAACTTTGGAATTGGAATTTGGTTCTCAAGATTCATTCTTGGCTTGGGGTACTGGTAAGACTGAT,0.014273056553762042,0.043081377537061635,0.02664094364472161,0.007928440811215158,0.07032381047792456,0.03270690177807657,0.19194403842554414,0.6131014307716943,4519.12997596219
CAGAAGATTGTCTTGGATCCATCTAATATTGAATTGTTTACTCCAGAAGATCCAAGATTGTCTCAATTGGAATTTGGTTCTCAAGATTCATTCTTGGCTTGGGGTACTGGTAAGACTGAT,0.14207163709238424,0.10720622124334253,0.15468806115707529,0.07891838453778943,0.12249852003455308,0.06511181487060505,0.18117560580191366,0.1483297552623366,1731.880452896457
CAGAAGATTGTCTTGGATCCATCTAATATTGAATTGTTTCCAAGATTGCCAGATACTGAATCTCAATTGGAATTTGGTTCTCAAGATTCATTCTTGGCTTGGGGTACTGGTAAGACTGAT,0.06660449391668889,0.10610289356567873,0.0897856636736387,0.20965344408269634,0.18048937060138054,0.22893764544821274,0.07206758375255788,0.04635890495914632,1099.6857459447758
CAGAAGATTGTCTTGGATCCATCTAATATTGAATTGTTTCCACCACAATTGTCTACTAGAGAAGATTTGGAATTTGGTTCTCAAGATTCATTCTTGGCTTGGGGTACTGGTAAGACTGAT,0.20350629391940755,0.238877901502369,0.08441078689038495,0.05652214716491476,0.15040231211948535,0.09326748396702828,0.1730130744364101,0.0,833.9450803845883
CAGAAGATTGTCTTGGATCCATCTAATATTGAATTGTTTCCAGAAACTCCAGATAGATTGTCTCAATTGGAATTTGGTTCTCAAGATTCATTCTTGGCTTGGGGTACTGGTAAGACTGAT,0.11070538543763296,0.20048994358538458,0.027551173532238727,0.19678388412325026,0.15272572235818074,0.18265167737586324,0.10267350488647593,0.02641870870097344,969.5706617427909
CAGAAGATTGTCTTGGATCCATCTAATATTGAATTGTTTCCAGAAACTGATCCAAGATTGTCTCAATTGGAATTTGGTTCTCAAGATTCATTCTTGGCTTGGGGTACTGGTAAGACTGAT,0.002781958639879026,0.0012722701219737987,0.01736105389804069,0.029689083332753753,0.08705894813562956,0.26538884308733757,0.44229552660083304,0.15415231618355266,2576.718434722882
CAGAAGATTGTCTTGGATCCATCTAATATTGAATTGTTTCCAGATAGACCATTGACTGAATCTCAATTGGAATTTGGTTCTCAAGATTCATTCTTGGCTTGGGGTACTGGTAAGACTGAT,0.052154426074141974,0.09245383706475838,0.10816363612022166,0.18762106034084555,0.19578403138250458,0.15252080544337424,0.1312914276094394,0.08001077596471419,1364.8519114405353
CAGAAGATTGTCTTGGATCCATCTAATATTGACTTTGAATTGACTGAACCACCAAGATTGTCTCAATTGGAATTTGGTTCTCAAGATTCATTCTTGGCTTGGGGTACTGGTAAGACTGAT,0.10363742058856025,0.15849352464247507,0.1960205220652963,0.30396341819743505,0.12663497951660044,0.06839612593218426,0.023068400151606182,0.01978560890584246,641.5226214229556
CAGAAGATTGTCTTGGATCCATCTAATATTGATACTAGAGAATTGGAATTGCCATTTCCATCTCAATTGGAATTTGGTTCTCAAGATTCATTCTTGGCTTGGGGTACTGGTAAGACTGAT,0.03977686912331435,0.0732474061547302,0.15336584146802823,0.21849132440141752,0.22751274432085514,0.17992168224633434,0.08115540189764622,0.026528730387674077,980.4234663326037
CAGAAGATTGTCTTGGATCCATCTAATATTGATACTGAATTGCCACCAGAATTTAGATTGTCTCAATTGGAATTTGGTTCTCAAGATTCATTCTTGGCTTGGGGTACTGGTAAGACTGAT,0.0005794333177665009,0.0008744723117372933,0.0009785215335141072,0.0011035384439174018,0.0006525455234138439,0.05409752111346157,0.528911204638699,0.4128027631174903,4070.5691485846055
CAGAAGATTGTCTTGGATCCATCTAATATTGATACTTTGGAACCACCAGAATTTAGATTGTCTCAATTGGAATTTGGTTCTCAAGATTCATTCTTGGCTTGGGGTACTGGTAAGACTGAT,0.0024248976381991004,0.003990121463532734,0.008515601034714186,0.03405088604781403,0.13544407528066674,0.23430546778498454,0.3961374377896105,0.18513151296047808,2648.9314628625652
CAGAAGATTGTCTTGGATCCATCTAATATTGATCCATTGGAAAGAGAAACATTCTTGCCATCTCAATTGGAATTTGGTTCTCAAGATTCATTCTTGGCTTGGGGTACTGGTAAGACTGAT,0.12524405733076263,0.14590747719829858,0.131239590986596,0.16843493016334002,0.09743392330311285,0.09063108889208779,0.1467250979784284,0.0943838341473738,1357.1990977187095
CAGAAGATTGTCTTGGATCCATCTAATATTGATGAAACTTTGCCACCAGAATTTAGATTGTCTCAATTGGAATTTGGTTCTCAAGATTCATTCTTGGCTTGGGGTACTGGTAAGACTGAT,0.09176782503665618,0.10617924167020204,0.05138594062157998,0.040780376168848304,0.01808572147539952,0.025234465191582425,0.2340522237148409,0.4325142061208905,3479.8787533320833
CAGAAGATTGTCTTGGATCCATCTAATATTGATGAATTGACTCCACCAGAATTTAGATTGTCTCAATTGGAATTTGGTTCTCAAGATTCATTCTTGGCTTGGGGTACTGGTAAGACTGAT,0.11127416997702262,0.11195556954570082,0.11077090620563865,0.12362182790446292,0.17544045702788075,0.14279230710909474,0.1444814322771589,0.07966332995304065,1350.9801741552144
CAGAAGATTGTCTTGGATCCATCTAATATTGATGAGTTCTTGGAACCATTGACTCCAAGATCTCAATTGGAATTTGGTTCTCAAGATTCATTCTTGGCTTGGGGTACTGGTAAGACTGAT,0.15102459017315373,0.1481506706492581,0.1268506791994289,0.18456151584452313,0.13765906091068442,0.15919444811281178,0.07003373835799939,0.02252529675214052,836.9775058469284
CAGAAGATTGTCTTGGATCCATCTAATATTGATTTGGATACTCCACCAGACTTTAGATTGTCTCAATTGGACTTTGGTTCTCAAGATTCATTCTTGGCTTGGGGTACTGGTAAGACTGAT,0.2770162540992198,0.2709705769897649,0.16277699662794237,0.11113398855648217,0.060660801246040175,0.07053183177397893,0.028546468033604715,0.018363082672966942,546.2260642034789
CAGAAGATTGTCTTGGATCCATCTAATATTGCTTTGGATACTCCACCAGAATTTAGATTGTCTCAATTGGAATTTGGTTCTCAAGATTCATTCTTGGCTTGGGGTACTGGTAAGACTGAT,0.13175598245808975,0.17043789169163076,0.2107929934958897,0.18819826294127737,0.08346419737810061,0.13802085142766654,0.04364172933688478,0.03368809127046035,800.605612777839
CAGAAGATTGTCTTGGATCCATCTAATATTGCTTTGGATACTCCACCAGAATTTAGATTGTCTCAATTGGAATTTGGTTCTCAAGATTCATTCTTGGCTTGGGGTACTGGTAAGACTGCT,0.024743849792837773,0.08784509646372513,0.10886437712827253,0.24943519187433877,0.2393573229621769,0.2305295202592625,0.03005178747337104,0.029172854046015207,944.4728109902006
CAGAAGATTGTCTTGGATCCATCTAATATTGCTTTGGATACTCCACCAGAATTTAGATTGTCTCAATTGGAATTTGGTTCTCAAGCTTCATTCTTGGCTTGGGGTACTGGTAAGACTGAT,0.044218515417134424,0.133467877019785,0.16506947518128243,0.07368790579453346,0.17429284252307545,0.0810618600198502,0.14353633107208189,0.18466519297225722,1920.0994696168125
CAGAAGATTGTCTTGGATCCATCTAATATTGCTTTGGATACTCCACCAGAATTTAGATTGTCTCAATTGGCATTTGGTTCTCAAGATTCATTCTTGGCTTGGGGTACTGGTAAGACTGAT,0.010732990688521312,0.021597430665359865,0.11421306694118318,0.021106830292258502,0.22186039030165758,0.3735016159455637,0.1906189777380208,0.04636869742743504,1525.1547987638965
CAGAAGATTGTCTTGGATCCATCTAATATTGCTTTGGATACTCCACCAGCATTTAGATTGTCTCAATTGGAATTTGGTTCTCAAGATTCATTCTTGGCTTGGGGTACTGGTAAGACTGAT,0.2344142567685138,0.2653309329156678,0.2278848269613178,0.07324489317443442,0.07218541323042452,0.020143628773459276,0.05435176717608886,0.052444281000093636,765.6749388684898
CAGAAGATTGTCTTGGATCCATCTAATATTGCTTTGGATACTCCACCAGCATTTAGATTGTCTCAATTGGCATTTGGTTCTCAAGATTCATTCTTGGCTTGGGGTACTGGTAAGACTGAT,0.029870168185274278,0.054095546577771214,0.03716884159954757,0.03982169222172411,0.06475536455256112,0.07666164087843096,0.22716486416136147,0.4704618818233294,3783.0726047146454
CAGAAGATTGTCTTGGATCCATCTAATATTGCTTTGGATACTCCACCAGCATTTAGATTGTCTCAATTGGCATTTGGTTCTCAAGCTTCATTCTTGGCTTGGGGTACTGGTAAGACTGCT,0.23389498246147938,0.19817032758494832,0.12254586160121918,0.10941026976990742,0.07278367139432224,0.09026922271565184,0.11417129932058274,0.0587543651518888,1023.5637314615283
CAGAAGATTGTCTTGGATCCATCTAATATTGCTTTGGCTACTCCACCAGAATTTAGATTGTCTCAATTGGAATTTGGTTCTCAAGATTCATTCTTGGCTTGGGGTACTGGTAAGACTGAT,0.003445102038356441,0.0044565409260773885,0.002857933957467677,0.04301259008538144,0.09101366298454477,0.424648797533374,0.42723766947319675,0.003327703001601642,1801.6820518154777
CAGAAGATTGTCTTGGATCCATCTAATATTGCTTTGGCTACTCCACCAGAATTTAGATTGTCTCAATTGGCATTTGGTTCTCAAGCTTCATTCTTGGCTTGGGGTACTGGTAAGACTGCT,0.10791160520329048,0.1551034481974941,0.03836555336678092,0.08563295179625881,0.0759548518577183,0.028260674299593964,0.21446232552311464,0.2943085897557487,2630.8689030839273
CAGAAGATTGTCTTGGATCCATCTAATATTGCTTTGGCTACTCCACCAGCATTTAGATTGTCTCAATTGGAATTTGGTTCTCAAGCTTCATTCTTGGCTTGGGGTACTGGTAAGACTGCT,0.1664025678189759,0.18567129482419004,0.2908536936179185,0.10176816901852376,0.18244591730468754,0.053381142013197005,0.01614751705860639,0.0033296983439010026,491.13663612090613
CAGAAGATTGTCTTGGATCCATCTAATATTGCTTTGGCTACTCCACCAGCATTTAGATTGTCTCAATTGGCATTTGGTTCTCAAGATTCATTCTTGGCTTGGGGTACTGGTAAGACTGAT,0.11460025695941527,0.18739252910388346,0.24816528121917428,0.2598306075622092,0.09553820399666996,0.07503086740482146,0.011831442998815257,0.0076108107550111395,524.3133321139161
CAGAAGATTGTCTTGGATCCATCTAATATTGCTTTGGCTACTCCACCAGCATTTAGATTGTCTCAATTGGCATTTGGTTCTCAAGATTCATTCTTGGCTTGGGGTACTGGTAAGACTGCT,0.18415130344720226,0.09881545286695945,0.1527653629919109,0.12275151051407573,0.12097592237611697,0.13503526332071922,0.068316314259125,0.11718887022389046,1360.2706168676334
CAGAAGATTGTCTTGGATCCATCTAATATTGCTTTGGCTACTCCACCAGCATTTAGATTGTCTCAATTGGCATTTGGTTCTCAAGCTTCATTCTTGGCTTGGGGTACTGGTAAGACTGAT,0.306771991766855,0.2964902582720503,0.20819578622382645,0.09618383162461229,0.04293737217980263,0.034697346674007624,0.011876539336229392,0.0028468739226163047,359.95464708366273
CAGAAGATTGTCTTGGATCCATCTAATATTGCTTTGGCTACTCCACCAGCATTTAGATTGTCTCAATTGGCATTTGGTTCTCAAGCTTCATTCTTGGCTTGGGGTACTGGTAAGACTGCT,0.03810851218886301,0.025561249225071345,0.04215128602502624,0.056449685630601126,0.025034915996405015,0.04269279429197205,0.3102388733652417,0.4597626832768193,3857.3497362606868
CAGAAGATTGTCTTGGATCCATCTAATGAAATCTTGGATACTCCACCAGAATTTAGATTGTCTCAATTGGAATTTGGTTCTCAAGATTCATTCTTGGCTTGGGGTACTGGTAAGACTGAT,0.0233892895267753,0.029415645504030037,0.03638047801381526,0.08445029836818493,0.13252575237501057,0.2626246762503751,0.3091160344468354,0.12209782551497349,2101.6824569231744
CAGAAGATTGTCTTGGATCCATCTAATGAATTGATTGATACTCCACCAGAATTTAGATTGTCTCAATTGGAATTTGGTTCTCAAGATTCATTCTTGGCTTGGGGTACTGGTAAGACTGAT,0.0001372714050878973,0.0002301866692891322,0.002220571643345199,0.012174892620831398,0.03545152214115349,0.13777696372545262,0.5288120702953524,0.2831965214994879,3393.0894112964233
CAGAAGATTGTCTTGGATCCATCTAATGATGAAACATTCTTGCCAATTGAACCAAGATTGTCTCAATTGGAATTTGGTTCTCAAGATTCATTCTTGGCTTGGGGTACTGGTAAGACTGAT,0.006512402506069974,0.009867841682582883,0.03412106733330426,0.12525936414137132,0.2666466003354239,0.3311566772024127,0.18768957148471208,0.03874647531412286,1466.5020178368968
CAGAAGATTGTCTTGGATCCATCTAATGATTTGCCACCAGAAATTACTGAATTTAGATTGTCTCAATTGGAATTTGGTTCTCAAGATTCATTCTTGGCTTGGGGTACTGGTAAGACTGAT,0.0002604509323028027,0.002146760086182764,0.0017825017465400179,0.04390362430949965,0.08313486758469232,0.1953368296451205,0.43925799549100863,0.2341769702046533,2980.5140833814758
CAGAAGATTGTCTTGGATCCATCTAATTTGACATTTGAAATTCCAGATGAACCAAGATTGTCTCAATTGGAATTTGGTTCTCAAGATTCATTCTTGGCTTGGGGTACTGGTAAGACTGAT,0.24480042922781967,0.1477796948827849,0.09573663838531106,0.1631789832583207,0.08959894310599804,0.12822022591129545,0.09730273077182247,0.03338235445664777,890.1104000085238
CAGAAGATTGTCTTGGATCCATCTAATTTGACTGACTTTCCAATTGAAGAACCAAGATTGTCTCAATTGGAATTTGGTTCTCAAGATTCATTCTTGGCTTGGGGTACTGGTAAGACTGAT,0.3021709735352305,0.1737264860520447,0.0,0.23978692896120476,0.08507463673562743,0.07913472744458801,0.12010624727130464,0.0,686.3803052872267
CAGAAGATTGTCTTGGATCCATCTACTATTGAAGATAATTTGCCACCAGAATTTAGATTGTCTCAATTGGAATTTGGTTCTCAAGATTCATTCTTGGCTTGGGGTACTGGTAAGACTGAT,0.004937304285883946,0.0015695077904641051,0.0003127156122034965,0.009625448154408266,0.028937827510350313,0.10527053185026321,0.4359177845227847,0.4134288802736421,3929.956469072689
CAGAAGATTGTCTTGGATCCATCTACTCCAATCTTGTTTCCAGATAATGAAGAAAGATTGTCTCAATTGGAATTTGGTTCTCAAGATTCATTCTTGGCTTGGGGTACTGGTAAGACTGAT,0.0005302175397351826,0.0005334643849190718,0.006883646049770142,0.03848484168030087,0.2545521524732977,0.3751112007377596,0.2822968678057176,0.041607609328499766,1726.4677101733625
CAGAAGATTGTCTTGGATCCATCTACTCCAGATTTGCCAAATGAAATTGAATTTAGATTGTCTCAATTGGAATTTGGTTCTCAAGATTCATTCTTGGCTTGGGGTACTGGTAAGACTGAT,0.05207262360602728,0.059875995452165036,0.06942470469725316,0.1487595041472453,0.20158560540482615,0.24205952908098177,0.1862793967384729,0.03994264087302853,1339.9748235631218
CAGAAGATTGTCTTGGATCCATCTACTCCATTGATTGATAATCCAGAAGAATTTAGATTGTCTCAATTGGAATTTGGTTCTCAAGATTCATTCTTGGCTTGGGGTACTGGTAAGACTGAT,0.16516148398719663,0.12085299521888038,0.07473386458342104,0.10008480308736693,0.14795562985684643,0.06881268549519795,0.12532803768523995,0.19707050008585075,1912.135120107574
CAGAAGATTGTCTTGGATCCATCTACTGATGAATTGATTAATCCACCAGAATTTAGATTGTCTCAATTGGAATTTGGTTCTCAAGATTCATTCTTGGCTTGGGGTACTGGTAAGACTGAT,0.14709602059702412,0.11980691648864172,0.16560619860250664,0.1945460579745932,0.15875407032880268,0.09630643342362463,0.0844529103672003,0.03343139221760666,884.6320937182154
CAGAAGATTGTCTTGGATCCATCTATTAATGAATTGGATACTCCACCAGAATTTAGATTGTCTCAATTGGAATTTGGTTCTCAAGATTCATTCTTGGCTTGGGGTACTGGTAAGACTGAT,0.0007740288904271136,0.001557537482247469,0.0018193026036928005,0.003678545976174621,0.03690780562501678,0.1301105766311429,0.525402293245014,0.2997499095462843,3476.325274236307
CAGAAGATTGTCTTGGATCCATCTATTACTCCATTGGAACCAGATAATGAATTTAGATTGTCTCAATTGGAATTTGGTTCTCAAGATTCATTCTTGGCTTGGGGTACTGGTAAGACTGAT,0.10103969393232293,0.10909684265605618,0.13799458262368777,0.20533842479281317,0.1942734963110061,0.12423766094690003,0.08685231543907017,0.041166983298143535,992.4985301602546
CAGAAGATTGTCTTGGATCCATCTATTGAATTGAATGATACTCCACCAGAATTTAGATTGTCTCAATTGGAATTTGGTTCTCAAGATTCATTCTTGGCTTGGGGTACTGGTAAGACTGAT,0.3013420623641378,0.27306941347590646,0.1489962772658726,0.13302548676363352,0.043263424578735936,0.03841355624908178,0.03331539395377884,0.028574385348853114,576.2518469684934
CAGAAGATTGTCTTGGATCCATCTATTGAGAATTTGGATACTCCACCAGAATTTAGATTGTCTCAATTGGAATTTGGTTCTCAAGATTCATTCTTGGCTTGGGGTACTGGTAAGACTGAT,0.00020405489712581177,0.00025268239955724607,9.76596204593641e-05,0.002580870315015134,0.050362058100740084,0.12453841346727165,0.546234702812756,0.27572955838707464,3378.97306885303
CAGAAGATTGTCTTGGATCCATCTCCAACTAATGATCCATTGATTGAAGAATTTAGATTGTCTCAATTGGAATTTGGTTCTCAAGATTCATTCTTGGCTTGGGGTACTGGTAAGACTGAT,0.25963021282469234,0.1406569698544074,0.04970307187209586,0.11093859945297829,0.15744079277896575,0.12814224503770372,0.12965807103398838,0.023830037145168192,925.7981169331892
CAGAAGATTGTCTTGGATCCATCTCCAATTACTGATAATTTGGAACCAGAATTTAGATTGTCTCAATTGGAATTTGGTTCTCAAGATTCATTCTTGGCTTGGGGTACTGGTAAGACTGAT,0.00033900829196694917,0.00013643369855092965,0.0003374750467261088,0.0003013013693034277,0.01596811388954619,0.180724540939216,0.6189526701866351,0.18324045657805532,3028.423496608858
CAGAAGATTGTCTTGGATCCATCTCCACCAAATATTGATTTGACTGAAGAATTTAGATTGTCTCAATTGGAATTTGGTTCTCAAGATTCATTCTTGGCTTGGGGTACTGGTAAGACTGAT,0.2997761554502852,0.17305598959236485,0.16510961812468233,0.07643567122220185,0.07748232376901763,0.07657704145486462,0.07292507296995382,0.05863812741662975,902.7130339435541
CAGAAGATTGTCTTGGATCCATCTCCAGAAGAGAACTTTATTCCAACTGATTTGAGATTGTCTCAATTGGAATTTGGTTCTCAAGATTCATTCTTGGCTTGGGGTACTGGTAAGACTGAT,0.0632016483823119,0.08990122395060031,0.13830629320596288,0.23243548885205687,0.2448221247532562,0.14382862061988969,0.06670125210569681,0.020803348130225347,879.8804917626921
CAGAAGATTGTCTTGGATCCATCTGAAACTAATCCACCATTGTTTGAAGATATTAGATTGTCTCAATTGGAATTTGGTTCTCAAGATTCATTCTTGGCTTGGGGTACTGGTAAGACTGAT,0.19355268962901767,0.2061931031210795,0.20188614340696143,0.21186825914279583,0.10938815791839594,0.04957084366697679,0.010559416698046843,0.016981386416725874,534.1036635981025
CAGAAGATTGTCTTGGATCCATCTGAAACTATCTTGGACTTTGAGAATCCACCAAGATTGTCTCAATTGGAATTTGGTTCTCAAGATTCATTCTTGGCTTGGGGTACTGGTAAGACTGAT,0.0769672608680458,0.10325143776114958,0.09577394776658109,0.14251335955853023,0.1516880717427772,0.16853278322743923,0.10310898531542033,0.15816415376005652,1756.5396155985065
CAGAAGATTGTCTTGGATCCATCTGAAATTACTTTGAATGATCCACCAGAATTTAGATTGTCTCAATTGGAATTTGGTTCTCAAGATTCATTCTTGGCTTGGGGTACTGGTAAGACTGAT,0.0027703823598174177,0.004273932219481337,0.004596421083114786,0.00861784228882372,0.018017687601946872,0.3748076808134527,0.4804751808007961,0.10644087283256706,2454.3569304055163
CAGAAGATTGTCTTGGATCCATCTGAAGATACTTTGAATATTCCACCAGAATTTAGATTGTCTCAATTGGAATTTGGTTCTCAAGATTCATTCTTGGCTTGGGGTACTGGTAAGACTGAT,0.4453868654321043,0.29389490167238996,0.16020870790801248,0.05888028319223354,0.01749731956367546,0.012656455871087264,0.007270084570551358,0.0042053817899456655,292.5668301839735
CAGAAGATTGTCTTGGATCCATCTGAATTGAATATTGATACTCCACCAGAATTTAGATTGTCTCAATTGGAATTTGGTTCTCAAGATTCATTCTTGGCTTGGGGTACTGGTAAGACTGAT,0.047967222793031304,0.039212026210556805,0.03730490599571127,0.03330622328164529,0.03840460900742152,0.0384711385043764,0.27526400566006415,0.4900698685471933,3955.8663610044223
CAGAAGATTGTCTTGGATCCATCTGAATTGATTAATGATACTCCACCAGAATTTAGATTGTCTCAATTGGAATTTGGTTCTCAAGATTCATTCTTGGCTTGGGGTACTGGTAAGACTGAT,0.0378657082947703,0.13334154087545347,0.04711806458313948,0.1472363106677993,0.27052007265369565,0.19957049800550367,0.09657582301191497,0.06777198190772314,1287.1303139211395
CAGAAGATTGTCTTGGATCCATCTGAGAATTTGATTGATACTCCACCAGAATTTAGATTGTCTCAATTGGAATTTGGTTCTCAAGATTCATTCTTGGCTTGGGGTACTGGTAAGACTGAT,0.2999530836681617,0.1985459731792524,0.13751153447080597,0.1490800237488845,0.07778308041520525,0.07958749417108019,0.029283256046973592,0.028255554299636405,632.8102860476793
CAGAAGATTGTCTTGGATCCATCTGATATTACTAATTTGGAACCACCAGAATTTAGATTGTCTCAATTGGAATTTGGTTCTCAAGATTCATTCTTGGCTTGGGGTACTGGTAAGACTGAT,0.2741668093997751,0.2977115175631287,0.17473973558953904,0.13372244965903252,0.04612585880003577,0.038308350303033874,0.023256905495877136,0.011968373189577886,457.42388315390485
CAGAAGATTGTCTTGGATCCATCTGATCCACCAAATTTGTTTATTGAAGAAACTAGATTGTCTCAATTGGAATTTGGTTCTCAAGATTCATTCTTGGCTTGGGGTACTGGTAAGACTGAT,0.11432060012016618,0.11502065483752781,0.09483629845616282,0.16329382514272808,0.12338104401360642,0.15468539339668783,0.1565152047948511,0.07794697923826976,1362.1433597405417
CAGAAGATTGTCTTGGATCCATCTGATGAGAATTTGACTATTCCACCAGAATTTAGATTGTCTCAATTGGAATTTGGTTCTCAAGATTCATTCTTGGCTTGGGGTACTGGTAAGACTGAT,0.0011347283277708723,0.0009581931636818266,0.0007816402625036456,0.0006866011186492225,0.0003394440458530507,0.00023216475730619053,0.33487045854687275,0.6609967697773625,5071.50388871958
CAGAAGATTGTCTTGGATCCATCTGCTGCTGCTGCTGATACTCCACCAGAATTTAGATTGGCTGCTGCTGCATTTGGTTCTCAAGATTCATTCTTGGCTTGGGGTACTGGTAAGACTGAT,0.21926002379176457,0.13603832338169047,0.0833663907225254,0.05683777122512716,0.06721874236137258,0.06029247654141008,0.16042237265845757,0.21656389931765216,2046.2121449138958
CAGAAGATTGTCTTGGATCCATCTGCTGCTGCTGCTGATACTCCACCAGAATTTAGATTGTCTCAATTGGAAGCTGCTGCTGCTGATTCATTCTTGGCTTGGGGTACTGGTAAGACTGAT,0.16781004656283255,0.12662823732348621,0.11745779477907752,0.1864312688300806,0.12402082763063656,0.1442021201703911,0.0583631689449581,0.07508653575853738,1104.9702878367843
CAGAAGATTGTCTTGGATCCATCTGCTGCTGCTGCTGATACTCCACCAGAATTTAGATTGTCTCAATTGGAATTTGGTTCTCAAGATTCATTCTTGGCTGCTGCTGCTGGTAAGACTGAT,0.14161820424220053,0.20207943878882723,0.2419352911877648,0.22411990488226888,0.08582927884077918,0.08361179494166399,0.015363968769601027,0.005442118346894309,511.96854231648666
CAGAAGATTGTCTTGGATCCATCTGCTGCTGCTGCTGATACTCCACCAGAATTTAGATTGTCTCAATTGGAATTTGGTTCTCAAGATTCATTCTTGGCTTGGGGTACTGCTGCTGCTGCT,0.1660673253598272,0.18076766325679594,0.3235441148797254,0.15790730565915095,0.1069654847445336,0.04799735476270122,0.010631636108977856,0.006119115228287925,465.3801207117339
CAGAAGATTGTCTTGGATCCATCTGCTGCTGCTGCTGATACTCCACCAGAATTTAGATTGTCTCAATTGGAATTTGGTTCTCAAGATTCATTCTTGGCTTGGGGTACTGGTAAGACTGAT,0.09162483850297325,0.09461185832321935,0.09301064960540763,0.1634030874019003,0.21146331498896537,0.19890905149668528,0.10957597526031719,0.037401224420531676,1102.6984432675226
CAGAAGATTGTCTTGGATCCATCTGCTGCTGCTGCTGATACTCCACCAGAATTTAGATTGTCTCAATTGGAATTTGGTTCTCAAGCTGCTGCTGCTGCTTGGGGTACTGGTAAGACTGAT,0.0011005678037753113,0.019164933195169428,0.02285991143356752,0.10185977335059133,0.2200714204156033,0.32242365066478734,0.13756159171610702,0.17495815142039875,2140.797569336355
CAGAAGATTGTCTTGGATCCATCTGCTGCTGCTGCTGATACTCCACCAGCTGCTGCTGCTTCTCAATTGGAATTTGGTTCTCAAGATTCATTCTTGGCTTGGGGTACTGGTAAGACTGAT,0.09638011798576482,0.10766310832763686,0.1032944612760429,0.0970685130511332,0.07823472197841233,0.10004533564042051,0.25318535913721296,0.16412838260337637,2017.4547735477402
CAGAAGATTGTCTTGGATCCATCTGCTGCTGCTGCTGCTGCTGCTGCTGAATTTAGATTGTCTCAATTGGAATTTGGTTCTCAAGATTCATTCTTGGCTTGGGGTACTGGTAAGACTGAT,0.02471009094768014,0.03481890006544131,0.07876904651172784,0.1495406148194461,0.3264857231595608,0.3235713122505923,0.058500279734938244,0.00360403251061319,979.4081747716003
CAGAAGATTGTCTTGGATCCATCTTTGACTGATATTCCAAATCCAGAAGAATTTAGATTGTCTCAATTGGAATTTGGTTCTCAAGATTCATTCTTGGCTTGGGGTACTGGTAAGACTGAT,0.13964154347009414,0.12772423068880123,0.0789829440555502,0.0705168261369773,0.06254712666514188,0.0814521226938304,0.21192593091258147,0.22720927537702343,2264.179931670111
CAGAAGATTGTCTTGGATCCATCTTTGATTGAGAATGATACTCCACCAGAATTTAGATTGTCTCAATTGGAATTTGGTTCTCAAGATTCATTCTTGGCTTGGGGTACTGGTAAGACTGAT,0.00402883678602955,0.004405986749350216,0.003160539324024799,0.004962411969725905,0.06360697381545832,0.23505815663331378,0.42466557826291124,0.26011151645918623,3129.3158388451343
CAGAAGATTGTCTTGGATCCATCTTTGCCAGAAATTGATAATACTCCAGAATTTAGATTGTCTCAATTGGAATTTGGTTCTCAAGATTCATTCTTGGCTTGGGGTACTGGTAAGACTGAT,0.2271553168172732,0.2793344000114477,0.18843996094267376,0.08412061693792702,0.07461343867839505,0.06940393000873774,0.04681661739505778,0.030115719208487653,667.7321023537773
CAGAAGATTGTCTTGGATCCATCTTTGGAAACTATTAATGATCCACCAGAATTTAGATTGTCTCAATTGGAATTTGGTTCTCAAGATTCATTCTTGGCTTGGGGTACTGGTAAGACTGAT,0.029389605196771463,0.027105444358200968,0.02742814101655873,0.027209045284016513,0.0820553357710393,0.06061200935916582,0.44520313768484604,0.3009972813294013,3246.691527834637
CAGAAGATTGTCTTGGATCCATCTTTGGAAATTAATGATACTCCACCAGAATTTAGATTGTCTCAATTGGAATTTGGTTCTCAAGATTCATTCTTGGCTTGGGGTACTGGTAAGACTGAT,0.006007299760557746,0.0043172043704807934,0.0040579455780267795,0.002478879459936279,0.0008456617108391547,0.20412727460521274,0.4183369822064537,0.3598287523084928,3655.28739431966
CAGAAGATTGTCTTGGATCCATCTTTGGATAATATTACTGAACCACCAGAATTTAGATTGTCTCAATTGGAATTTGGTTCTCAAGATTCATTCTTGGCTTGGGGTACTGGTAAGACTGAT,0.022797999054279764,0.009175042039500403,0.014184306067163496,0.012663901767302548,0.011232647742480199,0.016717415233299268,0.26852831790623183,0.6447003701897425,4842.219405022655
CAGAAGATTGTCTTGGATCCATCTTTGGATGAAACTCCACCAAATATTGAATTTAGATTGTCTCAATTGGAATTTGGTTCTCAAGATTCATTCTTGGCTTGGGGTACTGGTAAGACTGAT,0.1285584492490519,0.1847795585644989,0.09141215230972587,0.08161375760693555,0.19907222664906085,0.15150518844843383,0.11923129588493599,0.043827371287357086,1081.030399439635
CAGAAGATTGTCTTGGATGAAATTCCAAATTTGTCTGATACTCCACCAGAATTTAGATTGTCTCAATTGGAATTTGGTTCTCAAGATTCATTCTTGGCTTGGGGTACTGGTAAGACTGAT,0.11636766029994504,0.19025540692364337,0.07240085000811824,0.16160065357278483,0.10033576341038038,0.11999612903917677,0.1349062140383082,0.10413732270764312,1417.311146528712
CAGAAGATTGTCTTGGATGAACCATTGATTAATCCATCTCCAACTGATGAATTTAGATTGTCTCAATTGGAATTTGGTTCTCAAGATTCATTCTTGGCTTGGGGTACTGGTAAGACTGAT,0.048962364973073186,0.043466639451403964,0.03583891256507447,0.057595263302948146,0.1873151070987649,0.24287549811278086,0.291158586655245,0.0927876278407094,1878.3040003986744
CAGAAGATTGTCTTGGATGATAATCCAGAATTGTCTCCAATTCCAACTGAATTTAGATTGTCTCAATTGGAATTTGGTTCTCAAGATTCATTCTTGGCTTGGGGTACTGGTAAGACTGAT,0.03231196525829781,0.029087743630970025,0.021161728123319706,0.056680258782728525,0.03686785383175441,0.017146870538566738,0.3075629534981779,0.4991806263361848,4068.4846422435785
CAGAAGATTGTCTTGGATGATATTCCACCATCTAATCCAACTTTGGAAGAATTTAGATTGTCTCAATTGGAATTTGGTTCTCAAGATTCATTCTTGGCTTGGGGTACTGGTAAGACTGAT,0.0281526523163865,0.07467512698480402,0.08280209742642185,0.23030981581534765,0.24715426617358177,0.2158225753245315,0.07833037590033537,0.04275309005859129,1121.442858750044
CAGAAGATTGTCTTGGATGATGAAACTCCATTGAATCCAATTCCATCTGAATTTAGATTGTCTCAATTGGAATTTGGTTCTCAAGATTCATTCTTGGCTTGGGGTACTGGTAAGACTGAT,0.10307996887968292,0.04786670324324293,0.059200249224380955,0.10570924474239177,0.11720269265479236,0.13082352383586102,0.22797239374472383,0.2081452236749242,2280.523139328978
CAGAAGATTGTCTTGGATGATTTGCCAGAGAATACTATTTCTCCACCAGAATTTAGATTGTCTCAATTGGAATTTGGTTCTCAAGATTCATTCTTGGCTTGGGGTACTGGTAAGACTGAT,0.0005690048839559758,0.004616848771700926,0.01078046905054401,0.015089915833853728,0.08227836272976513,0.249941632707887,0.48354704431271633,0.1531767217095769,2643.900787733629
CAGAAGATTGTCTTGGATTCTAATCCAATTGAATTGGATACTCCACCAGAATTTAGATTGTCTCAATTGGAATTTGGTTCTCAAGATTCATTCTTGGCTTGGGGTACTGGTAAGACTGAT,0.1746331263385058,0.17474238840351283,0.21255431624036453,0.1473639102711631,0.12130554502065655,0.09009385607304371,0.029206473260617972,0.05010038439213544,819.6550747255747
CAGAAGATTGTCTTGGATTCTATTAATCCAGAATTGGATACTCCACCAGAATTTAGATTGTCTCAATTGGAATTTGGTTCTCAAGATTCATTCTTGGCTTGGGGTACTGGTAAGACTGAT,0.2710592466567915,0.23447191571931614,0.2488554219803095,0.1817842994905868,0.03420228153739865,0.013634690992515177,0.006131546262736226,0.009860597360346102,389.03292968634986
CAGAAGATTGTCTTGGATTCTATTCCAAATGATACTCCAGAACCATTGGAATTTAGATTGTCTCAATTGGAATTTGGTTCTCAAGATTCATTCTTGGCTTGGGGTACTGGTAAGACTGAT,0.057560072916701704,0.07528631282673878,0.07878714781155537,0.1598682207592781,0.21553625666432868,0.22686745672946662,0.16549034768273022,0.02060418460920062,1166.1766522429682
CAGAAGATTGTCTTGGATTCTCCAAATATTGAATTGGATACTCCACCAGAATTTAGATTGTCTCAATTGGAATTTGGTTCTCAAGATTCATTCTTGGCTTGGGGTACTGGTAAGACTGAT,0.0009788197619550237,0.00010276316577244841,0.00010591226281556008,0.0017020730338279872,0.010811182781602957,0.060252259090731806,0.46106999774260243,0.46497699216069177,4242.5501533424895
CAGAAGATTGTCTTGGATTCTCCAACTAATGATGAATTGCCAATTCCAGAATTTAGATTGTCTCAATTGGAATTTGGTTCTCAAGATTCATTCTTGGCTTGGGGTACTGGTAAGACTGAT,0.11826878473275806,0.11899301659107377,0.16118329652935812,0.1376493984465342,0.13319179907437945,0.11873016927979906,0.10446491958877845,0.1075186157573189,1384.8786170267151
CAGAAGATTGTCTTGGATTCTCCAGAGAATTTGATTGATACTCCACCAGAATTTAGATTGTCTCAATTGGAATTTGGTTCTCAAGATTCATTCTTGGCTTGGGGTACTGGTAAGACTGAT,0.03766482804034445,0.04872275066649142,0.026781771386130748,0.04782210992661381,0.06892816314352505,0.07397953879426201,0.2145833611747687,0.4815174768678639,3820.6122203539726
CAGAAGATTGTCTTGGATTTGAATACTCCAGAACCAATTCCATCTGATGAATTTAGATTGTCTCAATTGGAATTTGGTTCTCAAGATTCATTCTTGGCTTGGGGTACTGGTAAGACTGAT,0.08031331189499943,0.07345919932527394,0.03634094360566676,0.07300257129194015,0.07914125616029626,0.026769314680833253,0.23023079140589514,0.40074261163509517,3318.630621537669
CAGAAGATTGTCTTGGATTTGAATCCATCTATTGAAGATACTCCACCAGAATTTAGATTGTCTCAATTGGAATTTGGTTCTCAAGATTCATTCTTGGCTTGGGGTACTGGTAAGACTGAT,0.06272942007421368,0.1622919871268614,0.12266121886935785,0.2289822750610851,0.14128908711552585,0.14785232188346112,0.09142301862552099,0.04277067124397394,1018.9935186061447
CAGAAGATTGTCTTGGATTTGATTCCATCTAATCCACCAGATACTGAAGAATTTAGATTGTCTCAATTGGAATTTGGTTCTCAAGATTCATTCTTGGCTTGGGGTACTGGTAAGACTGAT,0.10826360919232804,0.14004845133720215,0.07698140099619094,0.08591228357497303,0.13716470520597904,0.11341143863513264,0.1721295154727572,0.16608859558543687,1879.0923663856177
CAGAAGATTGTCTTGGATTTGATTGAACCAAATACTGATTCTCCACCAGAATTTAGATTGTCTCAATTGGAATTTGGTTCTCAAGATTCATTCTTGGCTTGGGGTACTGGTAAGACTGAT,0.15324075525694916,0.11563435635566448,0.0,0.17024528044771106,0.07550221488713495,0.17557662970466736,0.03553071373060123,0.2742700496172717,2265.713520256349
CAGAAGATTGTCTTGGATTTGCCAAATATTGAAGATACTTCTCCACCAGAATTTAGATTGTCTCAATTGGAATTTGGTTCTCAAGATTCATTCTTGGCTTGGGGTACTGGTAAGACTGAT,0.027552416772866697,0.05544227403006052,0.16570965186478687,0.22957350245910826,0.24887801955735506,0.13469170131299005,0.07240140754168087,0.06575102646115168,1165.3889155779607
CAGAAGATTGTCTTGGATTTGCCAATTGAATCTAATGATACTCCACCAGAATTTAGATTGTCTCAATTGGAATTTGGTTCTCAAGATTCATTCTTGGCTTGGGGTACTGGTAAGACTGAT,0.005886791009592108,0.0036052066029733884,0.0057327716777254845,0.005971327269040597,0.03026547064953212,0.1377118443114624,0.3176117308143617,0.49321485766531215,4176.437021262665
CAGAAGATTGTCTTGGATTTGCCATCTAATGAAATTGATACTCCACCAGAATTTAGATTGTCTCAATTGGAATTTGGTTCTCAAGATTCATTCTTGGCTTGGGGTACTGGTAAGACTGAT,0.05186157784917641,0.03913436842648783,0.11293410972408455,0.07202056700410196,0.10220946741194889,0.15449395749914527,0.31264300871039463,0.15470294337466053,2172.875354215277
CAGAAGATTGTCTTGGATTTGGAACCATCTAATATTGATACTCCACCAGAATTTAGATTGTCTCAATTGGAATTTGGTTCTCAAGATTCATTCTTGGCTTGGGGTACTGGTAAGACTGAT,0.14478419904608297,0.11329951184876286,0.06005390759862138,0.08936129632408699,0.0634094598561413,0.14745553186190982,0.208879747240521,0.1727563462238738,2000.9933110091695
CAGAAGATTGTCTTGGCTCCATCTAATATTGAATTGGATACTCCACCAGAATTTAGATTGTCTCAATTGGAATTTGGTTCTCAAGATTCATTCTTGGCTTGGGGTACTGGTAAGACTGAT,0.09982327118218312,0.12275333878839159,0.041404915337887725,0.1355447717695034,0.10929610669601922,0.10166505489787211,0.2571691893205113,0.13234335200763153,1854.214031735046
CAGAAGATTGTCTTGGCTCCATCTAATATTGAATTGGATACTCCACCAGAATTTAGATTGTCTCAATTGGAATTTGGTTCTCAAGATTCATTCTTGGCTTGGGGTACTGGTAAGACTGCT,0.15920331976577146,0.08008910936663804,0.033017351056258346,0.11791299155930123,0.23531996901631255,0.14592662259017952,0.19687043245814265,0.03166020418739631,1203.3098098489072
CAGAAGATTGTCTTGGCTCCATCTAATATTGAATTGGATACTCCACCAGAATTTAGATTGTCTCAATTGGAATTTGGTTCTCAAGCTTCATTCTTGGCTTGGGGTACTGGTAAGACTGAT,0.0022858252694253106,0.008237889761155422,0.08554059538688709,0.15469978040215532,0.39041530149242526,0.2895325670576438,0.06340838636437118,0.005879654265936728,1004.9362364197885
CAGAAGATTGTCTTGGCTCCATCTAATATTGAATTGGATACTCCACCAGAATTTAGATTGTCTCAATTGGAATTTGGTTCTCAAGCTTCATTCTTGGCTTGGGGTACTGGTAAGACTGCT,0.010790325769084267,0.03397077569115665,0.0895501277165549,0.2115400352474719,0.31451452371621674,0.2733702851859377,0.05657247372310457,0.009691452950473347,966.6261483936485
CAGAAGATTGTCTTGGCTCCATCTAATATTGAATTGGATACTCCACCAGAATTTAGATTGTCTCAATTGGCATTTGGTTCTCAAGATTCATTCTTGGCTTGGGGTACTGGTAAGACTGAT,0.6025789793568543,0.22698656773184045,0.10200768737750227,0.02247017615835515,0.0249501993379519,0.009338201380964223,0.007109657432157408,0.00455853122437415,265.89546357237003
CAGAAGATTGTCTTGGCTCCATCTAATATTGAATTGGATACTCCACCAGCATTTAGATTGTCTCAATTGGAATTTGGTTCTCAAGATTCATTCTTGGCTTGGGGTACTGGTAAGACTGAT,0.12365854049921679,0.11131937952605452,0.12147953830348969,0.19522484064788265,0.17316083983227146,0.14317400333529565,0.05432536638055878,0.07765749147523054,1143.0823402975777
CAGAAGATTGTCTTGGCTCCATCTAATATTGAATTGGATACTCCACCAGCATTTAGATTGTCTCAATTGGCATTTGGTTCTCAAGCTTCATTCTTGGCTTGGGGTACTGGTAAGACTGCT,0.21536914161812823,0.26588766400778263,0.2226808840352872,0.15142069135878902,0.06459056522597449,0.039100237903100965,0.026053527638767546,0.014897288212169905,506.99064550770186
CAGAAGATTGTCTTGGCTCCATCTAATATTGAATTGGCTACTCCACCAGAATTTAGATTGTCTCAATTGGAATTTGGTTCTCAAGATTCATTCTTGGCTTGGGGTACTGGTAAGACTGAT,0.059853423080429555,0.08029325609723541,0.11171760338952189,0.0997426838016822,0.2310048026147627,0.24687886860947938,0.15265510284594813,0.017854259560940722,1138.1064026809152
CAGAAGATTGTCTTGGCTCCATCTAATATTGAATTGGCTACTCCACCAGAATTTAGATTGTCTCAATTGGAATTTGGTTCTCAAGCTTCATTCTTGGCTTGGGGTACTGGTAAGACTGCT,0.08788725558896007,0.1414807085209786,0.1202984264259011,0.11716771129534347,0.0779442022661993,0.20945062595920141,0.13041739612576506,0.11535367381765105,1560.2938009217962
CAGAAGATTGTCTTGGCTCCATCTAATATTGAATTGGCTACTCCACCAGAATTTAGATTGTCTCAATTGGCATTTGGTTCTCAAGCTTCATTCTTGGCTTGGGGTACTGGTAAGACTGCT,0.08286805599476682,0.08337550761290691,0.11293720885352387,0.17535923607304874,0.1866484971276159,0.25319102536558435,0.09149503000234543,0.01412543897020805,971.0817843026728
CAGAAGATTGTCTTGGCTCCATCTAATATTGAATTGGCTACTCCACCAGCATTTAGATTGTCTCAATTGGAATTTGGTTCTCAAGCTTCATTCTTGGCTTGGGGTACTGGTAAGACTGCT,0.1514421812130562,0.2833218393158857,0.2113092482753428,0.1782056189945134,0.07213335368746389,0.08082746151780316,0.01235099104519081,0.01040930595074413,509.6843762182301
CAGAAGATTGTCTTGGCTCCATCTAATATTGAATTGGCTACTCCACCAGCATTTAGATTGTCTCAATTGGCATTTGGTTCTCAAGATTCATTCTTGGCTTGGGGTACTGGTAAGACTGCT,0.10762179234032195,0.16445392530701533,0.23585152760722458,0.21603288110473137,0.15417185158598207,0.10130878926471105,0.015968984008465817,0.004590248781548005,565.4934626330582
CAGAAGATTGTCTTGGCTCCATCTAATATTGAATTGGCTACTCCACCAGCATTTAGATTGTCTCAATTGGCATTTGGTTCTCAAGCTTCATTCTTGGCTTGGGGTACTGGTAAGACTGAT,0.26459835187569114,0.25806909839162673,0.18478431602119552,0.12298317850364289,0.03990871294410746,0.049496383296318336,0.03505732169457387,0.045102637272844186,696.4264905495533
CAGAAGATTGTCTTGGCTCCATCTAATATTGAATTGGCTACTCCACCAGCATTTAGATTGTCTCAATTGGCATTTGGTTCTCAAGCTTCATTCTTGGCTTGGGGTACTGGTAAGACTGCT,0.18793842177380965,0.1804943158639713,0.09567021772732971,0.1518496078842885,0.10943384306537719,0.13311415129134374,0.11092018097525093,0.030579261418629104,923.6122036207961
CAGAAGATTGTCTTGGCTCCATCTAATATTGCTTTGGATACTCCACCAGAATTTAGATTGTCTCAATTGGAATTTGGTTCTCAAGATTCATTCTTGGCTTGGGGTACTGGTAAGACTGAT,0.10341114519066451,0.11890787961800939,0.11029654693927378,0.14771092386519824,0.14557430034697355,0.14895133644075884,0.13701210752274803,0.08813576007637378,1382.6814174100132
CAGAAGATTGTCTTGGCTCCATCTAATATTGCTTTGGATACTCCACCAGAATTTAGATTGTCTCAATTGGAATTTGGTTCTCAAGATTCATTCTTGGCTTGGGGTACTGGTAAGACTGCT,0.13013362113410606,0.1745740114903783,0.11695040231964399,0.22489294852770472,0.11398623164135455,0.0861475187797937,0.0670512145195535,0.08626405158746524,1135.8432820610117
CAGAAGATTGTCTTGGCTCCATCTAATATTGCTTTGGATACTCCACCAGAATTTAGATTGTCTCAATTGGCATTTGGTTCTCAAGCTTCATTCTTGGCTTGGGGTACTGGTAAGACTGCT,0.029359473647709123,0.0701557415513974,0.07306672119749037,0.18551134426833274,0.26218732270978884,0.210242594419656,0.13444511070992599,0.03503169149569955,1196.106908907718
CAGAAGATTGTCTTGGCTCCATCTAATATTGCTTTGGATACTCCACCAGCATTTAGATTGTCTCAATTGGAATTTGGTTCTCAAGCTTCATTCTTGGCTTGGGGTACTGGTAAGACTGCT,0.29451691512733885,0.22613926920592634,0.11090875873991454,0.08610481613577896,0.038186693420247664,0.028416399451338115,0.08625763199734113,0.12946951592211428,1289.9042395466151
CAGAAGATTGTCTTGGCTCCATCTAATATTGCTTTGGATACTCCACCAGCATTTAGATTGTCTCAATTGGCATTTGGTTCTCAAGATTCATTCTTGGCTTGGGGTACTGGTAAGACTGCT,0.10565476444308655,0.25984872947350895,0.058431619868497764,0.07825257266184281,0.1272490842849977,0.10760414180100834,0.10887701754469363,0.15408206992236428,1641.3728900601043
CAGAAGATTGTCTTGGCTCCATCTAATATTGCTTTGGATACTCCACCAGCATTTAGATTGTCTCAATTGGCATTTGGTTCTCAAGCTTCATTCTTGGCTTGGGGTACTGGTAAGACTGAT,0.1850665814339008,0.2245391172960676,0.2152560768019791,0.21261154492366993,0.08498650830818212,0.060477383792751783,0.010401138586244585,0.0066616488572039945,471.92516424935974
CAGAAGATTGTCTTGGCTCCATCTAATATTGCTTTGGATACTCCACCAGCATTTAGATTGTCTCAATTGGCATTTGGTTCTCAAGCTTCATTCTTGGCTTGGGGTACTGGTAAGACTGCT,0.002011470508175666,0.0004758481624866871,0.001340115179239028,0.0011500454630546482,0.0006607053425735739,0.0009505889541078465,0.29118370337218724,0.7022275230181753,5222.023334438177
CAGAAGATTGTCTTGGCTCCATCTAATATTGCTTTGGCTACTCCACCAGAATTTAGATTGTCTCAATTGGAATTTGGTTCTCAAGCTTCATTCTTGGCTTGGGGTACTGGTAAGACTGCT,0.02208909417196215,0.02500240405470077,0.010307433288405983,0.02147270497725297,0.06802105011315258,0.08098793199371157,0.4327770910770172,0.33934229032379687,3465.14268821978
CAGAAGATTGTCTTGGCTCCATCTAATATTGCTTTGGCTACTCCACCAGAATTTAGATTGTCTCAATTGGCATTTGGTTCTCAAGATTCATTCTTGGCTTGGGGTACTGGTAAGACTGCT,0.11903413244347455,0.1832469054295512,0.25908851255501125,0.21633390317760712,0.10554024955813357,0.09849646787082947,0.011012215005774107,0.007247613959618783,541.92123188323
CAGAAGATTGTCTTGGCTCCATCTAATATTGCTTTGGCTACTCCACCAGAATTTAGATTGTCTCAATTGGCATTTGGTTCTCAAGCTTCATTCTTGGCTTGGGGTACTGGTAAGACTGAT,0.22171399816783563,0.26257059371094016,0.22423493598446192,0.15801450628742447,0.06563865012874806,0.044243305073118445,0.012833112056122758,0.010750898591348606,458.032594203995
CAGAAGATTGTCTTGGCTCCATCTAATATTGCTTTGGCTACTCCACCAGAATTTAGATTGTCTCAATTGGCATTTGGTTCTCAAGCTTCATTCTTGGCTTGGGGTACTGGTAAGACTGCT,0.08581842305553666,0.13633253932034625,0.10116744741090823,0.1555569503279644,0.21809133600504402,0.13662283103433467,0.09634837718362675,0.07006209566223903,1204.1728877420085
CAGAAGATTGTCTTGGCTCCATCTAATATTGCTTTGGCTACTCCACCAGCATTTAGATTGTCTCAATTGGAATTTGGTTCTCAAGATTCATTCTTGGCTTGGGGTACTGGTAAGACTGCT,0.14055911587015538,0.2185888981379865,0.18974940169905363,0.19796261730970652,0.136777814921227,0.10169320512249405,0.014164161441559756,0.0005047854978171265,515.5217399308209
CAGAAGATTGTCTTGGCTCCATCTAATATTGCTTTGGCTACTCCACCAGCATTTAGATTGTCTCAATTGGAATTTGGTTCTCAAGCTTCATTCTTGGCTTGGGGTACTGGTAAGACTGAT,0.23581992400902585,0.24554064406876058,0.15695719678721576,0.19496776592360082,0.06214773193026932,0.06786224448491851,0.02034518624982966,0.016359306546379595,536.266680557493
CAGAAGATTGTCTTGGCTCCATCTAATATTGCTTTGGCTACTCCACCAGCATTTAGATTGTCTCAATTGGAATTTGGTTCTCAAGCTTCATTCTTGGCTTGGGGTACTGGTAAGACTGCT,0.1138442876106812,0.18612981656135155,0.1947849060333923,0.12647714140505315,0.07011431009689457,0.052175144389744944,0.17157509508583196,0.08489929881705033,1296.299386337161
CAGAAGATTGTCTTGGCTCCATCTAATATTGCTTTGGCTACTCCACCAGCATTTAGATTGTCTCAATTGGCATTTGGTTCTCAAGATTCATTCTTGGCTTGGGGTACTGGTAAGACTGAT,0.1317450560182832,0.1615120099135522,0.2267654729091787,0.21818182064101166,0.14285057214234778,0.09729907058548506,0.009723095944293119,0.011922901845848316,582.518443413457
CAGAAGATTGTCTTGGCTCCATCTAATATTGCTTTGGCTACTCCACCAGCATTTAGATTGTCTCAATTGGCATTTGGTTCTCAAGATTCATTCTTGGCTTGGGGTACTGGTAAGACTGCT,0.0634642496941714,0.03040613332331561,0.045126584002481304,0.07386408690173758,0.3246024228456324,0.301938688725364,0.10650821124512805,0.05408962326216964,1350.738157505927
CAGAAGATTGTCTTGGCTCCATCTAATATTGCTTTGGCTACTCCACCAGCATTTAGATTGTCTCAATTGGCATTTGGTTCTCAAGCTTCATTCTTGGCTTGGGGTACTGGTAAGACTGAT,0.17484127097314975,0.21360734435808296,0.10878156871356941,0.20811720066208156,0.07383845033365789,0.0801302265556513,0.081078106628031,0.05960583177577615,968.3440647982146
CAGAAGATTGTCTTGGCTCCATCTAATATTGCTTTGGCTACTCCACCAGCATTTAGATTGTCTCAATTGGCATTTGGTTCTCAAGCTTCATTCTTGGCTTGGGGTACTGGTAAGACTGCT,0.20519657704741281,0.1266245807352052,0.10553873892902688,0.06687015452261988,0.03235232513097025,0.032601277033287974,0.1598597159950194,0.2709566306064577,2333.6015639024786
CAGAAGATTGTCTTGTCTGATATTCCAAATGAATTGGATACTCCACCAGAATTTAGATTGTCTCAATTGGAATTTGGTTCTCAAGATTCATTCTTGGCTTGGGGTACTGGTAAGACTGAT,0.0002757616103313407,0.00017340641672422688,0.00030025013941360876,0.007544159176147255,0.03539377961763132,0.12369666689227977,0.515793079993397,0.31682289615407555,3550.9912110127916
CAGAAGATTGTCTTGTCTGATCCAAATATTGAATTGGATACTCCACCAGAATTTAGATTGTCTCAATTGGAATTTGGTTCTCAAGATTCATTCTTGGCTTGGGGTACTGGTAAGACTGAT,0.1263135884267774,0.08472472234782032,0.07858894082859386,0.23388351932460535,0.124470225699063,0.1929661954022538,0.05857465193448648,0.10047815603639985,1327.8601437635218
CAGAAGATTGTCTTTGATCCATCTAATATTGAATTTGATACTCCACCAGAATTTAGATTCTCTCAATTTGAATTTGGTTCTCAAGATTCATTCTTTGCATTTGGTACTGGTAAGACTGAT,0.26304459471061303,0.2737814245860795,0.22573699419877982,0.11756524983611778,0.038731907458817806,0.04988443364362965,0.016824842941667247,0.01443055262429519,468.23701282069084
CAGAAGATTGTTAATACTATCTTGGATGAAGATCCATCTTTGCCACCAGAATTTAGATTGTCTCAATTGGAATTTGGTTCTCAAGATTCATTCTTGGCTTGGGGTACTGGTAAGACTGAT,0.12822769356278202,0.20273457268460612,0.11397120845377197,0.20350945352210065,0.14440731115464533,0.13432479582299556,0.05096765877244315,0.021857306026655195,769.1230339439815
CAGAAGATTGTTAATCCAATTTCTGATTTGGAATTGGATACTCCACCAGAATTTAGATTGTCTCAATTGGAATTTGGTTCTCAAGATTCATTCTTGGCTTGGGGTACTGGTAAGACTGAT,0.09545724983032028,0.10477286482463545,0.03239506425819277,0.11569065404219558,0.18812838078587935,0.18294750047214417,0.17706329946205554,0.10354498632457688,1618.0808440153378
CAGAAGATTGTTAATCCATTGGATTCTATTGAATTGGATACTCCACCAGAATTTAGATTGTCTCAATTGGAATTTGGTTCTCAAGATTCATTCTTGGCTTGGGGTACTGGTAAGACTGAT,0.0022371264046785445,0.00022781962489100456,0.0012086857491949443,0.000537786045349275,0.0027950205167286,0.03310161742546269,0.4177301739278184,0.5421617703058765,4577.638966093745
CAGAAGATTGTTAATTCTATCTTGACTTTGGATCCAGAAGATCCACCAGAATTTAGATTGTCTCAATTGGAATTTGGTTCTCAAGATTCATTCTTGGCTTGGGGTACTGGTAAGACTGAT,0.1304040903163222,0.15744316085719678,0.32453576738078005,0.14487452042510188,0.07710061960513204,0.02390581867237788,0.048377212911117906,0.09335880983197115,1045.0620661278651
CAGAAGATTGTTAATTCTATTCCATTGGATTTGGAAGATACTCCACCAGAATTTAGATTGTCTCAATTGGAATTTGGTTCTCAAGATTCATTCTTGGCTTGGGGTACTGGTAAGACTGAT,0.2297226367991137,0.29288218108756153,0.19572852390473552,0.11048011130651589,0.03148217905346958,0.024301673495583053,0.07461878711646491,0.040783907236555894,731.3534651660678
CAGAAGATTGTTAATTTGTCTCCAGATATTGAATTGGATACTCCACCAGAATTTAGATTGTCTCAATTGGAATTTGGTTCTCAAGATTCATTCTTGGCTTGGGGTACTGGTAAGACTGAT,0.15517352353055663,0.21042765711222994,0.12592802815933526,0.23235513623329476,0.17285364325685312,0.037104232069619957,0.05005752948924177,0.01610025014886848,643.2794036352324
CAGAAGATTGTTACTAATGATTTGGATTCTCCAGAATTGATTCCACCAGAATTTAGATTGTCTCAATTGGAATTTGGTTCTCAAGATTCATTCTTGGCTTGGGGTACTGGTAAGACTGAT,0.03945529197045604,0.03342896907176176,0.072352084872758,0.17994801515559564,0.2967119697779754,0.2740921289237882,0.08666700994908308,0.017344530278581766,1063.5567908794533
CAGAAGATTGTTACTTCTGAGAATTTGCCATTGGATATTGATCCACCAGAATTTAGATTGTCTCAATTGGAATTTGGTTCTCAAGATTCATTCTTGGCTTGGGGTACTGGTAAGACTGAT,0.11849449255451823,0.1476058462164052,0.17553359101977345,0.1817932132803823,0.14456648531017433,0.17067708702309575,0.020932856737120517,0.0403964278585302,854.2357179677081
CAGAAGATTGTTACTTTGTTGCCAGATGAGAATGATATTTCTCCACCAGAATTTAGATTGTCTCAATTGGAATTTGGTTCTCAAGATTCATTCTTGGCTTGGGGTACTGGTAAGACTGAT,0.11777216539039766,0.19748892690961897,0.1953991881612261,0.21806813394390426,0.11605345228322692,0.0719670685085289,0.036409192292679214,0.046841872510418124,814.3706221896193
CAGAAGATTGTTATCTTGTCTTTGAATCCAGAAGATGATACTCCACCAGAATTTAGATTGTCTCAATTGGAATTTGGTTCTCAAGATTCATTCTTGGCTTGGGGTACTGGTAAGACTGAT,0.009175878504917722,0.03101174545582298,0.11714911026412655,0.2868547416669764,0.33670840351713505,0.18862792414075694,0.013252650852242533,0.01721954559802188,848.4063896902504
CAGAAGATTGTTATGGATCCATCTAATATTGAAATGGATACTCCACCAGAAATGAGAATGTCTCAAATGGAAATGGGTTCTCAAGATTCTATGATGGCTATGGGTACTGGTAAGACTGAT,0.3791309652485931,0.19072630762189607,0.07862838660857004,0.07020027341609256,0.031133175114509967,0.08687837251050964,0.08790607805388909,0.07539644142593954,1010.2971603136664
CAGAAGATTGTTATTAATTCTCCATTGGATGAATTGGATACTCCACCAGAATTTAGATTGTCTCAATTGGAATTTGGTTCTCAAGATTCATTCTTGGCTTGGGGTACTGGTAAGACTGAT,0.23288135787379982,0.055787483899583996,0.05519716590755978,0.04928062631876237,0.15298852924526252,0.2642841935550334,0.12342021969186781,0.06616042350813034,1308.984876747036
CAGAAGATTGTTATTCCATCTAATGATTTGGAATTGGATACTCCACCAGAATTTAGATTGTCTCAATTGGAATTTGGTTCTCAAGATTCATTCTTGGCTTGGGGTACTGGTAAGACTGAT,0.07970991217332804,0.1283168392829419,0.1190241078432846,0.14168801326677374,0.23563998653441845,0.18996259341557709,0.029570724223310203,0.07608782326036607,1152.1842448138652
CAGAAGATTGTTATTCCATTGTCTAATGATGAATTGGATACTCCACCAGAATTTAGATTGTCTCAATTGGAATTTGGTTCTCAAGATTCATTCTTGGCTTGGGGTACTGGTAAGACTGAT,0.04300690640551201,0.04327026390780523,0.05351549686489873,0.1911168560848718,0.3390342662945202,0.03942036264722179,0.23932005462188635,0.051315793173283934,1389.9491759104828
CAGAAGATTGTTATTGAAGATACTTCTCCAGATTTGAATTTGCCACCAGAATTTAGATTGTCTCAATTGGAATTTGGTTCTCAAGATTCATTCTTGGCTTGGGGTACTGGTAAGACTGAT,0.015797657619284682,0.04377896634601496,0.10882186296778562,0.1509716159843507,0.28372259903263025,0.2589003747741205,0.10230475231544632,0.03570217096036698,1187.0628670371107
CAGAAGATTGTTATTGATCCATCTAATATTGAAATTGATACTCCACCAGAAATTAGAATTTCTCAAATTGAAATTGGTTCTCAAGATTCTATTATTGCTATTGGTACTGGTAAGACTGAT,0.06346900933408482,0.09578650314757883,0.19744361161496612,0.10576787430701791,0.09381415746836713,0.17452811005877386,0.11772843054097183,0.1514623035282395,1727.261679150434
CAGAAGATTGTTATTGATTTGTTGAATCCATCTGAAGATACTCCACCAGAATTTAGATTGTCTCAATTGGAATTTGGTTCTCAAGATTCATTCTTGGCTTGGGGTACTGGTAAGACTGAT,0.020327882243609385,0.027610689047243203,0.08473801794852925,0.2427735662254881,0.29045278322161855,0.2524723618962723,0.05373121180661281,0.027893487610626433,1041.1733836896217
CAGAAGATTGTTATTTCTTTGAATTTGCCAGAAGATGATACTCCACCAGAATTTAGATTGTCTCAATTGGAATTTGGTTCTCAAGATTCATTCTTGGCTTGGGGTACTGGTAAGACTGAT,0.018742353948841682,0.056875521593073984,0.10946286048654157,0.24684286718619983,0.28060716267143493,0.23940245502754426,0.04121349256728417,0.00685328651907973,866.3610159928636
CAGAAGATTGTTCCAGATTTGTCTAATATTGAATTGGATACTCCACCAGAATTTAGATTGTCTCAATTGGAATTTGGTTCTCAAGATTCATTCTTGGCTTGGGGTACTGGTAAGACTGAT,0.02280189788189898,0.07647175933756072,0.11349385450855039,0.16888089999882389,0.14230453696086134,0.2020366463713762,0.11983627533515931,0.15417412960576915,1817.2956985003143
CAGAAGATTGTTCCATCTTTGGATAATATTGAATTGGATACTCCACCAGAATTTAGATTGTCTCAATTGGAATTTGGTTCTCAAGATTCATTCTTGGCTTGGGGTACTGGTAAGACTGAT,0.0001557374284441481,6.715333013421242e-05,0.00013842238309130905,0.00017301899965986364,0.030890245246570684,0.0938273831510915,0.44798598314852056,0.4267620563124876,4026.22548021831
CAGAAGATTGTTCCATTGATTGATTCTAATGAATTGGATACTCCACCAGAATTTAGATTGTCTCAATTGGAATTTGGTTCTCAAGATTCATTCTTGGCTTGGGGTACTGGTAAGACTGAT,0.19135659442642702,0.13904827985630322,0.09259985920482128,0.11810593594308869,0.20951558202543216,0.11693232518053268,0.06901740200233601,0.06342402136105886,1052.747618549798
CAGAAGATTGTTCCATTGTCTGATAATATTGAATTGGATACTCCACCAGAATTTAGATTGTCTCAATTGGAATTTGGTTCTCAAGATTCATTCTTGGCTTGGGGTACTGGTAAGACTGAT,0.15874064553393552,0.20743681166165243,0.2258070746058481,0.19426920573806372,0.10123301291357635,0.07546047448088154,0.02408007563608931,0.012972699429953017,567.2807382155993
CAGAAGATTGTTGAACCAGATTTGTCTTTGATTAATGATACTCCACCAGAATTTAGATTGTCTCAATTGGAATTTGGTTCTCAAGATTCATTCTTGGCTTGGGGTACTGGTAAGACTGAT,0.001091473943850311,0.0016472365561561134,0.0008828117143596715,0.0010307019451614074,0.001720872755848578,0.08683913906246112,0.4721299523843449,0.43465781163781786,4108.004318078142
CAGAAGATTGTTGAATCTTTGCCAGATTTGAATATTGATACTCCACCAGAATTTAGATTGTCTCAATTGGAATTTGGTTCTCAAGATTCATTCTTGGCTTGGGGTACTGGTAAGACTGAT,0.18325355439631102,0.17019297933231348,0.16663798988545714,0.14094587223491337,0.08334426270104314,0.10336689078340655,0.08497908497583213,0.0672793656907232,1043.9530888230295
CAGAAGATTGTTGATAATTTGTTGGAAATTTCTCCAACTGATCCACCAGAATTTAGATTGTCTCAATTGGAATTTGGTTCTCAAGATTCATTCTTGGCTTGGGGTACTGGTAAGACTGAT,0.0005793557157247077,0.08733836900945119,0.05022404477320251,0.1142469068645917,0.22522039062472066,0.4113794340643552,0.1059420638853278,0.005069435062626201,1135.3099936977117
CAGAAGATTGTTGATCCATCTTTGAATATTGAATTGGATACTCCACCAGAATTTAGATTGTCTCAATTGGAATTTGGTTCTCAAGATTCATTCTTGGCTTGGGGTACTGGTAAGACTGAT,0.2041994583074054,0.18677263278007875,0.11549768063915386,0.0824940621015812,0.146341428962414,0.08507742097961866,0.06886705810105481,0.11075025812869346,1264.301955781455
CAGAAGATTGTTGATCCATCTTTGATTAATGAATTGGATACTCCACCAGAATTTAGATTGTCTCAATTGGAATTTGGTTCTCAAGATTCATTCTTGGCTTGGGGTACTGGTAAGACTGAT,0.17854604622844256,0.19122903072603828,0.20067253327712228,0.23675058738713833,0.1078344551999353,0.042233876158960716,0.04273347102236258,0.0,504.213846460075
CAGAAGATTGTTGATTTGATTAATCCATCTGAATTGGATACTCCACCAGAATTTAGATTGTCTCAATTGGAATTTGGTTCTCAAGATTCATTCTTGGCTTGGGGTACTGGTAAGACTGAT,0.02166167120166038,0.06538295645416278,0.02695462645814368,0.13235960011943684,0.08538220272484896,0.16876924076411992,0.33148626844560203,0.1680034338320255,2315.178103288342
CAGAAGATTGTTGATTTGCCATCTAATATTGAATTGGATACTCCACCAGAATTTAGATTGTCTCAATTGGAATTTGGTTCTCAAGATTCATTCTTGGCTTGGGGTACTGGTAAGACTGAT,0.00021996912941800255,0.011492630697490352,0.029385564575798048,0.14666185541855667,0.2981520052806222,0.4374540064264148,0.06832876515359534,0.008305203318104654,1141.2777246446553
CAGAAGATTGTTGCTGATCCATCTAATATTGAAGCTGATACTCCACCAGAAGCTAGAGCTTCTCAAGCTGAAGCTGGTTCTCAAGATTCTGCTGCTGCTTGGGATACTGGTAAGACTGAT,0.1467849113661537,0.09025118963026674,0.10147294573732134,0.16307305689744073,0.0723213997580048,0.06727192119603936,0.1739507817986335,0.18487379361613981,1929.1753996858172
CAGAAGATTGTTGCTGATCCATCTAATATTGAAGCTGATACTCCACCAGAAGCTAGAGCTTCTCAAGCTGAAGCTGGTTCTCAAGATTCTGGTGGTGCTTGGGATACTGGTAAGACTGAT,0.21884146777187669,0.16706857007169065,0.21215825870906685,0.2132906784117356,0.10737067984068357,0.06599979006193464,0.015087625843957137,0.000182929289054818,458.4032555861618
CAGAAGATTGTTGCTGATCCATCTAATATTGAAGCTGATACTCCACCAGAAGCTAGAGCTTCTCAAGCTGAAGCTGGTTCTCAAGATTCTTGGGATGCTGCTGGTACTGGTAAGACTGAT,0.31844096430752095,0.26515167084574154,0.25199878729088654,0.10231750735011606,0.015865866871323495,0.030888752185500055,0.011709272402554658,0.00362717874635668,350.01686145390846
CAGAAGATTGTTGCTGATCCATCTAATATTGAAGCTGATACTCCACCAGAAGCTAGAGCTTCTCAAGCTGAAGCTGGTTCTCAAGATTCTTGGGATGCTGGTGGTACTGGTAAGACTGAT,0.5775130033965667,0.27020063319974613,0.05822532797765704,0.08839125660844567,0.0005783711123324337,0.0014047497183029458,0.0013911249989161946,0.00229553298803289,230.88340286777338
CAGAAGATTGTTGCTGATCCATCTAATATTGAAGCTGATACTCCACCAGAAGCTAGATTGTCTCAATTGGAATTTGGTTCTCAAGATTCATTCTTGGCTTGGGGTACTGGTAAGACTGAT,0.1406102586320505,0.1414713009530437,0.14804975673243245,0.18024603136492712,0.18119156663604802,0.06939914280549973,0.10031440322907037,0.038717539646928124,931.528517915393
CAGAAGATTGTTGCTGATCCATCTAATATTGAAGCTGATACTCCACCAGAATTTAGAGCTTCTCAAGCTGAATTTGGTTCTCAAGATTCATTTGCTGCTTGGGGTACTGGTAAGACTGAT,0.21420038603821487,0.2755475695442612,0.23036629736824607,0.12323413400163748,0.06407617037545096,0.07432766583892433,0.012770984037675228,0.005476792795589803,451.3757683381109
CAGAAGATTGTTGCTGATCCATCTAATATTGAAGCTGATACTCCACCAGAATTTAGAGCTTCTCAAGCTGAATTTGGTTCTCAAGATTCTGCTGCTGCTTGGGATACTGGTAAGACTGAT,0.2576684499777608,0.23458713342618995,0.22288725150730296,0.15589182424649214,0.07623729849081583,0.03253315945856915,0.016508452971835157,0.003686429921033901,412.0480939201037
CAGAAGATTGTTGCTGATCCATCTAATATTGAAGCTGATACTCCACCAGAATTTAGAGCTTCTCAAGCTGAATTTGGTTCTCAAGATTCTGGTGGTGCTTGGGATACTGGTAAGACTGAT,0.20542994876790413,0.27143353554489164,0.15707143077189478,0.14848419292285048,0.09755758943080568,0.056716325408392665,0.03672783149469292,0.02657914565856768,635.2589546525988
CAGAAGATTGTTGCTGATCCATCTAATATTGAAGCTGATACTCCACCAGAATTTAGAGCTTCTCAAGCTGAATTTGGTTCTCAAGATTCTTGGGATGCTGCTGGTACTGGTAAGACTGAT,0.23668873746293284,0.25549395645904033,0.2361174478471817,0.1640114610944287,0.053367241340054244,0.03640350391889692,0.009301547949827687,0.008616103927637604,422.4305778756101
CAGAAGATTGTTGCTGATCCATCTAATATTGAAGCTGATACTCCACCAGAATTTAGAGCTTCTCAAGCTGAATTTGGTTCTCAAGATTCTTGGGATGCTGGTGGTACTGGTAAGACTGAT,0.2590186759309056,0.15794230616092617,0.08790245545277034,0.1395204663442117,0.0850795586205716,0.07913930568363217,0.11647340205142986,0.07492382975555259,1123.8907455605647
CAGAAGATTGTTGCTGATCCATCTAATATTGAAGCTGATACTCCACCAGAATTTAGATTGTCTCAATTGGAATTTGGTTCTCAAGATTCATTCTTGGCTTGGGGTACTGGTAAGACTGAT,0.007436569466571088,0.0014072930622491882,0.02330097256350358,0.10623763877382071,0.25352963291592995,0.3011395655143936,0.24997418987351183,0.056974137830020095,1678.0557258861224
CAGAAGATTGTTGCTGATCCATCTAATATTGAATTGGATACTCCACCAGAAGCTAGATTGTCTCAATTGGAATTTGGTTCTCAAGATTCATTCTTGGCTTGGGGTACTGGTAAGACTGAT,0.09375230149255181,0.19420141995932444,0.15783459881833592,0.21443805443921166,0.16303080580815693,0.13142826535268565,0.025573646632300686,0.01974090749743291,713.0903053315783
CAGAAGATTGTTGCTGATCCATCTAATATTGAATTGGATACTCCACCAGAATTTAGAGCTTCTCAATTGGAATTTGGTTCTCAAGATTCATTCTTGGCTTGGGGTACTGGTAAGACTGAT,0.04931179693627781,0.13643784859750493,0.09204144874302128,0.10956746701907805,0.2065166932996473,0.19209770225420444,0.12576887077470011,0.088258172375566,1432.250433289217
CAGAAGATTGTTGCTGATCCATCTAATATTGAATTGGATACTCCACCAGAATTTAGATTGTCTCAAGCTGAATTTGGTTCTCAAGATTCATTCTTGGCTTGGGGTACTGGTAAGACTGAT,0.0073733177585011914,0.006676622169712874,0.009174962729669861,0.02129791531995154,0.05086000452425568,0.08312860133942579,0.3569629094224033,0.4645256667360798,4047.074970011948
CAGAAGATTGTTGCTGATCCATCTAATATTGAATTGGATACTCCACCAGAATTTAGATTGTCTCAATTGGAAGCTGGTTCTCAAGATTCATTCTTGGCTTGGGGTACTGGTAAGACTGAT,0.048719770780891715,0.10620590854026205,0.1313526068995128,0.1353150313379994,0.1360248674096956,0.17118441910142762,0.13555518379432221,0.13564221213588853,1693.8061835850424
CAGAAGATTGTTGCTGATCCATCTAATATTGAATTGGATACTCCACCAGAATTTAGATTGTCTCAATTGGAATTTGGTTCTCAAGATTCATTCTTGGCTGCTGGTACTGGTAAGACTGAT,0.01564150619148859,0.009111061860422128,0.010780510008874863,0.007273156688064872,0.002395039986787199,0.012612326447626923,0.3678299298698817,0.5743564689468537,4635.185280680343
CAGAAGATTGTTGCTGATCCATCTAATATTGAATTGGATACTCCACCAGAATTTAGATTGTCTCAATTGGAATTTGGTTCTCAAGATTCATTTGCTGCTTGGGGTACTGGTAAGACTGAT,0.09623525090230609,0.14238905588630466,0.08452941547237372,0.1698047454751766,0.13387882965624745,0.1608530747044102,0.1312547138025136,0.08105491410066767,1336.5633542867802
CAGAAGATTGTTGCTGATCCATCTAATATTGAATTGGATACTCCACCAGAATTTAGATTGTCTCAATTGGAATTTGGTTCTCAAGATTCTGCTTTGGCTTGGGGTACTGGTAAGACTGAT,0.020149785952205596,0.05258930058019339,0.11598441746421954,0.2370970945451759,0.26404771909306773,0.26321893112920147,0.045556256357962954,0.0013564948779733715,858.9509783280726
CAGAAGATTGTTGCTGCTGCTGCTAATATTGAATTGGATACTCCACCAGAATTTAGATTGGCTGCTGCTGCATTTGGTTCTCAAGATTCATTCTTGGCTTGGGGTACTGGTAAGACTGAT,0.1047275748143463,0.13547428147342358,0.07446708540650693,0.016621254681405746,0.04422824078349951,0.013713408657201373,0.23588567474837194,0.37488247943524455,3127.6440968868164
CAGAAGATTGTTGCTGCTGCTGCTAATATTGAATTGGATACTCCACCAGAATTTAGATTGTCTCAATTGGAAGCTGCTGCTGCTGATTCATTCTTGGCTTGGGGTACTGGTAAGACTGAT,0.06426966287289482,0.6113614018295489,0.03635169779003518,0.18174905668025462,0.0460594478639268,0.016066341830027697,0.01625639452189357,0.02788599661141833,531.1577062162098
CAGAAGATTGTTGCTGCTGCTGCTAATATTGAATTGGATACTCCACCAGAATTTAGATTGTCTCAATTGGAATTTGGTTCTCAAGATTCATTCTTGGCTGCTGCTGCTGGTAAGACTGAT,0.08330826549330417,0.1133710964048696,0.25769634239231487,0.19238218087627337,0.16040310278248404,0.16608944354580527,0.011912339231206775,0.014837229273741788,693.4658978412233
CAGAAGATTGTTGCTGCTGCTGCTAATATTGAATTGGATACTCCACCAGAATTTAGATTGTCTCAATTGGAATTTGGTTCTCAAGATTCATTCTTGGCTTGGGGTACTGCTGCTGCTGCT,0.04188512225532877,0.08292381399224115,0.11264560567325864,0.21014880593915267,0.22234633161959877,0.13127631287683528,0.09398293339320704,0.10479107425037766,1425.9180069775537
CAGAAGATTGTTGCTGCTGCTGCTAATATTGAATTGGATACTCCACCAGAATTTAGATTGTCTCAATTGGAATTTGGTTCTCAAGATTCATTCTTGGCTTGGGGTACTGGTAAGACTGAT,0.12869296588124926,0.18723516044813238,0.22292682829914404,0.22474614353320868,0.0775486673858224,0.05898033373234197,0.07169949951603423,0.028170401204067122,751.0563578405543
CAGAAGATTGTTGCTGCTGCTGCTAATATTGAATTGGATACTCCACCAGAATTTAGATTGTCTCAATTGGAATTTGGTTCTCAAGCTGCTGCTGCTGCTTGGGGTACTGGTAAGACTGAT,0.1800173047256821,0.17511226846299732,0.28571604468440975,0.17683527512351216,0.10984290196159925,0.03901141190974756,0.02956032510316167,0.0039044680288901033,487.6583064850221
CAGAAGATTGTTGCTGCTGCTGCTAATATTGAATTGGATACTCCACCAGCTGCTGCTGCTTCTCAATTGGAATTTGGTTCTCAAGATTCATTCTTGGCTTGGGGTACTGGTAAGACTGAT,0.16475689584091419,0.19891896328781553,0.18158443061678,0.15689084739014927,0.10900811323310225,0.09276762282315663,0.05675557761667571,0.039317549191406356,815.2584777074487
CAGAAGATTGTTGCTGCTGCTGCTAATATTGAATTGGCTGCTGCTGCTGAATTTAGATTGTCTCAATTGGAATTTGGTTCTCAAGATTCATTCTTGGCTTGGGGTACTGGTAAGACTGAT,0.069306252659807,0.11156905134349385,0.10348919809191634,0.16939317012854613,0.15707810649860002,0.1715215106867677,0.19283386737690886,0.024808843213960128,1166.015555569009
CAGAAGATTGTTGCTGCTGCTGCTGCTGCTGCTGCTGATACTCCACCAGAATTTAGATTGTCTCAATTGGAATTTGGTTCTCAAGATTCATTCTTGGCTTGGGGTACTGGTAAGACTGAT,0.0034309035620034467,0.005225547971073253,0.05625481198383266,0.15897182455265915,0.3551183756185183,0.3356058667269017,0.07139249578102354,0.014000173803987956,1104.5298164466085
CAGAAGATTGTTGGTGATCCATCTAATATTGAAGGTGATACTCCACCAGAAGGTAGAGGTTCTCAAGGTGAAGGTGGTTCTCAAGATTCTGCTGCTGCTTGGGATACTGGTAAGACTGAT,0.2633457652601243,0.13738583283716044,0.21846226808750102,0.13544824596509314,0.07208406045241039,0.04917084547144884,0.05427545393845886,0.06982752798780305,916.323273809564
CAGAAGATTGTTGGTGATCCATCTAATATTGAAGGTGATACTCCACCAGAAGGTAGAGGTTCTCAAGGTGAAGGTGGTTCTCAAGATTCTGGTGGTGCTTGGGATACTGGTAAGACTGAT,0.523445154405771,0.2838570478685065,0.11558871303146623,0.051398718098100475,0.007740189604904659,0.007847749010743515,0.002811985903530126,0.007310442076977598,277.25442227223334
CAGAAGATTGTTGGTGATCCATCTAATATTGAAGGTGATACTCCACCAGAAGGTAGAGGTTCTCAAGGTGAAGGTGGTTCTCAAGATTCTTGGGATGCTGCTGGTACTGGTAAGACTGAT,0.5784159770923998,0.34863183119969887,0.01024932400194197,0.03770722469585721,0.006577170986771234,0.005076599340339209,0.010800139423654683,0.0025417332593369573,244.85971832423596
CAGAAGATTGTTGGTGATCCATCTAATATTGAAGGTGATACTCCACCAGAAGGTAGAGGTTCTCAAGGTGAAGGTGGTTCTCAAGATTCTTGGGATGCTGGTGGTACTGGTAAGACTGAT,0.036995023593953714,0.045363784383104774,0.03164880884974377,0.04366897967929143,0.05696114866076591,0.0699390416962279,0.3195208725558437,0.3959023405810688,3532.2683482308867
CAGAAGATTGTTGGTGATCCATCTAATATTGAAGGTGATACTCCACCAGAATTTAGAGGTTCTCAAGGTGAATTTGGTTCTCAAGATTCTGCTGCTGCTTGGGATACTGGTAAGACTGAT,0.06136202049846841,0.14552476137376064,0.13634932195734023,0.18503590552245275,0.19435670756097662,0.12052448430398381,0.07317011876585794,0.08367668001715958,1214.7579957417208
CAGAAGATTGTTGGTGATCCATCTAATATTGAAGGTGATACTCCACCAGAATTTAGAGGTTCTCAAGGTGAATTTGGTTCTCAAGATTCTGGTGGTGCTTGGGATACTGGTAAGACTGAT,0.016876926504735632,0.020753668482388545,0.03500124293748123,0.041665984005602584,0.027717720599377972,0.05844026521663062,0.3721810546152273,0.42736313763855616,3821.754964858602
CAGAAGATTGTTGGTGATCCATCTAATATTGAAGGTGATACTCCACCAGAATTTAGAGGTTCTCAAGGTGAATTTGGTTCTCAAGATTCTTGGGATGCTGCTGGTACTGGTAAGACTGAT,0.33637672543520625,0.15683645702521093,0.1735530943691123,0.08203239449726854,0.1212687063580851,0.04512069116451956,0.045654434869551314,0.03915749628104596,706.2586009296368
CAGAAGATTGTTGGTGATCCATCTAATATTGAAGGTGATACTCCACCAGAATTTAGAGGTTCTCAAGGTGAATTTGGTTCTCAAGATTCTTGGGATGCTGGTGGTACTGGTAAGACTGAT,0.1304088762540771,0.10933954107719417,0.09465973944913693,0.14487983743958618,0.2248850603460802,0.1892613436156092,0.08063164732460677,0.025933954493709374,952.7851605115152
CAGAAGATTGTTGTTGATCCATCTAATATTGAAGTTGATACTCCACCAGAAGTTAGAGTTTCTCAAGTTGAAGTTGGTTCTCAAGATTCTGTTGTTGCTGTTGGTACTGGTAAGACTGAT,0.4867384552177159,0.25845654362514026,0.15730591529221585,0.05447221328738441,0.014265618254562818,0.013292511220340308,0.0027595179987739415,0.012709225103866592,327.8426719886618
CAGAAGATTGTTTATGATCCATCTAATATTGAATATGATACTCCACCAGAATATAGATATTCTCAATATGAATATGGTTCTCAAGATTCTTATTATGCTTATGGTACTGGTAAGACTGAT,0.14142845868237114,0.3622042106861743,0.12798983182095452,0.15712221968167267,0.10135601196538209,0.07070950305679044,0.023848647694645394,0.01534111641200943,559.1848186494968
CAGAAGATTGTTTCTATTCCAAATTTGGAATTGGATGATACTCCACCAGAATTTAGATTGTCTCAATTGGAATTTGGTTCTCAAGATTCATTCTTGGCTTGGGGTACTGGTAAGACTGAT,0.0027325674759348263,0.0011622635932504216,0.007354877328262392,0.019204607475777864,0.06734531634186833,0.14552344971017842,0.4236365172490386,0.33304040082568914,3478.3423327739297
CAGAAGATTGTTTCTCCAGATTTGAATATTGAATTGGATACTCCACCAGAATTTAGATTGTCTCAATTGGAATTTGGTTCTCAAGATTCATTCTTGGCTTGGGGTACTGGTAAGACTGAT,0.17924500502312798,0.12022842096376365,0.1486952725517678,0.0663783732507413,0.17662918541493003,0.0,0.16624044825250583,0.1425832945431635,1610.3042891599032
CAGAAGATTGTTTCTGATTTGCCAAATATTGAATTGGATACTCCACCAGAATTTAGATTGTCTCAATTGGAATTTGGTTCTCAAGATTCATTCTTGGCTTGGGGTACTGGTAAGACTGAT,0.07747936890332721,0.1039384297410577,0.16604148983896502,0.25823085116765193,0.14845574807051617,0.142036015845845,0.06786598081136162,0.03595211562127524,929.0256373431389
CAGAAGATTGTTTCTTTGCCAATCTTGGATGAGAATGATACTCCACCAGAATTTAGATTGTCTCAATTGGAATTTGGTTCTCAAGATTCATTCTTGGCTTGGGGTACTGGTAAGACTGAT,0.13151186574552012,0.17410156981716693,0.12058151387296208,0.2230027062649776,0.18415796457299632,0.10151114635978475,0.03209748330260334,0.033035750063988754,782.658316683965
CAGAAGATTGTTTCTTTGCCAGATAATATTGAATTGGATACTCCACCAGAATTTAGATTGTCTCAATTGGAATTTGGTTCTCAAGATTCATTCTTGGCTTGGGGTACTGGTAAGACTGAT,0.0493280715327399,0.06203767172762709,0.10741712986745172,0.17810589561081858,0.10936845049899345,0.1243395360265573,0.1486849931825038,0.2207182515533083,2186.4515163902533
CAGAAGATTGTTTGGGATCCATCTAATATTGAATGGGATACTCCACCAGAATGGAGATGGTCTCAATGGGAATGGGGTTCTCAAGATTCTTGGTGGGCTTGGGGTACTGGTAAGACTGAT,0.1949683340907449,0.28334546361495166,0.13478232198086795,0.13236862523959794,0.04269401231349458,0.04964139662510897,0.11050295709656191,0.051696889038672054,920.0674531854326
CAGAATATTGTCTTGGATCCATCTAATATTGAATTGGATACTCCACCAGAATTTAATTTGTCTCAATTGGAATTTGGTTCTCAAGATTCATTCTTGGCTTGGGGTACTGGTAATACTGAT,0.17731741705576085,0.3211258314279865,0.04412886426689513,0.11819618094796415,0.03494594555691782,0.09751806118904051,0.16445271035877815,0.04231498919665679,1029.0810751959025
CAGAATCAAACTTTGATTGCTGTTAAAGCTCCACATGGTACTACTTTGGAAGTTCCAGATCCAGATGAAGCTGCTGATCATCCACAAAGAAGATATAGAATTATCTTGAGATCTACTATG,0.03648333559313504,0.028466455534878896,0.05558928225400331,0.12407678007760486,0.2817377788030845,0.32417123768209855,0.11393890499999608,0.03553622505519875,1272.4337631473866
CAGAATTTGCCAGGTGTTAAACAAGATGGTTCTGTTTCTCACTTCTTTCATAGAGCTGTTAAAGCTTATAATACTGGTACTAGGAAGAGAAGGAAGATTCATGGTGATAACTTTGGTGAT,0.3098269033169037,0.2810844819472099,0.22052516525844293,0.11464895317333654,0.03598247163545469,0.0250729884714225,0.006823626275138555,0.006035409922091294,358.3969186330495
CAGAATTTGGTCTTGGATACTGCTAATGTTGTTCCAGAAACTCCACCATCTGAATTTCAATTGGATCAATTGGACTTCTCTTCTCAAGATTCATTTGTTTCTTGGTGTGCTTCTAAAGCT,0.11483896747635655,0.07033003263574222,0.0931953106504273,0.12758219699162768,0.08364226182617074,0.14187489344277548,0.2732140906998528,0.0953222462770472,1698.4627484687283
CAGAATTTGGTCTTGGATACTGCTAATGTTGTTCCAGAAACTCCACCATCTGAATTTCAATTGGCTCAATTGGACTTCTCTTCTCAAGATTCATTTGTTTCTTGGTGTGCTTCTAAAGCT,0.014456329725659741,0.013865823148264574,0.09115274552865975,0.21733399541655804,0.3273506734532888,0.30007813990513466,0.021782486913833735,0.013979805908600679,949.2012404542561
CAGAATTTGGTCTTGGATACTGCTAATGTTGTTCCAGAAACTCCACCATCTGAATTTCAATTGTCTCAATTGGACTTCTCTGATCAAGATTCATTTGTTTCTTGGTGTGCTTCTAAAGCT,0.005803893089931005,0.005502543449728397,0.006666511857344964,0.03930756307480818,0.15034880437978793,0.3554088892561245,0.37876348944150157,0.05819830545077346,1976.5136291056374
CAGAATTTGGTCTTGGATACTGCTAATGTTGTTCCAGAAACTCCACCATCTGAATTTCAATTGTCTCAATTGGACTTCTCTGCTCAAGATTCATTTGTTTCTTGGTGTGCTTCTAAAGCT,0.04555700903816935,0.08785229954876458,0.11337741670458058,0.14761918364286983,0.18705071203411852,0.17399083537828663,0.09506646841169132,0.14948607524151927,1715.4704273692532
CAGAATTTGGTCTTGGATACTGCTAATGTTGTTCCAGAAACTCCACCATCTGAATTTCAATTGTCTCAATTGGACTTCTCTTCTCAAGATTCATTTGTTTCTTGGTGTGCTTCTAAAGCT,0.013610796214192283,0.046778120226973155,0.08990406420266138,0.20093999221852574,0.3029025724080831,0.2684190913810967,0.06486157655520605,0.012583786793261503,989.1782281420394
CAGAATTTGGTCTTGGATACTGCTAATGTTGTTCCAGAAGATCCACCATCTGAATTTCAATTGGATCAATTGGACTTCTCTGATCAAGATTCATTTGTTTCTTGGTGTGCTTCTAAAGCT,0.03722032357286696,0.037448246301329924,0.06947247346831914,0.08270103360417803,0.238401456780331,0.23881444702819007,0.2071195213743893,0.08882249787039555,1689.490244136395
CAGAATTTGGTCTTGGATACTGCTAATGTTGTTCCAGAAGATCCACCATCTGAATTTCAATTGTCTCAATTGGACTTCTCTTCTCAAGATTCATTTGTTTCTTGGTGTGCTTCTAAAGCT,0.17773765131355987,0.17601470990648416,0.16286204062683513,0.1383134098446557,0.18919253783765158,0.1368479337661815,0.014823381824394515,0.00420833488023747,587.026477283657
CAGAATTTGGTCTTGGATACTGCTAATGTTGTTCCAGAAGCTCCACCATCTGAATTTCAATTGGCTCAATTGGACTTCTCTGCTCAAGATTCATTTGTTTCTTGGTGTGCTTCTAAAGCT,0.015458904835588578,0.1255342570283561,0.09235216307529436,0.33363759668558407,0.20749060456986643,0.21650788272637173,0.007882135505224505,0.0011364555737143104,707.708548695407
CAGAATTTGGTCTTGGATACTGCTAATGTTGTTCCAGAAGCTCCACCATCTGAATTTCAATTGTCTCAATTGGACTTCTCTTCTCAAGATTCATTTGTTTCTTGGTGTGCTTCTAAAGCT,0.06905470357990401,0.0990909570994244,0.15354344712856793,0.22889463622039602,0.20748742382623653,0.17847372526987146,0.04724605848953138,0.01620904838606832,824.8966402016027
CATAAGAAAGTTGGTATTAAGAAATATTTGACATTCTATTTGGGTGATTCTCAAACTAATTGGATTATGCAAGAATATTCTTTGCCAGATTCTTCTTCTTCTTCTTCTAGATCTTCTAAA,0.2984753536213056,0.2574026572661118,0.13264528044104468,0.09474171205543402,0.04201707726389204,0.0390834458409606,0.059318660238970596,0.07631581327228072,919.0563305446904
CATAATTCTCCAGAAGCTCCAATCTTGTTTCCAGATGATTGGTATCCACCATCTATTGATCCAGCTGATTTGGATGAAGCTTGGGATTATATCTTTGAAGATGATGAATCTCCAGATGAT,0.000564999055863468,0.00025353800234634977,0.0001221268627605817,0.000804510215670732,0.00012285175939282138,0.0008242334362070529,0.28053089073699605,0.7167768499307631,5285.477671966885
CATAATTCTCCAGAAGCTCCAATCTTGTTTCCAGATGATTGGTATCCACCATCTATTGATCCAGCTGATTTGGATGAAGCTTGGGATTATATCTTTGAAGCTGCTGAATCTCCAGCTGCT,0.0009826669625133616,0.0011684452369889453,0.0008892932896239688,0.0022826656499994507,0.003081038451211013,0.002784036973013202,0.25684138491751773,0.7319704685191324,5326.874724837168
CATAATTCTCCAGAAGCTCCAATCTTGTTTCCAGATGATTGGTATCCACCATCTATTGATCCAGCTGATTTGGATGAATCTTGGGATTATATCTTTGAAACTACTGAATCTCCATCTTCT,0.11465651099938362,0.14831822919061205,0.12229066048945099,0.14557656461198554,0.09684279970898421,0.09008123753447576,0.10633796897797243,0.17589602848713534,1754.5028495085028
CATACTTCTCATAGAACTGTTGATTCTATGTCTCATGAACCACCATTGCCACAACCACAGAATCCATATTGGAATCAACATATTGTTGGATTTAATCAACCAACTTATACTGGTAATGAT,0.0804804705481178,0.17147287381816043,0.12960018592369502,0.2156384689830882,0.1959324097536991,0.1171622656001507,0.06146944052711718,0.028243884845971606,850.1683079141092
CATAGAATTGCTACTAAGATTAGATCTGCTTCTGGTGCTTCTGATCCAGAGAAAGTTAAATGGAAATCTAATCCAACTAGAGCTTGTCCAAATTGTCAACATGTTATTGATAATTCTGAT,0.32405376847729794,0.10246913198499541,0.16129407930427497,0.11314686219873948,0.14597699475090298,0.1272983288855808,0.02576083439820842,0.0,533.3204604566248
CATAGACAAGCTCATATGAGAGGTAGAGATAGAGATTTGGGTGAAATGTTGAGAGCTACTATTGCTGATAGATATTATAGAGAAACTGCTAGATTGGCTAGAGTCTTGTTCTTGCATTTG,0.30447459897933804,0.14510798646533468,0.1595250213362472,0.1068192474518989,0.0789555884112787,0.07344291094148192,0.07431168511985815,0.05736296129456244,901.958262736372
CATATTATTGATAATTCTGATGTTACTCAAGAATGGCCAGGTTTGCCAAGAGGTGTTAAATTTGATCCATCTGATCAAGAAATTATTTGGCATTTGTTGGCTAAAGTTGGTGTTGGTAAT,0.047996440330680255,0.0965807035810222,0.13030735927889953,0.19874719042676048,0.21498182834694202,0.11998308105369773,0.1133088976144374,0.07809449936756024,1289.6499523850955
CATCAAGCTCATCAAACTCAAGATGCTTTGACTGGATTTGCTGATCAATTGGAAATGATGTTGGAAGGTCAAGAAGATAGAGAACAGAAAGAAGAAGCTGATTTGACTGGATTTGCTGAT,0.13102017529029988,0.13182249168546495,0.0877878114185778,0.07837790688576628,0.2284220704691552,0.1662837233204446,0.1402089451695822,0.03607687576070909,1114.1139811107491
CATCAATATCATTTGGGTACTGAAGAAGATGAGAAAGATGGTGAATATGTTATTTCTAAAGTCTTCTATCAACAACAACAAGTTAAATTTGGTGAGAAAGGTGATCAAGATATTCCAGAA,0.161899685396799,0.04072277396365037,0.1510944897649632,0.08993252904084836,0.07976849772433066,0.07419906294393407,0.11261517274427305,0.2897677884212013,2423.7985739725896
CATCATAAGAGGAAATATGTTGTTTGTCAAGTTAAATATAAAGGTGAAGCTGCTGAAATTTCTTATGAACCATCTCCATCTTTGGTTTCTGATTCTCATACTGTTATTGCTATTAATGGT,0.15282647332123572,0.36902957513046236,0.07606763971144789,0.06791401090860533,0.12047695494369137,0.0840489424226098,0.05669545196306858,0.072940951598879,986.5266457272576
CATCATGTTATTGATAATTCTGATGTTGCTCAAGAATGGCCAGGTTTGCCATTGGGTGTTAAATTTGATCCATCTGATCAAGAAATTATTTGGCATTTGTTGGCTAAAGTTGGTGCTGGT,0.07533270621462183,0.07870916868885454,0.07210768867321767,0.12070973216379641,0.185583337902136,0.23370892874338225,0.13704715879003282,0.09680127882395853,1545.2067077582424
CATCCAAGAGATTTGCCAGGTTATGGTTCTGAAGAACATTGGTACTTCTATTGTAAGAAACCTAAGAATCAAGTTACTAGAACTAAATCTTATAATTTGTGGATTCCAACTGGTGAGAAA,0.07252185098486544,0.14593189296663583,0.09024231718559052,0.1611386323279771,0.14292700053300694,0.16618480057105256,0.1345205130181437,0.08653299241272797,1389.2290381829957
CATCCACAGAAATTGCCAGGTGTTAAACAGAATGGTTCTGTTTCTCACTTCTTTCATAGAACATTTAAAGCTTATAATACTGGTACTAGGAAGAGAAGGAAGATTAATACTGTTGATGCT,0.27959971027306096,0.3216688468173757,0.19084161430684482,0.12320179123085545,0.027900694683890174,0.035684919581320654,0.01969475194562389,0.0014076711610281974,370.05464589298725
CATCCACCAGATGATCCAGTTCCAGTTGATGATGATCCAGTTATTCCACCAATTAGAAGACATTTGGCATTTGCTGATGATAAACCACCATTTCATCCAGATGATGATTATCATAGATTT,0.09611855738677733,0.2022058588852339,0.18484377884422332,0.21356891293185215,0.13776850491553605,0.1041214775993116,0.040520444636658895,0.020852464800406714,712.8113401721148
CATCCACCAGCTGCTCCAGTTCCAGTTGCTGCTGCTCCAGTTATTCCACCAATTAGAAGACATTTGGCATTTGCTGCTGCTAAACCACCATTTCATCCAGCTGATGATTATCATAGATTT,0.539870852688447,0.3182937664837208,0.08794850672569549,0.033405672813190755,0.005513425701132279,0.006749739363959518,0.005892189844834726,0.0023258463790192625,243.04568718988796
CATCCACCATCTTCTCCAGTTCCAGTTACTTCTACTCCAGTTATTCCACCAATTAGAAGACATTTGGCATTTGCTTCTACTAAACCACCATTTCATCCATCTGATGATTATCATAGATTT,0.5580011548947736,0.2813318161302089,0.09787491006720891,0.03521196925965856,0.004122252007881962,0.014741060582733456,0.005374307800674068,0.0033425292568604044,256.03212392033134
CATCCAGAAACTAGATATTTGGAAGATGAAATTCAACCTAAATTGGAGAAACCAGATGGTAGAGGTGATCAGAAATTGGATGAACATGATAATGATATGGTTGATAATCATGAGAATCAA,0.5763731548496133,0.2336118157761981,0.1000517535000383,0.053110485642346564,0.012991451101398196,0.009547014316695536,0.011312924874875141,0.003001399938834705,269.79247019027486
CATCCAGAAACTAGATATTTGGAAGATGAAATTCAACCTAAATTGGAGAAACCAGATGGTAGAGGTGCTCAGAAATTGGATGAACATGATAATGATATGGTTGATAATCATGAGAATCAA,0.10611155327231112,0.11743747289130102,0.38291469013134327,0.15325223665130638,0.06273780588256705,0.08753618045557791,0.039365185497877736,0.050644875217715546,836.1584806648485
CATCCAGAAACTAGATATTTGGAAGATGAAATTCAACCTAAATTGGAGAAACCAGATGGTAGAGGTTCTCAGAAATTGGATGAACATGATAATGATATGGTTGATAATCATGAGAATCAA,0.03142375956956939,0.03161618640341028,0.15640819089587818,0.13964292336389236,0.2477214047769528,0.2016223139614008,0.11657563067824721,0.07498959035064902,1377.4170551734196
CATCCAGAAGCTGCTTCTGCTGCTCCACCAGGTGCTTCTTTGTTGTTGTTGCAACAACAACAACAACAACAACAACAACAACAACAACAACAACAACAACAACAACAACAACAACAACAA,0.11879607398102261,0.23904706950561722,0.07391174413650557,0.19796761211214162,0.11706241842026431,0.2177782458120681,0.0,0.03543683603238072,807.2434568730386
CATCCAGATGGATTTGTTAATAAAGAAGCTCCAGTCTTCTTGGGTGATGGTAACTTCTCTGGTATGTTTGATTTGTCTAATGATCAAGTTGTTGAATTGCAAGATTTGATTCAATCTCCA,0.0722942837680541,0.0848598166893482,0.13493871704674193,0.16063299341250986,0.09498567208207241,0.23192865811022598,0.13409839942981344,0.08626145946123408,1438.9239134614031
CATCCAGATGTTATTCCAGATTTGGATTTGTATCATTATGATCCATGGGATTTGCCAGGTAAAGCTTTGGGTGAAGGTAGACAATGGTACTTCTATTCTAGGAAGACTCAAGAAAGAGTT,0.29599937974221807,0.17868717862046768,0.1718853806172784,0.10961508973698705,0.05833594003966421,0.01808764199059815,0.07320642054817403,0.0941829687046124,1053.815327364742
CATCCATTTATTGATGAATTTATTCCAACTGTTGAAGAAGATGAAGGTATTTGTTATACTCATCCACAGAAATTGCCAGGTGTTAAACAGAATGGTTCTGTTTCTCACTTCTTTCATAGA,0.07466925394140268,0.11268974894562472,0.09291443070858305,0.0,0.07357956500661629,0.17110560343572717,0.207755584223348,0.2672858137386982,2596.488035915387
CATGAATATAGATTGTGTGATATTGATGATCATTCTCAGAAATCTCCAAACTTTAAAGGTGCATTTGCTTTGTGTAGAGTTGTTAAGAAGAATGAATTGAAGAAAAATTCTAAATCTTTG,0.0813042263900208,0.409010508631382,0.0,0.0903262372998882,0.0,0.07452389294933484,0.1508109086571901,0.19402422607218403,1878.39795057763
CATGATAAAGAAGATGAGAATGATCAAGAGAATAAAGAAGGTGAAGAGAATCATCAAGCTGAAGAAGAAGAGAATTTGTTGGATTCTGGTGGTGATCAATTTATCTTAAATTCTCAACAA,0.06171884191399432,0.18629035200916239,0.07679962980388245,0.1371350791496366,0.12163629073641474,0.05657182377815448,0.28620512867524783,0.0736428539335073,1526.363730266383
CATGATAAAGAAGATGAGAATGATCAAGAGAATAAAGAAGGTGAAGAGAATCATCAAGCTGAAGAAGAAGAGAATTTGTTGGATTCTGGTGGTGATCAATTTATCTTGAATGATCAACAA,0.061334705853661776,0.09256544346521758,0.11448244711692762,0.23849272105217897,0.12087923042763478,0.14054930647732786,0.08532713918498896,0.14636900642206255,1621.1258068592597
CATGATAAAGAAGATGAGAATGATCAAGAGAATAAAGAAGGTGAAGAGAATCATCAAGCTGAAGAAGAAGAGAATTTGTTGGATTCTGGTGGTGCTCAATTTATCTTAAATTCTCAACAA,0.5334028748769162,0.2660012684446904,0.12120433822379627,0.046376804228031115,0.009141193692601152,0.008502955747317822,0.004301769646536974,0.011068795140110124,303.6438683219409
CATGATAAAGAAGATGAGAATGATCAAGAGAATAAAGAAGGTGAAGAGAATCATCAAGCTGAAGAAGAAGAGAATTTGTTGGATTCTGGTGGTGCTCAATTTATCTTGAATGCTCAACAA,0.01298330634929773,0.027058680027796333,0.019617675593391604,0.023696592620814944,0.029243048949970398,0.09860471216201308,0.4601513390090909,0.32864464528762494,3465.34308893001
CATGATAAAGAAGATGAGAATGATCAAGAGAATAAAGAAGGTGAAGAGAATCATCAAGCTGAAGAAGAAGAGAATTTGTTGGATTCTGGTGGTTCTCAATTTATCTTAAATTCTCAACAA,0.48167272396952643,0.2347340609709287,0.12740898431930653,0.07306496263312645,0.02922681111919402,0.016831801226344856,0.007271623949938952,0.029789031811634125,457.27444771718035
CATGATAAAGAAGATGAGAATGATCAAGAGAATAAAGAAGGTGAAGAGAATCATCAAGCTGAAGAAGAAGAGAATTTGTTGGATTCTGGTGGTTCTCAATTTATCTTGAATGATCAACAA,0.5217359907116629,0.22544063380565582,0.1472094636519154,0.059957389446378156,0.016947196254823743,0.00793504894044316,0.01780324536752348,0.0029710318215975294,296.2959287582519
CATGATAAAGAAGATGAGAATGATCAAGAGAATAAAGAAGGTGAAGAGAATCATCAAGCTGAAGAAGAAGAGAATTTGTTGGATTCTGGTGGTTCTCAATTTATCTTGAATGCTCAACAA,0.4438809530478335,0.2846736260246706,0.1764096273023823,0.06890902439886591,0.0009555904625030611,0.02187990540662875,0.0031132586482986815,0.0001780147088171048,263.7358490284559
CATGATATTGAAGCTTTGACTGTTGATAATCCAGAAACTGCTATTGTTTCTCATGATCATCCACATCCACAACCAGGTGATACTTCTGATTTGAATTATTTGCAAGAACAAGTTGGTGGT,0.0517592837034425,0.18226683071395158,0.2254227066520856,0.0575028082776668,0.12750983098552304,0.09488567788212895,0.1680141816527904,0.09263868013241117,1405.911408521623
CATGGTAAGAGATCTATTGAAGTTGGTTTGCCACCAGGTTTGGATGAATTGGATTATCAAGATCATAGAGTTGAAGATTGTGAAAGACCACATTCTGATTTGGATATTGGTAAAGAACCA,0.1949795835307373,0.24176631401557727,0.22087539580007537,0.17869518219885158,0.09265336025974963,0.05578282007330937,0.010201461012912378,0.005045883108787088,451.6908046386378
CATGGTCAGAAATCTGATTGGATTATGCATGAATATAGATTGGATGATACTCCAATGTCTAATGGTTATGCTGATGTTGTTACTGAAGATCCAATGTCTTATAATGAAGAAGGTTGGGTT,0.22187382850578993,0.2882242368890835,0.1677496341271123,0.13416778162426973,0.044280689285694806,0.059209205498239006,0.044281012900822724,0.040213611168988056,706.5683733506413
CATGGTCCACAATTTCAAGTTTCTGGTATGCAACAACAACCAGTTGCTATGGGTATTCCAAGAGTTTCTGGTGGTGGTATCTTTGCTGGTTCTTCTACTATTGGTAATGGTTCTACTAGA,0.10735059318804634,0.11797793242488684,0.10275487953977717,0.10825398714893218,0.13670543523100623,0.16803373550863773,0.16236282394349297,0.09656061301522048,1499.8941870830865
CATGGTGATGATTTGTTGAAAGATCCTAAGATGAGACATGATGATGGTTTGGAGAAAGATCCAGATAGATTGATTGATGATCCTAAAGATGGTAATGATATCTTGAGGAAATGGCAAACT,0.11358866113239197,0.1803064809530487,0.22611369987129382,0.23535512314149687,0.13238486923569778,0.09488347541323255,0.011771113712800365,0.00559657654003789,546.0766224450931
CATGGTGATGTTGCATTTCCAACTTTGCCAGCTACTAGAGATGGTTTGGGTTTGTATTATGAAGCTTTGTCTAGATTCTTTCATGCTGAATTGAGAGCTAGAGAAGAATCTTATAGAACT,0.030461292031530474,0.02553985424164565,0.04422180529139553,0.03384146205760992,0.060033507740104665,0.13029792890851763,0.2636785100343968,0.4119256396947993,3567.861504403686
CATGGTGCTGATTTGTTGAAAGCTCCTAAGATGAGACATGCTGATGGTTTGGAGAAAGCTCCAGCTAGATTGATTGCTGCTCCTAAAGATGGTAATGCTATCTTGAGGAAATGGCAAACT,0.06136916423455077,0.09261744755105591,0.07636450957966684,0.05113429465174351,0.1058287487685025,0.1125026146578563,0.2988127685458473,0.20137045201077683,2371.0960849765247
CATGGTTCTGATTTGTTGAAGACTCCTAAGATGAGACATTCTGATGGTTTGGAGAAGACTCCATCTAGATTGATTTCTACTCCTAAAGATGGTAATTCTATCTTGAGGAAATGGCAAACT,0.04159615877457607,0.08230672557146569,0.18978680554650712,0.26956954069734773,0.22817278726880816,0.14869632862778256,0.02829073902622191,0.011580914487290778,745.4345980548035
CATGTTAGATCTGTTCATTCTAATGAAAGACCATTTGCTTGTCATATTTGTGATAAGAAATTCTCTAGATCTGATAATTTGTCTCAACATATTAAGACTCATAAGAAACATGGTGATATT,0.23281969526414056,0.09369815686833956,0.1448541956786494,0.12932739155302753,0.20647982802073725,0.12804227393884537,0.06477845867626027,0.0,669.39378066165
CATGTTATTGATAATTCTCATGAAGTTGATGATTGGCCAGGTTTGCCAAGAGGTGTTAAATTTGATCCATCTGATCCAGAAATTATTTGGCATTTGTTGGCTAAGACTGGTTCTTTGGGT,0.32148482798516953,0.2861434932490063,0.2015077884934563,0.12193233182117787,0.003094259411546534,0.0633208023044892,0.0018028309838830881,0.0007136657512712225,338.3256177845517
CATGTTGAATCTAAGAAGAGAATCTTGTTGTCTGATTATGCTAAATTGGGTCCAGAAGATTTGAAGAAAGATTTGGAAGAATGTCATAATTTGGCTTTGGATCCAGCTAATATTGAATTG,0.17148571614129138,0.2588037415625981,0.23472643067611573,0.1333603691250978,0.11828819243189947,0.06287389337301265,0.0,0.020461656689984887,536.107287614358
CATGTTGGTAAAGATGATGAATCTAGATTGGATCATTTGGGTGTTGTTGCTTATAATAGGAAACAAAGATCTATTCCATTGTCTCCAATTGTTCCAGAATCTTCTGATCCAGCTGCTTTG,0.17776961783109405,0.26050396418826627,0.0981778029815421,0.2051257452170084,0.16895240468263786,0.06848448312645238,0.02027956153078606,0.0007064204422128475,500.84163069981696
CATTATGGTGCTTTGACTTGTGGTTCTTGTAAAGTCTTCTTTAAGAGAGCTGCTGAAGGTAAACAGAAATATTTGTGTGCTTCTAGAAATGATTGTACTATTGATAAATTTAGAAGGAAA,0.0012441010036682092,0.0017881705606304758,0.0013269367097259056,0.0011847034365888396,0.0015762152092256797,0.1668168701174068,0.44604125779535486,0.38002174516739917,3802.315391057415
CATTATTATTTGAGGAAGAAAGTTAATTCTCAGAAGATTGATTTGGATGTTATTAGAGAAGTTGATTTGAATAAATTGGAACCATGGGATATTCAAGAAGAATGTAGAATTGGTTCTACT,0.24759751344026992,0.24911370393532217,0.051349519808641914,0.13753621888353082,0.16265612572792645,0.11347460891903245,0.03827230928527626,0.0,558.8182153702239
CATTCTCAGAAATCTCCAAACTTTAAAGGTGCATTTGCTTTGTGTAGAGTTGTTAAGAAGAATGAATTGAAGAAAAATTCTAAATCTTTGAAGAATAAGAATGAACAAGATATTGGTTCT,0.37596659511516634,0.25492032391391756,0.1322136022719574,0.10896159981614228,0.04832346660142018,0.04494952321177061,0.01516041404305778,0.01950447502656776,473.7942954046816
CATTCTGATTTGGATATTGGTAAAGAACCAGAATGTTCTCATTTGACTACATTCTCTCAACATCCAGAAACTAGATATTTGGAAGATGAAATTCAACCTAAATTGGAGAAACCAGATGGT,0.07046200473287025,0.11402448883600094,0.1661611949832846,0.20528207217911473,0.22189655602850844,0.16530365437237804,0.045699199939848105,0.011170828927994897,778.593050728507
CATTCTGATTTGGATATTGGTAAAGAACCAGAATGTTCTCATTTGACTACATTTGATCAACATCCAGAAACTAGATATTTGGAAGATGAAATTCAACCTAAATTGGAGAAACCAGATGGT,0.06025225317667654,0.07274545733874627,0.13495443322608444,0.08032585108944476,0.16624428619689866,0.2650921949855826,0.13411401773819157,0.08627150624837501,1496.1476250745538
CATTCTGATTTGGATATTGGTAAAGAACCAGAATGTTCTCATTTGACTACATTTGCTCAACATCCAGAAACTAGATATTTGGAAGATGAAATTCAACCTAAATTGGAGAAACCAGATGGT,0.15150729564030757,0.1524350671610677,0.17402546311761682,0.07768590720954263,0.04593731306901769,0.010682492716807176,0.15132401954746774,0.23640244153817266,2098.632352087281
CATTCTTTGTATGGTTCTGATAGAGCTAGAGATTTGCCATCTCAACAAACTAATCCAGATAGATTTACTCAAACTCAAGAACCATTGATTACTTCTAATAAACCATCTTTGGTTAACTTT,0.07190364066847676,0.04089005897166981,0.12059410991692983,0.2674327357208683,0.22488542449970333,0.23783926178567633,0.028994303693482094,0.007460464743193526,810.7787892829856
CATTTGAAGAAAGATTTGGAATCTTGTCAGAATTTGGATCAATCTGAATTGCCTAAGATTGAATTTGATCAACCAGGTTTGAGATTGAATCAATTGGATACTCCATTGGACTTTCATTTG,0.29409936943218273,0.25891277924413353,0.13723557910456463,0.04084180277671791,0.036225927221199515,0.10108990130579942,0.0,0.13159464091540227,1171.9974812466974
CATTTGAAGAAAGATTTGGAATCTTGTCAGAATTTGGCTCAATCTGAATTGCCTAAGATTGAATTTGATCAACCAGGTTTGAGATTGAATCAATTGGATACTCCATTGGACTTTCATTTG,0.05646135840914911,0.0710088821525866,0.14051499637953416,0.23914536745753123,0.24689090557846233,0.1940729475276349,0.03927373678978351,0.012631805705318105,825.490897465919
CATTTGAAGAAAGATTTGGAATCTTGTCAGAATTTGTCTCAATCTGAATTGCCTAAGATTGAATTTGATCAACCAGGTTTGAGATTGAATCAATTGGATACTCCATTGGACTTTCATTTG,0.23098372997259933,0.1971863380622,0.1829060635992278,0.16330051051470407,0.08276831239280692,0.07698943061734351,0.03245839893560186,0.033407215905516534,685.6164756580107
CATTTGAAGAGACATGTTAGATCTGTTCATTCTAATGAAAGACCATTTGCTTGTCATATTTGTGATAAGAAATTCTCTAGATCTGATAATTTGTCTCAACATATTAAGACTCATAAGAAA,0.35835510753338723,0.3066257093877941,0.20735519307208344,0.08310554096565728,0.016852454672452784,0.01479635070543651,0.00740749075465667,0.005502152908532001,321.2018132817006
CATTTGAATTTGCCATTGGTTAGATCTGCTGCTACTGAAGAACCAGGTGCTCCATTGACTACTCCACCAACTTTGCATGGTAATCAAGCTAGAGCTTCTGGTTACTTTATGGTCTTGATT,0.06252740109744996,0.0617364505671359,0.08003394523618024,0.1488688968573278,0.2100575115756666,0.19556365867881945,0.1559979991751508,0.08521413681226919,1497.961993398117
CATTTGGCATTTGCTGATGATAAACCACCATTTCATCCAGATGATGATTATCATAGATTTAATCCAGATGATTTGGATAATAATAATGATAGAGACTTTGTTCATGGTTGTGGTGTTGTT,0.03787068030636168,0.06417277568929922,0.07771367789373575,0.07233610569905943,0.03928211886505676,0.05846310748510772,0.2569531495036192,0.39320838455776025,3357.2745005945985
CATTTGGCATTTGCTGCTGCTAAACCACCATTTCATCCAGCTGATGATTATCATAGATTTAATCCAGCTGCTTTGGCTAATAATAATGATAGAGCATTTGTTCATGGTTGTGGTGTTGTT,0.07956613467117017,0.11644126052712314,0.07200570726771179,0.16875461851393317,0.07127725718097955,0.0663006806310875,0.20125490285435466,0.22439943835364,2238.460822020582
CATTTGGCATTTGCTTCTACTAAACCACCATTTCATCCATCTGATGATTATCATAGATTTAATCCATCTTCTTTGTCTAATAATAATGATAGATCATTTGTTCATGGTTGTGGTGTTGTT,0.12775149238290848,0.2111175895286463,0.19270690798286802,0.3343064458596637,0.06830549999266222,0.04926692469652411,0.01614898118098723,0.00039615837573992975,458.5242777948031
CATTTGGGTATTGAAGAAGATGAGAAAGAAGGTGATGAAGAAGTTTCTAAGATCTTCTATCAACAACCACAACAATTGGTTGTTAAGAGAGGTGATAAAGCTGAACAAGAAGAAGAAGAA,0.2884707543221163,0.28234741445879824,0.22703017473601536,0.13092887590345514,0.02701110591408006,0.026727265036976602,0.008804719135713769,0.008679690492844633,382.8339344192997
CATTTGGGTATTGAAGAAGATGAGAAAGAAGGTGATGAAGTTGTTGAGAAGATCTTTGAACAACAACCACAACAATTGGTTGTTAAGAGAGGTGATAAAGCTGAACAAGAAGTTGAAGAA,0.18266928627965504,0.21004329332975777,0.09741595778366094,0.12756189603809023,0.06685844073154143,0.11002914419664081,0.13069256778098248,0.07472941385967138,1186.0789764149033
CATTTGGGTATTGAAGAAGATGAGAAAGAAGGTGATGAAGTTGTTTCTAAGATCTTCTATCAACAACCACAACAATTGGTTGTTAAGAGAGGTGATAAAGCTGAACAAGAAGTTGAAGAA,0.24309723758369228,0.22012728313192437,0.12099888639382125,0.1620436703764788,0.11977479385126237,0.11141212034328953,0.022546008319531397,0.0,509.3307127187311
CATTTGGGTATTGAAGAAGATGAGAAAGAAGGTGATGATGTTGTTGATAAGATCTTTGATCAACAACCACAACAATTGGTTGTTAAGAGAGGTGATAAAGCTGAACAAGAAGTTGATGAA,0.28991695989305777,0.29876799385992764,0.22544178832567366,0.11191459966251564,0.030704507933109536,0.026547661483919485,0.008937967884318629,0.00776852095747764,374.4012831649808
CATTTGGGTATTGAAGAAGATGAGAAAGAAGGTGATGATGTTGTTTCTAAGATCTTCTATCAACAACCACAACAATTGGTTGTTAAGAGAGGTGATAAAGCTGAACAAGAAGTTGATGAA,0.030103252953640296,0.03727703817916556,0.02017016606430668,0.03344369278843314,0.059327879701361885,0.15282168487707945,0.4016070437779865,0.26524924165802655,3017.701461077001
CATTTGGGTATTGAAGAAGATGAGAAAGAAGGTGATGCTGTTGTTGCTAAGATCTTTGCTCAACAACCACAACAATTGGTTGTTAAGAGAGGTGATAAAGCTGAACAAGAAGTTGCTGAA,0.5251506161564559,0.3034858123297496,0.10718116630801024,0.01418112585353176,0.012247387114393295,0.013338993088265286,0.009054803988750196,0.015360095160843903,339.7371131656887
CATTTGGGTATTGAAGAAGATGAGAAAGAAGGTGATGCTGTTGTTTCTAAGATCTTCTATCAACAACCACAACAATTGGTTGTTAAGAGAGGTGATAAAGCTGAACAAGAAGTTGCTGAA,0.2944535136833044,0.27062532845885,0.24080134238120038,0.12786533577638493,0.030331371958354832,0.025150641744609147,0.005946504967326248,0.0048259610299700465,352.5272124728406
CATTTGGGTATTGAAGAAGATGAGAAAGAAGGTGATTATGTTGTTTCTAAGATCTTCTATCAACAACCACAACAATTGGTTGTTAAGAGAGGTGATAAAGCTGAACAAGAAGTTTCTGAA,0.30682243263326187,0.2646011086357808,0.1785008311710669,0.12395247774704113,0.07067800669241624,0.04382884653242261,0.00923902264394828,0.0023772739440622473,380.1479167996374
CATTTGGGTGGTACTGATGACTTTAAGAGAGATTTGGAAGATTGTCAGAAATTGGTCTTGGATCCATGTAATATTGATTTGGATACTCCACCAGAATTTAGATTGGATCAATTGGAATTT,0.040582487433788055,0.22457049307517157,0.050498679411042864,0.15780018376940083,0.15996098070608383,0.14879250850381648,0.1693716879639604,0.04842297913673591,1225.9997978717668
CATTTGGGTGGTACTGATGACTTTAAGAGAGATTTGGAAGATTGTCAGAAATTGGTCTTGGATCCATGTAATATTGATTTGGATACTCCACCAGAATTTAGATTGGCTCAATTGGAATTT,0.004302047354104866,0.014537960393840204,0.00031207216506130126,0.024690142699155326,0.15221433542836937,0.2620070732082673,0.4277629929379936,0.11417337581320802,2326.1600302257007
CATTTGGGTGGTACTGATGACTTTAAGAGAGATTTGGAAGATTGTCAGAAATTGGTCTTGGATCCATGTAATATTGATTTGGATACTCCACCAGAATTTAGATTGTCTCAATTGGAATTT,0.02957992631101926,0.11904424891972155,0.22084608069717876,0.03286229464216723,0.058296500795376106,0.1355656009367171,0.19203693547888875,0.21176841221893128,2195.6257947902354
CATTTGGGTGGTACTGATGACTTTAAGAGAGATTTGGAAGATTGTCAGAAATTGGTCTTGGATCCATGTAATATTGATTTGGATGATCCACCAGAATTTAGATTGGATCAATTGGAATTT,0.09469211886414117,0.05292887579247439,0.14401421733072556,0.03506657721958001,0.13478143668610695,0.2025223841323853,0.27322409467784103,0.0627702952967457,1579.0336030818771
CATTTGGGTGGTACTGATGACTTTAAGAGAGATTTGGAAGATTGTCAGAAATTGGTCTTGGATCCATGTAATATTGATTTGGATGATCCACCAGAATTTAGATTGTCTCAATTGGAATTT,0.12389855677460877,0.0831048421058003,0.0,0.22941182226394474,0.1220904379140769,0.15142144825050702,0.1915158120528182,0.09855708063824418,1572.808328714891
CATTTGGGTGGTACTGATGACTTTAAGAGAGATTTGGAAGATTGTCAGAAATTGGTCTTGGATCCATGTAATATTGATTTGGATGCTCCACCAGAATTTAGATTGGCTCAATTGGAATTT,0.003010699735983626,0.005945459654551073,0.012043548211082403,0.050182380583130855,0.17393411884202478,0.28016302680481375,0.3533148173727197,0.12140594879569387,2234.7580082865957
CATTTGGGTGGTACTGATGACTTTAAGAGAGATTTGGAAGATTGTCAGAAATTGGTCTTGGATCCATGTAATATTGATTTGGATGCTCCACCAGAATTTAGATTGTCTCAATTGGAATTT,0.07657044372898394,0.05135955415238832,0.09528016971704713,0.1417786089258546,0.0628775080834428,0.10527732329992856,0.17753779089628088,0.28931860119607383,2615.135820466534
CATTTGTTGGATGATCAACAATTGGTTGAAGGTTTGTCTTTGTGTGATGAGTTCTTGCAAGATCAATCTCCATCTAGAGGTGGTCATGGTACTGGTGCTTCTGGTAAATCTGGTTTGTCT,0.002532349396579454,0.007643569546498733,0.09787570656150556,0.20025967216167218,0.3582780047320665,0.31567845788550813,0.016725040882784627,0.00100719883338479,889.6667467002883
CATTTGTTGGATGATCAACAATTGGTTGAAGGTTTGTCTTTGTGTGATGAGTTCTTGCAATCTCAATCTCCATCTAGAGGTGGTCATGGTACTGGTGCTTCTGGTAAATCTGGTTTGTCT,0.015620324452401942,0.010267981120900164,0.06101034935886043,0.1566682717684103,0.36830970259301266,0.32686061973993613,0.0542431865233303,0.007019564443148023,1017.4472049686437
CATTTGTTGGATGCTCAACAATTGGTTGAAGGTTTGTCTTTGTGTGATGAGTTCTTGCAAGCTCAATCTCCATCTAGAGGTGGTCATGGTACTGGTGCTTCTGGTAAATCTGGTTTGTCT,0.0927965071987086,0.07808882975146159,0.24573923374884177,0.2944188254353636,0.18905743169544112,0.07863465207551029,0.007582292980936427,0.013682227113736723,616.196775353525
CATTTGTTGGATGCTCAACAATTGGTTGAAGGTTTGTCTTTGTGTGATGAGTTCTTGCAATCTCAATCTCCATCTAGAGGTGGTCATGGTACTGGTGCTTCTGGTAAATCTGGTTTGTCT,0.03822842489436003,0.10657211639482707,0.1653332909358309,0.2629298411362721,0.2422775575949288,0.15380023665908052,0.025016536033030834,0.005841996351669715,712.3307138905609
CATTTGTTGGATTCTCAACAATTGGTTGAAGGTTTGTCTTTGTGTGATGAGTTCTTGCAAGATCAATCTCCATCTAGAGGTGGTCATGGTACTGGTGCTTCTGGTAAATCTGGTTTGTCT,0.16220662047902873,0.21853005533243058,0.18829087344164167,0.22309180968932757,0.1176337713482797,0.07237053669395282,0.013726038928039782,0.004150294087299054,497.5099439241087
CATTTGTTGGATTCTCAACAATTGGTTGAAGGTTTGTCTTTGTGTGATGAGTTCTTGCAAGCTCAATCTCCATCTAGAGGTGGTCATGGTACTGGTGCTTCTGGTAAATCTGGTTTGTCT,0.09245824981285626,0.1463903731568988,0.29316262669604737,0.22109661844453032,0.12639435849377456,0.08997843098409086,0.013879865994151286,0.016639476417650585,614.5862853532758
CATTTGTTGGCTAAAGTTGGTGTTGGTAATTTGGAAGCTCATCCATTTATTGATGAATTTATTCCAACTGTTGAAGAAGATGATGGTATTTGTTATACTCATCCACAGAATTTGCCAGGT,0.17794101419806058,0.1892609786607761,0.15815735164661074,0.11861185810982308,0.10019669967740391,0.07456077462389527,0.06601242574982608,0.11525889733360416,1263.7324043075228
CATTTGTTGGCTAAGACTGGTTCTTTGGGTTTGACTCCACATCCATTTATTGATGAATTTATTCCAACTGTTGATCAAGATGATGGTATTTGTTATACTCATCCTAAGAATTTGCCAGGT,0.0810231475647926,0.07410845607642993,0.11915194495813711,0.0900139682605674,0.1451649687509759,0.12152659840415013,0.18444624944453022,0.1845646665404167,2042.0816838172404
CCAAAAAATCAAGTTACTAGAACTAAATCTTATAATTTGTGGATTCCAACTGGTGAGAAGACTGATGTCTTGGATCCTAAGAAGAATGGTGGTGAATTGGTTGGTATTAAACATTCATTT,0.02269728392158986,0.015224182150609247,0.014121643801748565,0.03572254262179585,0.026093725166652638,0.046810019266069494,0.34733414061060436,0.49199646246093,4140.859388142012
CCAAAAAATGATATGTTGCCAAATTCTAATTTGTCTTCTTCTCAACAATTTATTAAACCATCTATGATCTTGTCTGATAATGCTTCTGTTATTGCTAAAGTTGCTACTACTGGTTTGTCT,0.14384696744868752,0.18090978763833018,0.04474887046594685,0.11985682565544536,0.10631079795609069,0.06592545356626263,0.16676325475114287,0.1716380425180939,1832.352890314395
CCAAAAAATGGTGAACAATATGGTGCTCCATTTCAAGAAGAAGAATGGGTTGATTCTGATTCTGAAGATGCTGATTCTGTTGCTGTTCCAGATTATCCAGTTGTTAGATATGAGAATGGT,0.1394445161453809,0.06138055871262135,0.0325344949958826,0.058094297560380544,0.034352381666311535,0.1278155964948171,0.23440619975496443,0.31197195466964156,2865.5190627291854
CCAAAAACTGCTAAGAATGAATGGGTTATTTGTAGAGTCTTTCAGAAATCTGCTGGTGGTAAGAAGATTCCAATTTCTTCTTTGATTAGAATTGGTTCTTTGGGTACTGACTTTAATCCA,0.17967219922886155,0.2475062571327814,0.2826024217770706,0.19148183708241123,0.05474454873205613,0.03193595172824266,0.007250170640906776,0.004806613677669648,406.3087463704728
CCAAAAGATGTCTTGCAATCTATTAATATTGAATTGGATACTCCACCAGAATTTAGATTGTCTCAATTGGAATTTGGTTCTCAAGATTCATTCTTGGCTTGGGGTACTGGTAAGACTGAT,0.06886662529920975,0.13857667524557518,0.17138789921535344,0.0,0.20358485181729546,0.18937056188053905,0.06387022421015746,0.16434316233186957,1726.1909894788676
CCAAATGATGATGAATTTATTAGAGGTTTGAGACATGTTGATAGAGAACCAGTTGAATATTTGTTTGCTAATGAAGAGAATATGGATGGTTTGTCTATTATGAATGATTTGACTATTCCA,0.010533418440095914,0.0529896049086521,0.08301241361606108,0.21064086979476163,0.2767919613296795,0.2445930349653677,0.08792279498098884,0.0335159019643933,1132.6849995363548
CCAAATGGTTCTAGACCAAATAGAGTTGCTGGTTCTGGTTATTGGAAAGCTACTGGTACTGATAAGATTATTTCTACTGAAGGTCAAAGAGTTGGTATTAAGAAAGCTTTGGTCTTCTAT,0.15766186668026302,0.03965683159773745,0.016348833705308315,0.23354264700566174,0.10357401434659773,0.14451371836820476,0.1949642753754608,0.10973781292076613,1631.0706895818698
CCAAATTGTAATAAAGTTGATAAAGCTTCTATGTTGGATGAAGCTATTGAATATTTGAAATCTTTGCAATTGCAAGTTCAAATTATGTCTATGGCTTCTGGTTATTATTTGCCACCAGCT,0.2472618590649104,0.2509582397062914,0.24290482774586925,0.1445787037594751,0.034196972996903864,0.03180934108422279,0.030174020221353966,0.018116035420973325,509.1098360029314
CCAACTCCAGGTCCATCTAATGCTGCTCCAGTTTGTAGAAATTCTCATACTGCTACTCCAAATGTTTCTCCAATTCATGAACCAGAATCTCATAATTCTCCAGAAGCTCCAATCTTGTTT,0.10348489312307638,0.13014824275214054,0.08048192046868818,0.10059717987235994,0.22944303434633287,0.2015664751849685,0.10797398173055651,0.04630427252187716,1148.391169353939
CCAACTCCATGTGCTCCATTGGCTGAATGTAAAGGTTCTTTGTTGGATGATTCTGCTGGTAAATCTACTGAAGATACTGCTGAATATTCTCCATTTAAAGGTGGTTATACTAAAGGTTTG,0.09992275223710552,0.08508143575025542,0.1059853204050602,0.1980934554195299,0.27709555859092644,0.21117421066376113,0.02107696933710164,0.0015702975962595918,733.1949652742545
CCAACTCCATGTGCTCCATTGGCTGAATGTAAAGGTTCTTTGTTGGATGATTCTGCTGGTAAATCTGATGAAGATACTGCTGAAGATCCATTTAAAGGTGGTTATACTAAAGGTTTGTGA,0.19433294871420326,0.2715596775175364,0.17272681424702144,0.15763930815259844,0.09118902026557811,0.07351257753592108,0.024317249786491378,0.014722403780649944,553.6990832026613
CCAACTCCATGTGCTCCATTGGCTGAATGTAAAGGTTCTTTGTTGGATGATTCTGCTGGTAAATCTGCTGAAGATACTGCTGAAGCTCCATTTAAAGGTGGTTATACTAAAGGTTTGTGA,0.014054477044868525,0.08484324704736847,0.08744320216160156,0.12491237762630668,0.33238493846533496,0.2576481910611284,0.06517399365165093,0.03353957294174057,1102.9410830999766
CCAACTGATGAAGAATTGGTTGTTCACTTCTTGCATAGGAAAGCTTCTTTGTTGCCATGTCATCCAGATGTTATTCCAGATTTGGATTTGTATCATTATGATCCATGGGATTTGCCAGGT,0.201764287405628,0.2508309379188946,0.22451425936475425,0.1605253534483556,0.06934717691659269,0.053182609425409436,0.02464923927122285,0.015186136249142609,527.5360686836327
CCAACTGATGAATGGTTTGATTCTGGTTCTCAATTTATCTTAAATTCTCAACAATTGGTTGAAGCTTTGTCTTTGTGTGATGATTTGTTGGGTTCTCAAGATAGAGAAGAGAATACTAAT,0.08938312709959645,0.12590266425701882,0.11400417814978527,0.11667940574912507,0.10129051722537187,0.10241132120692413,0.21968027198484788,0.1306485143273305,1755.2147579865596
CCAACTGCTTTGAAACCAACTGTTCCAGATGAACCAAGAAATGCTGTTAGAATTTGTTCTGATTCTCATATTGCTTCTGATTATGTTACTCCATCTGATTATGTTTCTGCTCATGAAGTT,0.5449025129957409,0.27042586773465227,0.10140472413565371,0.05549304301420511,0.00336294648216176,0.01516676669935609,0.005850730399371245,0.0033934085388588535,264.04890854002844
CCAACTGCTTTGAAACCAACTGTTCCAGATGCTACTCCAACTGTTGCTGCATTTATTGATGAATCTGTTGAACAAGAAGCTAAAGATGGTAGGAAAGTTGTCTTGCAACAACCACAACAA,0.2060605770015056,0.11057195280873314,0.20512861926920575,0.13735578630638856,0.12183205392153669,0.10073399338674943,0.10192560046246654,0.01639141684341435,790.8650489169195
CCAAGACATGGTTCTCAATATGGTGCTCCATTTAAAGAAGAAGATTGGTCTGATAAAGAAGAAGAATATACTCAGAATCATTTGGTTGCTGGTCCATCTAAAGAAACTTCTTTGGCTGCT,0.1742048564160595,0.2699300313980634,0.26065441627213864,0.1814533404309077,0.04915621621751943,0.05165603810205976,0.00683235186560894,0.006112749297642769,428.49816476907006
CCAAGAGGTGTTAAATTTGATCCAACTGATCAAGAAATTATTTGGCATTTGTTGGGTAAAGTTGGTGTTGGTAATTGGAACTCTCATCCATTTATTGATGAATTTATTCCAACTGTTGAT,0.22910161420987815,0.2552899777754584,0.20384882106931018,0.16831433820593283,0.07646649050215133,0.036128305673328004,0.020562567889674827,0.010287884674266168,470.03760994726906
CCAAGAGTTACTAAACCATGTTTGGCTGCTTATGCTCATTTGTCTACTGAAGACTTTAAGAAAGATTTGGAAGAATGTCAAAGATTGGAACCAACTGATAATACTAATTTGGAATTGGAT,0.16281718998888906,0.26522302105443607,0.26048701721201917,0.11197604139271586,0.06876047588504754,0.06395962095063154,0.05752552441726103,0.009251109098999738,575.4493085134794
CCAATGACTGGTCAAGCTAAGAATACTGAAACTTGGTCTTCTTCTTACTTCTATGATGAATTGCCATCTGGTGTTAGATCTGTTACTGAACCATTGAATTATGTTTCTAAACAGAAACAA,0.05044125819172036,0.10540413850470655,0.024140925799291096,0.056038526647730125,0.034411251838069506,0.0569042826335065,0.3022814409699775,0.37037817541499835,3309.7305883777963
CCAATGTCTTATAATGAAGAAGGTTGGGTTGTTTGTAGAGTCTTTAGGAAGAAGAATTATCAGAAGATTGATGATTGTCCTAAGATTACTTTGTCTTCTTTGCCAGATGATACTGAAGAA,0.01597883610206584,0.0643067370209488,0.11929926025303306,0.053255834497739116,0.03149129655492939,0.014646287456361309,0.2815712975686103,0.41945045054631214,3523.4783295888747
CCAATTAAAGGTGGTAAAGCTGAGAAGACTAATTGGGTTATGCATCAATATCATTTGGGTACTGGTGAAGATGAAAGAGAAGGTGAATATGTTGTTTCTAAAGTCTTCTATCAACAACAA,0.23083684189707218,0.1887034472244903,0.05385769397869874,0.09616946260608648,0.09951730014715673,0.1454655783587019,0.13380575118819432,0.05164392459959932,1093.4670526097814
CCACAACATCCACAAACTGATTGTTTGGAAGATTTGCAAGCTGATTGTGAAGATTTGGCTAAAGATGATTTGTTGATTGTTGAAACTGAGAATAATGAAGGTATTGATAATATTGAGAAT,0.04967162860597253,0.08329299710784172,0.06180872113593009,0.6622019314487708,0.016315581193413312,0.04552928300545225,0.06142381339123625,0.01975604411138311,726.8572474284521
CCACAACATTTGATTAGAGTTGAAGGTAATTTGAGAGTTGAATATTTGGATGATAGAAATACATTTAGACATTCTGTTGTTGTTCCATATGAACCACCAGAAGTTGGTTCTGATTGTACT,0.04883682194584082,0.0982717591490928,0.13673234772935028,0.21702420963414212,0.20452750875316172,0.12310126046032664,0.11323405037781721,0.05827204195026837,1171.0631785916305
CCACAACCATCTAAGACTCAAGGTCAATCTAGAGGTCAATCTAGAGGTAGAGGTAGAGGTAGAGGTAGAGGTAGAGGTAAAGGTAAATCTAGAGATAAACAAAGGAAACCAGGTGGTCCA,0.046039046812342437,0.04632097195855349,0.11457706081519328,0.0,0.13610152207077608,0.16879855567033805,0.21349414390137028,0.27466869877142647,2690.926528462181
CCACAACCATTGATGATGCCACCAAGACCAACTCCACCAACTCCATTGCCACCAGCTACTTTGACTGTTCCACCAAGACCAACTAGACCAACTACTTTGCCACCAACTCCATTGTTGACT,0.08827099924549471,0.1395609857375828,0.12553110394057382,0.08405664479727216,0.012426116094545641,0.11558524938430646,0.16373354984563424,0.2708353509545901,2441.5123078188367
CCACAATCTTTGTTTGATGATCCATCTGAATCTTATGATACTGATCCATTGTTTAATGGTGATGATGTTTCTTCTGATGGTCCATGGTTCTCTTTGTTTCCAGAAACTAATCCAGATCCA,0.06572050034294287,0.19836884107718603,0.054519386520542175,0.07301324633442005,0.043174270283060624,0.0803196873372763,0.22349197361600287,0.2613920944885691,2493.9399508474003
CCACAATCTTTGTTTGATGATCCATCTGAATCTTATGATACTTCTCCATTGTTTAATGGTGATGATGTTTCTTCTGATGGTCCATGGTTCTCTTTGTTTCCAGAAACTAATCCAGATCCA,0.214444682546156,0.10068700042319866,0.16010610428406227,0.09529630693708066,0.05635071331898074,0.1703530001474475,0.0662954413471465,0.13646675099592764,1469.6415453102347
CCACAATCTTTGTTTGATGCTCCATCTGAATCTTATGATACTGCTCCATTGTTTAATGGTGATGATGTTTCTTCTGATGGTCCATGGTTCTCTTTGTTTCCAGAAACTAATCCAGATCCA,0.132283977077883,0.13309403250172952,0.041151778587825066,0.25718526897463617,0.06517674261466572,0.12125220771886489,0.092014897332344,0.15784109519205167,1646.5620896024207
CCACAATCTTTGTTTGATGCTCCATCTGAATCTTATGATACTTCTCCATTGTTTAATGGTGATGATGTTTCTTCTGATGGTCCATGGTTCTCTTTGTTTCCAGAAACTAATCCAGATCCA,0.00030650283802518386,0.0005653628598341942,0.0002542638386613029,0.0017593236510241462,0.0026175922570709762,0.0034181295700136736,0.30425882946942306,0.6868199955159475,5162.559832870783
CCACAATCTTTGTTTGATTCTCCATCTGAATCTTATGATACTGATCCATTGTTTAATGGTGATGATGTTTCTTCTGATGGTCCATGGTTCTCTTTGTTTCCAGAAACTAATCCAGATCCA,0.1645250216587423,0.28968189013876117,0.20472614788324714,0.09900676370272857,0.03377583724044799,0.05655169623086172,0.0699363623371979,0.08179628080801317,1012.8604545748752
CCACAATCTTTGTTTGATTCTCCATCTGAATCTTATGATACTGCTCCATTGTTTAATGGTGATGATGTTTCTTCTGATGGTCCATGGTTCTCTTTGTTTCCAGAAACTAATCCAGATCCA,0.293348441343204,0.27050163521163745,0.18570312218213034,0.143649199639003,0.047710161383377164,0.039157975544774674,0.01109393175144199,0.008835532944431429,413.145574753251
CCACAATCTTTGTTTGATTCTCCATCTGAATCTTATGATACTTCTCCATTGTTTAATGGTGATGATGTTTCTTCTGATGGTCCATGGTTCTCTTTGTTTCCAGAAACTAATCCAGATCCA,0.2142519522300038,0.18633493769400333,0.1129676626400441,0.14927095031341495,0.13240058505389043,0.09985652357682857,0.0572547254801296,0.04766266301168511,875.2752799646847
CCACAGAACTTTAGGAAATACTTTACTGACTTTAATTCTAACTTTGAAGATTTGGATCCATTGAGATCTAATGTTGGTGCTGGTTCTTTGTTGGATCCATTGCCAGATGATCCATTGAAA,0.17979071833214172,0.07752500849566442,0.15980140379779403,0.028534484103627387,0.12654781059539072,0.09416979616423615,0.11910469217944272,0.21452608633170286,2010.409688298879
CCACAGAACTTTAGGAAATACTTTACTGCATTTAATTCTAACTTTGAAGATTTGGCTCCATTGAGATCTAATGTTGGTGCTGGTTCTTTGTTGGATCCATTGCCAGCTGCTCCATTGAAA,0.15274001637364254,0.24331928294183602,0.11086921817512316,0.09898523631252733,0.137968415241401,0.16333604443254116,0.047219481857199014,0.04556230466572971,906.3606153699003
CCACAGAACTTTAGGAAATACTTTACTTCATTTAATTCTAACTTTGAAGATTTGTCTCCATTGAGATCTAATGTTGGTGCTGGTTCTTTGTTGGATCCATTGCCATATTCTCCATTGAAA,0.12258215140509456,0.12333279663670872,0.11440101057299788,0.17023076456432545,0.15099155445292442,0.19662905835586356,0.08526644213060525,0.036566221881480156,1006.0486330482406
CCACAGAATGATTGGTACTTCTTCTCTCATAAAGATAAGAAATATCCAACTGGTACTAGAACTAATAGAGCTACTGTTGCTGGATTCTGGAAAGCTACTGGTAGAGATAAGATTATTTGT,0.29695415508031686,0.29877258637691256,0.14780555481370394,0.1979435953326877,0.05852410839637897,0.0,0.0,0.0,304.1095129176688
CCACATCCACAACCAGGTGATACTTCTGATTTGAATTATTTGCAAGAACAAGTTGGTGGTATGTTGAAGATTACTCCATCTGATGTTGAGAATGATGAATCTGATTATTGGTTGTTGTCT,0.15795702331549955,0.1412660359557096,0.07643738729396993,0.05849496475430043,0.06053128307886217,0.048261420177966335,0.26857773984583444,0.18847414557785755,2117.180117006984
CCACATCCACATGCTAGAATTAAATTGGAGAATCCATTGGATGATGGTTCTGCTTGGGCTGCTGCTGCTGCTCAATGTAGATATGGTGATTTGGCTTCTTTGCATGGTGCTGGTGCTGCT,0.07328009302148701,0.14312067329632647,0.11800519573766946,0.196345858299176,0.10619217186132093,0.11853340407118465,0.1159377125768224,0.12858489113601307,1540.5226549682768
CCACATCCACATGCTAGAATTAAATTGGAGAATCCATTGGATGCTGGTTCTGCTTGGGCTGCTGCTGCTGCTCAATGTAGATATGGTGATTTGGCTTCTTTGCATGGTGCTGGTGCTGCT,0.1365035974811674,0.137339492212765,0.113238523043585,0.16850096217938781,0.14198438900174254,0.09036439718679505,0.11253334125505855,0.09953529763949877,1329.2161320022929
CCACATCCACATGCTAGAATTAAATTGGAGAATCCATTGGATTATGGTTCTGCTTGGGCTGCTGCTGCTGCTCAATGTAGATATGGTGATTTGGCTTCTTTGCATGGTGCTGGTGCTGCT,0.041322175497295964,0.07988963144710383,0.15929841215989046,0.24303989189720013,0.2794450686231249,0.16264455479681175,0.02179217805873402,0.012568087519838992,770.1601263730915
CCACATGGTACTACTTTGGAAGTTCCAGATCCAGATGAAGCTGCTGATCATCCACAAAGAAGATATAGAATTATCTTGAGATCTACTATGGGTCCAATTGATGTTTATTTGGTTTCTGAA,0.13438420917722982,0.11589182194490852,0.04777729456557515,0.02132804249361899,0.07567032428695171,0.05279026791527694,0.2314638599946182,0.32069417962182073,2842.5355074115196
CCACCAACTGATGTTTCTGCTGGTGATGAAGCTCATGCTGATGGTGAAGATGTTGCTATGGCTCATGCTGATGCTGCTGATGACTTTGATGCTGATATGGCTGGTGATGGTGATTCTCCA,0.16180603387908846,0.1785950478833728,0.11302082096431677,0.08223592454261879,0.035861468341498955,0.06510404757649382,0.20772297566084036,0.15565368115177006,1787.6193749100214
CCACCAACTGATGTTTCTGCTGGTGATGAAGCTCATGCTGATGGTGAAGATGTTGCTATGGCTCATGCTGATGCTGCTGATGATGCTGATGCTGATATGGCTGGTGATGGTGATTCTCCA,0.04223099060810399,0.07248225320267944,0.07727939514220132,0.1269524178280868,0.16156291741614826,0.19354577018698466,0.165883993833946,0.16006226178184937,1947.0978808556351
CCACCAACTGATGTTTCTTTGGGTGATGAATTGCATTTGGATGGTGAAGATGTTGCTATGGCTCATGCTGATGCTTTGGATGACTTTGATTTGGATATGTTGGGTGATGGTGATTCTCCA,0.07647160938330783,0.11701275189952924,0.1506655437670813,0.17522456273517856,0.16013068760757973,0.14164887792052752,0.08569917192488105,0.09314679476191487,1305.1375469560123
CCACCAACTGATGTTTCTTTGGGTGATGAATTGCATTTGGATGGTGAAGATGTTGCTATGGCTCATGCTGATGCTTTGGATGATGCTGATTTGGATATGTTGGGTGATGGTGATTCTCCA,0.515639478453533,0.240742325544918,0.13727529240843958,0.04301504769277466,0.01782234941552203,0.017282503044254237,0.015125647925291384,0.013097355515267266,358.4227305628822
CCACCAAGAATTGAGAATAGATGGTCTAATTTGGATTTGGGTCAAGAATCTCATCATATTCCACAACATCCACAAACTGATTGTTTGGAAGATTTGCAAGCTGATTGTGAAGATTTGGCT,0.00023911569458237336,0.0004009665762176037,0.13984511438845515,0.2490020608073267,0.3480198228387089,0.22903760003057572,0.03326511127586568,0.00019020838826796057,836.5896603182966
CCACCAAGACCAGCTGGTGGTCCTAAGAATACTCCAGCTGCTCCACCATTGTATGCTACTGGTAGATTGTCTCAAGCTCAATTGATGCCATCTCCACCAATGCCAGTTCCACCAGCTGCT,0.08315240244127864,0.09561325175546384,0.059125947156972586,0.15396583032344088,0.17948524088677784,0.22139497176088566,0.15056672444257946,0.05669563123260113,1320.6831418884503
CCACCACAATGTAATTGGTTCTTGGATGAAATTTCTTTGCCATTGACTGTTGTTGATACTGATTGGACTTTGTGTCATATCTTCTATGAGAAAGTTAAACCAGAATTTGGTAATTTGCAT,0.007674971398175407,0.024652904468624216,0.08798727428371501,0.21258432012961434,0.34362284061237625,0.2719520437206189,0.0421035209912646,0.009422124395611273,945.3879817360978
CCACCACCAGGTACTAGAGTTAGAGCTATGGCTATTTATAAACAATCTCAACATATGACTGAAGTTGTTAGAAGATGTCCACATCATGAAAGATGTTCTGATTCTGATGGTTTGGCTCCA,0.5204560668728814,0.2786125074563596,0.12018768860495611,0.049961223603829735,0.007791239769008951,0.010188026410018734,0.0054064374609961744,0.007396809821949168,286.9086219805376
CCACCAGGATTTAGATTTCATCCAACTGATGAAGAATTGGTTGGTTATTATTTGAGGAAGAAAGTTGCTTCTCAGAAGATTGATTTGGATGTTATTAGAGATATTGATTTGTATAGAATT,0.4768861007754003,0.18105900567960934,0.14555378576948433,0.049981535826006965,0.017733080874371806,0.0,0.07510536200106063,0.05368112907406662,734.5406465420398
CCACCAGGTTTGGATGAATTGGATTATCAAGATCATAGAGTTGAAGATTGTGAAAGACCACATTCTGATTTGGATATTGGTAAAGAACCAGAATGTTCTCATTTGACTACATTCTCTCAA,0.04135429184486223,0.04160752938086811,0.10291814317944938,0.12634384209905503,0.20375393113539805,0.19900422788853617,0.12465037472506041,0.16036765974677064,1883.094493897467
CCACCAGGTTTGGATGAATTGGATTATCAAGATCATAGAGTTGAAGATTGTGAAAGACCACATTCTGATTTGGATATTGGTAAAGAACCAGAATGTTCTCATTTGACTACATTTGATCAA,0.07952263692102161,0.1028694889272997,0.08481747532843394,0.050483972479813226,0.04477835424868382,0.07289087842152363,0.2528678484755603,0.3117693451976638,2859.9710686418384
CCACCAGGTTTGGATGAATTGGATTATCAAGATCATAGAGTTGAAGATTGTGAAAGACCACATTCTGATTTGGATATTGGTAAAGAACCAGAATGTTCTCATTTGACTACATTTGCTCAA,0.34810710458288646,0.3900173297777781,0.04522152448933421,0.20068820052684508,0.001442943356073087,0.002806412081087475,0.003456916298755116,0.008259568887240375,321.57254647234697
CCACCAGTTGCTCCAGCTCCAGCTGCTCCAACTCCAGCTGCTCCAGCTCCAGCTCCATCTTGGCCATTGTCTTCTTCTGTTCCATCTCAGAAGACTTATCAAGGTTCTTATGGATTTAGA,0.5122699748970839,0.35405569295857,0.06571216849755633,0.048915262719992206,0.0030377460094339814,0.0015356797005241737,0.013673841559505982,0.0007996336573333171,249.05724172934586
CCACCATCTCAATTGCCACCACCAGCTGCTCCAGCTCAACCACCACCAGGTGTTATTAATGATCAACAATTGCATCATTTGCCATCTGGTCCACCATGGTGGCCACCAATTTGTGATCCA,0.18757039638832798,0.1572658368806854,0.08891526898777234,0.06449991696657106,0.08801575229855836,0.05321582134877301,0.09940675261127307,0.26111025451803876,2183.668489986225
CCACCATGGTGGCCACCAATTTGTGATCCACCACAACCATCTAAGACTCAAGGTCAATCTAGAGGTCAATCTAGAGGTAGAGGTAGAGGTAGAGGTAGAGGTAGAGGTAAAGGTAAATCT,0.30609751599926227,0.11198979551563516,0.13850596251474567,0.15457452546206843,0.109683806863343,0.12753210730990647,0.051616286335038904,0.0,584.5946309407451
CCAGAAACTGATTGGTTTGATTCTGGTTCTCAATTTATCTTAAATTCTCAACAATTGGTTGAAGCTTTGTCTTTGTGTGATGATTTGTTGGGTTCTCAAGATAGAGAAGAGAATACTAAT,0.01832931838257616,0.05532467991438271,0.022808024627243753,0.050908127267200294,0.07224731477917827,0.0588026327252237,0.22949314766012074,0.49208675464407436,3907.2385565585014
CCAGAAACTGCTATTGTTTCTCATGATCATCCACATCCACAACCAGGTGATACTTCTGATTTGAATTATTTGCAAGAACAAGTTGGTGGTATGTTGAAGATTACTCCATCTGATGTTGAA,0.050094634992475615,0.2038965524075671,0.1785050238278838,0.2529701819656749,0.13911553463238954,0.14192531273458445,0.02534191447303786,0.0081508449663867,655.9480056160871
CCAGAAAGAACTCAAATTGATATTAGAGCTCATGGTGATGTTGCATTTCCAACTTTGCCAGCTACTAGAGATGGTTTGGGTTTGTATTATGAAGCTTTGTCTAGATTCTTTCATGCTGAA,0.1782348148181916,0.1484079353630352,0.22943367113985813,0.17752874656302595,0.10295770816839689,0.09013572067569488,0.051301101480854816,0.022000301790942707,698.5525714454523
CCAGAACATAATTTGTATCAAGTTAATAGAAATTGTGAAATTAATATTGAAGAAACTGTTGTCTTGCCACCATCTGAGAAGACTGAAGATGGTGATAATCCACAAGCTCAAGATCCTAAA,0.08590030999966636,0.09722962120202379,0.2004182941776793,0.1670065779717361,0.2856826805750318,0.10826294600638217,0.02987553133809331,0.025624038729387035,792.2773079279725
CCAGAACCAGGTAGACAAGCTGTTCCATTGAGATCTGATTCTCACTTTGCTAATGATTATGTTACTGCTCAAGAAGTTTCTTTGGCTGAAACTTCTGAAGCTATGTATATGGAAGATGAA,0.11503226286522866,0.14730122339846363,0.1301272752605099,0.2091222680910242,0.11335353464214976,0.03834152484103155,0.09698769031881681,0.14973422058277547,1539.2960002395048
CCAGAAGATACTTGGTTTGATTCTGGTTCTCAATTTATCTTAAATTCTCAACAATTGGTTGAAGCTTTGTCTTTGTGTGATGATTTGTTGGGTTCTCAAGATAGAGAAGAGAATACTAAT,0.1832987442966535,0.06147373141188454,0.07602905514179009,0.06787956218777497,0.24083168836249205,0.16801261882971363,0.056666693747040746,0.14580790602265048,1589.1178678318977
CCAGAAGATGAAGTTGAAGCTCATGAAGTTGAATTGGCTGAAGAAGAAGAAGTTATGTGTATGGAAGATGAAGTTCAAGAAATTCAACCAAATCATGAAAGACCAGAAGAAGGTCCAGAA,0.08202568874810143,0.041263991019067386,0.10206838519493183,0.13669163625651007,0.2626930909490092,0.20675927041721984,0.09509321657209813,0.07340472084306196,1320.5469234199008
CCAGAAGATGAAGTTGAAGCTCATGAAGTTGAATTGGCTGAAGAAGAAGAAGTTATGTGTATGGAAGATGAAGTTCAATCTATTCAACCAAATCATGAAAGACCAGAAGAAGGTCCAGAA,0.2054259965013256,0.24802073411158873,0.10224845440476883,0.0456442626205769,0.12145686208794823,0.03765891553739512,0.19052196035639413,0.04902281438000248,1095.7517647580612
CCAGAATTGGAATCTTTGGACTTTACTTTGTTCTCTCCATTGCATTCTCAAGTTCAATCTGAATTGGGTTCTTCTTATAATACATTTCAACCAGGTTCTTCTAACTTCTCTGGTAATAAT,0.004013298603527781,0.013166981990666899,0.06274987122751571,0.3155940712449979,0.302107010512244,0.2512651369872667,0.033822800438579555,0.0172808289952015,951.592275782972
CCAGACTTTGAATGGACTGATTCTGGTTCTCAATTTATCTTAAATTCTCAACAATTGGTTGAAGCTTTGTCTTTGTGTGATGATTTGTTGGGTTCTCAAGATAGAGAAGAGAATACTAAT,0.0013785337416264262,0.008123712729119544,0.0012252669611540574,0.05207114350170331,0.32281787150258867,0.43060710650476586,0.14958667245329682,0.03418969260574534,1470.6098039707213
CCAGACTTTGGTGTTGATGATAACTTTGATGTTGATCCATTTGTTGGTAATAATAGAGATTTGGATCATGCTTTGTCTGGTGATCCATGGTATCCATTGTTTCCACAAGAAGATCAAGAA,0.20279258293819138,0.15302580415008143,0.1261721284265935,0.2252956799719406,0.07493742028112717,0.04647019414866428,0.14105970436489357,0.03024648571850807,895.8960670114877
CCAGACTTTGGTGTTGATGATAACTTTGATGTTGCTCCATTTGTTGGTAATAATAGAGATTTGGATCATGCTTTGTCTGGTGATCCATGGTATCCATTGTTTCCACAAGAAGATCAAGAA,0.06097015822539717,0.0788702344301315,0.09754458147915696,0.1983690623729381,0.2832361130981411,0.19559951693211364,0.06462475478096694,0.02078557868115461,941.9236551845058
CCAGACTTTGGTGTTGATGATAACTTTGATGTTTCTCCATTTGTTGGTAATAATAGAGATTTGGATCATGCTTTGTCTGGTGATCCATGGTATCCATTGTTTCCACAAGAAGATCAAGAA,0.041387431870585904,0.05948696049024203,0.03678593519097601,0.032842880537901215,0.020391721311213844,0.03793594354339745,0.2385334748941493,0.5326356521615342,4119.992440984516
CCAGATAGATTGATTGATGATCCTAAAGATGGTAATGATATCTTGAGGAAATGGCAAACTCCATCTCATTTGTTTGAAGATTTGTATTGTTCTCCATTGTTTAGAGCTATTGAAGATCCA,0.002571003704209564,0.0019039710304435925,0.0027987140351148393,0.011578130607206595,0.0832362106411824,0.27283906431769517,0.4866553985414216,0.1384175071227262,2585.4198880893628
CCAGATATTAATGATGATCCATTTAATGATTCATTTGATTGTGATCCAATGTTTCAGAATGAACCAACTATGGCTAATTCTGATTGGTTCTCTTTGTTTCCAGAAGAAGAAACTAAAGCT,0.31102243039367977,0.2346952577363826,0.0,0.08638384220815748,0.1532417556604132,0.14254241960504932,0.07211429439631759,0.0,643.019160516563
CCAGATATTAATGATGATCCATTTAATGATTCATTTGATTGTTCTCCAATGTTTCAGAATGAACCAACTATGGCTAATTCTGATTGGTTCTCTTTGTTTCCAGAAGAAGAAACTAAAGCT,0.09516482386442501,0.16755825815327632,0.11841802302972797,0.1850185590359611,0.21099607190509784,0.08722859144116016,0.022065109952508145,0.11355056261784356,1243.9121431863728
CCAGATATTAATGATGCTCCATTTAATGATTCATTTGATTGTGCTCCAATGTTTCAGAATGAACCAACTATGGCTAATTCTGATTGGTTCTCTTTGTTTCCAGAAGAAGAAACTAAAGCT,0.09717450076777491,0.18157203901124105,0.20482156901214404,0.22693122643238597,0.13484061751730111,0.03271983874639427,0.0864457676320569,0.03549444088070186,833.5955416920419
CCAGATATTAATGATGCTCCATTTAATGATTCATTTGATTGTTCTCCAATGTTTCAGAATGAACCAACTATGGCTAATTCTGATTGGTTCTCTTTGTTTCCAGAAGAAGAAACTAAAGCT,0.22463601139517786,0.1738550727825267,0.10750963551162646,0.16317579981767874,0.08513760623229649,0.13462861070102194,0.08013009735596026,0.030927166203711588,842.4015259155416
CCAGATATTAATGATTCTCCATTTAATGATTCATTTGATTGTGATCCAATGTTTCAGAATGAACCAACTATGGCTAATTCTGATTGGTTCTCTTTGTTTCCAGAAGAAGAAACTAAAGCT,0.10992379084025204,0.10138051111317017,0.1253846853395326,0.09159120187101272,0.07221307554736658,0.05877476515700791,0.17841007874080272,0.2623218913908552,2392.0422499143247
CCAGATATTAATGATTCTCCATTTAATGATTCATTTGATTGTGCTCCAATGTTTCAGAATGAACCAACTATGGCTAATTCTGATTGGTTCTCTTTGTTTCCAGAAGAAGAAACTAAAGCT,0.041201010801664065,0.010363327426102931,0.11535375790794317,0.18309170107905448,0.32479793677846325,0.19826661217101807,0.1146354037018974,0.012290250133856723,1032.8297861033432
CCAGATATTAATGATTCTCCATTTAATGATTCATTTGATTGTTCTCCAATGTTTCAGAATGAACCAACTATGGCTAATTCTGATTGGTTCTCTTTGTTTCCAGAAGAAGAAACTAAAGCT,0.13174867228429135,0.07953326982635864,0.13115280773007976,0.23418928860321575,0.20772158788643816,0.07245692667265795,0.04887602493444562,0.09432142206251265,1180.9208337192206
CCAGATCCACCATGTACTGAAAGATTGCATTCTGATAGAGGTCATGAACAAGAATCTACATTTAATTATATGGAACCATGTGGTCAACATCATGGTAAGAGATCTATTGAAGTTGGTTTG,0.24257614948839493,0.034865941587322063,0.08624251479878332,0.19249562340333337,0.06829602975100568,0.09529140365338729,0.03213954300078533,0.2480927943169879,2008.6077870848367
CCAGATCCAGAATTTGCTGATTATGATGTTGATCCATTTATTGGTGATAATCAAGATTTGGATCAAGCTTTGTCTGGTGATCCATGGTATCCATTGTTTCCACAAGATAATCAAGTTGAA,0.008795579114822639,0.00012552396889345017,0.00025874110598215236,0.00030030891281869953,0.00034832800889944164,0.0002668299157799587,0.2901967161370696,0.6997079728357339,5202.412326326438
CCAGATCCAGAATTTGCTGATTATGATGTTTCTCCATTTATTGGTGATAATCAAGATTTGGATCAAGCTTTGTCTGGTGATCCATGGTATCCATTGTTTCCACAAGATAATCAAGTTGAA,0.008141194641071658,0.00788388383304815,0.008737528392710765,0.010175164941207893,0.0038106332410567656,0.002611792039569626,0.2365205372632046,0.7221192656481304,5220.956761499045
CCAGATCCATCTTCTTCTGTTGATAATTTGAATGATTATTTGACTGATATTAATTCTTTGGCTTGGGGTGTTAATTCTTTGAATGATGAGTTCTGGACTGATTTGTTTATGAATGATATT,0.19658568535528922,0.20638904278256934,0.17017093918529283,0.1044521869811952,0.16844939460066768,0.1018473699908934,0.03170835306803288,0.020397028036059535,665.8812016388588
CCAGATGAATGTAATGATATCTTCTCTACTCATCCAAGAGATTTGCCAGGTTATGGTTCTGAAGAACATTGGTACTTCTATTGTAAGAAACCTAAGAATCAAGTTACTAGAACTAAATCT,0.01821838533845693,0.09121200799113383,0.17276559078592885,0.2910936084315145,0.2383129320417295,0.1652958727756868,0.02128468203016173,0.0018169206053878738,699.1752194169262
CCAGATGATGATGTTGATGCTCATGAAGTTGATTTGGCTGAAGATGATGAAGTTATGTGTATGGAAGATGAAGTTCAAGATATTCAACCAAATCATGAAAGACCAGATGATGGTCCAGAA,0.2234937265942112,0.1570466961277692,0.1368446552145742,0.1694704726452586,0.15381293811005728,0.0812918875616205,0.05264224589216621,0.025397377854342797,725.140777208727
CCAGATGATGATGTTGATGCTCATGAAGTTGATTTGGCTGAAGATGATGAAGTTATGTGTATGGAAGATGAAGTTCAATCTATTCAACCAAATCATGAAAGACCAGATGATGGTCCAGAA,0.46384955072140494,0.2686941903305048,0.15843443533210186,0.08748078198670066,0.0014466648736046457,0.0174323976182946,0.00154724646654407,0.0011147326708444995,262.09479403126863
CCAGATGATTGGTATCCACCATCTATTGATCCAGCTGATTTGGATGAAGATTGGGATTATATCTTTGAAGATGATGAATCTCCAGATGATGATGAAGATTATGTTGAAGGTCCAGATAAA,0.09185361782918357,0.11706038512467863,0.14477713116081925,0.2040925066082523,0.15688945679117797,0.16277414274377738,0.0567929785995713,0.06575978114253953,1096.6643290093057
CCAGATGATTGGTATCCACCATCTATTGATCCAGCTGATTTGGATGAAGCTTGGGATTATATCTTTGAAGCTGCTGAATCTCCAGCTGCTGATGAAGATTATGTTGAAGGTCCAGCTAAA,0.1473696467472149,0.1317974052637739,0.0815017403548006,0.09095704337157895,0.06454177846062448,0.07004138503699135,0.19236121613099214,0.2214297846340238,2175.5115638844413
CCAGATGATTGGTATCCACCATCTATTGATCCAGCTGATTTGGATGAATCTTGGGATTATATCTTTGAAACTACTGAATCTCCATCTTCTGATGAAGATTATGTTGAAGGTCCATCTAAA,0.31176067779224337,0.15659188892117,0.0692774544703913,0.0358175464579788,0.02067519799437099,0.039802943537882635,0.24583548633436686,0.12023880449159598,1594.7588783619462
CCAGATTCTCCAGAACCAAGATCTCCAACTGTCTTCTATAATATTCCACCAATGCCATTGCCACCATCTCAATTGCCACCACCAGCTGCTCCAGCTCAACCACCACCAGGTGTTATTAAT,0.1493408374808709,0.1001702283051872,0.041295946721011056,0.036869467578206604,0.1308101561015197,0.1368866180707484,0.24623268159463252,0.15839406414782364,2010.3892222497475
CCAGATTTGGATGGTTATTGTGATGACTTCTTGAGAGATGTTGATTCTCCAGTTACTGTTAATGAACAAGAATCTGATATGGCTGTTAATCAAACTGCATTTCCATTGTTTCAAAGAAGA,0.189872157156701,0.15521582383888138,0.0590666923077539,0.1538115288280852,0.16761153623583142,0.19579257512263573,0.05503018151106821,0.023599504999043206,848.1374371144116
CCAGCTAGATTGATTGCTGCTCCTAAAGATGGTAATGCTATCTTGAGGAAATGGCAAACTCCATCTCATTTGTTTGAAGATTTGTATTGTTCTCCATTGTTTAGAGCTATTGAAGCTCCA,0.057630403130060556,0.05798330921638483,0.04780812999272644,0.14939265316458777,0.1362944913351404,0.17255950645711304,0.1995437201322483,0.17878778657173872,2105.044199550262
CCAGCTCAACCACCACCAGGTGTTATTAATGATCAACAATTGCATCATTTGCCATCTGGTCCACCATGGTGGCCACCAATTTGTGATCCACCACAACCATCTAAGACTCAAGGTCAATCT,0.32622212937950457,0.26905757169063954,0.2559344121551489,0.06095601870215488,0.03583154822917555,0.03634175709105245,0.015037480630504061,0.0006190821218199522,345.8392157772961
CCAGCTCCAGAATTTGCTGATTATGATGTTGCTCCATTTATTGGTGATAATCAAGATTTGGATCAAGCTTTGTCTGGTGATCCATGGTATCCATTGTTTCCACAAGATAATCAAGTTGAA,0.2232083434589363,0.27269843795720455,0.18847222263338856,0.12398844865622782,0.0942646898573607,0.0730692760472967,0.01478672608140263,0.009511855308182778,491.0986243884099
CCAGCTCCAGAATTTGCTGATTATGATGTTTCTCCATTTATTGGTGATAATCAAGATTTGGATCAAGCTTTGTCTGGTGATCCATGGTATCCATTGTTTCCACAAGATAATCAAGTTGAA,0.06861452437155013,0.08786233645315973,0.07761840789158782,0.10394783025188076,0.147519699033573,0.2515697742208662,0.17355385546707475,0.08931357231030759,1581.9740203560164
CCAGCTCCATCTTCTTCTGTTGATAATTTGAATGATTATTTGACTGATATTAATTCTTTGGCTTGGGGTGTTAATTCTTTGAATGATGAGTTCTGGACTGATTTGTTTATGAATGATATT,0.021739757382628937,0.0001771083657352667,0.00029205714148782365,0.09204537573096469,0.2628809285064032,0.42400205757778164,0.19049614954736083,0.008366565747637602,1377.0572517939859
CCAGCTGATGCTGTTGCTGCTCATGAAGTTGCTTTGGCTGAAGCTGCTGAAGTTATGTGTATGGAAGATGAAGTTCAAGCTATTCAACCAAATCATGAAAGACCAGCTGCTGGTCCAGAA,0.19487339631927403,0.2518278607383865,0.2603431969256466,0.20879284391676392,0.03388002176985852,0.03598026822369074,0.012357740566113077,0.0019446715402666227,394.916783931162
CCAGCTGATGCTGTTGCTGCTCATGAAGTTGCTTTGGCTGAAGCTGCTGAAGTTATGTGTATGGAAGATGAAGTTCAATCTATTCAACCAAATCATGAAAGACCAGCTGCTGGTCCAGAA,0.29318224073534405,0.2843477518039345,0.12818011184297057,0.10563746703076159,0.04945198010233337,0.06778835946773593,0.036744773877873844,0.03466731513904612,650.1061730245415
CCAGCTGCTGCTGCTGCTATGGCTATGGGTATGGGTATGCCATATGCTATGGGTTTGCCAGATTTGTCTAGAGGTGGTTCTTCTGTTAATCATGGTCCACAATTTCAAGTTTCTGGTATG,0.27937548807443335,0.2448388750991464,0.22984976373528887,0.1460282686082301,0.052973819395982585,0.03374237390392925,0.008647998810968513,0.004543412372021012,383.8579274147307
CCAGCTTTGGATGGTTATTGTGCTGACTTCTTGAGAGATGTTGCTTCTCCAGTTACTGTTAATGAACAAGAATCTGATATGGCTGTTAATCAAACTGCATTTCCATTGTTTCAAAGAAGA,0.3388846389594151,0.3149122307089875,0.2080685624767715,0.08825325194945795,0.03043898547244286,0.005331704112426364,0.004766725812594622,0.009343900507904183,338.25599680846153
CCAGGTAAAGAGAATTTGTTGGGTATGTCTGTTGATGATTTGATTGAACCAATGAATCAACAAGAAGAACCACAAGGTCCACATTTGGCTCCAAATGATGATGAATTTATTAGAGGTTTG,0.08959085745718447,0.10189679995863674,0.10178798334660454,0.1817548234068812,0.21111250089823147,0.1713797503993916,0.08670352171734398,0.05577376281572595,1135.5838277249188
CCAGGTATGGAGAATCATGTTGATCAAATGGTTGGTGATAATGATAATTGTGCTGAAGAAGGTACTAAATGGTGGGATTCTGAAGATCAACATTTGTTGGATGATCAACAATTGGTTGAA,0.2568513769586148,0.2902302941314178,0.1917672793588144,0.14048155874541982,0.07009006305024026,0.01811010454688839,0.01832433340841278,0.01414498980019155,454.12088697027497
CCAGGTATGGAGAATCATGTTGATCAAATGGTTGGTGATAATGATAATTGTGCTGAAGAAGGTACTAAATGGTGGGATTCTGAAGATCAACATTTGTTGGATTCTCAACAATTGGTTGAA,0.051375661304608855,0.1353540937255699,0.19426948202674166,0.29040971790064884,0.18605980162925445,0.11848611855466372,0.021189037730204283,0.0028560871283083602,623.2264625045063
CCAGGTATGGAGAATCATGTTGATCAAATGGTTGGTGATAATGATAATTGTGCTGAAGAAGGTACTAAATGGTGGGATTCTGAAGCTCAACATTTGTTGGATGCTCAACAATTGGTTGAA,0.32828892010893107,0.2769224840390527,0.20266754848329174,0.1014693521653144,0.046904961618381674,0.029537793610231636,0.008509050504136027,0.005699889470660802,364.63092366890726
CCAGGTATGGAGAATCATGTTGATCAAATGGTTGGTGATAATGATAATTGTGCTGAAGAAGGTACTAAATGGTGGGATTCTGAAGCTCAACATTTGTTGGATTCTCAACAATTGGTTGAA,0.000643684638844485,0.11671665316126009,0.26325108116358625,0.1833069906218482,0.23116383099334692,0.18421261472383776,0.020363791897546668,0.00034135279972955017,689.0312767724633
CCAGGTATGGAGAATCATGTTGATCAAATGGTTGGTGATAATGATAATTGTGCTGAAGAAGGTACTAAATGGTGGGATTCTGAATCTCAACATTTGTTGGATGATCAACAATTGGTTGAA,0.024083998070927898,0.14538887442746518,0.049948067685774485,0.14270135901334918,0.12657347850792586,0.1250946285462799,0.22336659448373125,0.16284299926454615,2006.4402456509313
CCAGGTATGGAGAATCATGTTGATCAAATGGTTGGTGATAATGATAATTGTGCTGAAGAAGGTACTAAATGGTGGGATTCTGAATCTCAACATTTGTTGGATGCTCAACAATTGGTTGAA,0.043918225773328254,0.0800892344592659,0.12296136150616678,0.24090881593057833,0.28671213420785774,0.1308309694277879,0.0585520735206918,0.036027185174323226,964.1862274463688
CCAGGTCAATCTCCATTTGTTATTTGTAAATTGTTTAAGAAAGAAGAATTGGTCTTGGGTGAAGAAGATTCTAAATCTGATGAAGTTGAAGAACCAGCTGTTTCTTCTCCAACTGTTGAA,0.01975455667850082,0.03975105174041873,0.0807678350829002,0.19124931149676086,0.23915700335570997,0.27936719987903297,0.1230146244094934,0.02693841735718293,1188.1568562509665
CCAGGTGAGAAATATGCTGAAGAATTGACTACTGCTGATGCTTTGGAAACTATTGCTGCTGAAGCTGATTTGCCAGATTTGCCAGAACCAGCTTTGGATGAACAAGGTGAAGAACATATT,0.20565691615624004,0.22169601301039987,0.07311670859844858,0.16319846928972884,0.07237701899964925,0.06732365710343893,0.10899207220747142,0.087639144634623,1173.2178846921843
CCAGGTTCTACTAAGAGAGCTTTGCCAAATAATACTTCTTCTTCTCCACAACCTAAGAAGAAACCATTGGATGGTGAATACTTTACTTTGCAAATTAGAGGTAGAGAAAGATTTGAAATG,0.056740788455329615,0.05269684328191935,0.09232988478471314,0.21820531521145017,0.23225291727724623,0.18003085302673297,0.10524827853136004,0.062495119431248546,1252.6030255965024
CCAGGTTCTTCTAACTTCTCTGGTAATAATAATAATTCATTTCAAATTCAAACTCAATATGGTACTAATGAAGTTGATACTTATATTTCTGACTTCTTGGATTCTATCTTGAAATCTCCA,0.045390987256118676,0.09133788787729923,0.11296423943146709,0.2017113878682994,0.08945714390415767,0.3328449922307902,0.1262933614318677,0.0,1013.8636330623427
CCAGTCTTCTTGGGTGATGGTAACTTCTCTGGTATGTTTGATTTGTCTAATGATCAAGTTGTTGAATTGCAAGATTTGATTCAATCTCCAACTCCACATCCACCATCTCCACCAGCTCAA,0.027845939122286775,0.043437089727461506,0.07406184015941907,0.16874690957790084,0.2726111973209062,0.25338190523822324,0.12988866781117567,0.030026451042626842,1205.088107906662
CCAGTTAAATTGCAATTGGAAGATATTGAGAAATTGTTGAATGAAATTCCAGATGCTCCAGGTGTTAATCAAAGACAATTTGATGAATTTGTTGGTGTTCCACAAGGTAATTCTGCTGAA,0.1356042696132291,0.0909564381414108,0.14998996356389982,0.16739082578841655,0.10393080672665828,0.11048498292109994,0.09781794473487841,0.1438247685104071,1571.0413348962315
CCAGTTACTCCTAAATCTGTTACTCCAGAACCACCAAGAATTGAGAATAGATGGTCTAATTTGGATTTGGGTCAAGAATCTCATCATATTCCACAACATCCACAAACTGATTGTTTGGAA,0.015591952612956721,0.028522602986734213,0.01763799354179568,0.03779373905689299,0.11174116937466835,0.20657956416477888,0.3707204712299878,0.2114125070321855,2706.471275403394
CCAGTTATCTTGGATGGTATTCAAAGAGGTTGTAAGAAGATTATGGTCTTGTATGTTTCTCCAATTAAAGGTGGTAAAGCTGAGAAGACTAATTGGGTTATGCATCAATATCATTTGGGT,0.08732311685904233,0.029285949843462073,0.054330110871498645,0.1293506938960939,0.25814628971192677,0.17342182098595785,0.0944856070169249,0.17365641081509345,1885.85897860532
CCAGTTATGGAGAATGGTGAAGTTATTGGTTGGAAGAAGATTATGGTCTTGTATACTAACTTTAAGAAGAAATCTAAACCTAAGAAGACTAATTGGGTTATTCATCAATATCATGTTGGT,0.05956884292576651,0.04495021444538542,0.018531071479434107,0.04963422272768497,0.10272416434298012,0.13650280773904644,0.4281643519245184,0.15992432441518412,2441.802077909772
CCATATAATGATAAGACTAAGACTGAACCAGTTTATGTTCCATGCTTCTCTAATCAAACTGATCAGAATCAAGGTACTACTTTGAATTGCTTCTCTTCTCCAGTCTTAAATTCTATTCAA,0.26945242593505764,0.4686855869971937,0.10229253695147165,0.045663941307657316,0.04950375873564653,0.02930289560214149,0.02964952672997191,0.005449327740859835,396.2100678003047
CCATATTCTTATGCTACTTTGATTTGTTTGGCTATCTTGCAATCTCAAGAAGGTAAATTGACTTTGTCTCAAATTTATCATTGGATTCATGTTCACTTTCCATATTATAAACAGAAAGAT,0.15462606043145655,0.1037152867000271,0.03206806822384655,0.057261435833520495,0.0761847592193822,0.09448738797819423,0.14340765364327815,0.3382493479702948,2795.3916455076214
CCATCATTTGAAGATCCAGGTTACTTCTCTCAAGATCCAGATCCAATGTTTACTGAATTGGAATTTCCACCAGGTCATGAACAATGGGATCCATTGTTTCCAACTAATGATACTGATGCT,0.04352240231914771,0.055731348294535216,0.049233593128717855,0.057143169310188105,0.027291890365663155,0.010879873359633233,0.3265876966947325,0.42961002652738206,3677.023973040436
CCATCATTTGAAGATCCAGGTTACTTCTCTCAAGATCCATCTCCAATGTTTACTGAATTGGAATTTCCACCAGGTCATGAACAATGGGATCCATTGTTTCCAACTAATGATACTGATGCT,0.06793461614061638,0.09320539255093706,0.0691643513450112,0.08919542730383684,0.1764866430404971,0.21511190617926113,0.20047310831072077,0.08842855512911944,1610.1158203991924
CCATCATTTGAAGCTCCAGGTTACTTCTCTCAAGATCCAGCTCCAATGTTTACTGAATTGGAATTTCCACCAGGTCATGAACAATGGGATCCATTGTTTCCAACTAATGATACTGATGCT,0.20936423052967548,0.21064629532880194,0.1657865134882309,0.1268708495482218,0.0937767566919944,0.05233755934464543,0.14121779506843,0.0,706.8400249031088
CCATCATTTGAAGCTCCAGGTTACTTCTCTCAAGATCCATCTCCAATGTTTACTGAATTGGAATTTCCACCAGGTCATGAACAATGGGATCCATTGTTTCCAACTAATGATACTGATGCT,0.07003815365583195,0.1409340799232584,0.06536380268294982,0.1556200253801121,0.18979413442035675,0.19259204953422654,0.08119594502104159,0.10446180938222276,1424.926253934426
CCATCATTTGAATCTCCAGGTTACTTCTCTCAAGATCCAGATCCAATGTTTACTGAATTGGAATTTCCACCAGGTCATGAACAATGGGATCCATTGTTTCCAACTAATGATACTGATGCT,0.0002237189914056838,0.0024599007679129777,0.0014217466612497262,0.004953131039307553,0.027745728038476324,0.029162750919673082,0.33944998293958517,0.5945830406423895,4724.4060422469665
CCATCATTTGAATCTCCAGGTTACTTCTCTCAAGATCCAGCTCCAATGTTTACTGAATTGGAATTTCCACCAGGTCATGAACAATGGGATCCATTGTTTCCAACTAATGATACTGATGCT,0.0005576506836780535,0.0008415982780858001,0.001127604920954442,0.0016262688525518565,0.0006868907308701872,0.0072199319948685415,0.3953287074312268,0.5926113471077643,4803.742958550295
CCATCATTTGAATCTCCAGGTTACTTCTCTCAAGATCCATCTCCAATGTTTACTGAATTGGAATTTCCACCAGGTCATGAACAATGGGATCCATTGTTTCCAACTAATGATACTGATGCT,0.0002745673048440241,0.0008393708914256461,0.0001971097422260253,0.00014078536665010835,0.00016649870473670804,0.00017423298988252856,0.30718256115373116,0.6910248738465037,5189.801438730314
CCATCATTTGAATCTTCTGGTTACTTCTCTCATGATACTGATCCATTGTTTGCTGATGCTGATTTGGGTTCTGGTCATGAACAATGGGAATCTTTGTTTCCAACTGATCCAACTCCATTG,0.13856886625701353,0.12474189126837766,0.07260113461119871,0.09722861653126919,0.050306662593447515,0.12701297107865803,0.18939117269835698,0.20014868496167842,2096.318052704375
CCATCATTTGAATCTTCTGGTTACTTCTCTCATGATACTGATCCATTGTTTGCTGATGCTGATTTGGGTTCTGGTCATGAACAATGGGAATCTTTGTTTCCAACTGATCCAGATCCATTG,0.028113686259742535,0.02451439769747774,0.018657690306239382,0.01874001101214927,0.04063166504172218,0.030922987966432135,0.3285322274174984,0.5098873342987383,4191.760076520283
CCATCATTTGAATCTTCTGGTTACTTCTCTCATGATACTGCTCCATTGTTTGCTGATGCTGATTTGGGTTCTGGTCATGAACAATGGGAATCTTTGTTTCCAACTGATCCAACTCCATTG,0.03494016425048998,0.027830348304081598,0.025361976418058634,0.06146078381860284,0.16497834582583262,0.22685326453008725,0.33350342079458906,0.12507169605825785,2146.750117029206
CCATCATTTGAATCTTCTGGTTACTTCTCTCATGATACTGCTCCATTGTTTGCTGATGCTGATTTGGGTTCTGGTCATGAACAATGGGAATCTTTGTTTCCAACTGATCCAGCTCCATTG,0.0019127749174542826,0.021279338789121582,0.053723496882868836,0.07735102076611097,0.2104043134561754,0.23042843325734869,0.2671136477323137,0.13778697419860664,2106.3139890369466
CCATCATTTGAATCTTCTGGTTACTTCTCTCATGATACTTCTCCATTGTTTGCTGATGCTGATTTGGGTTCTGGTCATGAACAATGGGAATCTTTGTTTCCAACTGATCCAACTCCATTG,0.056119382758591796,0.1077930686244801,0.13966392391769694,0.20971172957098638,0.18098313433613145,0.10287865855882167,0.09936401561295605,0.10348608662033562,1377.4418949796266
CCATCATTTGAATCTTCTGGTTACTTCTCTCATGATACTTCTCCATTGTTTGCTGATGCTGATTTGGGTTCTGGTCATGAACAATGGGAATCTTTGTTTCCAACTGATCCAGATCCATTG,0.2605010664532242,0.14112876252924034,0.18701169859743141,0.11131071054446787,0.10860360629244326,0.09183718623404438,0.027877065239785174,0.07172990410936336,924.931291881247
CCATCATTTGAATCTTCTGGTTACTTCTCTCATGATACTTCTCCATTGTTTGCTGATGCTGATTTGGGTTCTGGTCATGAACAATGGGAATCTTTGTTTCCAACTGATCCAGCTCCATTG,0.10922813879227819,0.13881727486089737,0.09299629426682064,0.11496198000235648,0.10763411330084016,0.14227451314884657,0.1706163119470892,0.12347137368087134,1639.886923061794
CCATCTACTTTGTCTTTGTTGGGTCCAACATTTCCAGGTTTGTCTTCTTGTTCTGCTGATTTGAAAGATATCTTGTCTGAAGCTTCTACTATGCAATTGTTGCAACAACAACAACAAGAA,0.04795570969209495,0.14872965164314786,0.1670011468546099,0.27418595048731875,0.18374019948622913,0.11630716154828541,0.04045106040572394,0.021629119882590014,773.530481567159
CCATCTAGATTGATTTCTACTCCTAAAGATGGTAATTCTATCTTGAGGAAATGGCAAACTCCATCTCATTTGTTTGAAGATTTGTATTGTTCTCCATTGTTTAGAGCTATTGAAACTCCA,0.24194592723271602,0.2306155354300034,0.2059915594495423,0.10610278311264172,0.10038529644132507,0.05252422343727668,0.04724048474538215,0.015194190151112447,577.9896717516579
CCATCTCATTTGTTTGAAGATTTGTATTGTTCTCCATTGTTTAGAGCTATTGAAACTCCAATTAGATATATTACTACTCCAGGTGGTACTTTGGAAACTCAAATTTCTCCAAGGAAATCT,0.13985333471574024,0.1407097419302195,0.11601734575614733,0.04315897510842049,0.09187491941626838,0.17804211361668867,0.2161778608535706,0.07416570860294479,1458.9631274901744
CCATCTCATTTGTTTGAAGATTTGTATTGTTCTCCATTGTTTAGAGCTATTGAAGCTCCAATTAGAGCTATTGCTGCTCCAGGTGGTGCTTTGGAAGCTCAAATTGCTCCAAGGAAAGCT,0.06551728900076242,0.13183698259326976,0.04076310722116474,0.21836245628140863,0.19368347896733942,0.15013375222344955,0.12152777691484754,0.07817515679775777,1326.8128311809137
CCATCTCCAGAATTTGCTGATTATGATGTTGATCCATTTATTGGTGATAATCAAGATTTGGATCAAGCTTTGTCTGGTGATCCATGGTATCCATTGTTTCCACAAGATAATCAAGTTGAA,0.00022352103365804157,0.00023811860032077386,0.015052154288790249,0.00023371697460305727,0.00018138982230508346,0.00016872518884730996,0.30207875744729623,0.6818236166441791,5122.8959865176475
CCATCTCCAGAATTTGCTGATTATGATGTTGCTCCATTTATTGGTGATAATCAAGATTTGGATCAAGCTTTGTCTGGTGATCCATGGTATCCATTGTTTCCACAAGATAATCAAGTTGAA,0.022518900576829606,0.03115309660540288,0.03152398151100371,0.0844348542563801,0.12204648523659542,0.22189016810325624,0.3184979682688045,0.1679345454417275,2352.360416827914
CCATCTCCAGAATTTGCTGATTATGATGTTTCTCCATTTATTGGTGATAATCAAGATTTGGATCAAGCTTTGTCTGGTGATCCATGGTATCCATTGTTTCCACAAGATAATCAAGTTGAA,0.20815666592990864,0.13962089071662234,0.1295095175870646,0.0,0.0,0.1271983493538287,0.06435150488846286,0.33116307152411284,2551.8499695152277
CCATCTCCATCTTCTTCTGTTGATAATTTGAATGATTATTTGACTGATATTAATTCTTTGGCTTGGGGTGTTAATTCTTTGAATGATGAGTTCTGGACTGATTTGTTTATGAATGATATT,0.04266534106905282,0.08585321391718723,0.15927141362077343,0.09479949303980936,0.25225621559176825,0.1955364100769066,0.11870967489303617,0.05090823779146608,1218.8649761483714
CCATCTGATTATGTTTCTGCTCATGAAGTTTCTTTGGCTGAAACTTCTGAAGTTATGTGTATGGAAGATGAAGTTCAATCTATTCAACCAAATCATGAAAGACCATCTTCTGGTCCAGAA,0.040685414946182615,0.04446504276972937,0.18333022577649394,0.3291495609608124,0.18559920241305514,0.19671995795492,0.015920242235283325,0.004130352943523243,716.0127536535338
CCATCTGGTGTTGATAGGAAGATTAGAGATAAGAGAGGTAATGGTGTTGTTATTGGTATTAAGAAGACTTTGGTTTATCATGAAGGTAAATCTCCACATGGTGTTAGAACTCCATGGGTT,0.00503224021629812,0.006231453157523065,0.017340510180568338,0.039994636859781774,0.13312476150717373,0.2263711629887104,0.4107084852178142,0.1611967498721304,2528.6278938108308
CCATCTTCTACTGTTAGGAAGACTATGAAAGAAGTTAATAAGAGACCATCTCATCCATTGTCTCCAGATCATTCTTCTCCAATTGCTCCATCTAAAGCTAAGAGACAAAGATCTGATACT,0.04124792444897004,0.034981273330140554,0.08692110133546169,0.17715505801936346,0.13782254571207078,0.21105884447798648,0.18541367310281562,0.1253995795731913,1801.241463683999
CCATCTTCTGAGAAACCAGAAGATGGTGATAATCCATCTGATCAAGATCCTAAATGGTGGGATGGTGAAGATCAATTCTTGTTGACTGATCAACAATTGGCTGAATCTTTGCCATGTTTG,0.33649878810347233,0.23898308844144814,0.1662569136502113,0.07696679899404257,0.048762952752983604,0.04989415689474402,0.04130539125941012,0.04133190990368793,673.6800240989539
CCATCTTCTGAGAAACCAGAAGATGGTGATAATCCATCTGATCAAGATCCTAAATGGTGGGATGGTGAATCTCAATTCTTGTTGACTTCTCAACAATTGGCTGAATCTTTGCCATGTTTG,0.061087332722010466,0.08939841119324873,0.0691034668192225,0.19125859844311918,0.18605990659133048,0.08144433315294908,0.14936406158175064,0.17228388949636886,1883.190215679212
CCATCTTCTGAGAAACCAGAAGATGGTGATAATCCATCTGCTCAAGATCCTAAATGGTGGGATGGTGAAGCTCAATTCTTGTTGACTGCTCAACAATTGGCTGAATCTTTGCCATGTTTG,0.02456886391152626,0.14460798713943473,0.14980369063160928,0.13374635414346023,0.22757698121523812,0.2319555193236195,0.06721972475651868,0.02052087887859327,949.7154771140384
CCATCTTCTGAGAAACCAGAAGATGGTGATAATCCATCTGCTCAAGATCCTAAATGGTGGGATGGTGAATCTCAATTCTTGTTGACTTCTCAACAATTGGCTGAATCTTTGCCATGTTTG,0.10878295888305833,0.1860634755211218,0.14890007302980643,0.12085417689259435,0.15007360220099686,0.12962436179775721,0.0908014985419433,0.06489985313272167,1108.8284426929645
CCATCTTCTGAGAAACCAGAAGATGGTGATAATCCATCTTCTCAAGATCCTAAATGGTGGGATGGTGAAGATCAATTCTTGTTGACTTCTCAACAATTGGCTGAATCTTTGCCATGTTTG,0.11079316008144582,0.08917729130667143,0.0689325448694785,0.20924865178858823,0.19651733169341062,0.1726411349773416,0.11303040244921829,0.0396594828338455,1094.2646836035678
CCATCTTCTGAGAAACCAGAAGATGGTGATAATCCATCTTCTCAAGATCCTAAATGGTGGGATGGTGAAGCTCAATTCTTGTTGACTTCTCAACAATTGGCTGAATCTTTGCCATGTTTG,0.16092846811586467,0.14487035951107613,0.11593466719159934,0.04704896542916026,0.05842419271995322,0.07763573835980069,0.17281904314500393,0.22233856552754164,2131.514398255629
CCATCTTCTGAGAAACCAGAAGATGGTGATAATCCATCTTCTCAAGATCCTAAATGGTGGGATGGTGAATCTCAATTCTTGTTGACTGATCAACAATTGGCTGAATCTTTGCCATGTTTG,0.07211777712126821,0.12438753982140897,0.07691957936203309,0.20602389551041644,0.13197845750519704,0.1605371781474357,0.10510578406732579,0.12292978846491487,1540.2658162888506
CCATCTTCTGAGAAACCAGAAGATGGTGATAATCCATCTTCTCAAGATCCTAAATGGTGGGATGGTGAATCTCAATTCTTGTTGACTGCTCAACAATTGGCTGAATCTTTGCCATGTTTG,0.1635975417450342,0.11395339560842262,0.12527510241563541,0.08388522410093625,0.18601162391311138,0.10381457782040603,0.1633996402636401,0.06006289413281404,1224.1746078635608
CCATCTTCTGAGAAACCAGAAGATGGTGATAATCCATCTTCTCAAGATCCTAAATGGTGGGATGGTGAATCTCAATTCTTGTTGACTTCTCAACAATTGGCTGAATCTTTGCCATGTTTG,0.20061416917870897,0.17661232051634748,0.07801048598238546,0.06964860505847928,0.13590946721280972,0.114927519237094,0.2093166450105018,0.014960787803673258,1030.489890497589
CCATCTTCTGTTCCACAGAATCCAACTATTAATCCACCAATTAATACTGCTTCTAATGAAACTAATTTGTCTCCACAAACTTCTAATGGTAATGAAACTTTGATTTCTCCAAGAGCTCAA,0.07738733053983898,0.11679183050295668,0.1685191550449321,0.10746837361219179,0.03812898761927565,0.0532002337964587,0.16148865716945549,0.27701543171489074,2428.384190948295
CCATCTTTGATGACTGGTTTGGATCAAGATGATGACTTTGTTCCATGGTTGAATCATCATCCAGATTTGGATGGTTATTGTGATGACTTCTTGAGAGATGTTGATTCTCCAGTTACTGTT,0.12868926473299147,0.20950147678676342,0.21907227173170704,0.23331813009428146,0.09598905791284126,0.07126585362904038,0.024036291621115178,0.018127653491259714,602.8797558444571
CCATCTTTGATGACTGGTTTGGCTCAAGATGATGACTTTGTTCCATGGTTGAATCATCATCCAGCTTTGGATGGTTATTGTGCTGACTTCTTGAGAGATGTTGCTTCTCCAGTTACTGTT,0.061691269259144574,0.1289126267391437,0.08267034447015346,0.19506658228884016,0.1543155521669456,0.10439363175475891,0.15404160565049507,0.11890838767051852,1578.4585055767532
CCATCTTTGATGACTGGTTTGTCTCAAGATGATGACTTTGTTCCATGGTTGAATCATCATCCATCTTTGGATGGTTATTGTTCTGACTTCTTGAGAGATGTTTCTTCTCCAGTTACTGTT,0.16037281369430095,0.1586200458099481,0.12852975864508048,0.11475275772739306,0.09106952222462884,0.05232153098044567,0.13865357309837606,0.15567999781982678,1650.0606388654476
CCATCTTTGGATGGTTATTGTTCTGACTTCTTGAGAGATGTTTCTTCTCCAGTTACTGTTAATGAACAAGAATCTGATATGGCTGTTAATCAAACTGCATTTCCATTGTTTCAAAGAAGA,0.3139356792980475,0.10986368654550398,0.06793822410488683,0.13647595677431534,0.08070110754869768,0.16264420893629647,0.06329544888940335,0.06514568790284897,1022.9414441561535
CCATCTTTGTATGAAGATCCAGACTTTGGTTATGATGTTGATCCAGGATTTGGTTCTACTGACTTTGATAATGGTTCTAATCAATGGTTCTCTTTGTTTCCAGATCAATCTACTGCTCCA,0.00035238741190161754,0.00027368408722827197,0.00028463520367748795,0.001641512630502881,0.0004508090791159425,0.0018870011954691917,0.27944346784637975,0.7156665025457247,5277.736499360763
CCATCTTTGTATGAAGATCCAGACTTTGGTTATGATGTTTCTCCAGGATTTGGTTCTACTGACTTTGATAATGGTTCTAATCAATGGTTCTCTTTGTTTCCAGATCAATCTACTGCTCCA,0.0006796871214235681,0.0013676985199272491,0.0011276884592344805,0.000755109333737152,0.0014139548323771139,0.005745489502246122,0.2672087731542453,0.721701599076809,5290.5576435352195
CCATCTTTGTATGAAGCTCCAGACTTTGGTTATGATGTTGCTCCAGGATTTGGTTCTACTGACTTTGATAATGGTTCTAATCAATGGTTCTCTTTGTTTCCAGATCAATCTACTGCTCCA,0.046193027383934535,0.08299267044114741,0.0821144794358723,0.0953065032030947,0.16581887722365535,0.16331443074384186,0.19890760396226395,0.1653524076061898,2017.7764755158685
CCATCTTTGTATGAAGCTCCAGACTTTGGTTATGATGTTTCTCCAGGATTTGGTTCTACTGACTTTGATAATGGTTCTAATCAATGGTTCTCTTTGTTTCCAGATCAATCTACTGCTCCA,0.09516626178551536,0.10582786732067508,0.1321315800421399,0.11685559239705742,0.07897048327962022,0.058765412680351195,0.1421479087506837,0.2701348937439571,2366.284299830504
CCATCTTTGTATGAATCTCCAGACTTTGGTTATGATGTTGATCCAGGATTTGGTTCTACTGACTTTGATAATGGTTCTAATCAATGGTTCTCTTTGTTTCCAGATCAATCTACTGCTCCA,0.30551058870905035,0.2128025189521605,0.058486316299965244,0.13054303834940092,0.0694735631382384,0.08616389395636836,0.10897893469745987,0.02804114589735633,809.6200007183022
CCATCTTTGTATGAATCTCCAGACTTTGGTTATGATGTTGCTCCAGGATTTGGTTCTACTGACTTTGATAATGGTTCTAATCAATGGTTCTCTTTGTTTCCAGATCAATCTACTGCTCCA,0.13150209330743562,0.08820490718691153,0.09999866552882712,0.1542107180821033,0.13678206813034616,0.15401762017514897,0.12196137312027315,0.11332255446895419,1500.4254804248228
CCATCTTTGTATGAATCTCCAGACTTTGGTTATGATGTTTCTCCAGGATTTGGTTCTACTGACTTTGATAATGGTTCTAATCAATGGTTCTCTTTGTTTCCAGATCAATCTACTGCTCCA,0.06130156739029281,0.0461350161787107,0.07816885817021842,0.17354166022983936,0.35982466130150836,0.23832033678153938,0.0412204250266149,0.0014874749212759524,850.1706379022191
CCATGTGTTGATGATACTAAATTCTGTAATCCAGTTAAATTGCAATTGGAAGATATTGAGAAATTGTTGAATGAAATTCCAGATGCTCCAGGTGTTAATCAAAGACAATTTGATGAATTT,0.13391778001925467,0.08982522680958485,0.22218684193650348,0.04959270349475999,0.04398781506598505,0.08183317354494013,0.1656023963885545,0.21305406274041733,2067.7187765921035
CCATTGAATTATGTTTCTAAACAGAAACAGAATGTCTTTGCTCAAGATTTGATGTTTAAACAAGAATTGGAAGGTTCTGATATTGGTTTGAACTTTATTCATTGTGATCAATTTATTCAA,0.1060934178034623,0.1356526800123228,0.12376592016799669,0.09085518657945536,0.028314308478128283,0.02633740407451349,0.14349437672159698,0.3454867061625241,2758.5814369299187
CCATTGACTAATCAACAGAATAATATTTCTTCTTCTTCTGTTAATTCTACTGGTAATGGTGCTGGTGTTACTAAAGAAAGAAGACCATCTTATAGAAGGAAATCTATGACTCCATCTAGA,0.3868260860042671,0.15567794316573075,0.19253828673591109,0.04297506586016415,0.11435427691727881,0.0,0.10762834131664809,0.0,545.5709903875072
CCATTGACTCATCAATCTACTCCAAATGATCCAGATTCTCCAGAACCAAGATCTCCAACTGTCTTCTATAATATTCCACCAATGCCATTGCCACCATCTCAATTGCCACCACCAGCTGCT,0.8558008546813485,0.017307365727804457,0.0178377364479725,0.01911086867910453,0.03390197742680429,0.03153494209842714,0.015953988325425106,0.008552266613113481,309.22470290177193
CCATTGACTGAAAGAAGAAATTCTGACTTTAATCCAGGTCAAGAATCTCCAATTGCTTGTATGGATTCTTCTGTTCAACAACCAGATATGGGTCATTTGGAAGGTGAAGTTCAAACTGAA,0.0263321796631274,0.079480282949059,0.06553271536998699,0.11701663318043053,0.2594789987870321,0.12068109036078466,0.26863904436884534,0.06283905532073399,1562.6366758921574
CCATTGAGACCAACTGCTCCAACTATCTTGTCTCCATTGTCTCAACCAAGATTGACTCCACCACAACCATTGATGATGCCACCAAGACCAACTCCACCAACTCCATTGCCACCAGCTACT,0.13374416794854146,0.1345631650111318,0.023774871123727,0.12735877145438626,0.09413740481598828,0.19264241315926325,0.08860055792690465,0.2051786485600572,1990.59008031181
CCATTGGAAATTGAGAATCCACAACATAGAGAACAAACTATTTCTGCTCCAGAAATGATGGTTGATGGTGATCAACAAGCTGAAGAAGAATCTAAATGGTGGGATTCTGAAGATCAGAAT,0.3055555695935593,0.2997281749498544,0.22851106843645105,0.11220943346434668,0.021614601919225714,0.022443316333609364,0.005677200954621149,0.004260634348332343,334.6667826346089
CCATTGGAAATTGAGAATCCACAACATAGAGAACAAACTATTTCTGCTCCAGAAATGATGGTTGATGGTGATCAACAAGCTGAAGAAGAATCTAAATGGTGGGATTCTGAAGCTCAGAAT,0.0049206879210068125,0.008251367154161129,0.05918939808781513,0.09657867313920165,0.04687248397360706,0.10298584823893663,0.48451100202479985,0.19669053946047188,2751.973205505234
CCATTGGAAATTGAGAATCCACAACATAGAGAACAAACTATTTCTGCTCCAGAAATGATGGTTGATGGTGATCAACAAGCTGAAGAAGAATCTAAATGGTGGGATTCTGAATCTCAGAAT,0.06915786961370093,0.13916273080748212,0.2581690754223194,0.1536640939651964,0.06814861130062617,0.0,0.06414033821074432,0.24755728067993066,1995.6090498088056
CCATTGTCATTCTTTGATGATCCAAATGATTCTTATGATACTGATCCATTGTTTGCTCCAGATGATATTACTCAAGATGGTGCTTGGTATTCTTTGTTTCCAGATGCTGCTCCAGATACT,0.11826967892591325,0.1778898950148279,0.23338838233075948,0.2481879130497072,0.10359440474114785,0.08431626494355884,0.02437533219688992,0.009978128797195516,578.562064076443
CCATTGTCATTCTTTGATGATCCAAATGATTCTTATGATACTTCTCCATTGTTTGCTCCAGATGATATTACTCAAGATGGTGCTTGGTATTCTTTGTTTCCAGATGCTGCTCCAGATACT,0.1090492949932524,0.24137755465176675,0.08141707030919385,0.2907601614615698,0.06447472767984345,0.07996413812283738,0.08091005349447326,0.05204699928706297,940.1989919844076
CCATTGTCATTCTTTGATGCTCCAAATGATTCTTATGATACTGCTCCATTGTTTGCTCCAGATGATATTACTCAAGATGGTGCTTGGTATTCTTTGTTTCCAGATGCTGCTCCAGATACT,0.001382982611027618,0.0008011387173996952,0.0009908267860510732,0.0002560744606027684,0.00020648484779449698,0.0001920680802015328,0.27829502399656286,0.7178754005003599,5286.14026925105
CCATTGTCATTCTTTGATGCTCCAAATGATTCTTATGATACTTCTCCATTGTTTGCTCCAGATGATATTACTCAAGATGGTGCTTGGTATTCTTTGTTTCCAGATGCTGCTCCAGATACT,0.17858063868826746,0.19139207919015694,0.21255463264063712,0.25877873646861593,0.038255329247488694,0.03914277728838937,0.03960580678629667,0.04168999969014791,717.5368720727122
CCATTGTCATTCTTTGATTCTCCAAATGATTCTTATGATACTGATCCATTGTTTGCTCCAGATGATATTACTCAAGATGGTGCTTGGTATTCTTTGTTTCCAGATGCTGCTCCAGATACT,0.0022534613447971973,0.001971531010594093,0.0010972514017613883,0.001088486567881223,0.0010620143029772468,0.0008980586248960195,0.26710706810575685,0.724522128641336,5301.862954798685
CCATTGTCATTCTTTGATTCTCCAAATGATTCTTATGATACTGCTCCATTGTTTGCTCCAGATGATATTACTCAAGATGGTGCTTGGTATTCTTTGTTTCCAGATGCTGCTCCAGATACT,0.009692320267262586,0.008111414016150172,0.004807568579130163,0.0022329620062916324,0.0008582583506480093,0.0006755140371922223,0.28591215339492865,0.6877098093483965,5120.450278983824
CCATTGTCATTCTTTGATTCTCCAAATGATTCTTATGATACTTCTCCATTGTTTGCTCCAGATGATATTACTCAAGATGGTGCTTGGTATTCTTTGTTTCCAGATGCTGCTCCAGATACT,0.15809887683836638,0.17436191768907058,0.1626804086930053,0.22630859122826164,0.17077162089701367,0.08360439475324803,0.016918674322399695,0.00725551557863479,564.0921639879007
CCATTGTCTATGTTTGATGATCCATCTGATGGTTATGAAACTGATCCATTGTTTGGTGCTGAAGATATTACTGCTGGTGGTGAATGGTTCTCTTTGTTTCCAGAAACTGCTGTTAAACAA,0.09919001149463318,0.21622772685618408,0.14399787673571532,0.18366122963612122,0.06516165189404309,0.15153016693149068,0.06132906175325554,0.0789022746985569,1119.8986619443958
CCATTGTCTATGTTTGATGATCCATCTGATGGTTATGAAACTTCTCCATTGTTTGGTGCTGAAGATATTACTGCTGGTGGTGAATGGTTCTCTTTGTTTCCAGAAACTGCTGTTAAACAA,0.11031082976630607,0.1664794953235214,0.10981192292903962,0.11029643065022403,0.17392160636490708,0.22244530492530604,0.04092302998365933,0.0658113800570365,1107.9959432286369
CCATTGTCTATGTTTGATGCTCCATCTGATGGTTATGAAACTGCTCCATTGTTTGGTGCTGAAGATATTACTGCTGGTGGTGAATGGTTCTCTTTGTTTCCAGAAACTGCTGTTAAACAA,0.00012164965846862381,0.00022031026825967547,0.00022706150455264774,0.00048653511708081896,0.0007791833335079134,0.00111504733856635,0.27461300910383857,0.7224372036757255,5306.835922403614
CCATTGTCTATGTTTGATGCTCCATCTGATGGTTATGAAACTTCTCCATTGTTTGGTGCTGAAGATATTACTGCTGGTGGTGAATGGTTCTCTTTGTTTCCAGAAACTGCTGTTAAACAA,0.3500072361389997,0.2112903262732931,0.055651094778507076,0.04320512949653675,0.015328861806426041,0.017823251259609586,0.1280420167298101,0.17865208351681758,1644.2477674815486
CCATTGTCTATGTTTGATTCTCCATCTGATGGTTATGAAACTGATCCATTGTTTGGTGCTGAAGATATTACTGCTGGTGGTGAATGGTTCTCTTTGTTTCCAGAAACTGCTGTTAAACAA,0.004382227129665848,0.007052916337824481,0.02714919879460235,0.09637514361740773,0.27118042855822067,0.34925493124898044,0.20544965918089764,0.03915549513240084,1526.1036634395643
CCATTGTCTATGTTTGATTCTCCATCTGATGGTTATGAAACTGCTCCATTGTTTGGTGCTGAAGATATTACTGCTGGTGGTGAATGGTTCTCTTTGTTTCCAGAAACTGCTGTTAAACAA,0.3247396933492528,0.2780849327954371,0.1884682598038755,0.11693095721364553,0.03541508514956896,0.028236346862415322,0.01587242306890272,0.012252301756902005,417.204456690405
CCATTGTCTATGTTTGATTCTCCATCTGATGGTTATGAAACTTCTCCATTGTTTGGTGCTGAAGATATTACTGCTGGTGGTGAATGGTTCTCTTTGTTTCCAGAAACTGCTGTTAAACAA,0.15084742703854934,0.20798269770077343,0.24158519160320682,0.2009484762194307,0.09840917640328135,0.06977391071869857,0.012953996953205003,0.017499123362854703,564.6942585669839
CCATTGTCTCCAGCTTCTTCTTCTTCTACTTCTTTGGCTACTAATCACTTCTATCATCACTTTCCACAACAAGGTCATCATACTATGAACTCTAAGATTGGTTCTTCTTTGAGAAGAAGA,0.21656544958913815,0.17052387013720738,0.17574944110120552,0.1464502672232922,0.10206325727546986,0.08630654806085117,0.034930995741114426,0.0674101708717212,916.9320733291473
CCATTGTCTTTGTTTGATGATCCATCTGAATCTTATGATACTGATCCATTGTATAATGGTGATGATGTTTCTTCTGATGGTCAATGGTATTCTTTGTTTCCAGAAACTAATCCAGATCCA,0.0008166189650843797,0.0007316516107647963,0.0003346281959781816,0.0007545690447474907,0.0028883733811143363,0.009976615348977327,0.3464987943931638,0.6379987490601697,4970.500250504465
CCATTGTCTTTGTTTGATGATCCATCTGAATCTTATGATACTTCTCCATTGTATAATGGTGATGATGTTTCTTCTGATGGTCAATGGTATTCTTTGTTTCCAGAAACTAATCCAGATCCA,0.1479101228127803,0.2976317333034031,0.06135048511386408,0.1095487524281404,0.0971677267610059,0.09038347818677515,0.13717896972530483,0.05882873166872617,1093.5800136784376
CCATTGTCTTTGTTTGATGCTCCATCTGAATCTTATGATACTGCTCCATTGTATAATGGTGATGATGTTTCTTCTGATGGTCAATGGTATTCTTTGTTTCCAGAAACTAATCCAGATCCA,0.007478708139718797,0.006530474967006044,0.07654997729381982,0.15755722862857857,0.28809166750089615,0.3415218094111388,0.1111388711045741,0.011131262954267638,1152.3060723882613
CCATTGTCTTTGTTTGATGCTCCATCTGAATCTTATGATACTTCTCCATTGTATAATGGTGATGATGTTTCTTCTGATGGTCAATGGTATTCTTTGTTTCCAGAAACTAATCCAGATCCA,0.0022186479087881223,0.0044644680845706275,0.01012281209722417,0.13063665566702662,0.38624102911477065,0.21556421330528863,0.23663330325294527,0.014118870569385987,1364.689964804778
CCATTGTCTTTGTTTGATTCTCCATCTGAATCTTATGATACTGATCCATTGTATAATGGTGATGATGTTTCTTCTGATGGTCAATGGTATTCTTTGTTTCCAGAAACTAATCCAGATCCA,0.0003886106604050936,0.0005864855405279649,0.0004352097113015931,0.00036697327118687584,0.000287204590646974,0.010525787710960554,0.3646511287441087,0.6227585997708623,4919.149226382143
CCATTGTCTTTGTTTGATTCTCCATCTGAATCTTATGATACTGCTCCATTGTATAATGGTGATGATGTTTCTTCTGATGGTCAATGGTATTCTTTGTTTCCAGAAACTAATCCAGATCCA,0.029079607191899625,0.03510921522225664,0.05065915362458143,0.07753549697757275,0.14327616353461659,0.19724348485977744,0.2589103476889552,0.20818653090034028,2441.54414594243
CCATTGTCTTTGTTTGATTCTCCATCTGAATCTTATGATACTTCTCCATTGTATAATGGTGATGATGTTTCTTCTGATGGTCAATGGTATTCTTTGTTTCCAGAAACTAATCCAGATCCA,0.0842816414576601,0.03768788858721088,0.174792620386271,0.1144416098615755,0.1291914924791872,0.17167335039617754,0.1650189106728466,0.12291248615907134,1677.8675432404543
CCATTGTTGGATAATGAGAAAGAAGAATATATTGAAATGAATGATTTGTTGATTCCAGAATTGGGTGCTTCTTCTACTGAGAAATCTACTGAGTTCTTGAATCATGGTGAATTTGGTGAT,0.03610802968482973,0.03178799851485134,0.05054726611984536,0.1554448346034155,0.2312770565113005,0.2316777049393037,0.20930203325423075,0.05385507637222307,1484.963504264291
CCATTGTTGGGTGTTCCACCAGCTGTTAGACCAACTCCATGTGCTCCATTGGCTGAATGTAAAGGTTCTTTGTTGGATGATTCTGCTGGTAAATCTACTGAAGATACTGCTGAATATTCT,0.13886530557748336,0.16632816962774655,0.2550806479349662,0.24977799429683006,0.0781935821893819,0.03636705398873245,0.012265749592001112,0.06312149679285843,808.1076360021906
CCATTGTTGGGTGTTCCACCAGCTGTTAGACCAACTCCATGTGCTCCATTGGCTGAATGTAAAGGTTCTTTGTTGGATGATTCTGCTGGTAAATCTGATGAAGATACTGCTGAAGATTGA,0.04640501759867956,0.09778874654057988,0.15837258882366073,0.23678079606053717,0.21761668287798278,0.15919484718026367,0.0403746428018424,0.04346667811645371,963.7185812932619
CCATTGTTGGGTGTTCCACCAGCTGTTAGACCAACTCCATGTGCTCCATTGGCTGAATGTAAAGGTTCTTTGTTGGATGATTCTGCTGGTAAATCTGCTGAAGATACTGCTGAAGCTTGA,0.015419145717144991,0.02816937083159531,0.03786860768352808,0.04778409650100432,0.03838515980966559,0.035705108784587485,0.23746287111481432,0.5592056395576598,4293.404228907144
CCATTTAAAGGTGGTTATACTAAAGGTTTGGAAGGTGAATCTTTGGGTTGTTCTGGTTCTGCTGCTGCTGGTTCTTCTGGTACTTTGGAATTGCCATCTACTTTGTCTTTGGATAAATCT,0.045496620062567945,0.02615727062809146,0.08896417127255929,0.2310637779724864,0.31382864241170544,0.14893731296304996,0.1145313379717232,0.03102086671781614,1094.639124260868
CCATTTAAAGGTGGTTATACTAAAGGTTTGGAAGGTGAATCTTTGGGTTGTTCTGGTTCTGCTGCTGCTGGTTCTTCTGGTACTTTGGAATTGCCATCTACTTTGTCTTTGGCTAAATCT,0.34238680838599544,0.4038771500482476,0.11410662126463596,0.06763919004906167,0.06241028019596512,0.008804215474772673,0.00041757950135709176,0.0003581550799643497,279.9448642685911
CCATTTAAAGGTGGTTATACTAAAGGTTTGGAAGGTGAATCTTTGGGTTGTTCTGGTTCTGCTGCTGCTGGTTCTTCTGGTACTTTGGAATTGCCATCTACTTTGTCTTTGTATAAATCT,0.18435274315910735,0.18857300816518857,0.16057909371299423,0.10923180988956946,0.051471008674504014,0.0366120559736965,0.12253395421739209,0.14664632620754786,1517.2369997444416
GAAACTATTCCATCTACTACTGATAATTCTTTGCATTTGAAAGCTGATTCTAATAAGAATAGAGATGCTAGAACTATTGAGAATGATTCTGAAATTAAATCTACTAATAATGCTTCTGGT,0.006586073404901329,0.0,0.016390715822648293,0.040242972673464786,0.05840963336169401,0.1569575916355172,0.40314394515086527,0.31826906795090915,3353.425850730188
GAAACTCCATTCTGGGATGATTCTGGTTCTCAATTTATCTTAAATTCTCAACAATTGGTTGAAGCTTTGTCTTTGTGTGATGATTTGTTGGGTTCTCAAGATAGAGAAGAGAATACTAAT,0.09802701482400308,0.09862729398702609,0.08712827182793677,0.10890468793488632,0.22079189351276857,0.11552411716772112,0.10390282687953684,0.16709389386612117,1779.5684508481986
GAAACTGCTAGAGATCATGTCTTGCCAATTGATTATTACTTTCCACCACAGAAGACTTGTTTGATTTGTGGTGATGAAGCTTCTGGTTGTCATTATGGTGCTTTGACTTGTGGTTCTTGT,0.002288266215970089,0.0017119508020286911,0.0008031117594341137,0.0014992379783817238,0.0019079688739480688,0.024362539437583902,0.3851608523368945,0.5822660725957591,4736.243221531064
GAAACTGGTGATGATCCTAAATGGTGGGATTCTGAAGATCAATATTTGTTGGATGATCAACAATTGGTTGAAGGTTTGTCTTTGTGTGATGATTTGTTGGCTGATCAATCTCCAAATAGA,0.7078475006894583,0.19835140677100008,0.06493069811218954,0.020439562835156366,0.0015628893077911498,0.0021806526153461568,0.0027948342462385985,0.0018924554228197514,205.18115018919687
GAAACTGGTGATGATCCTAAATGGTGGGATTCTGAAGATCAATATTTGTTGGATTCTCAACAATTGGTTGAAGGTTTGTCTTTGTGTGATGATTTGTTGGCTTCTCAATCTCCAAATAGA,0.0036778622112766768,0.0027752880025466555,0.0034324014458503448,0.003192171989413751,0.15164966569067764,0.1822527083852514,0.4533467411267725,0.19967316114821115,2814.5425283221343
GAAACTGGTGATGATCCTAAATGGTGGGATTCTGAAGCTCAATATTTGTTGGATGCTCAACAATTGGTTGAAGGTTTGTCTTTGTGTGATGATTTGTTGGCTGCTCAATCTCCAAATAGA,0.1710602148291381,0.22488742183533955,0.21853441163278722,0.11402525730782716,0.049445393156110636,0.08571444509222469,0.06557511828896583,0.07075773785760682,980.743974230905
GAAACTGGTGATGATCCTAAATGGTGGGATTCTGAAGCTCAATATTTGTTGGATTCTCAACAATTGGTTGAAGGTTTGTCTTTGTGTGATGATTTGTTGGCTTCTCAATCTCCAAATAGA,0.07448170238417466,0.14154917635610614,0.11327684080769813,0.027582214860433364,0.1304795564284792,0.1441262534976779,0.23025972354352442,0.13824453212190616,1868.7323671125293
GAAACTGGTGATGATCCTAAATGGTGGGATTCTGAATCTCAATATTTGTTGGATGATCAACAATTGGTTGAAGGTTTGTCTTTGTGTGATGATTTGTTGGCTTCTCAATCTCCAAATAGA,0.0025793448200006983,0.000606444548149203,0.00045598217349376055,0.0009113128357281088,0.0017512487071343905,0.006969289881720129,0.33730681397280854,0.6494195630609653,5014.635910492193
GAAACTGGTGATGATCCTAAATGGTGGGATTCTGAATCTCAATATTTGTTGGATGCTCAACAATTGGTTGAAGGTTTGTCTTTGTGTGATGATTTGTTGGCTTCTCAATCTCCAAATAGA,0.1074554148597345,0.14415123981753422,0.1247976593642751,0.1193793205191806,0.12706471162852867,0.21668726973577668,0.0664395504582729,0.09402483361669736,1312.9114056991423
GAAACTGGTGATGATCCTAAATGGTGGGATTCTGAATCTCAATATTTGTTGGATTCTCAACAATTGGTTGAAGGTTTGTCTTTGTGTGATGATTTGTTGGCTGATCAATCTCCAAATAGA,0.028971215363384335,0.0499690693270804,0.03605023273082463,0.01839202138838038,0.024470076599288442,0.04172955670041943,0.22263134354872283,0.5777864843418995,4362.845458458228
GAAACTGGTGATGATCCTAAATGGTGGGATTCTGAATCTCAATATTTGTTGGATTCTCAACAATTGGTTGAAGGTTTGTCTTTGTGTGATGATTTGTTGGCTGCTCAATCTCCAAATAGA,0.28594978484762235,0.25264484622957173,0.15697969260867622,0.14549233450899546,0.06866828714570848,0.05396240642287196,0.02340031754694514,0.012902330689608763,493.4236254268698
GAAACTGGTGATGATCCTAAATGGTGGGATTCTGAATCTCAATATTTGTTGGATTCTCAACAATTGGTTGAAGGTTTGTCTTTGTGTGATGATTTGTTGGCTTCTCAATCTCCAAATAGA,0.0007378883267407686,0.0010123730000957275,0.001085132236102768,0.0009688177890035379,0.04085091925672105,0.13410223987533365,0.5286939256300736,0.2925487038859291,3445.897316228138
GAAACTTCTCCAAGACAACAACAACAACAACAAGGTGAAGATGGTTCTCCACAAGCTCATAGAAGAGGTCCAACTGGTTATTTGGTCTTGGATGAAGAACAACAACCATCTCAACCACAA,0.003474681980515316,0.032981262048666846,0.06857602999483425,0.25573433332990153,0.3296039526486046,0.2522253001139083,0.04474150376892433,0.012662936114644708,950.8184508618583
GAAACTTCTTTGAATTTGGGTTTGCCACCATTGTCATTTGATTCTCCATTGCCAGTTACTGAAACTATTCCATCTACTACTGATAATTCTTTGCATTTGAAAGCTGATTCTAATAAGAAT,0.2580874397293103,0.1832949645437972,0.2644766540252961,0.15179632412127325,0.05984024228123631,0.0,0.028160319816349005,0.054344055482737894,706.873807508288
GAAAGAGAACAAGATAAATGTGATTTGTTTAAGATTGTCTTGGATCCATCTAATATTGAATTGGATACTCCACCAGAATTTAGATTGTCTCAATTGGAATTTGGTTCTCAAGATTCATTT,0.11805441409029141,0.1781659998397441,0.22035090948764668,0.2623088981934583,0.05816579098735413,0.10820931344524996,0.054744673956255326,0.0,593.7249875271749
GAAAGAGAAGAAGATATTTGTTCTATTACTAATCAAGAAGTCTTGCATAATAATGAACATACTGCTGATCCAGAAGCTTTGCCATATCAAGAATCTAGAAATTGTGATATTACTATGGAA,0.12296766699320198,0.20620112161958132,0.05100479858908735,0.18215054185514243,0.16156417748307617,0.07514188505831168,0.1520615136351283,0.048908294766470795,1104.6050513729815
GAAAGAGATGATAAGAATAATCAAGGTGAAGAAGATCCAACTTGGTTTGATTCTGGTTCTCAATTTATCTTAAATTCTCAACAATTGGTTGAAGCTTTGTCTTTGTGTGATGATTTGTTG,0.06719355060978892,0.10623645634994813,0.07564901104685226,0.06754025471212215,0.0346829783507875,0.42526408776838504,0.1928907010492317,0.030542960112884286,1393.7585656999322
GAAAGAGATGATGAATTGTTTAAATGTCAGAAGATTGTCTTGGATCCATCTAATATTGAATTGGATACTCCACCAGAATTTAGATTGTCTCAATTGGAATTTGGTTCTCAAGATTCATTT,0.12020103365817435,0.14109328083018094,0.02492862417351637,0.022256545102212796,0.03948229158619415,0.09181409711070751,0.2972806033569695,0.2629435241820443,2667.9457382130618
GAAAGATTTGAAGATGATAAATTGTGTCAGAAGATTGTCTTGGATCCATCTAATATTGAATTGGATACTCCACCAGAATTTAGATTGTCTCAATTGGAATTTGGTTCTCAAGATTCATTT,0.03715137684904828,0.037378877374695606,0.0,0.0,0.0,0.034053152636093396,0.13782390287052418,0.7535926902696385,5208.559683437887
GAAATCTTGCAAGGTCAATCTTTGAGAGAAGATGATAGATCTAAGAAAGTTGTTCCATGTTTGTCTGAATATACTAATATTGGTGCTGCTCATTTGAAGAAAGATTTGGAATCTTGTCAA,0.3873561128551763,0.40335300317487205,0.11198811071114313,0.05798456488246353,0.02863469128822108,0.006982099802149859,0.0023548975901667647,0.001346519695807235,263.63108854266943
GAAATGAAAGATGAAGAAGATCAAGAATTGAAAGATAGAGATAATGAGAATCAAGGTGAAGAAGATCCAACTTGGTTTGATTCTGGTTCTCAATTTATCTTAAATTCTCAACAATTGGTT,0.05766782250798135,0.029010478867982598,0.0,0.09610049166637964,0.028413122343139315,0.18500523130329374,0.29416153405388806,0.3096413192573354,3066.9638042752663
GAAATGAAAGATGAAGATTTGGAACAAGAGAAAGATAGAGATAATGAGAATCAAGGTGAAGAAGATCCAACTTGGTTTGATTCTGGTTCTCAATTTATCTTAAATTCTCAACAATTGGTT,0.5729041659449745,0.2177557983361116,0.07921014878512177,0.014143935395054512,0.050181641299602564,0.0,0.03542259391091791,0.030381716328217054,492.195100241378
GAAATGAAAGATGATGAAGAAGATCAATTGGAGAAGAGAGATAATGAGAATCAAGGTGAAGAAGATCCAACTTGGTTTGATTCTGGTTCTCAATTTATCTTAAATTCTCAACAATTGGTT,0.040291732636361176,0.028956045339044632,0.12444689776100273,0.2565864666446436,0.20348163429821425,0.2835820799050601,0.024022602566992783,0.03863254084868066,1030.4297154931417
GAAATGAAAGATGATTTGGAAGAACAAGAGAAAGATAGAGATAATGAGAATCAAGGTGAAGAAGATCCAACTTGGTTTGATTCTGGTTCTCAATTTATCTTAAATTCTCAACAATTGGTT,0.06329041378316935,0.0825455290653751,0.11959124463738499,0.08593872540783136,0.06467666326741373,0.03867489002658569,0.19566192385747957,0.3496206099547602,2942.532361960567
GAAATGAAAGATTTGGATGAAGAACAAGAGAAAGATAGAGATAATGAGAATCAAGGTGAAGAAGATCCAACTTGGTTTGATTCTGGTTCTCAATTTATCTTAAATTCTCAACAATTGGTT,0.06563877776453503,0.022013574670053392,0.16335477713986668,0.1215374255370347,0.172482334581623,0.2607143853005868,0.1420453136353874,0.05221341137091301,1317.1363087312664
GAAATGAAATTGGATGAAGATGAACAAGAGAAAGATAGAGATAATGAGAATCAAGGTGAAGAAGATCCAACTTGGTTTGATTCTGGTTCTCAATTTATCTTAAATTCTCAACAATTGGTT,0.02918533591393483,0.11745622206130604,0.10895001871627423,0.19454350858414357,0.11503767388941775,0.1872600554902015,0.1082715431675534,0.1392956421771686,1672.9593423505746
GAAATGAAATTGGATGATGAAGAACAAGAGAAAGATAGAGATAATGAGAATCAAGGTGAAGAAGATCCAACTTGGTTTGATTCTGGTTCTCAATTTATCTTAAATTCTCAACAATTGGTT,0.057126220807500724,0.038317359652096906,0.0,0.08462039110490743,0.11258509374652137,0.139632539925158,0.476834470087837,0.09088392467597846,2149.822164217197
GAAATGATGGATGATAAAGAAGAACAAGAGAAAGATAGAGATAATGAGAATCAAGGTGAAGAAGATCCAACTATGATGGATTCTGGTTCTCAAATGATTATGAACTCTCAACAAATGGTT,0.44638782352504647,0.3514862568984478,0.1207524263415489,0.04312362855431848,0.03824986468063842,0.0,0.0,0.0,238.95452582255285
GAAATGATTGATGATAAAGAAGAACAAGAGAAAGATAGAGATAATGAGAATCAAGGTGAAGAAGATCCAACTATTATTGATTCTGGTTCTCAAATTATTATTAATTCTCAACAAATTGTT,0.13874832832419418,0.03489949222774847,0.04316275192774444,0.19268085722036044,0.23926612270864228,0.2225605672124192,0.12868188037889108,0.0,958.6667193605581
GAAATGCAGAAAGAAGATGAAGATGATTTGAAAGAAAGAGATAATGAGAATCAAGGTGAAGAAGATCCAACTTGGTTTGATTCTGGTTCTCAATTTATCTTAAATTCTCAACAATTGGTT,0.06010415966087,0.140507868496065,0.1911755573466831,0.20655399128908689,0.23009815948621967,0.15195936508019878,0.019320122189149365,0.00028077645172720447,642.811657767038
GAAATGCAGAAAGATGAAGATGATGAATTGAAAGAAAGAGATAATGAGAATCAAGGTGAAGAAGATCCAACTTGGTTTGATTCTGGTTCTCAATTTATCTTAAATTCTCAACAATTGGTT,0.32546752400348355,0.2951361270728725,0.17555551249552134,0.1179413592784963,0.03854119483084096,0.03328951734082914,0.009068582705931146,0.005000182272025004,363.14686570697063
GAAATGGAACAATTGGATAAAGAAGATGAGAAAGATAGAGATAATGAGAATCAAGGTGAAGAAGATCCAACTTGGTTTGATTCTGGTTCTCAATTTATCTTAAATTCTCAACAATTGGTT,0.04811634652455221,0.07745758758895299,0.0718480934379888,0.1282935087777075,0.1232768122925471,0.3087259213580396,0.19635183284087837,0.04592989717933347,1428.8151886827357
GAAATGGAACAGAAAGATAAATTGGAAGAAGATGATAGAGATAATGAGAATCAAGGTGAAGAAGATCCAACTTGGTTTGATTCTGGTTCTCAATTTATCTTAAATTCTCAACAATTGGTT,0.2795745690867183,0.26686162204193814,0.18732412389187247,0.11946071606886845,0.06357567362677974,0.03285378970752372,0.03324242523127688,0.017107080345022337,512.8292702282936
GAAATGGAACAGAAAGATGATGAAGAATTGAAAGATAGAGATAATGAGAATCAAGGTGAAGAAGATCCAACTTGGTTTGATTCTGGTTCTCAATTTATCTTAAATTCTCAACAATTGGTT,0.06308514870800029,0.0906735107519666,0.05607127784932383,0.12014650297962091,0.20425482811930262,0.19825435873218403,0.19224124317011784,0.07527312968948395,1513.01168733114
GAAATGGAAGAAGAATTGAAGAAAGATCAAGATGATAGAGATAATGAGAATCAAGGTGAAGAAGATCCAACTTGGTTTGATTCTGGTTCTCAATTTATCTTAAATTCTCAACAATTGGTT,0.2597681056748943,0.26723205612744666,0.20520390766377355,0.13456890385998244,0.06471332918364038,0.04414303369234494,0.01218142157665298,0.012189242221264733,453.66931366194785
GAAATGGAAGAAGATTTGAAAGATCAAGAGAAAGATAGAGATAATGAGAATCAAGGTGAAGAAGATCCAACTTGGTTTGATTCTGGTTCTCAATTTATCTTAAATTCTCAACAATTGGTT,0.15915053730479684,0.2535314290007732,0.14852881999709847,0.13260813586157766,0.1437589699024637,0.0850956411091655,0.061501613061599666,0.015824853762525074,684.173887701117
GAAATGGAAGATAAAGATGAATTGCAAGAGAAAGATAGAGATAATGAGAATCAAGGTGAAGAAGATCCAACTTGGTTTGATTCTGGTTCTCAATTTATCTTAAATTCTCAACAATTGGTT,0.05542378962304473,0.0557631832698493,0.10344960453024052,0.21550882513010883,0.13653740047684604,0.30481046913112514,0.12850672783878542,0.0,1014.4442705802899
GAAATGGAAGATCAAGAATTGAAAGAAGATAAAGATAGAGATAATGAGAATCAAGGTGAAGAAGATCCAACTTGGTTTGATTCTGGTTCTCAATTTATCTTAAATTCTCAACAATTGGTT,0.011536805637464616,0.011607452530511906,0.028711569258260086,0.09612749760634404,0.25010574101633687,0.29080420450631866,0.23539535892331934,0.07571137052144455,1742.549393350512
GAAATGGAAGATCAGAAATTGGATGAAGAGAAAGATAGAGATAATGAGAATCAAGGTGAAGAAGATCCAACTTGGTTTGATTCTGGTTCTCAATTTATCTTAAATTCTCAACAATTGGTT,0.11053294964878582,0.13592310144550102,0.16810603061660365,0.054577047673533455,0.16943092809158422,0.2589163628908249,0.10251357963316679,0.0,880.7109134430418
GAAATGGAAGATTTGGATGAACAAGAGAAGAAAGATAGAGATAATGAGAATCAAGGTGAAGAAGATCCAACTTGGTTTGATTCTGGTTCTCAATTTATCTTAAATTCTCAACAATTGGTT,0.23565580569925784,0.23709886983887934,0.16290971981960414,0.08726853519511554,0.0,0.04800075200840233,0.0728528469876473,0.15621347045109343,1434.0286363324792
GAAATGGAATTGGAAGATAAAGATCAAGAGAAAGATAGAGATAATGAGAATCAAGGTGAAGAAGATCCAACTTGGTTTGATTCTGGTTCTCAATTTATCTTAAATTCTCAACAATTGGTT,0.11742966648402155,0.12545860527546518,0.17364686865143192,0.1939566722147092,0.22703024244284642,0.13831952916118018,0.0232594069367031,0.0008990088336424446,628.8832948071789
GAAATGGAATTGGATAAAGAAGATCAAGAGAAAGATAGAGATAATGAGAATCAAGGTGAAGAAGATCCAACTTGGTTTGATTCTGGTTCTCAATTTATCTTAAATTCTCAACAATTGGTT,0.16660081227989748,0.0838105053015619,0.0,0.04627196264115483,0.20521189529568098,0.3435912093934174,0.15451361508828734,0.0,1094.9382969759235
GAAATGGAGAAAGAATTGGATCAAGATGAGAAAGATAGAGATAATGAGAATCAAGGTGAAGAAGATCCAACTTGGTTTGATTCTGGTTCTCAATTTATCTTAAATTCTCAACAATTGGTT,0.02250932855197778,0.011323583445503795,0.042014108973435285,0.20005680319680355,0.37707424103459775,0.16505737680322027,0.11481929314144564,0.06714526485301582,1358.7060867551254
GAAATGGATAAAGAAGATTTGGAACAGAAAGAAGATAGAGATAATGAGAATCAAGGTGAAGAAGATCCAACTTGGTTTGATTCTGGTTCTCAATTTATCTTAAATTCTCAACAATTGGTT,0.5453900477191154,0.19953811033368019,0.06940782001777693,0.055082712803275584,0.02442867612953654,0.051126899607438485,0.04023576061785316,0.014789972771323935,463.5011099957874
GAAATGGATAAATTGGATGAAGAACAAGAGAAAGATAGAGATAATGAGAATCAAGGTGAAGAAGATCCAACTTGGTTTGATTCTGGTTCTCAATTTATCTTAAATTCTCAACAATTGGTT,0.019837294500394505,0.039917540692436804,0.049368939101738035,0.0881542448647087,0.1954779809896879,0.21819565511786687,0.29436899327260274,0.09467935146056437,1885.467175879657
GAAATGGATCAAGAGAAGAAAGAATTGGATGAAGATAGAGATAATGAGAATCAAGGTGAAGAAGATCCAACTTGGTTTGATTCTGGTTCTCAATTTATCTTAAATTCTCAACAATTGGTT,0.1249287764400409,0.1571172393588784,0.16840925356530856,0.3469790811419875,0.08207041534998848,0.07634026073091256,0.019310827092364223,0.0248441463205195,654.6134061415036
GAAATGGATGAAGAACAATTGGATAAAGAGAAAGATAGAGATAATGAGAATCAAGGTGAAGAAGATCCAACTTGGTTTGATTCTGGTTCTCAATTTATCTTAAATTCTCAACAATTGGTT,0.08057232583959768,0.07205841715792123,0.05729137030371019,0.03552107961026039,0.013862879236707848,0.009378162406676481,0.23841361203150477,0.4929021534136215,3839.8580089077363
GAAATGGATGAATTGAAAGAAGATCAAGAGAAAGATAGAGATAATGAGAATCAAGGTGAAGAAGATCCAACTTGGTTTGATTCTGGTTCTCAATTTATCTTAAATTCTCAACAATTGGTT,0.0005439974254209122,0.0004378629225953827,0.050633715886500445,0.244646014769388,0.43581562216147257,0.23006833311522706,0.0373351760181543,0.0005192777012414109,887.1869359811326
GAAATGGATGATAAATTGGAAGAACAAGAGAAAGATAGAGATAATGAGAATCAAGGTGAAGAAGATCCAACTTGGTTTGATTCTGGTTCTCAATTTATCTTAAATTCTCAACAATTGGTT,0.2461274190721762,0.24763460728333328,0.11025641230340681,0.08750054809490643,0.08731279731906486,0.05414441313643375,0.07304653421122488,0.09397726857945375,1101.7394655857277
GAAATGGATGATCAAGAAGAGAAAGATAAATTGGAAAGAGATAATGAGAATCAAGGTGAAGAAGATCCAACTTGGTTTGATTCTGGTTCTCAATTTATCTTAAATTCTCAACAATTGGTT,0.079240964618529,0.039863102672659974,0.09860322325046235,0.17606804693449013,0.23425367468830938,0.07263269606803739,0.11023782902440289,0.18910046274310874,1907.395213217113
GAAATGGATGATCAAGATTTGAAGAAAGAAGAAGAAAGAGATAATGAGAATCAAGGTGAAGAAGATCCAACTTGGTTTGATTCTGGTTCTCAATTTATCTTAAATTCTCAACAATTGGTT,0.1231627314419366,0.12391693191900231,0.26819996620682285,0.23945182865870526,0.030341337719927138,0.11289162471451948,0.028556761847099568,0.07347881749198659,970.4325173974481
GAAATGGATGATGAAGAATTGAAACAAGAGAAAGATAGAGATAATGAGAATCAAGGTGAAGAAGATCCAACTTGGTTTGATTCTGGTTCTCAATTTATCTTAAATTCTCAACAATTGGTT,0.2010798721313372,0.27938214266077444,0.15489379348834223,0.11701533714550039,0.1132259454062051,0.11409722171745897,0.00888053120719343,0.011425156243188215,542.4994818125188
GAAATGGATGATGAATTGAAAGAACAAGAGAAAGATAGAGATAATGAGAATCAAGGTGAAGAAGATCCAACTTGGTTTGATTCTGGTTCTCAATTTATCTTAAATTCTCAACAATTGGTT,0.00019086258915700706,0.0003072501714056688,0.0002849990518829553,0.00029685860624308286,0.0008275398024977141,0.0008397392633915322,0.2878974483546805,0.7093553021607415,5257.727818834798
GAAATGGATGATTTGAAAGAAGAACAAGAGAAAGATAGAGATAATGAGAATCAAGGTGAAGAAGATCCAACTTGGTTTGATTCTGGTTCTCAATTTATCTTAAATTCTCAACAATTGGTT,0.1805222003563578,0.317848383692701,0.18719348539287,0.15041553032925462,0.08153188172420317,0.020683452957598682,0.034880204312733594,0.026924861234281026,589.3498554983446
GAAATGGATTTGAAAGATGAAGAACAAGAGAAAGATAGAGATAATGAGAATCAAGGTGAAGAAGATCCAACTTGGTTTGATTCTGGTTCTCAATTTATCTTAAATTCTCAACAATTGGTT,0.00011211543612038252,0.0001833032293209662,0.0003487761485117017,0.000607212674494021,0.0004833468269547921,0.007501889834244943,0.30736858618308543,0.6833947696672678,5152.116121378966
GAAATGGATTTGGATAAAGAAGAACAAGAGAAAGATAGAGATAATGAGAATCAAGGTGAAGAAGATCCAACTTGGTTTGATTCTGGTTCTCAATTTATCTTAAATTCTCAACAATTGGTT,0.016009377197058507,0.0805370618598524,0.0796848549969974,0.2845739992483175,0.1104302056878158,0.16141709747847785,0.13363080533402563,0.13371659819745485,1687.5238041139028
GAAATGGCTGATGATAAAGAAGAACAAGAGAAAGATAGAGATAATGAGAATCAAGGTGAAGAAGATCCAACTTGGGCTGATTCTGGTTCTCAATTTATCTTAAATTCTCAACAATTGGTT,0.03865419564791357,0.06805907298591189,0.036074412092786175,0.07515112505918889,0.07618018799775603,0.09743427227134463,0.17028637060190532,0.4381603633431934,3488.796012305749
GAAATGGCTGATGATAAAGAAGAACAAGAGAAAGATAGAGATAATGAGAATCAAGGTGAAGAAGATCCAACTTGGTTTGATTCTGGTTCTCAAGCTATCTTAAATTCTCAACAATTGGTT,0.20153064773436002,0.22674766929075874,0.2467292306137378,0.21787506457845032,0.05124892945830638,0.046677590100556554,0.004019553254839087,0.005171314968991135,416.79383716688955
GAAATGGCTGATGATAAAGAAGAACAAGAGAAAGATAGAGATAATGAGAATCAAGGTGAAGAAGATCCAACTTGGTTTGATTCTGGTTCTCAATTTATCTTAAATTCTCAACAATTGGTT,0.19735996365129754,0.2779959266101682,0.04911683912555905,0.13155613454642595,0.0972398913117578,0.14472096673625484,0.05491233993425355,0.047097938084283135,889.0908078337319
GAAATGGCTGATGATAAAGAAGAACAAGAGAAAGATAGAGATAATGAGAATCAAGGTGAAGAAGATCCAACTTGGTTTGATTCTGGTTCTCAATTTATTGCTAATTCTCAACAATTGGTT,0.16961183778132813,0.14053568484038276,0.21105591012407804,0.1884329977486485,0.11306299425915964,0.04572562541438402,0.06014648254523344,0.07142846728678551,979.0200156965799
GAAATGGTTGATGATAAAGAAGAACAAGAGAAAGATAGAGATAATGAGAATCAAGGTGAAGAAGATCCAACTGTTGTTGATTCTGGTTCTCAAGTTATTGTTAATTCTCAACAAGTTGTT,0.3112303197570327,0.2942087015812658,0.22270236321489703,0.10786356105653581,0.029714193124414097,0.020659199784257738,0.007339776135925211,0.0062818853456716225,351.17567843075
GAAATGTATGATGATAAAGAAGAACAAGAGAAAGATAGAGATAATGAGAATCAAGGTGAAGAAGATCCAACTTATTATGATTCTGGTTCTCAATATATTTATAATTCTCAACAATATGTT,0.18150945875177177,0.2739314277071127,0.2032746066706502,0.12099051061433476,0.07154423709669033,0.03327451000743798,0.050502183501968514,0.06497306565003379,861.9846383905976
GAAATGTGGGATGATAAAGAAGAACAAGAGAAAGATAGAGATAATGAGAATCAAGGTGAAGAAGATCCAACTTGGTGGGATTCTGGTTCTCAATGGATTTGGAACTCTCAACAATGGGTT,0.05282167913400923,0.026572569236101247,0.09859271360189471,0.1467077338990179,0.052050823711851976,0.26629149981292954,0.2939362114627864,0.06302676914140891,1683.6605642266861
GAAATGTTGAAAGATGATGAAGAACAAGAGAAAGATAGAGATAATGAGAATCAAGGTGAAGAAGATCCAACTTGGTTTGATTCTGGTTCTCAATTTATCTTAAATTCTCAACAATTGGTT,0.10994717378027061,0.2212408946847612,0.1368123895790941,0.0916106851108392,0.08125699126585369,0.1259727164978057,0.10197030288777069,0.13118884619360482,1491.1759721345804
GAAATGTTGGAAGAACAGAAAGATGATGAGAAAGATAGAGATAATGAGAATCAAGGTGAAGAAGATCCAACTTGGTTTGATTCTGGTTCTCAATTTATCTTAAATTCTCAACAATTGGTT,0.05222083358976784,0.1236249731398944,0.1681856404723153,0.235474979029275,0.14529528460977373,0.10136307824306477,0.0968642309777322,0.0769709799381768,1197.7122079477338
GAAATGTTGGAAGAGAAAGAAGAACAAGAGAAAGAAAGAGAGAATGAGAATCAAGGTGAAGAAGAACCAACTTGGTTTGAATCTGGTTCTCAATTTATCTTAAATTCTCAACAATTGGTT,0.18022077290600205,0.1359932809125259,0.05606427556368406,0.10010958238374451,0.2663860700815254,0.12389350022407102,0.0835727111850093,0.05375980674343781,1059.5307274719478
GAAATGTTGGAGAAAGAGAAACAAGATGAAGATGATAGAGATAATGAGAATCAAGGTGAAGAAGATCCAACTTGGTTTGATTCTGGTTCTCAATTTATCTTAAATTCTCAACAATTGGTT,0.03686260348880188,0.1038473399016085,0.11008765091836398,0.17200302808176673,0.23247774410353764,0.2567923067519068,0.06153867611817575,0.026390650635838665,1007.4512851078022
GAAATGTTGGATAAACAAGATGAAGAAGAGAAAGATAGAGATAATGAGAATCAAGGTGAAGAAGATCCAACTTGGTTTGATTCTGGTTCTCAATTTATCTTAAATTCTCAACAATTGGTT,0.08848181922522341,0.17804729467485864,0.1101020490685909,0.24575074860574225,0.17438111206240603,0.1622058266017101,0.04103114976146864,0.0,673.1781748899876
GAAATGTTGGATAAAGAAGATGAACAAGAGAAAGATAGAGATAATGAGAATCAAGGTGAAGAAGATCCAACTTGGTTTGATTCTGGTTCTCAATTTATCTTAAATTCTCAACAATTGGTT,0.10507569494713744,0.07928935310624807,0.09806293616831546,0.17510329864126342,0.20708453664330384,0.19262589878792724,0.04872612942882791,0.0940321522769766,1298.6661991501041
GAAATGTTGGATAAAGAAGATGAAGAGAAACAAAGAGATGATAATGAGAATCAAGGTGAAGAAGATCCAACTTGGTTTGATTCTGGTTCTCAATTTATCTTAAATTCTCAACAATTGGTT,0.04924060898423843,0.0619276740588799,0.1684990541962337,0.10940929221970276,0.10917453163881766,0.19182038439388355,0.2511746143101992,0.058753840198044895,1501.3890660407105
GAAATGTTGGATAAAGAGAAACAAGATAGAGAAGATGAAGATAATGAGAATCAAGGTGAAGAAGATCCAACTTGGTTTGATTCTGGTTCTCAATTTATCTTAAATTCTCAACAATTGGTT,0.11886098804376381,0.12793225420698803,0.3198859660334338,0.23339162628179386,0.1252979934236269,0.03800533377435228,0.033327587084473545,0.003298251151567784,522.7066652110416
GAAATGTTGGATAAAGATGAAGAACAAGAGAAAGATAGAGATAATGAGAATCAAGGTGAAGAAGATCCAACTTGGTTTGATTCTGGTTCTCAATTTATCTTAAATTCTCAACAATTGGTT,0.029107316693215708,0.02928555853536319,0.021731753973009655,0.058207034501847,0.18930474966778868,0.3468390075746408,0.26995527009991,0.05556930895422492,1719.4646030345373
GAAATGTTGGATAAAGATGAAGATGAAGAACAGAAGAGAGATAATGAGAATCAAGGTGAAGAAGATCCAACTTGGTTTGATTCTGGTTCTCAATTTATCTTAAATTCTCAACAATTGGTT,0.09642748715578464,0.0840822419111317,0.15198633745077966,0.22139717838183268,0.16470179876576138,0.18855670492237248,0.07750729527086356,0.01534095614147388,874.6695282020906
GAAATGTTGGATAGAGAAGAACAAGATGATGAAGATAAGAAGAATGAGAATCAAGGTGAAGAAGATCCAACTTGGTTTGATTCTGGTTCTCAATTTATCTTAAATTCTCAACAATTGGTT,0.06328531613484144,0.1204661060377344,0.34655535718346153,0.22530834016809057,0.13208268381293636,0.10316918366346514,0.004677517496309861,0.004455495503160704,544.9905142353763
GAAATGTTGGATAGAGAAGAAGATAAGAAAGATGAAGATCAGAATGAGAATCAAGGTGAAGAAGATCCAACTTGGTTTGATTCTGGTTCTCAATTTATCTTAAATTCTCAACAATTGGTT,0.041874799887586814,0.053121979110288424,0.049841252514184066,0.10720167611155913,0.10764443012226149,0.14518661260265434,0.2735454921456244,0.2215837575058414,2486.1839734477917
GAAATGTTGGATCAAGAAGAAGATGAGAAGAAAGATAGAGATAATGAGAATCAAGGTGAAGAAGATCCAACTTGGTTTGATTCTGGTTCTCAATTTATCTTAAATTCTCAACAATTGGTT,0.12953685484097568,0.08688672530725895,0.2014859277416721,0.13191846362995047,0.20210688429300352,0.1879957860167261,0.06006935817041321,0.0,738.8739654362586
GAAATGTTGGATCAAGATGAAGAAGATAAGAAAGAAAGAGATAATGAGAATCAAGGTGAAGAAGATCCAACTTGGTTTGATTCTGGTTCTCAATTTATCTTAAATTCTCAACAATTGGTT,0.2686067725215614,0.2702516155159241,0.11141330617327587,0.09947100395803274,0.044114474692795606,0.12310320908065442,0.08303961805775584,0.0,605.5728204738313
GAAATGTTGGATCAAGATGAGAAGAGAGAAGATGAAGATAAGAATGAGAATCAAGGTGAAGAAGATCCAACTTGGTTTGATTCTGGTTCTCAATTTATCTTAAATTCTCAACAATTGGTT,0.3411405631760962,0.3089066173045078,0.15160610456875975,0.11369867778181203,0.03841852729724218,0.022335091596815904,0.018079439091821848,0.00581497918294434,372.2210434184493
GAAATGTTGGATCAGAAAGAAGAAGAAGATAAAGATAGAGATAATGAGAATCAAGGTGAAGAAGATCCAACTTGGTTTGATTCTGGTTCTCAATTTATCTTAAATTCTCAACAATTGGTT,0.1272992920510381,0.18296974744300995,0.1131460275643414,0.04040719853761203,0.10752132378474731,0.03333806243031941,0.13492970613880084,0.260388642050131,2252.855599037283
GAAATGTTGGATGAACAAGAAGATGAGAAAGATAAGAGAGATAATGAGAATCAAGGTGAAGAAGATCCAACTTGGTTTGATTCTGGTTCTCAATTTATCTTAAATTCTCAACAATTGGTT,0.2388389664969676,0.060075380767603256,0.1857490318279723,0.23217424058841934,0.11767672993805293,0.05473027160348961,0.1107553787774951,0.0,675.7786167801008
GAAATGTTGGATGAAGAACAAGATAAAGAGAAAGATAGAGATAATGAGAATCAAGGTGAAGAAGATCCAACTTGGTTTGATTCTGGTTCTCAATTTATCTTAAATTCTCAACAATTGGTT,0.04609201541674793,0.06492397089081424,0.1605924367860126,0.13313733022559246,0.15442585673661158,0.11829493263395187,0.179541408540574,0.1429920487696953,1795.1383803335411
GAAATGTTGGATGAAGAAGAACAAGATAAGAAAGATAGAGATAATGAGAATCAAGGTGAAGAAGATCCAACTTGGTTTGATTCTGGTTCTCAATTTATCTTAAATTCTCAACAATTGGTT,0.0766895405974434,0.06751426272479144,0.08349982156066285,0.1384491516460791,0.08501666458879467,0.10544107054905241,0.2489395038508024,0.19444998448237366,2212.871231660179
GAAATGTTGGATGAAGAAGATAAACAAGAGAAAGATAGAGATAATGAGAATCAAGGTGAAGAAGATCCAACTTGGTTTGATTCTGGTTCTCAATTTATCTTAAATTCTCAACAATTGGTT,0.04613417103352209,0.05802084835415163,0.0,0.12813374732875554,0.22730455022701046,0.3065795196197953,0.1925417320343965,0.041285431402368414,1438.4575825861898
GAAATGTTGGATGAAGAAGATCAAGAGAAGAAAGATAGAGATAATGAGAATCAAGGTGAAGAAGATCCAACTTGGTTTGATTCTGGTTCTCAATTTATCTTAAATTCTCAACAATTGGTT,0.0216213372109053,0.26104485405226396,0.08071331098417417,0.19216457715588978,0.12783483183760544,0.11890940665230267,0.12031601514237018,0.07739566696448845,1249.8115686672343
GAAATGTTGGATGAAGAGAAAGATCAAGAGAAAGATAGAGATAATGAGAATCAAGGTGAAGAAGATCCAACTTGGTTTGATTCTGGTTCTCAATTTATCTTAAATTCTCAACAATTGGTT,0.13647556714707246,0.045770430077282945,0.16982290511503442,0.10107981680745966,0.08965593676698792,0.08339616120715818,0.2109566870507482,0.1628424958282562,1901.1208074763783
GAAATGTTGGATGAAGATAAAGAAGAGAAACAAGATAGAGATAATGAGAATCAAGGTGAAGAAGATCCAACTTGGTTTGATTCTGGTTCTCAATTTATCTTAAATTCTCAACAATTGGTT,0.04802341107038384,0.03451249120606687,0.0597577672838492,0.04191972755190167,0.054082947859878036,0.05973941716629831,0.3213186855509429,0.38064555231067915,3431.292669351764
GAAATGTTGGATGAAGATCAAGATGAGAAGAAAGAAAGAGATAATGAGAATCAAGGTGAAGAAGATCCAACTTGGTTTGATTCTGGTTCTCAATTTATCTTAAATTCTCAACAATTGGTT,0.059993773310572714,0.1056320155678861,0.05598978494133057,0.08331380859850995,0.16257519197385523,0.1787195038880632,0.2642952917407897,0.08948062997899266,1716.3805802052063
GAAATGTTGGATGAAGATCAGAAGAAAGATGAAGAAAGAGATAATGAGAATCAAGGTGAAGAAGATCCAACTTGGTTTGATTCTGGTTCTCAATTTATCTTAAATTCTCAACAATTGGTT,0.06745252818427677,0.11310930188212166,0.09947771579276388,0.1998332546870962,0.21417517205262965,0.2152507795581707,0.07877765050192391,0.011923597341017259,905.8935348302584
GAAATGTTGGATGAAGATGAGAAACAAGAGAAAGATAGAGATAATGAGAATCAAGGTGAAGAAGATCCAACTTGGTTTGATTCTGGTTCTCAATTTATCTTAAATTCTCAACAATTGGTT,0.047971395713248585,0.16353733460553815,0.16894708087093574,0.19500103365177757,0.21766003138308795,0.1684199361547295,0.026822825933812265,0.011640361686870214,738.0206764299378
GAAATGTTGGATGAAGATGAGAAGAAACAAGATGAAAGAGATAATGAGAATCAAGGTGAAGAAGATCCAACTTGGTTTGATTCTGGTTCTCAATTTATCTTAAATTCTCAACAATTGGTT,0.008244371379784201,0.03922601017777314,0.10836045766262134,0.2247545186366556,0.3127421111684719,0.2559356070711744,0.04350630162835805,0.0072306222751614205,905.4414325571342
GAAATGTTGGATGAGAAAGAAGATCAAGAGAAAGATAGAGATAATGAGAATCAAGGTGAAGAAGATCCAACTTGGTTTGATTCTGGTTCTCAATTTATCTTAAATTCTCAACAATTGGTT,0.13849571284096296,0.27868761301835987,0.08616833324929117,0.1538640385443165,0.06823728488111278,0.06347295913123996,0.12844759261638153,0.08262646571833522,1186.8292392384249
GAAATGTTGGATGAGAAAGATGAACAAGAGAAAGATAGAGATAATGAGAATCAAGGTGAAGAAGATCCAACTTGGTTTGATTCTGGTTCTCAATTTATCTTAAATTCTCAACAATTGGTT,0.10531193231690063,0.1225125748248858,0.11056883292057608,0.10968561012284994,0.13296179325636193,0.19305897168552572,0.17092487434598413,0.05497541052691574,1293.014203708201
GAAATGTTGGATGAGAAGAAACAAGATGAAGATGAAAGAGATAATGAGAATCAAGGTGAAGAAGATCCAACTTGGTTTGATTCTGGTTCTCAATTTATCTTAAATTCTCAACAATTGGTT,0.12263543715988519,0.09596720676095442,0.1526009867106876,0.24221121834192152,0.17455497466217806,0.08742868083305909,0.07582533952143992,0.04877615600987415,969.4646316765602
GAAATGTTGGATGAGAAGAAAGAACAAGATGAAGATAGAGATAATGAGAATCAAGGTGAAGAAGATCCAACTTGGTTTGATTCTGGTTCTCAATTTATCTTAAATTCTCAACAATTGGTT,0.21555158429983398,0.2729064543520874,0.24763311197224333,0.15869774600342748,0.046844117090519305,0.03844717222202097,0.011022225750556154,0.008897588309311233,428.6914881725011
GAAATGTTGGATGATAAACAAGAAGAAGAGAAAGATAGAGATAATGAGAATCAAGGTGAAGAAGATCCAACTTGGTTTGATTCTGGTTCTCAATTTATCTTAAATTCTCAACAATTGGTT,0.25712578809460196,0.06467508150580363,0.07998839870575822,0.0714145069161018,0.0,0.11784144291930314,0.17885312730727182,0.23010165455115944,2200.916978294869
GAAATGTTGGATGATAAACAAGAAGATGAGAAAGAAAGAGATAATGAGAATCAAGGTGAAGAAGATCCAACTTGGTTTGATTCTGGTTCTCAATTTATCTTAAATTCTCAACAATTGGTT,0.010006401668186901,0.020135353929779824,0.049805726741055815,0.14451804626265516,0.1281848466553318,0.2017822796728531,0.27841256137085246,0.16715478369928496,2251.4717149489784
GAAATGTTGGATGATAAACAAGAGAAAGAAGAAGATAGAGATAATGAGAATCAAGGTGAAGAAGATCCAACTTGGTTTGATTCTGGTTCTCAATTTATCTTAAATTCTCAACAATTGGTT,0.25115592436612194,0.03609912931146604,0.17858572303691073,0.1195824478233216,0.17677904978319614,0.0,0.06655259924020797,0.17124512643877554,1560.3846038618285
GAAATGTTGGATGATAAAGAACAAGAAGAGAAAGATAGAGATAATGAGAATCAAGGTGAAGAAGATCCAACTTGGTTTGATTCTGGTTCTCAATTTATCTTAAATTCTCAACAATTGGTT,0.05933692231864173,0.07164033415457655,0.02953427852145188,0.06592130771022882,0.0935535782685234,0.07614396078066973,0.46226811803419393,0.14160150021171394,2342.075425699501
GAAATGTTGGATGATAAAGAACAAGAAGATGAAAGAGATAAAGAGAATAATCAAGGTGAAGAAGATCCAACTTGGTTTGATTCTGGTTCTCAATTTATCTTAAATTCTCAACAATTGGTT,0.12223669986982288,0.11908093668505321,0.13399710274117899,0.1476564544442009,0.18354717468761572,0.19385186174718586,0.07647854837478757,0.023151221450154993,913.9911078060669
GAAATGTTGGATGATAAAGAACAAGATGAAGAGAAGAGAGATAATGAGAATCAAGGTGAAGAAGATCCAACTTGGTTTGATTCTGGTTCTCAATTTATCTTAAATTCTCAACAATTGGTT,0.05676692570360789,0.12178622908990364,0.19510752088002203,0.2954319156690878,0.14219480066818782,0.17695147992296115,0.010382314163201378,0.0013788139030283307,631.8065743524924
GAAATGTTGGATGATAAAGAAGAAAGAAATGAACAAGATGAACAGAAAGATAATGGTGAAGAAGATCCAACTTGGTTTGATTCTGGTTCTCAATTTATCTTAAATTCTCAACAATTGGTT,0.12987848292382648,0.130673808040726,0.12929107674365573,0.14429058844309892,0.1023864766052583,0.11904731878766463,0.12045555867415353,0.12397668978161645,1504.5927253298944
GAAATGTTGGATGATAAAGAAGAAAGAAATGATCAAGATGAACAGAAAGAGAATGGTGAAGAAGATCCAACTTGGTTTGATTCTGGTTCTCAATTTATCTTAAATTCTCAACAATTGGTT,0.22008560912769257,0.2214333274630695,0.045643795805832194,0.16300509693879328,0.18072815035467413,0.08405485740906103,0.0850491629008773,0.0,653.7950561948185
GAAATGTTGGATGATAAAGAAGAAAGAGAGAAAGATAGAGATAGAGAAAGAAGAGGTGAAGAAGATCCAACTTGGTTTGATTCTGGTTCTAGATTTATCTTGAGATCTAGAAGATTGGTT,0.20541766719494842,0.20667556478119345,0.1278053857340125,0.05705301488151711,0.15181492179571768,0.04707173574994307,0.1428856765174547,0.06127603334521306,1090.7389215144976
GAAATGTTGGATGATAAAGAAGAAAGAGAGAATCAACAGAATGATGAAGATAAAGGTGAAGAAGATCCAACTTGGTTTGATTCTGGTTCTCAATTTATCTTAAATTCTCAACAATTGGTT,0.09251323157181462,0.23627935644699793,0.20367123340896873,0.19765204191347624,0.12622588032484522,0.05218346315522416,0.06600094264959991,0.025473850529073173,734.5274918268879
GAAATGTTGGATGATAAAGAAGAAAGAGATAATGATCAAGAAGAGAAGAATCAAGGTGAAGAAGATCCAACTTGGTTTGATTCTGGTTCTCAATTTATCTTAAATTCTCAACAATTGGTT,0.2785946322108819,0.07007515923952724,0.17333413877855935,0.0,0.13726447479535284,0.06384033607166631,0.1937865571212283,0.08310470178278404,1338.8430251125885
GAAATGTTGGATGATAAAGAAGAACAAAGAGATAAAGATGAGAATGAGAATCAAGGTGAAGAAGATCCAACTTGGTTTGATTCTGGTTCTCAATTTATCTTAAATTCTCAACAATTGGTT,0.026336406225770062,0.18786175759056434,0.1088710929936911,0.2705506198533092,0.22703897680983776,0.17288793569441033,0.006302131165156661,0.00015107966726076545,644.3775607444588
GAAATGTTGGATGATAAAGAAGAACAAGAAAGAAATAAAGATGATGAGAATCAAGGTGAAGAAGATCCAACTTGGTTTGATTCTGGTTCTCAATTTATCTTAAATTCTCAACAATTGGTT,0.0913768999888136,0.18387291289039726,0.12633836990342812,0.24815177678126665,0.17008195380867633,0.12098169772304207,0.047081853789097,0.01211453511527894,714.6451129757073
GAAATGTTGGATGATAAAGAAGAACAAGAAAGAAATAATAAACAAGATGAAGATGGTGAAGAAGATCCAACTTGGTTTGATTCTGGTTCTCAATTTATCTTAAATTCTCAACAATTGGTT,0.020407715558241994,0.04790959702642583,0.042323785071447316,0.05290198587355958,0.12065936815701311,0.14964657825360686,0.3469967972935,0.21915417276620516,2644.223310289625
GAAATGTTGGATGATAAAGAAGAACAAGAAAGAAATGAGAAAGAAGATCAAGGTGATAATGAAGATCCAACTTGGTTTGATTCTGGTTCTCAATTTATCTTAAATTCTCAACAATTGGTT,0.06287358989458018,0.0932232047296254,0.13588451076886876,0.2260947980272727,0.23315036664092365,0.18957326319987478,0.04143220669872413,0.017768060040130363,845.3014571133858
GAAATGTTGGATGATAAAGAAGAACAAGAAAGAGATAAAGATAATGAGAATCAAGGTGAAGAAGATCCAACTTGGTTTGATTCTGGTTCTCAATTTATCTTAAATTCTCAACAATTGGTT,0.06692292443439914,0.0673327342928209,0.24982593625706082,0.07434909870818188,0.19783884566670568,0.18402574175471387,0.0,0.1597047188861177,1564.1085585218034
GAAATGTTGGATGATAAAGAAGAACAAGAAAGAGATAATGATGAGAAGAATCAAGGTGAAGAAGATCCAACTTGGTTTGATTCTGGTTCTCAATTTATCTTAAATTCTCAACAATTGGTT,0.10676806715918077,0.10742187311366143,0.19928471869565104,0.11861570054191246,0.1578149142417052,0.09786418690227877,0.14853276950149055,0.06369776984411978,1210.1765328163867
GAAATGTTGGATGATAAAGAAGAACAAGAAAGAGATGAGAATAAAGGTGAAGATAATCAAGAAGATCCAACTTGGTTTGATTCTGGTTCTCAATTTATCTTAAATTCTCAACAATTGGTT,0.08477532136565755,0.17941246869879826,0.15416072974356818,0.39407259605412126,0.08296202393962553,0.09865921202573186,0.004771706837810672,0.0011859413346866285,515.1192064087186
GAAATGTTGGATGATAAAGAAGAACAAGAAAGAGATGATAAGAATGAGAATCAAGGTGAAGAAGATCCAACTTGGTTTGATTCTGGTTCTCAATTTATCTTAAATTCTCAACAATTGGTT,0.1741302481570848,0.14599712817139118,0.0722261262060937,0.19345279839051233,0.10009362473300117,0.10640581717239787,0.12112258234567858,0.08657167482384032,1264.4649427155
GAAATGTTGGATGATAAAGAAGAACAAGAAAGGAAAGATGATAATGAGAATCAAGGTGAAGAAGATCCAACTTGGTTTGATTCTGGTTCTCAATTTATCTTAAATTCTCAACAATTGGTT,0.18933507012892192,0.1428708631277752,0.23559844682530062,0.15775862983693906,0.0,0.13015916076265405,0.08779923023263705,0.056478599085772206,979.8309733420307
GAAATGTTGGATGATAAAGAAGAACAAGAAGAAAGAAATGATAAAGATAATCAAGGTGAAGAAGATCCAACTTGGTTTGATTCTGGTTCTCAATTTATCTTAAATTCTCAACAATTGGTT,0.3607631220835575,0.2016512747661925,0.14963811894763707,0.11133210829536212,0.07899962446887061,0.055112904301866154,0.018588282781004353,0.023914564355509742,540.4498182540425
GAAATGTTGGATGATAAAGAAGAACAAGAAGAAGAGAATAATGATCAGAAGAGAGATGGTGAAGATCCAACTTGGTTTGATTCTGGTTCTCAATTTATCTTAAATTCTCAACAATTGGTT,0.10250578344601044,0.03094004665178659,0.051021088389058264,0.07971631355321783,0.22222169405342235,0.3288507412210654,0.12358943894834008,0.06115489373709908,1407.7915259943986
GAAATGTTGGATGATAAAGAAGAACAAGAAGAAGATAGAAATGATAAGAATCAAGGTGAAGAAGATCCAACTTGGTTTGATTCTGGTTCTCAATTTATCTTAAATTCTCAACAATTGGTT,0.12081936588554644,0.1606253324247139,0.22584883476257536,0.2888170986530802,0.06513387608094383,0.13060802098361787,0.008039727163339377,0.00010774404618309885,520.1795843292259
GAAATGTTGGATGATAAAGAAGAACAAGAAGAAGATAGGAAACAGAATGATAATGGTGAAGAAGATCCAACTTGGTTTGATTCTGGTTCTCAATTTATCTTAAATTCTCAACAATTGGTT,0.19017108915074812,0.17937714623085907,0.207058901205802,0.18486442498489092,0.10541014833875471,0.06536694271253281,0.011023364047511546,0.05672798332890081,788.2545108432863
GAAATGTTGGATGATAAAGAAGAACAAGAAGAAGATCAGAAGAATGATAGAAATGGTGAAGAAGATCCAACTTGGTTTGATTCTGGTTCTCAATTTATCTTAAATTCTCAACAATTGGTT,0.07677226343754934,0.14007310680513646,0.24906528179020226,0.2469443048353241,0.17151145277790597,0.09049953760720808,0.018466933437543617,0.00666711930913028,592.9042098528591
GAAATGTTGGATGATAAAGAAGAACAAGAAGAAGATGATAATGGTAAACAAAGAGAGAATGAAGATCCAACTTGGTTTGATTCTGGTTCTCAATTTATCTTAAATTCTCAACAATTGGTT,0.44365583454520574,0.2723290194900195,0.14125831371531197,0.08122417196888776,0.024880013462903246,0.011892518032461611,0.01406038848688467,0.010699740298325494,355.2945674414265
GAAATGTTGGATGATAAAGAAGAACAAGAAGAAGGTCAGAATGAGAATGATAGAGATAAAGAAGATCCAACTTGGTTTGATTCTGGTTCTCAATTTATCTTAAATTCTCAACAATTGGTT,0.03343419357618781,0.06727786304577696,0.12481117320804848,0.15476772841252776,0.21415075662182903,0.17366045346126754,0.11886584371489646,0.11303198795946592,1566.5900169861322
GAAATGTTGGATGATAAAGAAGAACAAGAAGAGAAGAATAGAGATGATAATCAAGGTGAAGAAGATCCAACTTGGTTTGATTCTGGTTCTCAATTTATCTTAAATTCTCAACAATTGGTT,0.05171789513528199,0.10406919066250403,0.09653247883751362,0.0,0.07644472174781904,0.04740490195599159,0.19186266459935142,0.43196814706153824,3431.4783892279793
GAAATGTTGGATGATAAAGAAGAACAAGAAGATAAAGAGAATGATAGAAATCAAGGTGAAGAAGATCCAACTTGGTTTGATTCTGGTTCTCAATTTATCTTAAATTCTCAACAATTGGTT,0.15480564946304368,0.24920579010357544,0.25042144444224057,0.06879352992886213,0.07627324331508852,0.04256870827302576,0.157931634474164,0.0,724.3907215961227
GAAATGTTGGATGATAAAGAAGAACAAGAAGATAAGAATGAAGATAGAAATCAAGGTGAAGAAGATCCAACTTGGTTTGATTCTGGTTCTCAATTTATCTTAAATTCTCAACAATTGGTT,0.21061568640356987,0.14127027641988202,0.08735963629618457,0.0,0.06918068580724444,0.12870098365035565,0.19533512865377167,0.16753760276899182,1893.7245334990344
GAAATGTTGGATGATAAAGAAGAACAAGAAGATAAGAGAGATAATGAGAATCAAGGTGAAGAAGATCCAACTTGGTTTGATTCTGGTTCTCAATTTATCTTAAATTCTCAACAATTGGTT,0.10650236924113726,0.1266371932862785,0.20481269092686943,0.2904230925049456,0.13357033757916947,0.044373021252654445,0.03591833646976625,0.05776295873917907,878.1045548793882
GAAATGTTGGATGATAAAGAAGAACAAGAAGATAATAAAGATGAAAGAAATCAAGGTGAAGAAGATCCAACTTGGTTTGATTCTGGTTCTCAATTTATCTTAAATTCTCAACAATTGGTT,0.07453103415530118,0.0,0.12365658318743844,0.027600483501819126,0.17136784545263817,0.2504903440305486,0.11520611620485044,0.23714759346740408,2345.9546757572703
GAAATGTTGGATGATAAAGAAGAACAAGAAGATAATAAGAGAGAACAAGATAATGGTGAAGAAGATCCAACTTGGTTTGATTCTGGTTCTCAATTTATCTTAAATTCTCAACAATTGGTT,0.4728015427171895,0.24688061499894637,0.11915523691951661,0.07313836984206773,0.041282428518877465,0.005485727179340495,0.005550619189500946,0.035705460634560975,483.19046164189854
GAAATGTTGGATGATAAAGAAGAACAAGAAGATAATAGACAGAATAAAGATGAAGGTGAAGAAGATCCAACTTGGTTTGATTCTGGTTCTCAATTTATCTTAAATTCTCAACAATTGGTT,0.12894555233238655,0.21622527424436241,0.1069686379596937,0.2626325793765225,0.06353188996370901,0.039397396523251735,0.07972687594887978,0.10257179365119434,1194.069345809654
GAAATGTTGGATGATAAAGAAGAACAAGAAGATAATGATGAAGGTAATGAGAAACAAAGAGAAGATCCAACTTGGTTTGATTCTGGTTCTCAATTTATCTTAAATTCTCAACAATTGGTT,0.16078271416982642,0.2489947421854817,0.2608748324319454,0.19847126771268406,0.06264965784133077,0.04719830651928876,0.014132063046005713,0.006896416093437109,458.1626711053632
GAAATGTTGGATGATAAAGAAGAACAAGAAGATAGAGATAAGAATGAGAATCAAGGTGAAGAAGATCCAACTTGGTTTGATTCTGGTTCTCAATTTATCTTAAATTCTCAACAATTGGTT,0.2972675996027426,0.21751850931724054,0.06725525830063438,0.09006933230510666,0.07988983970136672,0.2229357984802986,0.025063662292610436,0.0,591.7618916488971
GAAATGTTGGATGATAAAGAAGAACAAGAAGATAGGAAAGATAATGAGAATCAAGGTGAAGAAGATCCAACTTGGTTTGATTCTGGTTCTCAATTTATCTTAAATTCTCAACAATTGGTT,0.030132795317320417,0.060634633580304326,0.05624346115934601,0.06695302670453335,0.17815830651971748,0.09666959016397951,0.2235728420998289,0.28763534445497,2747.8315520828637
GAAATGTTGGATGATAAAGAAGAACAAGAAGATGAGAAGAGAGATAATAATCAAGGTGAAGAAGATCCAACTTGGTTTGATTCTGGTTCTCAATTTATCTTAAATTCTCAACAATTGGTT,0.09210319518555503,0.1853343983802694,0.19101382642765508,0.17053920880037374,0.09075908328735753,0.1969853341432906,0.0,0.07326495377549852,1007.8296888646312
GAAATGTTGGATGATAAAGAAGAACAAGAAGATGATAAGAGAAATGAGAATCAAGGTGAAGAAGATCCAACTTGGTTTGATTCTGGTTCTCAATTTATCTTAAATTCTCAACAATTGGTT,0.08274944978352491,0.0,0.20593798952694517,0.0,0.28539644758408284,0.15169718503196233,0.07674582409081035,0.1974731039826744,1962.8911959719
GAAATGTTGGATGATAAAGAAGAACAAGAAGATGATAGGAAGAATGAGAATCAAGGTGAAGAAGATCCAACTTGGTTTGATTCTGGTTCTCAATTTATCTTAAATTCTCAACAATTGGTT,0.12265096323266471,0.09872162387283406,0.1831443678314858,0.10900884740597755,0.19337768189052146,0.22484507042073762,0.06825144534577886,0.0,788.2336280763292
GAAATGTTGGATGATAAAGAAGAACAAGAAGATGATGAGAATCAAGAAAGGAAAGGTAATGAAGATCCAACTTGGTTTGATTCTGGTTCTCAATTTATCTTAAATTCTCAACAATTGGTT,0.03298691253639385,0.08850376402307411,0.13682383923634353,0.14658936303063724,0.1841979275394314,0.24188785727311404,0.14277037131629317,0.02623996504471263,1151.6237237670061
GAAATGTTGGATGATAAAGAAGAACAAGAAGGTCAAGAGAATAGAAATGAGAAAGATGATGAAGATCCAACTTGGTTTGATTCTGGTTCTCAATTTATCTTAAATTCTCAACAATTGGTT,0.004099714694339739,0.007784599774795144,0.046093565643116646,0.17873407295357666,0.31793816722983625,0.33789300270348616,0.0899456929665607,0.017511184034288755,1156.0929424896563
GAAATGTTGGATGATAAAGAAGAACAAGAAGGTGATAGAGAGAAGAATGATAATCAAGAAGAAGATCCAACTTGGTTTGATTCTGGTTCTCAATTTATCTTAAATTCTCAACAATTGGTT,0.029122708686378278,0.09395014413781255,0.15266258048855827,0.26413479248430966,0.26341426707372007,0.1680913635262672,0.024704047457791437,0.0039200961451628024,727.2655518449377
GAAATGTTGGATGATAAAGAAGAACAAGAGAAACAAAGAGGTGATGAAGATGAGAATAATGAAGATCCAACTTGGTTTGATTCTGGTTCTCAATTTATCTTAAATTCTCAACAATTGGTT,0.12896500594418095,0.0,0.1604771639748287,0.28655149301624394,0.12708294964210085,0.1773150312830622,0.11960835613958343,0.0,860.8501339765319
GAAATGTTGGATGATAAAGAAGAACAAGAGAAAGATAATAATGGTGAAGAAAGACAAGATGATGAACCAACTTGGTTTGATTCTGGTTCTCAATTTATCTTAAATTCTCAACAATTGGTT,0.12436294533120434,0.0750746972696945,0.06190024223763886,0.1934282186067194,0.09803843951720859,0.09119339779723139,0.20761233037064916,0.1483897288696537,1831.7747934448662
GAAATGTTGGATGATAAAGAAGAACAAGAGAAAGATAATAGAGATGAGAATCAAGGTGAAGAAGATCCAACTTGGTTTGATTCTGGTTCTCAATTTATCTTAAATTCTCAACAATTGGTT,0.13423188646785292,0.203480684390946,0.2537517686039176,0.18430230098451836,0.11408190926020287,0.09959099408755379,0.0038157537832189618,0.0067447024217894835,517.9688090311399
GAAATGTTGGATGATAAAGAAGAACAAGAGAAAGATAATCAAGATGAAGATGGTGAGAATAGAGAACCAACTTGGTTTGATTCTGGTTCTCAATTTATCTTAAATTCTCAACAATTGGTT,0.04495376717885531,0.09632748658858267,0.17282268412542795,0.25611132887617793,0.24361934198857366,0.16170677525337787,0.01856066665801952,0.005897949330985123,705.5181073257172
GAAATGTTGGATGATAAAGAAGAACAAGAGAAAGATAATGAACAAGATAATGAAGGTGAAGATAGACCAACTTGGTTTGATTCTGGTTCTCAATTTATCTTAAATTCTCAACAATTGGTT,0.0006663003255788207,0.0005027853664561126,0.011054780410811519,0.0007402370576963306,0.04059832245174714,0.17477184933728496,0.4556417723606043,0.31602395268982064,3464.1139487207192
GAAATGTTGGATGATAAAGAAGAACAAGAGAAAGATAATGAAGAAAGACAAGATGAGAATGGTGATCCAACTTGGTTTGATTCTGGTTCTCAATTTATCTTAAATTCTCAACAATTGGTT,0.14756019358494177,0.1924844879750827,0.24307263878528448,0.14353364764817553,0.13382038708969726,0.12915728461683815,0.010035991424097347,0.00033536887588269374,525.106793479713
GAAATGTTGGATGATAAAGAAGAACAAGAGAAAGATAATGATAGAGAGAATCAAGGTGAAGAAGATCCAACTTGGTTTGATTCTGGTTCTCAATTTATCTTAAATTCTCAACAATTGGTT,0.2104917809967118,0.1058903752373168,0.1091353031747473,0.11692461391108398,0.13827997348913518,0.12862526874034808,0.06507340427114758,0.1255792801795092,1398.1540667880172
GAAATGTTGGATGATAAAGAAGAACAAGAGAAAGATAATGATGAAAGAAATCAAGGTGAAGAAGATCCAACTTGGTTTGATTCTGGTTCTCAATTTATCTTAAATTCTCAACAATTGGTT,0.1235022658948344,0.04970341821932585,0.03073592441634359,0.02744136552699533,0.048679972128847934,0.02264056876550418,0.34362584396549817,0.35367064108265045,3260.858658559089
GAAATGTTGGATGATAAAGAAGAACAAGAGAAAGATAATGGTGAACAAGAGAATAGAGATGAAGATCCAACTTGGTTTGATTCTGGTTCTCAATTTATCTTAAATTCTCAACAATTGGTT,0.0761761880240639,0.1532853225113342,0.15798263163220871,0.028209720214114355,0.07506450758261779,0.18619601411161163,0.1412989292689475,0.18178668665510186,1947.454103684322
GAAATGTTGGATGATAAAGAAGAACAAGAGAAAGATAATGGTGATCAGAATGAAGAAAGAGAAGATCCAACTTGGTTTGATTCTGGTTCTCAATTTATCTTAAATTCTCAACAATTGGTT,0.0666920852656249,0.05272180693615851,0.0711326298477362,0.0740926442228174,0.03285940574068002,0.07422968095167572,0.20765087148134792,0.42062087555395933,3420.429908780899
GAAATGTTGGATGATAAAGAAGAACAAGAGAAAGATAGAAATGAAGATCAGAATGGTGAAGAAGATCCAACTTGGTTTGATTCTGGTTCTCAATTTATCTTAAATTCTCAACAATTGGTT,0.034987641399647884,0.05028841722036874,0.06841489582348273,0.28319631645480037,0.24626462690040626,0.2015819836741559,0.055627239906230114,0.05963887862090802,1165.825035327142
GAAATGTTGGATGATAAAGAAGAACAAGAGAAAGATAGAAATGATGAGAATCAAGGTGAAGAAGATCCAACTTGGTTTGATTCTGGTTCTCAATTTATCTTAAATTCTCAACAATTGGTT,0.3110934221460295,0.08536321003453594,0.1407665584141681,0.12567790482222488,0.02786849700472885,0.1555363148910849,0.05245873068266026,0.10123536200456772,1186.2505926553315
GAAATGTTGGATGATAAAGAAGAACAAGAGAAAGATAGACAAGAGAATAATGATGGTGAAGAAGATCCAACTTGGTTTGATTCTGGTTCTCAATTTATCTTAAATTCTCAACAATTGGTT,0.37697097295846876,0.23954488168691154,0.07406566431067028,0.08816883417668693,0.05865309963527292,0.03637196099421272,0.055203320741479614,0.07102126549629721,868.6065330408607
GAAATGTTGGATGATAAAGAAGAACAAGAGAAAGATAGAGAAGGTAATAATCAAGAAGATGAAGATCCAACTTGGTTTGATTCTGGTTCTCAATTTATCTTAAATTCTCAACAATTGGTT,0.004124647177058662,0.0,0.0025662453024568855,0.004582343086398801,0.0,0.01701303243955112,0.44757137792807866,0.5241423540664558,4518.948630031282
GAAATGTTGGATGATAAAGAAGAACAAGAGAAAGATAGAGATAATAATCAAGAAGGTGAAGAAGATCCAACTTGGTTTGATTCTGGTTCTCAATTTATCTTAAATTCTCAACAATTGGTT,0.1274942698797036,0.10994999572016909,0.0906554620481058,0.1416418086347301,0.17947668118137794,0.13355649855628207,0.15202841746870288,0.06519686651092853,1273.051371012983
GAAATGTTGGATGATAAAGAAGAACAAGAGAAAGATAGAGATAATAATGAACAAGGTGAAGAAGATCCAACTTGGTTTGATTCTGGTTCTCAATTTATCTTAAATTCTCAACAATTGGTT,0.04196951870789831,0.06333978547948667,0.07833694054820382,0.3030736246343599,0.144749621627486,0.1154084624451853,0.07784910493927232,0.17527294161810775,1779.1909859369096
GAAATGTTGGATGATAAAGAAGAACAAGAGAAAGATAGAGATAATCAAGAAGGTAATGAAGAAGATCCAACTTGGTTTGATTCTGGTTCTCAATTTATCTTAAATTCTCAACAATTGGTT,0.16062213247538953,0.13851918831251686,0.1713168009250262,0.07647674576853343,0.1808892417716275,0.12619466912687918,0.06384372838539418,0.08213749323463317,1150.0545770552096
GAAATGTTGGATGATAAAGAAGAACAAGAGAAAGATAGAGATAATCAAGAGAATGGTGAAGAAGATCCAACTTGGTTTGATTCTGGTTCTCAATTTATCTTAAATTCTCAACAATTGGTT,0.023288202007744622,0.12448485197374275,0.22656985114839437,0.3059408099044759,0.20297606931855344,0.1031555342261934,0.011340137245816229,0.0022445441750792096,597.5428008627476
GAAATGTTGGATGATAAAGAAGAACAAGAGAAAGATAGAGATAATCAGAATGAAGAAGGTGATGAACCAACTTGGTTTGATTCTGGTTCTCAATTTATCTTAAATTCTCAACAATTGGTT,0.2453496616301361,0.20277135730868764,0.228975009106131,0.04867413404707932,0.10361534610119984,0.10441266862490647,0.024380259611736285,0.041821563570123364,735.0558981468257
GAAATGTTGGATGATAAAGAAGAACAAGAGAAAGATAGAGATAATCAGAATGAAGGTGAAGAAGATCCAACTTGGTTTGATTCTGGTTCTCAATTTATCTTAAATTCTCAACAATTGGTT,0.2224498027541122,0.32639249779519125,0.1845364340576282,0.1493102363615966,0.041100651017200895,0.046726783222692206,0.0128944161229045,0.01658917866867424,477.54026990771746
GAAATGTTGGATGATAAAGAAGAACAAGAGAAAGATAGAGATAATCCAACTGATAATGAACAAGAAGAAGGTTGGTTTGATTCTGGTTCTCAATTTATCTTAAATTCTCAACAATTGGTT,0.059841861616639805,0.07741068404303168,0.063826299250084,0.05698480983463139,0.03369631820725327,0.08619501550308835,0.28542972256064225,0.3366152889846293,3099.1489891436468
GAAATGTTGGATGATAAAGAAGAACAAGAGAAAGATAGAGATAATGAAACTAATCCAGGTGAAGAACAAGATTGGTTTGATTCTGGTTCTCAATTTATCTTAAATTCTCAACAATTGGTT,0.27099016069348864,0.23784326688685553,0.17936472310548796,0.08327215699163269,0.07386087032501958,0.03699441090232819,0.0695166212894371,0.0481577898057502,789.626156908675
GAAATGTTGGATGATAAAGAAGAACAAGAGAAAGATAGAGATAATGAAACTGAGAATGGTGATGAACAACCATGGTTTGATTCTGGTTCTCAATTTATCTTAAATTCTCAACAATTGGTT,0.06622701762119389,0.04997442451351221,0.02060234070581948,0.14715193969424611,0.21209672516951106,0.060704041975379326,0.24568849981294158,0.19755501050739646,2239.476010124966
GAAATGTTGGATGATAAAGAAGAACAAGAGAAAGATAGAGATAATGAAACTGATGAAGGTCCATGGCAAGAATTTAATGATTCTGGTTCTCAATTTATCTTAAATTCTCAACAATTGGTT,0.07558023884086905,0.04345317869278256,0.040306290707947764,0.10795767597925164,0.13831490290277634,0.18803826371374208,0.29040083247840687,0.11594861668422357,1940.4389283470039
GAAATGTTGGATGATAAAGAAGAACAAGAGAAAGATAGAGATAATGAAACTGGTCAAGATCCAGAGAATGAATGGTTTGATTCTGGTTCTCAATTTATCTTAAATTCTCAACAATTGGTT,0.1541254855366502,0.14314088292003102,0.08851639416236581,0.09219979233999266,0.14019346034306426,0.0,0.19792162576149422,0.18390235893640175,1921.1284112670746
GAAATGTTGGATGATAAAGAAGAACAAGAGAAAGATAGAGATAATGAAACTTGGGATGAGAATGGATTTCCACAAGAAGATTCTGGTTCTCAATTTATCTTAAATTCTCAACAATTGGTT,0.11004906814076484,0.1509858622692991,0.10581664023300644,0.1945057884724845,0.22181535487216378,0.16047749791706806,0.03247516510759704,0.023874622987616178,807.7890458865583
GAAATGTTGGATGATAAAGAAGAACAAGAGAAAGATAGAGATAATGAACAAGAAGATGGTGAGAATCCAACTTGGTTTGATTCTGGTTCTCAATTTATCTTAAATTCTCAACAATTGGTT,0.06324072940628206,0.22269796829037244,0.0,0.24590406732224201,0.2181123809571549,0.11593358814345912,0.05865249747383052,0.07545876840665888,1139.891515558508
GAAATGTTGGATGATAAAGAAGAACAAGAGAAAGATAGAGATAATGAACAAGAAGGTAATGAAGATCCAACTTGGTTTGATTCTGGTTCTCAATTTATCTTAAATTCTCAACAATTGGTT,0.11087798873728093,0.11155696224674039,0.045990215328886024,0.12318168398742954,0.10925988609046458,0.033877121071403817,0.3770564801570137,0.08819966238078106,1786.3564161171103
GAAATGTTGGATGATAAAGAAGAACAAGAGAAAGATAGAGATAATGAACAAGAAGGTGAAGATAATCCAACTTGGTTTGATTCTGGTTCTCAATTTATCTTAAATTCTCAACAATTGGTT,0.04245937260195459,0.10431575379522984,0.16668554510314368,0.2538222372194555,0.21583460463756732,0.1821692856775351,0.023392827972060243,0.011320372993053775,757.2553381388254
GAAATGTTGGATGATAAAGAAGAACAAGAGAAAGATAGAGATAATGAACAAGGTAATGAAGAAGATCCAACTTGGTTTGATTCTGGTTCTCAATTTATCTTAAATTCTCAACAATTGGTT,0.15391666428805093,0.2580986497360742,0.0,0.11399746163418079,0.10111364993210961,0.09405389708768606,0.09516648366844598,0.1836531936534524,1759.610572641344
GAAATGTTGGATGATAAAGAAGAACAAGAGAAAGATAGAGATAATGAACAGAATGAAGATGGTGAACCAACTTGGTTTGATTCTGGTTCTCAATTTATCTTAAATTCTCAACAATTGGTT,0.06594612159734216,0.07610070266855912,0.1668919532154627,0.3626068216371873,0.20164716128130342,0.09260986494074341,0.03326695595054192,0.0009304187088599028,632.9850061402326
GAAATGTTGGATGATAAAGAAGAACAAGAGAAAGATAGAGATAATGAACAGAATGGTGAAGAAGATCCAACTTGGTTTGATTCTGGTTCTCAATTTATCTTAAATTCTCAACAATTGGTT,0.1679113741446644,0.20869009144573902,0.2027946515438262,0.12344812963411143,0.05353148458737267,0.07016415647014397,0.07328427918345362,0.10017583299068862,1164.7400520024403
GAAATGTTGGATGATAAAGAAGAACAAGAGAAAGATAGAGATAATGAACCAGAACAAACTGATGAAGGTAATTGGTTTGATTCTGGTTCTCAATTTATCTTAAATTCTCAACAATTGGTT,0.29294911588224315,0.2559610453191024,0.13430061112957017,0.1541636192566127,0.03798341453865582,0.08479539206323933,0.02144961438020588,0.01839718743037058,540.0322344688811
GAAATGTTGGATGATAAAGAAGAACAAGAGAAAGATAGAGATAATGAACCAGAAGATGAGAATTGGCAAACTGGATTTGATTCTGGTTCTCAATTTATCTTAAATTCTCAACAATTGGTT,0.08312364909401504,0.041816332932247846,0.05171731419769792,0.046173777100351296,0.040955290291905026,0.15238317124928163,0.38546437274472595,0.19836609238977523,2561.2357433382463
GAAATGTTGGATGATAAAGAAGAACAAGAGAAAGATAGAGATAATGAACCAGATACATTTGGTAATTGGCAAGAAGAAGATTCTGGTTCTCAATTTATCTTAAATTCTCAACAATTGGTT,0.06947338889020205,0.04659921119806226,0.0,0.07718257819490215,0.13691905206627883,0.19103905023256207,0.25773186391972575,0.22105485549826692,2498.579469703107
GAAATGTTGGATGATAAAGAAGAACAAGAGAAAGATAGAGATAATGAACCATGGGATGAAGGTCAATTTACTAATGAAGATTCTGGTTCTCAATTTATCTTAAATTCTCAACAATTGGTT,0.3827384590942798,0.19254109998660152,0.1785972346040823,0.0531511804720073,0.047144118638107496,0.0,0.08874251892695237,0.057085388277969155,815.796018951402
GAAATGTTGGATGATAAAGAAGAACAAGAGAAAGATAGAGATAATGAAGAACAAGGTGATGAGAATCCAACTTGGTTTGATTCTGGTTCTCAATTTATCTTAAATTCTCAACAATTGGTT,0.07575007445220656,0.07621393833067659,0.11782418251732667,0.23142834802937806,0.16795037816393335,0.24301524551811554,0.08781783298836322,0.0,869.3280222135766
GAAATGTTGGATGATAAAGAAGAACAAGAGAAAGATAGAGATAATGAAGAACAGAATGAAGATGGTCCAACTTGGTTTGATTCTGGTTCTCAATTTATCTTAAATTCTCAACAATTGGTT,0.06683873179011034,0.1344960521713049,0.0415852736283889,0.0,0.3293165895677509,0.1531618562146131,0.1549736453183627,0.11962785130946922,1682.027129597751
GAAATGTTGGATGATAAAGAAGAACAAGAGAAAGATAGAGATAATGAAGAAGAATGGGGTCCATTTGATCAGAATACTGATTCTGGTTCTCAATTTATCTTAAATTCTCAACAATTGGTT,0.25807788427803136,0.23080733553059068,0.17841018469549513,0.22300115773027873,0.05651369193152448,0.0,0.053189745834079614,0.0,440.8664860840735
GAAATGTTGGATGATAAAGAAGAACAAGAGAAAGATAGAGATAATGAAGAAGACTTTAATACTGAATGGGGTCCACAAGATTCTGGTTCTCAATTTATCTTAAATTCTCAACAATTGGTT,0.19344553403926218,0.21651694822127446,0.2148592671395662,0.2122794943374598,0.06443465654041666,0.08393950665402158,0.002701923696783547,0.01182266937121546,499.8618538526922
GAAATGTTGGATGATAAAGAAGAACAAGAGAAAGATAGAGATAATGAAGAAGATACTGGTAATCAACCAGAATGGTTTGATTCTGGTTCTCAATTTATCTTAAATTCTCAACAATTGGTT,0.3892972964098927,0.2808609387545249,0.18589627877172665,0.08586349987152667,0.02759543449191331,0.017873607517051155,0.007377438946570459,0.0052355052367940936,324.6032728308488
GAAATGTTGGATGATAAAGAAGAACAAGAGAAAGATAGAGATAATGAAGAAGATGGTCAAGAGAATCCAACTTGGTTTGATTCTGGTTCTCAATTTATCTTAAATTCTCAACAATTGGTT,0.08973147869480765,0.2192537581388924,0.07975504182475165,0.0996886287187141,0.07579026732183536,0.07049859250182637,0.16644258777152823,0.1988396450276442,1990.028601642262
GAAATGTTGGATGATAAAGAAGAACAAGAGAAAGATAGAGATAATGAAGAAGGTCAGAATGAAGATCCAACTTGGTTTGATTCTGGTTCTCAATTTATCTTAAATTCTCAACAATTGGTT,0.11893979836273517,0.11262883693789741,0.2176504870819612,0.17877505074717298,0.14478146779035447,0.14749881255056674,0.07137737971149584,0.008348166817816248,754.0671696475979
GAAATGTTGGATGATAAAGAAGAACAAGAGAAAGATAGAGATAATGAAGAAGGTCCAAATGAACAAGATACTTGGTTTGATTCTGGTTCTCAATTTATCTTAAATTCTCAACAATTGGTT,0.07370238532538312,0.17953003462834,0.09171131105376568,0.20254736521325453,0.11849636838397463,0.13866758793745856,0.12591736481366703,0.06942758264415648,1230.3207120998065
GAAATGTTGGATGATAAAGAAGAACAAGAGAAAGATAGAGATAATGAAGAATGGCCATTTGAAGATACTAATCAAGGTGATTCTGGTTCTCAATTTATCTTAAATTCTCAACAATTGGTT,0.006378093223239841,0.07135816030539326,0.1060048898123422,0.23610127232708664,0.2672409591650653,0.25425939453891405,0.05656316662152094,0.0020940640064378573,881.0801098999164
GAAATGTTGGATGATAAAGAAGAACAAGAGAAAGATAGAGATAATGAAGAGAATCAAGGTCCAGATGAATGGACATTTGATTCTGGTTCTCAATTTATCTTAAATTCTCAACAATTGGTT,0.15025402227963197,0.12093929539494892,0.18696807862500664,0.20031254572062734,0.14806128381175135,0.1377236481884617,0.05574112597957207,0.0,656.468704775401
GAAATGTTGGATGATAAAGAAGAACAAGAGAAAGATAGAGATAATGAAGATAATCAAGGTGAACCAACTGAATGGTTTGATTCTGGTTCTCAATTTATCTTAAATTCTCAACAATTGGTT,0.03900727977032961,0.039246145120808526,0.14561572543077106,0.1300072935466874,0.11531407611938647,0.1430171331022269,0.10853168834401478,0.27926065856577525,2467.121962451136
GAAATGTTGGATGATAAAGAAGAACAAGAGAAAGATAGAGATAATGAAGATGGTGAAACTAATCCAGAACAATGGTTTGATTCTGGTTCTCAATTTATCTTAAATTCTCAACAATTGGTT,0.1264838897988544,0.2969363314234659,0.05246326519565127,0.18735908085562947,0.0415460139236066,0.07729054426574672,0.11730724956139796,0.10061362497564773,1278.0255493075572
GAAATGTTGGATGATAAAGAAGAACAAGAGAAAGATAGAGATAATGAAGCTGCTGCTGCTGAAGATCCAACTGCTGCTGCTGCTGGTTCTCAATTTATCTTAAATTCTCAACAATTGGTT,0.010065685326398498,0.019531267045218813,0.08051914994501695,0.20448246715482116,0.2770176718451506,0.2682206028925112,0.08268498233594639,0.0574781734549363,1292.0422091799755
GAAATGTTGGATGATAAAGAAGAACAAGAGAAAGATAGAGATAATGAAGCTGCTGCTGCTGAAGATCCAACTTGGTTTGATTCTGCTGCTGCTGCTATCTTAAATTCTCAACAATTGGTT,0.07403437717167803,0.05959018783193245,0.07369953917760289,0.13159949031292578,0.10213553467326504,0.1900088677167712,0.192256529142751,0.17667547397307357,2072.7731769291318
GAAATGTTGGATGATAAAGAAGAACAAGAGAAAGATAGAGATAATGAAGCTGCTGCTGCTGAAGATCCAACTTGGTTTGATTCTGGTTCTCAATTTATCTTAAATTCTCAACAATTGGTT,0.12329435929474854,0.18348601073607868,0.182846594537557,0.25359042584318875,0.09948884061070262,0.13677754066028003,0.017621368304412025,0.0028948600130323794,572.3386769980855
GAAATGTTGGATGATAAAGAAGAACAAGAGAAAGATAGAGATAATGAAGCTGCTGCTGCTGAAGATCCAACTTGGTTTGATTCTGGTTCTCAATTTATCTTAAATTCTGCTGCTGCTGCT,0.14346136674421214,0.20188916901203843,0.2450358285704176,0.23989545034984308,0.0818958041617277,0.06492687257575723,0.015886066906061893,0.007009441679941971,503.6165587790276
GAAATGTTGGATGATAAAGAAGAACAAGAGAAAGATAGAGATAATGAAGCTGCTGCTGCTGAAGATCCAACTTGGTTTGATTCTGGTTCTCAATTTGCTGCTGCTGCTCAACAATTGGTT,0.05963353399080763,0.18571028192593184,0.19434586291795977,0.17666888857480179,0.13151779358675614,0.12754097830871827,0.05003967640201838,0.07454298429300614,1081.975681207664
GAAATGTTGGATGATAAAGAAGAACAAGAGAAAGATAGAGATAATGAAGCTGCTGCTGCTGCTGCTGCTGCTTGGTTTGATTCTGGTTCTCAATTTATCTTAAATTCTCAACAATTGGTT,0.056412767755581315,0.2086721580975249,0.23009551467803255,0.20189853806709504,0.12766932098107472,0.1456159776697053,0.014818124164762006,0.014817598586224046,661.6658134767454
GAAATGTTGGATGATAAAGAAGAACAAGAGAAAGATAGAGATAATGAAGGTAATCAAGAAGATGAACCAACTTGGTTTGATTCTGGTTCTCAATTTATCTTAAATTCTCAACAATTGGTT,0.1139217035405801,0.16556123360261626,0.11025628607000577,0.1335944338700195,0.11225918231226295,0.04060826335956398,0.13500549348211477,0.18879340376283674,1849.488226851892
GAAATGTTGGATGATAAAGAAGAACAAGAGAAAGATAGAGATAATGAAGGTAATGAACAAGAAGATCCAACTTGGTTTGATTCTGGTTCTCAATTTATCTTAAATTCTCAACAATTGGTT,0.05844042294080057,0.12075959890863354,0.1819051349879731,0.3100636548953029,0.19912243873720228,0.11966341041867874,0.009475969362768096,0.0005693697486407523,593.0447720377044
GAAATGTTGGATGATAAAGAAGAACAAGAGAAAGATAGAGATAATGAAGGTCAAGAAGATGAGAATCCAACTTGGTTTGATTCTGGTTCTCAATTTATCTTAAATTCTCAACAATTGGTT,0.05020912194456518,0.11787202700614333,0.2290843468214252,0.13015480602200388,0.2473819649346197,0.07670325383675539,0.10865483357349491,0.03993964586099249,1006.0791926943093
GAAATGTTGGATGATAAAGAAGAACAAGAGAAAGATAGAGATAATGAAGGTCAAGAGAATGAAGATCCAACTTGGTTTGATTCTGGTTCTCAATTTATCTTAAATTCTCAACAATTGGTT,0.2202243549182804,0.16389757403949085,0.1149511885419724,0.09254996447467173,0.13085651958501593,0.12436620979689639,0.07343700511959211,0.0797171835240802,1122.0379794075873
GAAATGTTGGATGATAAAGAAGAACAAGAGAAAGATAGAGATAATGAAGGTCAAGATACTCCAGAATGGGAGAACTTTGATTCTGGTTCTCAATTTATCTTAAATTCTCAACAATTGGTT,0.2613831025335872,0.1627994398912189,0.18585781113227903,0.13827988551338707,0.11038654161606727,0.04563526918909391,0.08080642493628122,0.014851525188085267,656.8213829353642
GAAATGTTGGATGATAAAGAAGAACAAGAGAAAGATAGAGATAATGAAGGTGAACAGAATGAAGATCCAACTTGGTTTGATTCTGGTTCTCAATTTATCTTAAATTCTCAACAATTGGTT,0.05810031017682236,0.10522096882275686,0.07229692221523937,0.10327595771573123,0.11450484165584163,0.13846315092455597,0.17243208054643772,0.23570576794261475,2330.2775983003476
GAAATGTTGGATGATAAAGAAGAACAAGAGAAAGATAGAGATAATGAAGGTGAAGATAATGAACAACCAACTTGGTTTGATTCTGGTTCTCAATTTATCTTAAATTCTCAACAATTGGTT,0.2339566462880338,0.05884732635971925,0.07278078811863123,0.19493842284218013,0.115271195007449,0.1072229626730378,0.21698265871094882,0.0,964.4718055959296
GAAATGTTGGATGATAAAGAAGAACAAGAGAAAGATAGAGATAATGAAGGTGATGAGAATGAACAACCAACTTGGTTTGATTCTGGTTCTCAATTTATCTTAAATTCTCAACAATTGGTT,0.06434967767716397,0.19423118993159333,0.08007330128604989,0.2144709265723577,0.22193705771201136,0.0884748930676581,0.05968098949577816,0.0767819642573875,1121.2205477008606
GAAATGTTGGATGATAAAGAAGAACAAGAGAAAGATAGAGATAATGAGAATCAAACTCCAGATGAATTTGGTGAATGGGATTCTGGTTCTCAATTTATCTTAAATTCTCAACAATTGGTT,0.3259178664982119,0.2096497172117792,0.1595625372811219,0.11871596492522694,0.06844426906854757,0.044076109629599264,0.05450805155137858,0.019125483834134708,583.5241390736005
GAAATGTTGGATGATAAAGAAGAACAAGAGAAAGATAGAGATAATGAGAATCAAACTGAAGATGAAGGTCCATGGTTTGATTCTGGTTCTCAATTTATCTTAAATTCTCAACAATTGGTT,0.021769709061705205,0.021903018259769397,0.0,0.07255622471177448,0.06435603565844754,0.0,0.40380552777775314,0.4156094845305503,3782.047754217961
GAAATGTTGGATGATAAAGAAGAACAAGAGAAAGATAGAGATAATGAGAATCAAACTGATCCAGGTGAAGAATGGTTTGATTCTGGTTCTCAATTTATCTTAAATTCTCAACAATTGGTT,0.023643884320381794,0.0951546809437486,0.08826355971462646,0.23640798031975832,0.232988362884367,0.19504900839858114,0.0438569535295391,0.08463556988899758,1267.9553176412853
GAAATGTTGGATGATAAAGAAGAACAAGAGAAAGATAGAGATAATGAGAATCAAACTTCTGAAGAAGATGGATTCTGGGATCCAGGTTCTCAATTTATCTTAAATTCTCAACAATTGGTT,0.21531265560841556,0.2452025018544332,0.305099789441455,0.12240357327811288,0.08604131329791201,0.020190925792195173,0.0017229925829458106,0.004026248144530359,374.02693498628844
GAAATGTTGGATGATAAAGAAGAACAAGAGAAAGATAGAGATAATGAGAATCAAACTTGGGAAGATGGATTTCCAGAAGATTCTGGTTCTCAATTTATCTTAAATTCTCAACAATTGGTT,0.14541295469702512,0.20474574492135592,0.17916710205678832,0.3117936619612053,0.10251646926418255,0.04774483451299374,0.0073838555360266865,0.0012353770504224845,451.3246623238322
GAAATGTTGGATGATAAAGAAGAACAAGAGAAAGATAGAGATAATGAGAATCAACCAACTGAAGAAGGATTTGATGATTGGTCTGGTTCTCAATTTATCTTAAATTCTCAACAATTGGTT,0.08090751648264066,0.023257989292092388,0.04314728201208067,0.1284078657872049,0.41002348730401345,0.2330751233046007,0.053598233185018454,0.027582502632348814,1043.988674374709
GAAATGTTGGATGATAAAGAAGAACAAGAGAAAGATAGAGATAATGAGAATCAACCAGAATGGGATGAAGGTTCTACATTTGATGGTTCTCAATTTATCTTAAATTCTCAACAATTGGTT,0.09233612193364234,0.18580310458135682,0.25277590240928216,0.14361521859353912,0.14558177729445587,0.10156294557180495,0.034254786175304856,0.0440701434406138,830.997008425057
GAAATGTTGGATGATAAAGAAGAACAAGAGAAAGATAGAGATAATGAGAATCAACCAGACTTCTGGGGTACTGAAGAAGATTCTGGTTCTCAATTTATCTTAAATTCTCAACAATTGGTT,0.07849624971605831,0.07897693009956891,0.13953791401305965,0.13703905360327426,0.1989018292000751,0.24668601040112892,0.093601544860176,0.026760468106658945,1046.1139349988518
GAAATGTTGGATGATAAAGAAGAACAAGAGAAAGATAGAGATAATGAGAATCAACCATTTGATGATGAAACTTGGTCTGGTGAAGGTTCTCAATTTATCTTAAATTCTCAACAATTGGTT,0.09508925902463516,0.1913430970364458,0.2366479883596652,0.15259247019495287,0.07287899879301721,0.048421849056089476,0.12738607171215868,0.07564026582303546,1144.8953659572849
GAAATGTTGGATGATAAAGAAGAACAAGAGAAAGATAGAGATAATGAGAATCAAGAAACTGAAGATCCAGGTTGGTTTGATTCTGGTTCTCAATTTATCTTAAATTCTCAACAATTGGTT,0.1480093846965842,0.14891573637652394,0.06139165717571406,0.0,0.14584940344278757,0.09044413417257893,0.2287850499596249,0.17660463417618633,2029.454483248464
GAAATGTTGGATGATAAAGAAGAACAAGAGAAAGATAGAGATAATGAGAATCAAGAAGAAGATCCAGGTTGGGACTTCTCTACTGGTTCTCAATTTATCTTAAATTCTCAACAATTGGTT,0.12442361175499954,0.2503710667415549,0.15482609565101504,0.0,0.18391174572340305,0.17107103162728,0.11539644850174757,0.0,803.9152241319648
GAAATGTTGGATGATAAAGAAGAACAAGAGAAAGATAGAGATAATGAGAATCAAGAAGAAGATGGTCCAACTTGGTTTGATTCTGGTTCTCAATTTATCTTAAATTCTCAACAATTGGTT,0.04311168546527799,0.07590744803883681,0.12070322624133802,0.22750419500960656,0.23365393286902508,0.18770291757123272,0.059975779373133205,0.05144081543154971,1093.9303806457056
GAAATGTTGGATGATAAAGAAGAACAAGAGAAAGATAGAGATAATGAGAATCAAGAAGAAGGTGATACTCCATGGTTTGATTCTGGTTCTCAATTTATCTTAAATTCTCAACAATTGGTT,0.07810672487803058,0.0,0.048595917954726814,0.06508044119569908,0.09620858883107024,0.17898261449259487,0.41652964043882545,0.11649607220905299,2197.9231939239253
GAAATGTTGGATGATAAAGAAGAACAAGAGAAAGATAGAGATAATGAGAATCAAGAAGATGAAGGTCCAACTTGGTTTGATTCTGGTTCTCAATTTATCTTAAATTCTCAACAATTGGTT,0.03860887606989539,0.03237108479306174,0.05604996000548014,0.1644237474937012,0.22193170879862573,0.1710473374131284,0.1312950124684063,0.18427227295770113,2028.541135572888
GAAATGTTGGATGATAAAGAAGAACAAGAGAAAGATAGAGATAATGAGAATCAAGAAGATGGTGAACCAACTTGGTTTGATTCTGGTTCTCAATTTATCTTAAATTCTCAACAATTGGTT,0.05303200155808257,0.05335674882867807,0.0,0.05891675463763282,0.0,0.14582825699779073,0.24592215860089642,0.4429440793769194,3700.98050442744
GAAATGTTGGATGATAAAGAAGAACAAGAGAAAGATAGAGATAATGAGAATCAAGAAGGTGAAGATCCAACTTGGTTTGATTCTGGTTCTCAATTTATCTTAAATTCTCAACAATTGGTT,0.318404908660382,0.22944322821350324,0.11779099047530846,0.11472553029365291,0.11447936260910188,0.07493488533021107,0.019952975904997186,0.010268118512843248,503.3061226371457
GAAATGTTGGATGATAAAGAAGAACAAGAGAAAGATAGAGATAATGAGAATCAAGAAGGTGATCCATCTGAAGATACTTGGTTTGGTTCTCAATTTATCTTAAATTCTCAACAATTGGTT,0.038340062907748024,0.0321457020689024,0.0,0.028396339477566195,0.0629675759470389,0.0937138898569722,0.3555842040335188,0.38885222570825356,3597.228052924587
GAAATGTTGGATGATAAAGAAGAACAAGAGAAAGATAGAGATAATGAGAATCAAGAAGGTGATGAACCAACTTGGTTTGATTCTGGTTCTCAATTTATCTTAAATTCTCAACAATTGGTT,0.1615221822798989,0.19205878670256188,0.20708016815553518,0.21750989687938327,0.12057954654512242,0.0493507014974709,0.022697492286629393,0.02920122565339822,648.0491633607578
GAAATGTTGGATGATAAAGAAGAACAAGAGAAAGATAGAGATAATGAGAATCAAGAATGGGAAACATTTGATGGTCCAGATTCTGGTTCTCAATTTATCTTAAATTCTCAACAATTGGTT,0.15742444504171774,0.10559230058332938,0.13059371310664214,0.08744660893413718,0.10341804313609093,0.14429609641224483,0.14600301027222695,0.12522578251361077,1585.0449544123712
GAAATGTTGGATGATAAAGAAGAACAAGAGAAAGATAGAGATAATGAGAATCAAGATCCAACTGGTGAAGAATGGTTTGATTCTGGTTCTCAATTTATCTTAAATTCTCAACAATTGGTT,0.020989450594903352,0.06904497669933837,0.13798297215117972,0.24125719678275967,0.2991650776987648,0.19847143643937015,0.026232582399009493,0.006856307234674331,796.0752473593121
GAAATGTTGGATGATAAAGAAGAACAAGAGAAAGATAGAGATAATGAGAATCAAGATCCAGAAGAATGGACATTTGGTGATTCTGGTTCTCAATTTATCTTAAATTCTCAACAATTGGTT,0.2097937807924274,0.2664433221508573,0.17332418073515946,0.1528352611636969,0.08133723789840057,0.05359127721343659,0.03189718915007961,0.030777750895942244,639.5145697616485
GAAATGTTGGATGATAAAGAAGAACAAGAGAAAGATAGAGATAATGAGAATCAAGATGAAACTGGATTTGAATGGCCAGATTCTGGTTCTCAATTTATCTTAAATTCTCAACAATTGGTT,0.061450757400101336,0.22669921209567387,0.22939811926830164,0.20480912032368934,0.12110794631415131,0.07510146142009641,0.056992391248675056,0.024440991929310922,737.0669299692274
GAAATGTTGGATGATAAAGAAGAACAAGAGAAAGATAGAGATAATGAGAATCAAGATGAAGAACCAGGTACTTGGTTTGATTCTGGTTCTCAATTTATCTTAAATTCTCAACAATTGGTT,0.1455194271571493,0.12898070615347473,0.08191560538653146,0.11932575126294477,0.0819404475455196,0.13973550667217502,0.19922921082630798,0.10335334499589707,1564.1670139631394
GAAATGTTGGATGATAAAGAAGAACAAGAGAAAGATAGAGATAATGAGAATCAAGATGAAGAAGGTCCAACTTGGTTTGATTCTGGTTCTCAATTTATCTTAAATTCTCAACAATTGGTT,0.09803008235785879,0.14794557045789206,0.15586767475502986,0.22991709126197368,0.17709903966242785,0.12979041522567825,0.035356929415964085,0.025993196863175527,783.3645422974707
GAAATGTTGGATGATAAAGAAGAACAAGAGAAAGATAGAGATAATGAGAATCAAGATGAAGGTGAACCAACTTGGTTTGATTCTGGTTCTCAATTTATCTTAAATTCTCAACAATTGGTT,0.2135489040836804,0.20257907452171567,0.08351478088632139,0.1287904619810799,0.09018534388491954,0.13422176821056356,0.09619840318245174,0.050961263249267794,995.4078964865145
GAAATGTTGGATGATAAAGAAGAACAAGAGAAAGATAGAGATAATGAGAATCAAGATGGATTTCCATCTTGGACTGATGAAGAAGGTTCTCAATTTATCTTAAATTCTCAACAATTGGTT,0.09973915620349531,0.15052487977770196,0.09308255837075918,0.19391193311641022,0.024570902145812572,0.1142768114555018,0.115628619842547,0.20826513908777183,1973.2975665322754
GAAATGTTGGATGATAAAGAAGAACAAGAGAAAGATAGAGATAATGAGAATCAAGATGGTGAAGAACCAACTTGGTTTGATTCTGGTTCTCAATTTATCTTAAATTCTCAACAATTGGTT,0.06638465723722047,0.09708904573390566,0.16572016721812374,0.2925952815403181,0.21310051183121442,0.14560520079945646,0.010131737102470458,0.00937339853729058,678.6988082713831
GAAATGTTGGATGATAAAGAAGAACAAGAGAAAGATAGAGATAATGAGAATCAAGATTGGGAAGGTGAATTTACTCCAGATTCTGGTTCTCAATTTATCTTAAATTCTCAACAATTGGTT,0.14141700084192999,0.15767370312312082,0.271788425376449,0.27772024479989,0.06907238851810643,0.05442889077567618,0.02196923570366101,0.005930110861166557,504.59955099745093
GAAATGTTGGATGATAAAGAAGAACAAGAGAAAGATAGAGATAATGAGAATCAAGGTGAAACTCCAGATGAATGGTTTGATTCTGGTTCTCAATTTATCTTAAATTCTCAACAATTGGTT,0.24520806468828305,0.27338093374104827,0.1979181512246251,0.13989024281169285,0.05877477008804014,0.0303728427309522,0.030732130525380152,0.02372286418997825,551.1712631253313
GAAATGTTGGATGATAAAGAAGAACAAGAGAAAGATAGAGATAATGAGAATCAAGGTGAAACTGATGAACCATGGTTTGATTCTGGTTCTCAATTTATCTTAAATTCTCAACAATTGGTT,0.033659798568559905,0.1015977540964315,0.07329779660555961,0.07478978862391218,0.04146072858228491,0.061705506259571725,0.17169744846013685,0.4417911788035432,3459.2241828743613
GAAATGTTGGATGATAAAGAAGAACAAGAGAAAGATAGAGATAATGAGAATCAAGGTGAAACTGATTCTGACTTTCCATGGGAAGGTTCTCAATTTATCTTAAATTCTCAACAATTGGTT,0.0010904750377930706,0.03890478185408161,0.12235755271761412,0.23154600336857553,0.33253344457384326,0.24232412321790697,0.02953865932817149,0.001704959902013798,837.6954043657371
GAAATGTTGGATGATAAAGAAGAACAAGAGAAAGATAGAGATAATGAGAATCAAGGTGAACCAACTGAAGATTGGTTTGATTCTGGTTCTCAATTTATCTTAAATTCTCAACAATTGGTT,0.15822984614066898,0.18573191459176353,0.06563092258742506,0.17578799116623897,0.1819074975058576,0.12086194284056993,0.048916659343739795,0.0629332258237361,1006.6238620840636
GAAATGTTGGATGATAAAGAAGAACAAGAGAAAGATAGAGATAATGAGAATCAAGGTGAACCAGATGAAACTTGGTTTGATTCTGGTTCTCAATTTATCTTAAATTCTCAACAATTGGTT,0.1840550467489935,0.1481457023911239,0.04580565355894627,0.16358313034444805,0.10882141895531278,0.13496467979323018,0.1707015125511621,0.04392285565678326,1146.368049866501
GAAATGTTGGATGATAAAGAAGAACAAGAGAAAGATAGAGATAATGAGAATCAAGGTGAACCAGATGACTTTACTTCTGAATGGGGTTCTCAATTTATCTTAAATTCTCAACAATTGGTT,0.011833269923778072,0.1420183775339716,0.1263618714964007,0.35522005211883734,0.14111682231008393,0.22290539153463024,0.00011198718669146929,0.0004322278956067598,665.3706292092671
GAAATGTTGGATGATAAAGAAGAACAAGAGAAAGATAGAGATAATGAGAATCAAGGTGAACCAGATTCTACTGACTTCTGGGAAGGTTCTCAATTTATCTTAAATTCTCAACAATTGGTT,0.19420979609424224,0.26867370894939685,0.0906241107766762,0.10788024747828202,0.09568779358537643,0.13351031087003762,0.022514939505265973,0.08689909274072266,1041.2710870492633
GAAATGTTGGATGATAAAGAAGAACAAGAGAAAGATAGAGATAATGAGAATCAAGGTGAACCATGGGAAGATACATTTGATTCTGGTTCTCAATTTATCTTAAATTCTCAACAATTGGTT,0.13288177078366603,0.15597806800654332,0.1240132326780901,0.22144070905472585,0.25097323043052655,0.1015001238813772,0.0,0.013212865165071055,621.5673627844902
GAAATGTTGGATGATAAAGAAGAACAAGAGAAAGATAGAGATAATGAGAATCAAGGTGAACCATGGTTTGATGAAGGTTCTACTGATTCTCAATTTATCTTAAATTCTCAACAATTGGTT,0.18392656685691516,0.18505286133613383,0.10841134465920128,0.07528174910019458,0.02861722526477082,0.07098445658049321,0.11671424228782828,0.23101155391446296,2033.0495766209096
GAAATGTTGGATGATAAAGAAGAACAAGAGAAAGATAGAGATAATGAGAATCAAGGTGAACCATTTGATACTTGGGAAGATTCTGGTTCTCAATTTATCTTAAATTCTCAACAATTGGTT,0.15919804228118342,0.237055905218521,0.28526045661742544,0.14856544435539368,0.06274991155072651,0.0700424569052678,0.029529585950058144,0.007598197121424096,514.677752939458
GAAATGTTGGATGATAAAGAAGAACAAGAGAAAGATAGAGATAATGAGAATCAAGGTGAAGAACCAACTGATTGGTTTGATTCTGGTTCTCAATTTATCTTAAATTCTCAACAATTGGTT,0.027151045127170103,0.039024725037279336,0.02413236437424802,0.04740039864358019,0.053509630389502634,0.07821564010337312,0.24461724092435216,0.48594895540049443,3915.5301218152463
GAAATGTTGGATGATAAAGAAGAACAAGAGAAAGATAGAGATAATGAGAATCAAGGTGAAGAACCAGATACTTGGTTTGATTCTGGTTCTCAATTTATCTTAAATTCTCAACAATTGGTT,0.031101233602816972,0.02190417978949998,0.01935035682027941,0.07601531395369922,0.14710731084857712,0.25941878386074824,0.33748394423404715,0.1076188768903318,2079.7465137143176
GAAATGTTGGATGATAAAGAAGAACAAGAGAAAGATAGAGATAATGAGAATCAAGGTGAAGAAGACTTCTCTCCAGATTCTACTGGTTGGCAATTTATCTTAAATTCTCAACAATTGGTT,0.07370348307009891,0.13752347401909257,0.2134404119939433,0.24713497286940045,0.18487098802739438,0.1019496705094056,0.028585302854609567,0.012791696656055182,671.2978980624531
GAAATGTTGGATGATAAAGAAGAACAAGAGAAAGATAGAGATAATGAGAATCAAGGTGAAGAAGACTTCTGGACTCCAGATTCTGGTTCTCAATTTATCTTAAATTCTCAACAATTGGTT,0.07231324703518589,0.10047266136240793,0.13283166613365674,0.1759775216964249,0.16966176330342925,0.1073148682160696,0.11816529166624083,0.12326298058658482,1531.2363914376374
GAAATGTTGGATGATAAAGAAGAACAAGAGAAAGATAGAGATAATGAGAATCAAGGTGAAGAAGACTTTGATACTTCTTGGCCAGGTTCTCAATTTATCTTAAATTCTCAACAATTGGTT,0.044666302382558136,0.08987964275576962,0.11116072114473452,0.14886823997174287,0.2640867767883482,0.1637654958418715,0.12427703849655962,0.05329578261841558,1225.755163090651
GAAATGTTGGATGATAAAGAAGAACAAGAGAAAGATAGAGATAATGAGAATCAAGGTGAAGAAGACTTTGGTTGGTCTTCTACTGATCCACAATTTATCTTAAATTCTCAACAATTGGTT,0.24362153694639196,0.1634089200759072,0.06736658357843808,0.24058245579206403,0.05334805237336987,0.12405823128534972,0.07531544788971373,0.03229877205876538,823.9507747868547
GAAATGTTGGATGATAAAGAAGAACAAGAGAAAGATAGAGATAATGAGAATCAAGGTGAAGAAGATACATTTCCATGGGATTCTGGTTCTCAATTTATCTTAAATTCTCAACAATTGGTT,0.3721012876812084,0.2786082907354807,0.09691178325028321,0.10575141812060157,0.05116339698215549,0.07138675457241031,0.024077068657860346,0.0,402.994779369954
GAAATGTTGGATGATAAAGAAGAACAAGAGAAAGATAGAGATAATGAGAATCAAGGTGAAGAAGATACTCCATGGTTTGATTCTGGTTCTCAATTTATCTTAAATTCTCAACAATTGGTT,0.02555626260131224,0.06484964683267583,0.14736479100003458,0.24337871084225152,0.28851792203533516,0.2030966259921193,0.022288570761919084,0.004947469934352476,775.5669909371986
GAAATGTTGGATGATAAAGAAGAACAAGAGAAAGATAGAGATAATGAGAATCAAGGTGAAGAAGATACTGATTGGTCTCCATTTGGTTCTCAATTTATCTTAAATTCTCAACAATTGGTT,0.19798006567320545,0.2720154529361511,0.21059448911687068,0.17028320249312795,0.0744701575073804,0.04390393482632192,0.01678212997300767,0.0139705674739348,495.3103022866905
GAAATGTTGGATGATAAAGAAGAACAAGAGAAAGATAGAGATAATGAGAATCAAGGTGAAGAAGATACTTCTGACTTTCAATCTCCAGGATTCTGGATCTTAAATTCTCAACAATTGGTT,0.18632941498071456,0.10415023531312452,0.19321530843630658,0.1725047157323333,0.11220623867098463,0.13283709284552742,0.08640543557970945,0.012351558441299646,769.9053270314614
GAAATGTTGGATGATAAAGAAGAACAAGAGAAAGATAGAGATAATGAGAATCAAGGTGAAGAAGATACTTCTTCTCAACCAGGTTGGTTTGACTTTATCTTAAATTCTCAACAATTGGTT,0.15338885093520133,0.14029831305992072,0.15616545704078746,0.12393440707065566,0.10992753760868335,0.12781549914739254,0.15519295198383184,0.03327698315352711,1040.6425807978135
GAAATGTTGGATGATAAAGAAGAACAAGAGAAAGATAGAGATAATGAGAATCAAGGTGAAGAAGATACTTGGCCATTTGATTCTGGTTCTCAATTTATCTTAAATTCTCAACAATTGGTT,0.2730463450594659,0.20965349614775022,0.16541156000719923,0.09579322937452309,0.0708056925273499,0.07244824467247717,0.06997319575907321,0.04286823645216125,798.2205267843656
GAAATGTTGGATGATAAAGAAGAACAAGAGAAAGATAGAGATAATGAGAATCAAGGTGAAGAAGATACTTGGTTTGGTCCAGACTTCTCTTCTCAAATCTTAAATTCTCAACAATTGGTT,0.12427392872839983,0.12503493374376828,0.11597987856668329,0.13806411886465728,0.061230165930643565,0.08543261561079132,0.20170084419744957,0.14828351435760684,1782.3431674952158
GAAATGTTGGATGATAAAGAAGAACAAGAGAAAGATAGAGATAATGAGAATCAAGGTGAAGAAGATCAAACTCCATTCTCTTCTGGTGACTTCTGGATCTTAAATTCTCAACAATTGGTT,0.050073735923227794,0.08396727988360633,0.0830787760008027,0.1298038510428526,0.09868596545450001,0.07649642790635862,0.1393223811923949,0.33857158259625714,2811.7499451592284
GAAATGTTGGATGATAAAGAAGAACAAGAGAAAGATAGAGATAATGAGAATCAAGGTGAAGAAGATCCAACATTCTCTCAATGGTCATTTGATGGTATCTTAAATTCTCAACAATTGGTT,0.042757782423879065,0.1290588431645461,0.1596165008717195,0.14250733718722128,0.21066897453304492,0.15676805704158175,0.15862250477800738,0.0,946.9539741408063
GAAATGTTGGATGATAAAGAAGAACAAGAGAAAGATAGAGATAATGAGAATCAAGGTGAAGAAGATCCAACATTCTCTGATTGGGGTTCTCAATTTATCTTAAATTCTCAACAATTGGTT,0.002883497798452006,0.019905148267489018,0.12458578546696002,0.3101135219377595,0.1966892232713278,0.3355179309322128,0.009731461261627479,0.0005734310641713513,835.3077808186349
GAAATGTTGGATGATAAAGAAGAACAAGAGAAAGATAGAGATAATGAGAATCAAGGTGAAGAAGATCCAACATTCTCTTGGGATGGTTCTCAATTTATCTTAAATTCTCAACAATTGGTT,0.010428216673173403,0.00018904639640116214,0.11795587914811391,0.23264725534806494,0.34697809118163325,0.2349166747893615,0.05654854087934182,0.00033629558390999703,891.3723361171778
GAAATGTTGGATGATAAAGAAGAACAAGAGAAAGATAGAGATAATGAGAATCAAGGTGAAGAAGATCCAACATTCTGGGGTGATTCTTCTCAATTTATCTTAAATTCTCAACAATTGGTT,0.06764419200048248,0.08507302327481478,0.021043204728546032,0.1878760062633325,0.21663532671971966,0.15500757916032978,0.12547296141823092,0.1412477064345439,1730.4247076481822
GAAATGTTGGATGATAAAGAAGAACAAGAGAAAGATAGAGATAATGAGAATCAAGGTGAAGAAGATCCAACATTCTTCTGGCAAGATTCTGGTTCTATCTTAAATTCTCAACAATTGGTT,0.0037058335416421443,0.0070427725030588395,0.025106191469889856,0.08737306344481832,0.24710190577937588,0.3525110101444009,0.2466979584451071,0.03046126467170689,1558.3809923302022
GAAATGTTGGATGATAAAGAAGAACAAGAGAAAGATAGAGATAATGAGAATCAAGGTGAAGAAGATCCAACATTCTTTGGTCAATCTGATTGGTCTATCTTAAATTCTCAACAATTGGTT,0.262577713536853,0.1981392276960808,0.1633688397983998,0.07292873296898786,0.0,0.12034007506959896,0.18264541093007952,0.0,812.1557746633423
GAAATGTTGGATGATAAAGAAGAACAAGAGAAAGATAGAGATAATGAGAATCAAGGTGAAGAAGATCCAACTCAAGATTCATTCTGGTTCTCTGGTATCTTAAATTCTCAACAATTGGTT,0.30259323855820563,0.23594580608513627,0.24474505982512962,0.10925551736482776,0.04472659968826346,0.034669824557041845,0.02806395392139541,0.0,388.61804917915947
GAAATGTTGGATGATAAAGAAGAACAAGAGAAAGATAGAGATAATGAGAATCAAGGTGAAGAAGATCCAACTCAAGGTGACTTCTTGATTTCATTCTCTTGGAACTCTCAACAATTGGTT,0.008297055893095371,0.025300021436261925,0.07521241794534621,0.17460393694655127,0.32608871478337637,0.300777729633651,0.0791383728619686,0.010581750499749248,1052.1370034032086
GAAATGTTGGATGATAAAGAAGAACAAGAGAAAGATAGAGATAATGAGAATCAAGGTGAAGAAGATCCAACTCAATCTGACTTCTTGATTGGTTCTTGGTTTAATTCTCAACAATTGGTT,0.037748548299609726,0.0956197616719878,0.20065117464148075,0.21932409271234712,0.23427181812198017,0.1852194375432573,0.026922573511517816,0.00024259349781934772,706.2819682335492
GAAATGTTGGATGATAAAGAAGAACAAGAGAAAGATAGAGATAATGAGAATCAAGGTGAAGAAGATCCAACTGACTTCTCTTGGGGTTCTCAATTTATCTTAAATTCTCAACAATTGGTT,0.3032557314385929,0.2384789319163605,0.20819599007936093,0.12004726118464557,0.03778312317461836,0.051120154668126576,0.016164021092532288,0.024954786445762957,527.2728581810516
GAAATGTTGGATGATAAAGAAGAACAAGAGAAAGATAGAGATAATGAGAATCAAGGTGAAGAAGATCCAACTGACTTCTGGTCTGGTTCTCAATTTATCTTAAATTCTCAACAATTGGTT,0.10421249117092155,0.20970129555180744,0.0810477855573268,0.18813688126356554,0.08985520402816655,0.08358151563248475,0.07248876158443973,0.17097606521128775,1641.1297036501007
GAAATGTTGGATGATAAAGAAGAACAAGAGAAAGATAGAGATAATGAGAATCAAGGTGAAGAAGATCCAACTGATCAATCTTTGATCTTCTCTTGGGGTTTTAATTCTCAACAATTGGTT,0.04217134699330769,0.08485917571202843,0.05247577136865783,0.04685093586034013,0.20777958823224088,0.34789035940200913,0.1173352132184915,0.10063760921292442,1645.9126887697935
GAAATGTTGGATGATAAAGAAGAACAAGAGAAAGATAGAGATAATGAGAATCAAGGTGAAGAAGATCCAACTGATTCTGGTTGGCAATTGTTTATCTTCTCTAATTCTCAACAATTGGTT,0.10655619559008303,0.2090569730453143,0.11933355372139011,0.10062327065387112,0.07875087241159885,0.1611554740586077,0.1482380196593885,0.07628564085974637,1303.3116626853757
GAAATGTTGGATGATAAAGAAGAACAAGAGAAAGATAGAGATAATGAGAATCAAGGTGAAGAAGATCCAACTGATTCTTGGTCTGGATTTCAATTTATCTTAAATTCTCAACAATTGGTT,0.12406825996344922,0.2318234388666984,0.11027422490343557,0.13783562784404313,0.08732690323729261,0.11372163704716326,0.13150500358877715,0.06344490454914069,1143.1937150232486
GAAATGTTGGATGATAAAGAAGAACAAGAGAAAGATAGAGATAATGAGAATCAAGGTGAAGAAGATCCAACTGATTCTTGGTTCTCATTTCAAGGTATCTTAAATTCTCAACAATTGGTT,0.07770089865823215,0.1954417715560461,0.04834342372056198,0.08632306243159185,0.1914174182181637,0.07122106329252201,0.14412710938193624,0.18542525274094598,1913.370989529317
GAAATGTTGGATGATAAAGAAGAACAAGAGAAAGATAGAGATAATGAGAATCAAGGTGAAGAAGATCCAACTGATTGGTCATTTGGTTCTCAATTTATCTTAAATTCTCAACAATTGGTT,0.20018454222071094,0.20657476327481722,0.0958072885800555,0.11975289588325144,0.10621861416135969,0.10821218833237392,0.11425278971204705,0.04899691783538418,1005.3817303797006
GAAATGTTGGATGATAAAGAAGAACAAGAGAAAGATAGAGATAATGAGAATCAAGGTGAAGAAGATCCAACTGATTGGTCTTCTGGATTTCAATTTATCTTAAATTCTCAACAATTGGTT,0.0009909402412664127,0.010602800575503515,0.017998124661630588,0.1465256876304838,0.4063466767626584,0.34927673690592487,0.06086910322087773,0.007389930001654626,1075.8758182766805
GAAATGTTGGATGATAAAGAAGAACAAGAGAAAGATAGAGATAATGAGAATCAAGGTGAAGAAGATCCAACTGCATTTGATTCTGGTTCTCAAGCTATCTTAAATTCTCAACAATTGGTT,0.5554489352634832,0.29103633579933785,0.08274524887365672,0.0008716914754373216,0.020360256357702132,0.0023373716592461455,0.014432692262413322,0.032767468308723374,442.5809287522466
GAAATGTTGGATGATAAAGAAGAACAAGAGAAAGATAGAGATAATGAGAATCAAGGTGAAGAAGATCCAACTGCATTTGATTCTGGTTCTCAATTTATCTTAAATTCTCAACAAGCTGTT,0.12028188551819011,0.08067896321311852,0.04989078425884186,0.15590061000136146,0.23705309340707717,0.20212688060461773,0.1301477475279746,0.023920035468818622,1077.5528064838797
GAAATGTTGGATGATAAAGAAGAACAAGAGAAAGATAGAGATAATGAGAATCAAGGTGAAGAAGATCCAACTGCATTTGATTCTGGTTCTCAATTTATCTTAAATTCTCAACAATTGGTT,0.11021858628838907,0.07392901458314846,0.1257209440713471,0.1122450177169972,0.07240673777284674,0.07577021352660367,0.2214810518185024,0.2082284342221653,2186.766308525116
GAAATGTTGGATGATAAAGAAGAACAAGAGAAAGATAGAGATAATGAGAATCAAGGTGAAGAAGATCCAACTGCATTTGATTCTGGTTCTCAATTTATTGCTAATTCTCAACAATTGGTT,0.12161278404755851,0.0978859946015805,0.06053138072348865,0.18915074836379403,0.2396760454171702,0.1783534953010653,0.11278955154534276,0.0,873.963442110611
GAAATGTTGGATGATAAAGAAGAACAAGAGAAAGATAGAGATAATGAGAATCAAGGTGAAGAAGATCCAACTGCTGCTGATTCTGGTTCTCAAGCTATCTTAAATTCTCAACAATTGGTT,0.22467318707421044,0.24366320557778945,0.22510936791005356,0.1555974787790227,0.0833823100180044,0.04011753048707144,0.013530696859755163,0.013926223294092792,483.24079996263663
GAAATGTTGGATGATAAAGAAGAACAAGAGAAAGATAGAGATAATGAGAATCAAGGTGAAGAAGATCCAACTGCTGCTGATTCTGGTTCTCAATTTATCTTAAATTCTCAACAATTGGTT,0.4311560281035659,0.3686659509323818,0.10200669335543204,0.05018519053718553,0.0011923216115823244,0.04445537251312303,0.0014962576632316948,0.0008421852834975785,279.1207143929821
GAAATGTTGGATGATAAAGAAGAACAAGAGAAAGATAGAGATAATGAGAATCAAGGTGAAGAAGATCCAACTGCTGCTGCTGCTGCTGCTGCTGCTATCTTAAATTCTCAACAATTGGTT,0.5606743535030637,0.17238382169327288,0.17954480058733324,0.0013975548262214446,0.06458344153719012,0.0016142786539431653,0.017850448269401464,0.001951300929573959,293.8091779686535
GAAATGTTGGATGATAAAGAAGAACAAGAGAAAGATAGAGATAATGAGAATCAAGGTGAAGAAGATCCAACTGCTGCTGCTGCTGGTTCTCAATTTATCTTAAATTCTCAACAATTGGTT,0.12980901826161276,0.28732861960889705,0.2261383709406825,0.1153707324479564,0.07674878689791784,0.04759345884126902,0.02407822676034271,0.09293278624132166,995.2838864583982
GAAATGTTGGATGATAAAGAAGAACAAGAGAAAGATAGAGATAATGAGAATCAAGGTGAAGAAGATCCAACTGCTGCTGCTGCTGGTTCTCAATTTATCTTAAATTCTGCTGCTGCTGCT,0.5420885869681984,0.26369559762715444,0.12163744972686821,0.050801703133839825,0.001963353531293866,0.014114153286310452,0.002030381888983186,0.0036687738373517137,255.80042137133137
GAAATGTTGGATGATAAAGAAGAACAAGAGAAAGATAGAGATAATGAGAATCAAGGTGAAGAAGATCCAACTGCTGCTGCTGCTGGTTCTCAATTTGCTGCTGCTGCTCAACAATTGGTT,0.0366329817669836,0.12900057745246557,0.20512856495375342,0.020348999990566122,0.16244269554927546,0.21825692787961345,0.11891316905283952,0.10927608335450277,1540.2966516329145
GAAATGTTGGATGATAAAGAAGAACAAGAGAAAGATAGAGATAATGAGAATCAAGGTGAAGAAGATCCAACTGGATTCTTCTCTATTCAATCTTTGTGGGATAATTCTCAACAATTGGTT,0.00015364246969147948,8.097221323946127e-05,0.004315306869734584,0.024465791923090133,0.16661961485881607,0.35668093052786837,0.37372478478066223,0.07395895635689766,2067.9483043705764
GAAATGTTGGATGATAAAGAAGAACAAGAGAAAGATAGAGATAATGAGAATCAAGGTGAAGAAGATCCAACTGGATTCTTCTGGGATTCTTCTCAAATCTTAAATTCTCAACAATTGGTT,0.010347711812125801,0.025220930460538575,0.10935216139807986,0.16940628561988513,0.32749850388026297,0.3152023074905331,0.041787527989384926,0.0011845713491896342,925.4253068643424
GAAATGTTGGATGATAAAGAAGAACAAGAGAAAGATAGAGATAATGAGAATCAAGGTGAAGAAGATCCAACTGGTTCATTCTGGTCTGATCAATTTATCTTAAATTCTCAACAATTGGTT,0.4080939164564097,0.290880888392996,0.14759322036261746,0.09274434647931647,0.024311788023894824,0.017579448827848728,0.009872295062286603,0.008924096394630111,347.33314293115063
GAAATGTTGGATGATAAAGAAGAACAAGAGAAAGATAGAGATAATGAGAATCAAGGTGAAGAAGATCCAACTGGTTCTGATTCATTCTGGCAATTTATCTTAAATTCTCAACAATTGGTT,0.17287344943497643,0.23190941191855757,0.07170482847592123,0.12803769176449173,0.11356707559625485,0.052818912421079695,0.16033116081153417,0.06875746957718427,1178.6212077206876
GAAATGTTGGATGATAAAGAAGAACAAGAGAAAGATAGAGATAATGAGAATCAAGGTGAAGAAGATCCAACTTCATTCTGGGATGGTTCTCAATTTATCTTAAATTCTCAACAATTGGTT,0.0035229258237944893,0.003544498845973082,0.005844987596515632,0.033920042659736326,0.13076035523793084,0.40041247138842917,0.35613908301392816,0.06585563543369227,2009.0618891584043
GAAATGTTGGATGATAAAGAAGAACAAGAGAAAGATAGAGATAATGAGAATCAAGGTGAAGAAGATCCAACTTCATTTCAATTTGGTTCTTGGGATATCTTAAATTCTCAACAATTGGTT,0.34263952436018574,0.06894754300397621,0.08527246400284119,0.3045287101038345,0.1350556799524534,0.0,0.06355607857670906,0.0,511.21905412755564
GAAATGTTGGATGATAAAGAAGAACAAGAGAAAGATAGAGATAATGAGAATCAAGGTGAAGAAGATCCAACTTCTGACTTCTCTGGTTGGCAATTTATCTTAAATTCTCAACAATTGGTT,0.2777627164305899,0.2551971154280135,0.2582737246805012,0.18341494672207212,0.0005579070004255072,0.0005189539457605602,0.02373419361384919,0.0005404421787882327,341.20850488331354
GAAATGTTGGATGATAAAGAAGAACAAGAGAAAGATAGAGATAATGAGAATCAAGGTGAAGAAGATCCAACTTCTGATTGGTTTGGTTCTCAATTTATCTTAAATTCTCAACAATTGGTT,0.010136844658123579,0.016318269978822433,0.010090998378851091,0.018018704841629877,0.051942343358116747,0.059465513934563,0.4324642998129415,0.4015630250369518,3812.4923989346635
GAAATGTTGGATGATAAAGAAGAACAAGAGAAAGATAGAGATAATGAGAATCAAGGTGAAGAAGATCCAACTTCTTCTGACTTTGGTTGGCAATTTATCTTAAATTCTCAACAATTGGTT,0.008356386360465038,0.0001949578575696404,0.005364889446727755,0.02591352543105296,0.15919911689015395,0.428222049085693,0.3392528630736817,0.033496211854655844,1815.4704781176122
GAAATGTTGGATGATAAAGAAGAACAAGAGAAAGATAGAGATAATGAGAATCAAGGTGAAGAAGATCCAACTTCTTGGTCTGGATTTGATCAATTTATCTTAAATTCTCAACAATTGGTT,0.004178051053960678,0.009294705840469994,0.024377268582018146,0.048634418021754555,0.250775825242833,0.41964170489236274,0.23550937427711438,0.007588652089486367,1460.0468258639914
GAAATGTTGGATGATAAAGAAGAACAAGAGAAAGATAGAGATAATGAGAATCAAGGTGAAGAAGATCCAACTTCTTGGTTTGATGGTTCTCAATTTATCTTAAATTCTCAACAATTGGTT,0.009247094171148735,0.004407025151946365,0.004239269999562533,0.017302244917028007,0.051315771318381595,0.12044751799201493,0.440545872109293,0.3524952043406249,3598.9730909595914
GAAATGTTGGATGATAAAGAAGAACAAGAGAAAGATAGAGATAATGAGAATCAAGGTGAAGAAGATCCAACTTGGGATCAATTCTTCTCTGGTTCTATCTTAAATTCTCAACAATTGGTT,0.0368336661422772,0.055588831697415,0.057292308076451345,0.13299309892027678,0.344813258446484,0.17725017075485627,0.1622662486748505,0.03296241728738891,1241.2322138460981
GAAATGTTGGATGATAAAGAAGAACAAGAGAAAGATAGAGATAATGAGAATCAAGGTGAAGAAGATCCAACTTGGGATTCTTCTGGATTTCAATTTATCTTAAATTCTCAACAATTGGTT,0.20429276347419456,0.18270557563492013,0.07061416704756895,0.15130821976953576,0.10065570416859324,0.1144341306624297,0.09473547274109861,0.08125396650165911,1165.8659153884967
GAAATGTTGGATGATAAAGAAGAACAAGAGAAAGATAGAGATAATGAGAATCAAGGTGAAGAAGATCCAACTTGGGCTGATTCTGGTTCTCAAGCTATCTTAAATTCTCAACAATTGGTT,0.029586071101542204,0.05209267813531459,0.1288536422784212,0.21775792858585563,0.29518734332873386,0.1949160338490387,0.046304235394013876,0.03530206732707999,1003.859834932738
GAAATGTTGGATGATAAAGAAGAACAAGAGAAAGATAGAGATAATGAGAATCAAGGTGAAGAAGATCCAACTTGGGCTGATTCTGGTTCTCAAGCTATTGCTAATTCTCAACAATTGGTT,0.47927478863358897,0.3064531279673399,0.11462243996866292,0.03700403295348335,0.038454843058495135,0.012975365585964108,0.009872731500252007,0.0013426703322137713,280.08131823810686
GAAATGTTGGATGATAAAGAAGAACAAGAGAAAGATAGAGATAATGAGAATCAAGGTGAAGAAGATCCAACTTGGGCTGATTCTGGTTCTCAATTTATCTTAAATTCTCAACAAGCTGTT,0.05514298396112957,0.05548065806370433,0.10292547518303152,0.030630992236513454,0.054338252478199504,0.025272178434567215,0.05114225844394436,0.6250672011989099,4252.813560371248
GAAATGTTGGATGATAAAGAAGAACAAGAGAAAGATAGAGATAATGAGAATCAAGGTGAAGAAGATCCAACTTGGGCTGATTCTGGTTCTCAATTTATCTTAAATTCTCAACAATTGGTT,0.1239645580265802,0.15169094826879892,0.2334668358920907,0.2531077961809744,0.11445197748912422,0.09520065086613783,0.022786985579780365,0.005330247696513352,565.1948419897772
GAAATGTTGGATGATAAAGAAGAACAAGAGAAAGATAGAGATAATGAGAATCAAGGTGAAGAAGATCCAACTTGGGCTGATTCTGGTTCTCAATTTATTGCTAATTCTCAACAATTGGTT,0.2875149973619393,0.28652062097141484,0.20443903052427229,0.08517850885770213,0.01888794233422293,0.0401581408234382,0.03809360747366802,0.03920715165334227,636.1043566334438
GAAATGTTGGATGATAAAGAAGAACAAGAGAAAGATAGAGATAATGAGAATCAAGGTGAAGAAGATCCAACTTGGGGTTCTTCATTTGATCAATTTATCTTAAATTCTCAACAATTGGTT,0.033449158575304054,0.03365398816181606,0.0,0.1486435217013683,0.428493219131601,0.27593711437066454,0.0,0.07982299805924599,1300.9781540384413
GAAATGTTGGATGATAAAGAAGAACAAGAGAAAGATAGAGATAATGAGAATCAAGGTGAAGAAGATCCAACTTGGTCTGATTCTGGATTTCAATTTATCTTAAATTCTCAACAATTGGTT,0.03539653129604956,0.017806642916364832,0.04404555263150131,0.0983108636352611,0.13951988204142388,0.2920018655349404,0.2462133559236368,0.1267053060208221,2021.659914979496
GAAATGTTGGATGATAAAGAAGAACAAGAGAAAGATAGAGATAATGAGAATCAAGGTGAAGAAGATCCAACTTGGTTCTCTAATGATTTGTCATTTGGTCAAATTTCTCAACAATTGGTT,0.026387459290722514,0.016379674448236133,0.06307804113514678,0.3355004360955901,0.334989632958384,0.19674830853304395,0.026548196226000565,0.00036825131287596043,790.1306403791049
GAAATGTTGGATGATAAAGAAGAACAAGAGAAAGATAGAGATAATGAGAATCAAGGTGAAGAAGATCCAACTTGGTTCTCTATCTTGTTTGATTCTCAAGGTAATTCTCAACAATTGGTT,0.11333460670134837,0.1710429353700082,0.2216146902301957,0.21584726263807438,0.11965784281686133,0.1113033348275729,0.03753998974381178,0.009659337672127405,638.0730163098415
GAAATGTTGGATGATAAAGAAGAACAAGAGAAAGATAGAGATAATGAGAATCAAGGTGAAGAAGATCCAACTTGGTTCTCTCAATCTGGTGACTTTATCTTAAATTCTCAACAATTGGTT,0.13926504541504622,0.10508838763166416,0.17329398285536032,0.2707577966358401,0.2058490125729774,0.03191277316356403,0.032290277172180644,0.04154272455336714,784.4263233673153
GAAATGTTGGATGATAAAGAAGAACAAGAGAAAGATAGAGATAATGAGAATCAAGGTGAAGAAGATCCAACTTGGTTCTCTGACTTCTCTGGTCAAATCTTAAATTCTCAACAATTGGTT,0.10374292656411084,0.0,0.12909215577955488,0.17288230795155018,0.10222894975073617,0.2377283167429362,0.1924323705736658,0.06189297263744581,1437.2075462091125
GAAATGTTGGATGATAAAGAAGAACAAGAGAAAGATAGAGATAATGAGAATCAAGGTGAAGAAGATCCAACTTGGTTCTCTGATGGTTCTCAATTTATCTTAAATTCTCAACAATTGGTT,0.1300033635057661,0.26159890668517677,0.10784616043633778,0.1925724353774676,0.08540410259228395,0.11916178500342166,0.0,0.10341324639954605,1095.8972630661672
GAAATGTTGGATGATAAAGAAGAACAAGAGAAAGATAGAGATAATGAGAATCAAGGTGAAGAAGATCCAACTTGGTTCTCTGATTCTGGTCAATTTATCTTAAATTCTCAACAATTGGTT,0.08835389135765973,0.06667120206716666,0.06871428904013246,0.06134885995084058,0.032649185656656865,0.11135527414912967,0.21510208927953292,0.35580520849888125,3077.6993599055927
GAAATGTTGGATGATAAAGAAGAACAAGAGAAAGATAGAGATAATGAGAATCAAGGTGAAGAAGATCCAACTTGGTTCTCTGGTCAATCTGACTTTATCTTAAATTCTCAACAATTGGTT,0.16920855289909714,0.14417886841343758,0.1776431717763519,0.2349154471237439,0.09198484786777167,0.13897700836304902,0.04002507201027477,0.0030670315462741076,615.3258788988801
GAAATGTTGGATGATAAAGAAGAACAAGAGAAAGATAGAGATAATGAGAATCAAGGTGAAGAAGATCCAACTTGGTTCTCTGGTGATTCTCAATTTATCTTAAATTCTCAACAATTGGTT,0.26358752769185645,0.26520163479070313,0.05466570639769014,0.14641840057227187,0.08658028396335811,0.06711270867962181,0.08148792161434765,0.034945816290150714,782.2462847578977
GAAATGTTGGATGATAAAGAAGAACAAGAGAAAGATAGAGATAATGAGAATCAAGGTGAAGAAGATCCAACTTGGTTCTCTGGTTCTGATCAATTTATCTTAAATTCTCAACAATTGGTT,0.03166595009049199,0.01592993000225849,0.05910512500526793,0.10553938888045046,0.1716210743520279,0.23220144678456256,0.3083695316107086,0.07556755327423198,1808.5154325403148
GAAATGTTGGATGATAAAGAAGAACAAGAGAAAGATAGAGATAATGAGAATCAAGGTGAAGAAGATCCAACTTGGTTCTCTTCATTTGGTGATCAAATCTTAAATTCTCAACAATTGGTT,0.3216265608860943,0.18061176355100875,0.17683914663155134,0.16619358049675634,0.04422319395120886,0.041135531509034505,0.06937022297434586,0.0,498.8014041999013
GAAATGTTGGATGATAAAGAAGAACAAGAGAAAGATAGAGATAATGAGAATCAAGGTGAAGAAGATCCAACTTGGTTCTCTTCTGATGGTCAATTTATCTTAAATTCTCAACAATTGGTT,0.12853276690897936,0.17242646851527207,0.10662620587333788,0.1903940581381089,0.12665701850565253,0.23562765644326397,0.039735825615385204,0.0,709.5616909756887
GAAATGTTGGATGATAAAGAAGAACAAGAGAAAGATAGAGATAATGAGAATCAAGGTGAAGAAGATCCAACTTGGTTCTCTTCTGGTGATCAATTTATCTTAAATTCTCAACAATTGGTT,0.0631327105481326,0.07410586238608799,0.0654658103350995,0.24548404881809405,0.15552845162567291,0.0964463056717523,0.13662206969531543,0.16321474091984525,1810.9417960010937
GAAATGTTGGATGATAAAGAAGAACAAGAGAAAGATAGAGATAATGAGAATCAAGGTGAAGAAGATCCAACTTGGTTCTCTTTGCAAATTAATGATTCTTCATTTGGTCAACAATTGGTT,0.20156164655560221,0.18831050770728755,0.1731800908551187,0.2079332834521432,0.12768438091471876,0.08797737793302787,0.013352712582101545,0.0,485.5064308074535
GAAATGTTGGATGATAAAGAAGAACAAGAGAAAGATAGAGATAATGAGAATCAAGGTGAAGAAGATCCAACTTGGTTCTTCTCTCAAGATTCTGGTATCTTAAATTCTCAACAATTGGTT,0.14919045688469534,0.16886704611324607,0.18564463466413034,0.15883947234614182,0.0551299648513738,0.0227914630673739,0.1037748098934797,0.15576215217955905,1533.0038528489388
GAAATGTTGGATGATAAAGAAGAACAAGAGAAAGATAGAGATAATGAGAATCAAGGTGAAGAAGATCCAACTTGGTTCTTCTCTGATAATATTTCTTTGCAAGGTTCTCAACAATTGGTT,0.07318726517295426,0.055226576556057054,0.09107032305424706,0.1829442796942397,0.07211920370432312,0.06708384246643873,0.15272413574985466,0.3056443736018853,2628.5895094318957
GAAATGTTGGATGATAAAGAAGAACAAGAGAAAGATAGAGATAATGAGAATCAAGGTGAAGAAGATCCAACTTGGTTCTTGATCTTTGGTGATTCTTCTCAAAATTCTCAACAATTGGTT,0.10234770490642757,0.1663433298505778,0.1469492497877088,0.2274096560769095,0.18619216489788,0.11546148798964839,0.03650853443922564,0.018787872051622214,728.8844131330748
GAAATGTTGGATGATAAAGAAGAACAAGAGAAAGATAGAGATAATGAGAATCAAGGTGAAGAAGATCCAACTTGGTTCTTGCAAATTTCTGATTCTAATGGATTCTCTCAACAATTGGTT,0.0017915171196262265,0.0028742370969181163,0.040126827586851856,0.0781601978910926,0.20378124624616342,0.46689302913951325,0.19314270977331446,0.01323023514652012,1431.6829585962591
GAAATGTTGGATGATAAAGAAGAACAAGAGAAAGATAGAGATAATGAGAATCAAGGTGAAGAAGATCCAACTTGGTTCTTGTCTAATGACTTCTCTGGTTCTCAAATTCAACAATTGGTT,0.30618948903231075,0.1540322369539938,0.12700194774819906,0.11338871164537069,0.05028684994914503,0.09355164635351262,0.09465829168734582,0.06089082663012223,977.0780161141969
GAAATGTTGGATGATAAAGAAGAACAAGAGAAAGATAGAGATAATGAGAATCAAGGTGAAGAAGATCCAACTTGGTTCTTGTTCTCTCAAGATGGTATTTCTAATTCTCAACAATTGGTT,0.06764223114707595,0.08847337948662809,0.05891926525306888,0.09769269128283557,0.15997221928430086,0.1364027155376841,0.15683665529812935,0.23406084271027727,2302.168937174182
GAAATGTTGGATGATAAAGAAGAACAAGAGAAAGATAGAGATAATGAGAATCAAGGTGAAGAAGATCCAACTTGGTTCTTTATTGGTTTGTCTGATCAATCTAATTCTCAACAATTGGTT,0.06299562308218934,0.10885063719057762,0.18233820706223625,0.2677725222682679,0.22671342074747225,0.12301583853406482,0.01524134975662691,0.013072401358564979,691.0130890434176
GAAATGTTGGATGATAAAGAAGAACAAGAGAAAGATAGAGATAATGAGAATCAAGGTGAAGAAGATCCAACTTGGTTTATTCAAGATTCTTCATTCTTGGGTAATTCTCAACAATTGGTT,0.011899015807511144,0.05013225057450744,0.09689003185667394,0.26382623321520215,0.2567562241887743,0.2729538545180758,0.044294621928598996,0.0032477679106560986,880.1268790616703
GAAATGTTGGATGATAAAGAAGAACAAGAGAAAGATAGAGATAATGAGAATCAAGGTGAAGAAGATCCAACTTGGTTTATTTCTGATCAATCTTTGGGATTTAATTCTCAACAATTGGTT,0.08113556298879453,0.12244860824435633,0.15144114037700687,0.09013885798297681,0.03997575384888244,0.11155394274749075,0.11287354165380728,0.290432592156685,2456.5591694218683
GAAATGTTGGATGATAAAGAAGAACAAGAGAAAGATAGAGATAATGAGAATCAAGGTGAAGAAGATCCAACTTGGTTTATTTCTGATGGATTCTCTCAATTGTCTAATCAACAATTGGTT,0.027500351378139238,0.08300625837646504,0.11976988856843959,0.1374838084828821,0.2709902383008294,0.2646731910293831,0.06376287500470933,0.03281338885915215,1074.906789625175
GAAATGTTGGATGATAAAGAAGAACAAGAGAAAGATAGAGATAATGAGAATCAAGGTGAAGAAGATCCAACTTGGTTTCAAGATTCTTCATTTGGTATCTTAAATTCTCAACAATTGGTT,0.20423155623312378,0.17386954584066605,0.22969879620114544,0.17017074786443231,0.08514469375355847,0.08639988336332413,0.036425803642253375,0.014058973101496399,596.9579606426428
GAAATGTTGGATGATAAAGAAGAACAAGAGAAAGATAGAGATAATGAGAATCAAGGTGAAGAAGATCCAACTTGGTTTCAAGGATTTGATTCTTCTATCTTAAATTCTCAACAATTGGTT,0.25369570464151503,0.14585670747335766,0.13529373523372928,0.16105561217856726,0.1071400223915759,0.0,0.0672256033879422,0.12973261469331268,1276.2793525562572
GAAATGTTGGATGATAAAGAAGAACAAGAGAAAGATAGAGATAATGAGAATCAAGGTGAAGAAGATCCAACTTGGTTTCAAGGTTTGGATTCTATTTCTAATTCATTTCAACAATTGGTT,0.03877640806814232,0.05201847953395137,0.15624227474720478,0.3036063112013622,0.2711127577683714,0.13370812081447278,0.029112992121660318,0.015422655744834979,782.6118514475346
GAAATGTTGGATGATAAAGAAGAACAAGAGAAAGATAGAGATAATGAGAATCAAGGTGAAGAAGATCCAACTTGGTTTCAATCTTCATTTGATGGTATCTTAAATTCTCAACAATTGGTT,0.0003812030957194689,0.08625330752181685,0.0959765674151423,0.33466204058606674,0.2600680878782961,0.2027759042309014,0.01968073322212724,0.00020215604992998866,744.6044350377939
GAAATGTTGGATGATAAAGAAGAACAAGAGAAAGATAGAGATAATGAGAATCAAGGTGAAGAAGATCCAACTTGGTTTCAATCTTCTTTGGGTGATATCTTTAATTCTCAACAATTGGTT,0.13049629262557333,0.15755448116142665,0.03247652306369901,0.05799078162509861,0.1285918894261477,0.14353632779572625,0.19364567222225318,0.1557080320800753,1882.488547058779
GAAATGTTGGATGATAAAGAAGAACAAGAGAAAGATAGAGATAATGAGAATCAAGGTGAAGAAGATCCAACTTGGTTTCAATCTTTGGATATCTTTGGTTCTAATTCTCAACAATTGGTT,0.013175995975738599,0.009469057593126448,0.02107993566743127,0.03345847894324437,0.22072309580242924,0.039682192630058136,0.2199609555878709,0.4424502878001012,3635.5086756166247
GAAATGTTGGATGATAAAGAAGAACAAGAGAAAGATAGAGATAATGAGAATCAAGGTGAAGAAGATCCAACTTGGTTTCAATTCTTGTCTATTGATTCTGGTAATTCTCAACAATTGGTT,0.20235192578778788,0.12955794089045117,0.11445269392523222,0.14305844307172272,0.16314454992120922,0.10116920065694329,0.10236595590603396,0.04389928984061952,976.2249865091353
GAAATGTTGGATGATAAAGAAGAACAAGAGAAAGATAGAGATAATGAGAATCAAGGTGAAGAAGATCCAACTTGGTTTCAATTGTCTTCTTCTGGTATCTTTGATAATCAACAATTGGTT,0.285677437627727,0.21557011103232387,0.1333056533430946,0.11901672813385843,0.07037709794632659,0.078556044593601,0.04636642691453659,0.05113050040853189,801.3897156450641
GAAATGTTGGATGATAAAGAAGAACAAGAGAAAGATAGAGATAATGAGAATCAAGGTGAAGAAGATCCAACTTGGTTTGATCAATCTGGTTCTTTGATCTTTAATTCTCAACAATTGGTT,0.1864708132896914,0.18761268774063455,0.185627454900511,0.08286509904127264,0.1102497261246458,0.0,0.06917680430378033,0.17799741459946433,1569.5451049807477
GAAATGTTGGATGATAAAGAAGAACAAGAGAAAGATAGAGATAATGAGAATCAAGGTGAAGAAGATCCAACTTGGTTTGATCAATTCTCTTCTGGTATCTTAAATTCTCAACAATTGGTT,0.0031460445283368593,0.004644083695426504,0.06594648804867652,0.17282768318338648,0.3218631870384575,0.357209075132509,0.06566724489170857,0.008696193481498578,1069.3542412024212
GAAATGTTGGATGATAAAGAAGAACAAGAGAAAGATAGAGATAATGAGAATCAAGGTGAAGAAGATCCAACTTGGTTTGATGGTTCTTCTCAATTTATCTTAAATTCTCAACAATTGGTT,0.11678143525081869,0.0671408909495197,0.08303804540622176,0.24094610946986902,0.13151677760696953,0.16820963369091194,0.09283605089419585,0.09953105673149344,1381.6699759423334
GAAATGTTGGATGATAAAGAAGAACAAGAGAAAGATAGAGATAATGAGAATCAAGGTGAAGAAGATCCAACTTGGTTTGATTCATTCTCTCAAGGTATCTTAAATTCTCAACAATTGGTT,0.00013654305178637452,9.158612541382123e-05,0.0515950557096436,0.2876637129825411,0.3086137788199237,0.27730419578817694,0.0743778968312807,0.00021723069123367775,967.9568375179294
GAAATGTTGGATGATAAAGAAGAACAAGAGAAAGATAGAGATAATGAGAATCAAGGTGAAGAAGATCCAACTTGGTTTGATTCATTCTCTGGTATTAATTTGTCTCAACAACAATTGGTT,0.28617160911441286,0.2136210413910534,0.14933085861334872,0.17434703679373015,0.06367636970695514,0.07615348322860932,0.025684773810113484,0.011014827341777035,515.9297798566851
GAAATGTTGGATGATAAAGAAGAACAAGAGAAAGATAGAGATAATGAGAATCAAGGTGAAGAAGATCCAACTTGGTTTGATTCATTCTCTGGTCAAATCTTAAATTCTCAACAATTGGTT,0.09877434808329719,0.17036434906867776,0.17558503163398323,0.21163168896349704,0.1668563664538451,0.14873952279459826,0.019630304221744246,0.008418388780357118,651.8928522691626
GAAATGTTGGATGATAAAGAAGAACAAGAGAAAGATAGAGATAATGAGAATCAAGGTGAAGAAGATCCAACTTGGTTTGATTCATTCTCTTCTCAGAATTTGATTGGTCAACAATTGGTT,0.2764689446856619,0.2807375060020434,0.23890498997000023,0.10238253947559386,0.04036063457434655,0.021117743968533626,0.030864240236979527,0.009163401086840833,433.80387969944377
GAAATGTTGGATGATAAAGAAGAACAAGAGAAAGATAGAGATAATGAGAATCAAGGTGAAGAAGATCCAACTTGGTTTGATTCATTTAATTCTCAATCTGGTATCTTGCAACAATTGGTT,0.10366688762764278,0.05562757502376695,0.06879868639417588,0.23801881693035262,0.2996517934423879,0.17103893219532007,0.03845826524636005,0.024739043139993797,888.8313706333165
GAAATGTTGGATGATAAAGAAGAACAAGAGAAAGATAGAGATAATGAGAATCAAGGTGAAGAAGATCCAACTTGGTTTGATTCATTTATTGGTTTGCAATCTAATTCTCAACAATTGGTT,0.2477317170396639,0.1661658195634384,0.10275470488055502,0.09174051113772495,0.16274428912356342,0.07569074319398819,0.15317221506106612,0.0,780.4267276340793
GAAATGTTGGATGATAAAGAAGAACAAGAGAAAGATAGAGATAATGAGAATCAAGGTGAAGAAGATCCAACTTGGTTTGATTCATTTCAAGGTTCTATCTTAAATTCTCAACAATTGGTT,0.1551357182754049,0.1560857088396236,0.0,0.08617526003760578,0.15287173856927966,0.21329735564878585,0.1438803348676305,0.09255388376166956,1472.1337077459
GAAATGTTGGATGATAAAGAAGAACAAGAGAAAGATAGAGATAATGAGAATCAAGGTGAAGAAGATCCAACTTGGTTTGATTCATTTGGTAATCAAATTCAACAATCTTCTTTGTTGGTT,0.12254619046379071,0.06164830774232084,0.0,0.0,0.03018945185464071,0.1684897498869739,0.3977933315964992,0.2193329684557746,2711.1294221991625
GAAATGTTGGATGATAAAGAAGAACAAGAGAAAGATAGAGATAATGAGAATCAAGGTGAAGAAGATCCAACTTGGTTTGATTCATTTGGTCAAATTTCTTTAAATTCTCAACAATTGGTT,0.10389194784267017,0.13066017695683738,0.12927758989774857,0.05771021477634057,0.051187898140462776,0.23806980101453035,0.07226579609692454,0.2169365752744856,2047.6273723608792
GAAATGTTGGATGATAAAGAAGAACAAGAGAAAGATAGAGATAATGAGAATCAAGGTGAAGAAGATCCAACTTGGTTTGATTCATTTGGTCAATCTATCTTAAATTCTCAACAATTGGTT,0.19641965719943094,0.25213899365434556,0.3657783854269207,0.01805922005591254,0.12547586666167931,0.03476621321772106,0.0025126765191067504,0.004848987264883044,400.3577172493342
GAAATGTTGGATGATAAAGAAGAACAAGAGAAAGATAGAGATAATGAGAATCAAGGTGAAGAAGATCCAACTTGGTTTGATTCTAATTCTGGTTCTCAATTGATTCAATTTCAATTGGTT,0.06263596144777692,0.0630195196187619,0.0,0.0,0.24688752351619045,0.28706230247617986,0.1161832130994285,0.22421147984166243,2333.6774410542616
GAAATGTTGGATGATAAAGAAGAACAAGAGAAAGATAGAGATAATGAGAATCAAGGTGAAGAAGATCCAACTTGGTTTGATTCTAATTCTTTGGGTTCTCAAATCTTTCAACAATTGGTT,0.08381353068248615,0.06558748934767751,0.0579406001055658,0.06207599282765707,0.10094381532395522,0.08535992757108014,0.31093081580675225,0.2333478283348259,2561.0302148196756
GAAATGTTGGATGATAAAGAAGAACAAGAGAAAGATAGAGATAATGAGAATCAAGGTGAAGAAGATCCAACTTGGTTTGATTCTATCTTGGGTTCTCAATTTAATTCTCAACAATTGGTT,0.1310747943841158,0.1758365936603797,0.1902862173365548,0.12134970824250275,0.10763495732888329,0.1001198869435081,0.12156507552446935,0.0521327665795862,1048.9997652811319
GAAATGTTGGATGATAAAGAAGAACAAGAGAAAGATAGAGATAATGAGAATCAAGGTGAAGAAGATCCAACTTGGTTTGATTCTATTGGATTCTCTTTGCAAAATTCTCAACAATTGGTT,0.10151051897091082,0.14752418742122506,0.0982444299104492,0.08771368889527699,0.10002912089274292,0.11372177647394328,0.2301340384325471,0.12112223900290464,1723.8889881072148
GAAATGTTGGATGATAAAGAAGAACAAGAGAAAGATAGAGATAATGAGAATCAAGGTGAAGAAGATCCAACTTGGTTTGATTCTATTTCTCAACAAGGTTCATTTAATTTGCAATTGGTT,0.008090476001197914,0.043770452598688184,0.09365290510417788,0.14333884443585374,0.3567302597705442,0.2695698896381765,0.08438143114778689,0.00046574130357466095,977.979978264367
GAAATGTTGGATGATAAAGAAGAACAAGAGAAAGATAGAGATAATGAGAATCAAGGTGAAGAAGATCCAACTTGGTTTGATTCTATTTCTCAATTGTCTAATGGATTTCAACAATTGGTT,0.19791965873308087,0.26550885525758383,0.0,0.21988202649243097,0.19503130977130625,0.06047140931820561,0.06118674042739241,0.0,590.4482175472886
GAAATGTTGGATGATAAAGAAGAACAAGAGAAAGATAGAGATAATGAGAATCAAGGTGAAGAAGATCCAACTTGGTTTGATTCTCAAATTAACTTTCAAGGTTTGTCTCAATCTTTGGTT,0.11620327019482693,0.10756166535672665,0.16194879876144377,0.1187700597460567,0.06412417358281412,0.08521003596363919,0.22416681649819611,0.12201517989629647,1676.1065181041208
GAAATGTTGGATGATAAAGAAGAACAAGAGAAAGATAGAGATAATGAGAATCAAGGTGAAGAAGATCCAACTTGGTTTGATTCTCAAATTGGTTCATTCTTAAATTCTCAACAATTGGTT,0.005540253155241352,0.03311148712086105,0.06558611517747938,0.21410722993852516,0.30761301901136595,0.3143990473248706,0.05337679353377099,0.0062660547378855045,979.5130577045786
GAAATGTTGGATGATAAAGAAGAACAAGAGAAAGATAGAGATAATGAGAATCAAGGTGAAGAAGATCCAACTTGGTTTGATTCTCAAGGTCAATTGTTTATTCAATCTAATTCTTTGGTT,0.20923070795092072,0.21051195510991036,0.2771526457332636,0.11247494441118716,0.07315968380070145,0.04949212819277306,0.04381788485978611,0.024160049941457616,617.9425131288953
GAAATGTTGGATGATAAAGAAGAACAAGAGAAAGATAGAGATAATGAGAATCAAGGTGAAGAAGATCCAACTTGGTTTGATTCTCAATCATTTGGTATCTTAAATTCTCAACAATTGGTT,0.07278688598723268,0.32954672005449176,0.09057211258413735,0.08086376106039232,0.07172466746928566,0.2001505582283143,0.06750606273162431,0.08684923188452161,1213.50600893443
GAAATGTTGGATGATAAAGAAGAACAAGAGAAAGATAGAGATAATGAGAATCAAGGTGAAGAAGATCCAACTTGGTTTGATTCTCAATCTTTGCAAATTCAAGGTTCATTTAATTTGGTT,0.036637196659988776,0.08199959650458159,0.17103586859969255,0.2807493449348161,0.23289730219446736,0.1762582380592813,0.015315054045224713,0.005107399001947495,710.3066399503277
GAAATGTTGGATGATAAAGAAGAACAAGAGAAAGATAGAGATAATGAGAATCAAGGTGAAGAAGATCCAACTTGGTTTGATTCTGAAGAACAATTTATCTTAAATTCTCAACAATTGGTT,0.22987276218936942,0.20237036157501734,0.22985468458936562,0.09576781516264872,0.0404496614736801,0.056438200480820176,0.09136931484001466,0.05387719968908396,891.5582195438056
GAAATGTTGGATGATAAAGAAGAACAAGAGAAAGATAGAGATAATGAGAATCAAGGTGAAGAAGATCCAACTTGGTTTGATTCTGAAGAACAATTTATCTTGAATGCTCAACAATTGGTT,0.14401759805083877,0.14489950558799833,0.2389437406264935,0.10666577712288636,0.04730529036843963,0.0,0.089045903224775,0.22912218501856838,1910.0233172850667
GAAATGTTGGATGATAAAGAAGAACAAGAGAAAGATAGAGATAATGAGAATCAAGGTGAAGAAGATCCAACTTGGTTTGATTCTGAAGAACAATTTATCTTGGAAGAACAACAATTGGTT,0.09714242188108033,0.48868642071160096,0.16117178714221084,0.03597397839494229,0.12763302641822402,0.05936084564146196,0.03003151981047973,0.0,458.57788971637547
GAAATGTTGGATGATAAAGAAGAACAAGAGAAAGATAGAGATAATGAGAATCAAGGTGAAGAAGATCCAACTTGGTTTGATTCTGATGATCAATTTATCTTAAATTCTCAACAATTGGTT,0.0025291938994570287,0.0,0.0031471937767596843,0.008429545860650063,0.019938272005286344,0.016227909500663624,0.3401259493328883,0.609601935624295,4799.935387169619
GAAATGTTGGATGATAAAGAAGAACAAGAGAAAGATAGAGATAATGAGAATCAAGGTGAAGAAGATCCAACTTGGTTTGATTCTGATGATCAATTTATCTTGAATGCTCAACAATTGGTT,0.06187990049398744,0.18677648652871193,0.07700004249693732,0.06874647019333073,0.30488426766479926,0.22687780376914957,0.0,0.07383502885308371,1127.4128464173493
GAAATGTTGGATGATAAAGAAGAACAAGAGAAAGATAGAGATAATGAGAATCAAGGTGAAGAAGATCCAACTTGGTTTGATTCTGATGATCAATTTATCTTGGATGATCAACAATTGGTT,0.1418801799279714,0.2061929981960704,0.11769874436033198,0.14011028147647842,0.12427524043091637,0.14449793230049635,0.08772434023597594,0.03762028307175931,936.2801927894532
GAAATGTTGGATGATAAAGAAGAACAAGAGAAAGATAGAGATAATGAGAATCAAGGTGAAGAAGATCCAACTTGGTTTGATTCTGCTGCTGCTGCTATCTTAAATTCTCAACAATTGGTT,0.028595890156929364,0.0,0.035583198094109064,0.015884531929039845,0.07044643704271614,0.03276393416842578,0.4243392866432377,0.39238672196554203,3717.2715313188914
GAAATGTTGGATGATAAAGAAGAACAAGAGAAAGATAGAGATAATGAGAATCAAGGTGAAGAAGATCCAACTTGGTTTGATTCTGCTGCTGCTGCTATCTTAAATTCTGCTGCTGCTGCT,0.33817287059298,0.2974376701994973,0.3244646196983411,0.002434332096053153,0.001979273776767405,0.021256116129672334,0.005757929430777799,0.008497188075910912,327.9099750011868
GAAATGTTGGATGATAAAGAAGAACAAGAGAAAGATAGAGATAATGAGAATCAAGGTGAAGAAGATCCAACTTGGTTTGATTCTGCTGCTGCTGCTGCTGCTGCTGCTCAACAATTGGTT,0.05780838709998603,0.15994655349927717,0.10790050309981104,0.2729484169837896,0.1851354633145175,0.17220930928273345,0.026807140826646914,0.01724422589323826,771.560780044833
GAAATGTTGGATGATAAAGAAGAACAAGAGAAAGATAGAGATAATGAGAATCAAGGTGAAGAAGATCCAACTTGGTTTGATTCTGGATTCTCTCAAATCTTAAATTCTCAACAATTGGTT,0.04670034644556279,0.0352397408493868,0.04358356225798346,0.220500627579592,0.26460823197672995,0.29964052812673925,0.07579626232763315,0.013930700436372593,1035.1650743967527
GAAATGTTGGATGATAAAGAAGAACAAGAGAAAGATAGAGATAATGAGAATCAAGGTGAAGAAGATCCAACTTGGTTTGATTCTGGTAAGACATTTATCTTGAATAAGACTCAATTGGTT,0.3208225079858042,0.31683436393746545,0.21423953450187963,0.0632243980912752,0.01880227462757166,0.05782381274624924,0.004149734348918957,0.004103373760835737,353.6840047442251
GAAATGTTGGATGATAAAGAAGAACAAGAGAAAGATAGAGATAATGAGAATCAAGGTGAAGAAGATCCAACTTGGTTTGATTCTGGTACTCAATTTATCTTAAATTCTCAACAATTGGTT,0.10780013705300001,0.10846026300052702,0.1341407317722367,0.23952459036262058,0.2124539023314194,0.1976203754801963,0.0,0.0,635.9532820667882
GAAATGTTGGATGATAAAGAAGAACAAGAGAAAGATAGAGATAATGAGAATCAAGGTGAAGAAGATCCAACTTGGTTTGATTCTGGTACTCAATTTATCTTGAATACTCAACAATTGGTT,0.12456132867070707,0.26636746511040194,0.11732413284909166,0.10880692490968488,0.08754812074883649,0.17712045928621709,0.11386610453524956,0.004405463889811516,805.3792009919115
GAAATGTTGGATGATAAAGAAGAACAAGAGAAAGATAGAGATAATGAGAATCAAGGTGAAGAAGATCCAACTTGGTTTGATTCTGGTACTCCATTTATCTTGAATACTCCACAATTGGTT,0.015783861840189484,0.03176103209422204,0.07856237794554745,0.07014134016829383,0.07776759690387873,0.07957165147288839,0.30741298263643835,0.33899915693854177,3190.4297022946485
GAAATGTTGGATGATAAAGAAGAACAAGAGAAAGATAGAGATAATGAGAATCAAGGTGAAGAAGATCCAACTTGGTTTGATTCTGGTACTGACTTTATCTTGAATACTGATCAATTGGTT,0.18260121831514267,0.1837193968773889,0.07573973378547307,0.10143187943060418,0.02998940327757519,0.08368663137422133,0.19757868907023227,0.14525304786936227,1717.1806540953396
GAAATGTTGGATGATAAAGAAGAACAAGAGAAAGATAGAGATAATGAGAATCAAGGTGAAGAAGATCCAACTTGGTTTGATTCTGGTATTTCTAATTCTTTGTTTCAACAACAATTGGTT,0.184403246588676,0.16234090255989111,0.20077885543983381,0.12804109446242568,0.13628411247201982,0.10564063224678673,0.0,0.08251115623036683,968.0730315039239
GAAATGTTGGATGATAAAGAAGAACAAGAGAAAGATAGAGATAATGAGAATCAAGGTGAAGAAGATCCAACTTGGTTTGATTCTGGTCAATCATTTATCTTAAATTCTCAACAATTGGTT,0.32704298599183046,0.23503262110028794,0.11627280595691078,0.10380961788858274,0.04603861003701923,0.12847258584936658,0.04333077317600231,0.0,515.3532839269593
GAAATGTTGGATGATAAAGAAGAACAAGAGAAAGATAGAGATAATGAGAATCAAGGTGAAGAAGATCCAACTTGGTTTGATTCTGGTCAATCATTTATCTTGAATCAATCTCAATTGGTT,0.05824448571153635,0.08371593171402011,0.1863676968394005,0.15714714441499283,0.1475858374221442,0.11440116454621778,0.1234714068655199,0.12906633248616842,1577.0165096270155
GAAATGTTGGATGATAAAGAAGAACAAGAGAAAGATAGAGATAATGAGAATCAAGGTGAAGAAGATCCAACTTGGTTTGATTCTGGTCAATTCTCTATCTTAAATTCTCAACAATTGGTT,0.4795844690268526,0.04825212570559805,0.2387077173760283,0.05328020753417723,0.04725856326704042,0.04395897140509231,0.08895794568521101,0.0,513.4133582684565
GAAATGTTGGATGATAAAGAAGAACAAGAGAAAGATAGAGATAATGAGAATCAAGGTGAAGAAGATCCAACTTGGTTTGATTCTGGTCCAACATTTATCTTGAATCCAACTCAATTGGTT,0.046563093917506064,0.23424114061784498,0.2897031331510643,0.10346003540907826,0.0,0.08535996664803044,0.12955456589494846,0.11111806436152749,1366.7902606678224
GAAATGTTGGATGATAAAGAAGAACAAGAGAAAGATAGAGATAATGAGAATCAAGGTGAAGAAGATCCAACTTGGTTTGATTCTGGTGAACAATTTATCTTAAATTCTCAACAATTGGTT,0.1345320478087364,0.09023724635996931,0.16740449347489234,0.19928072154607906,0.17675833152574963,0.0,0.12477149881619391,0.10701566046837936,1333.5621260073776
GAAATGTTGGATGATAAAGAAGAACAAGAGAAAGATAGAGATAATGAGAATCAAGGTGAAGAAGATCCAACTTGGTTTGATTCTGGTGAACAATTTATCTTGAATGAACAACAATTGGTT,0.005530423309461368,0.023721444550197614,0.2864986732159377,0.1865870008306945,0.29973431628575875,0.1790233604461324,0.006748922191373117,0.012155859170444552,762.9317025501076
GAAATGTTGGATGATAAAGAAGAACAAGAGAAAGATAGAGATAATGAGAATCAAGGTGAAGAAGATCCAACTTGGTTTGATTCTGGTGAACAATTTATCTTGAATGCTCAACAATTGGTT,0.0991554538130458,0.16627107182637652,0.16451166633985315,0.07343889691319148,0.06513894965231602,0.18177284880268207,0.09196154217203702,0.15774957048049779,1683.4716165986188
GAAATGTTGGATGATAAAGAAGAACAAGAGAAAGATAGAGATAATGAGAATCAAGGTGAAGAAGATCCAACTTGGTTTGATTCTGGTGATCAATTTATCTTGAATGCTCAACAATTGGTT,0.12903676546912263,0.22256046212055025,0.13762839230932308,0.16383482160675847,0.10898885309259576,0.11827579602343552,0.11967490937821429,0.0,752.3743148556644
GAAATGTTGGATGATAAAGAAGAACAAGAGAAAGATAGAGATAATGAGAATCAAGGTGAAGAAGATCCAACTTGGTTTGATTCTGGTGCTCAATTTATCTTGAATGAACAACAATTGGTT,0.18420485153379296,0.23166606264964176,0.14325917304139668,0.07674200286164762,0.0907583250972429,0.10552697601014122,0.08542022436082061,0.08242238444531631,1126.019513846193
GAAATGTTGGATGATAAAGAAGAACAAGAGAAAGATAGAGATAATGAGAATCAAGGTGAAGAAGATCCAACTTGGTTTGATTCTGGTGCTCAATTTATCTTGAATGATCAACAATTGGTT,0.0860700204775163,0.17319415935181082,0.0,0.14343130927962305,0.12722093095672435,0.2761228594077451,0.03991274061845813,0.15404797990812227,1680.9824157517135
GAAATGTTGGATGATAAAGAAGAACAAGAGAAAGATAGAGATAATGAGAATCAAGGTGAAGAAGATCCAACTTGGTTTGATTCTGGTGCTCAATTTATCTTGGAAGAACAACAATTGGTT,0.1946657044474778,0.2350293134544997,0.16956212238295254,0.10813349683523317,0.09591242110301766,0.1605884722966649,0.03610846948015421,0.0,579.5405494993754
GAAATGTTGGATGATAAAGAAGAACAAGAGAAAGATAGAGATAATGAGAATCAAGGTGAAGAAGATCCAACTTGGTTTGATTCTGGTGCTCAATTTATCTTGGATGATCAACAATTGGTT,0.20080401738343817,0.1481580193717722,0.13326388912412973,0.10410701051428967,0.046170500929224416,0.12884063266828563,0.08690981337525004,0.15174611663361023,1560.312101896709
GAAATGTTGGATGATAAAGAAGAACAAGAGAAAGATAGAGATAATGAGAATCAAGGTGAAGAAGATCCAACTTGGTTTGATTCTGGTTATCAATTTATCTTAAATTCTCAACAATTGGTT,0.04299905153366177,0.1297870828073604,0.08917620446997057,0.07961747920844386,0.09886693377253322,0.07225746518699099,0.17945725852777825,0.307838524493261,2702.3726037167007
GAAATGTTGGATGATAAAGAAGAACAAGAGAAAGATAGAGATAATGAGAATCAAGGTGAAGAAGATCCAACTTGGTTTGATTCTGGTTATCAATTTATCTTGAATTATCAACAATTGGTT,0.0015676827555895238,0.0012989386386655006,0.04320316845846752,0.05650092709531877,0.3449003693547453,0.40885353646712225,0.13795367245386103,0.00572170477623013,1261.3946333098115
GAAATGTTGGATGATAAAGAAGAACAAGAGAAAGATAGAGATAATGAGAATCAAGGTGAAGAAGATCCAACTTGGTTTGATTCTGGTTCATTCTTGATTCAAAATTCTCAACAATTGGTT,0.2832995606153663,0.2916802557520328,0.31416543175667566,0.08724552721972499,0.0,0.018163718888223712,0.005445505767976576,0.0,295.5083675357945
GAAATGTTGGATGATAAAGAAGAACAAGAGAAAGATAGAGATAATGAGAATCAAGGTGAAGAAGATCCAACTTGGTTTGATTCTGGTTCATTTATCTTGCAAAATTCTCAACAATTGGTT,0.32133546686593406,0.3270193285292319,0.21256536625190436,0.08822235923526787,0.017288146083543086,0.016927461156933138,0.011133005156123258,0.005508866721062481,337.77036825322097
GAAATGTTGGATGATAAAGAAGAACAAGAGAAAGATAGAGATAATGAGAATCAAGGTGAAGAAGATCCAACTTGGTTTGATTCTGGTTCATTTATTCAATTAAATTCTCAACAATTGGTT,0.10928915773985577,0.047125029372284605,0.13599358957018767,0.2254878723497489,0.2769280502549393,0.14310718877476372,0.04344001162654798,0.01862910031167212,822.165442787834
GAAATGTTGGATGATAAAGAAGAACAAGAGAAAGATAGAGATAATGAGAATCAAGGTGAAGAAGATCCAACTTGGTTTGATTCTGGTTCATTTATTCAATTGTCTCAACAGAATTTGGTT,0.3355951359977235,0.34713788085092445,0.0973241801370441,0.06963691513811225,0.08199114399173503,0.04067547951849197,0.019034945873464805,0.008604318492503904,420.26021541608407
GAAATGTTGGATGATAAAGAAGAACAAGAGAAAGATAGAGATAATGAGAATCAAGGTGAAGAAGATCCAACTTGGTTTGATTCTGGTTCATTTCAAATCTTAAATTCTCAACAATTGGTT,0.2395102121700897,0.30122109898742727,0.2731975704167093,0.11086988350623145,0.019667909141411154,0.0,0.05553332577813115,0.0,409.541118888945
GAAATGTTGGATGATAAAGAAGAACAAGAGAAAGATAGAGATAATGAGAATCAAGGTGAAGAAGATCCAACTTGGTTTGATTCTGGTTCATTTCAAATTAATCAACAATCTTTGTTGGTT,0.0188731541706828,0.07595490399034827,0.07045423448935711,0.12580460410808664,0.2045750079140426,0.276787760436501,0.22755033489098164,0.0,1230.9399475689243
GAAATGTTGGATGATAAAGAAGAACAAGAGAAAGATAGAGATAATGAGAATCAAGGTGAAGAAGATCCAACTTGGTTTGATTCTGGTTCATTTCAATTGATTAATTCTCAACAATTGGTT,0.10642547196313826,0.14990805199777194,0.23837430954637856,0.16552912446215573,0.12584681677119938,0.03902006491823321,0.09870410705365969,0.07619205328746333,1100.9932173995737
GAAATGTTGGATGATAAAGAAGAACAAGAGAAAGATAGAGATAATGAGAATCAAGGTGAAGAAGATCCAACTTGGTTTGATTCTGGTTCTAACTTTCAATTGTCTATTCAACAATTGGTT,0.17950897416766126,0.1250364579467193,0.20618896424275288,0.12272515724106646,0.16328243290571068,0.13922521890101927,0.06403279459507012,0.0,665.9501189798808
GAAATGTTGGATGATAAAGAAGAACAAGAGAAAGATAGAGATAATGAGAATCAAGGTGAAGAAGATCCAACTTGGTTTGATTCTGGTTCTAATATTTCTCAATTGTTTCAACAATTGGTT,0.023252093805109515,0.08406919784213104,0.09174771324708142,0.20936652286087967,0.373256306751098,0.19460139231667858,0.023617275200828104,8.949797619360889e-05,771.6798383247308
GAAATGTTGGATGATAAAGAAGAACAAGAGAAAGATAGAGATAATGAGAATCAAGGTGAAGAAGATCCAACTTGGTTTGATTCTGGTTCTAATCAACAAGTCTTGTTGCAATCATTTATT,0.020014415341915875,0.08239533219954154,0.20369441237572322,0.3315921047663715,0.09725462926123325,0.2647448643625948,8.514831411137983e-05,0.0002190933785083861,688.2267038043838
GAAATGTTGGATGATAAAGAAGAACAAGAGAAAGATAGAGATAATGAGAATCAAGGTGAAGAAGATCCAACTTGGTTTGATTCTGGTTCTAATCAATCTATTCAACAATTCTTGTTGGTT,0.2985761994911825,0.3359664745047704,0.22117270934181868,0.10962992616808706,0.000749920768951473,0.01689648523724857,0.014586800776011075,0.0024214837119303236,326.20670466314647
GAAATGTTGGATGATAAAGAAGAACAAGAGAAAGATAGAGATAATGAGAATCAAGGTGAAGAAGATCCAACTTGGTTTGATTCTGGTTCTATCTTCTTGCAAAATTCTCAACAATTGGTT,0.24444453157910312,0.2843697604512856,0.1742661918357894,0.14427134037544417,0.070255855805824,0.051346894875401915,0.0188924690432055,0.012152956033946288,481.2310317196424
GAAATGTTGGATGATAAAGAAGAACAAGAGAAAGATAGAGATAATGAGAATCAAGGTGAAGAAGATCCAACTTGGTTTGATTCTGGTTCTATCTTGTTTCAAAATTCTCAACAATTGGTT,0.01243268924840115,0.0447201848003111,0.16159099896796916,0.28370860698920863,0.25783725241917566,0.19562910340413595,0.033240443007749594,0.010840721163048626,824.9252318922347
GAAATGTTGGATGATAAAGAAGAACAAGAGAAAGATAGAGATAATGAGAATCAAGGTGAAGAAGATCCAACTTGGTTTGATTCTGGTTCTATCTTTCAATTAAATTCTCAACAATTGGTT,0.0031942534416067128,0.010014689767515888,0.038044972012658794,0.12940738191085405,0.2938365145105967,0.367070103167739,0.1400017937296041,0.01843029145942474,1286.6832618122246
GAAATGTTGGATGATAAAGAAGAACAAGAGAAAGATAGAGATAATGAGAATCAAGGTGAAGAAGATCCAACTTGGTTTGATTCTGGTTCTATTCAACAATCTCAATTGGTCTTTAATTTG,0.1564404825051524,0.1144716094080394,0.08848462692890487,0.04740001878293432,0.11211451757579556,0.11732251994006941,0.21104063423754285,0.1527255906215613,1867.0753888231307
GAAATGTTGGATGATAAAGAAGAACAAGAGAAAGATAGAGATAATGAGAATCAAGGTGAAGAAGATCCAACTTGGTTTGATTCTGGTTCTATTCAATTGGTTAACTTCTTGTCTCAACAA,0.07809634452509856,0.10476610139382299,0.1457683787291887,0.07230199114525675,0.20521771252812374,0.2386117703649563,0.10864546534275263,0.04659223597080038,1181.9141173479381
GAAATGTTGGATGATAAAGAAGAACAAGAGAAAGATAGAGATAATGAGAATCAAGGTGAAGAAGATCCAACTTGGTTTGATTCTGGTTCTATTCAATTTAATTTGTCTCAACAATTGGTT,0.0720121392256325,0.10485084710403546,0.2366883150977477,0.2769391720189785,0.16512748037160607,0.10285599326436708,0.040905096784623333,0.0006209561330093182,625.8768040573668
GAAATGTTGGATGATAAAGAAGAACAAGAGAAAGATAGAGATAATGAGAATCAAGGTGAAGAAGATCCAACTTGGTTTGATTCTGGTTCTCAAATCTTCTTAAATTCTCAACAATTGGTT,0.028092558070599464,0.07515096697017698,0.14499902816033822,0.22905531913606783,0.29967215919717577,0.18908768900119488,0.02727693098308206,0.006665348481364738,784.0753188528547
GAAATGTTGGATGATAAAGAAGAACAAGAGAAAGATAGAGATAATGAGAATCAAGGTGAAGAAGATCCAACTTGGTTTGATTCTGGTTCTCAAATCTTGTTCTCTAATCAACAATTGGTT,0.05434166111643108,0.09112404705131749,0.022539953371590225,0.06037174197718367,0.1606458713176012,0.09961972004513175,0.2519953652715634,0.2593616398491813,2628.6269832042935
GAAATGTTGGATGATAAAGAAGAACAAGAGAAAGATAGAGATAATGAGAATCAAGGTGAAGAAGATCCAACTTGGTTTGATTCTGGTTCTCAAATCTTTAATCAATTGCAATCTTTGGTT,0.0548477038117861,0.11036713946804351,0.022749850870544062,0.020311312748129768,0.09007880252046752,0.08378950248290463,0.35607880991053875,0.26177687818758555,2822.7672635751064
GAAATGTTGGATGATAAAGAAGAACAAGAGAAAGATAGAGATAATGAGAATCAAGGTGAAGAAGATCCAACTTGGTTTGATTCTGGTTCTCAACAAATCTTGTTGCAATTTGTTTCTAAT,0.07866487903190322,0.0791465920355008,0.09788637312145533,0.07150419157419813,0.1761747267553028,0.15731924270943784,0.185710245648788,0.1535937491234138,1906.2311836015992
GAAATGTTGGATGATAAAGAAGAACAAGAGAAAGATAGAGATAATGAGAATCAAGGTGAAGAAGATCCAACTTGGTTTGATTCTGGTTCTCAACAGAATTTGCAATCTATCTTCTTGGTT,0.1825943400729877,0.2624463950222352,0.06491732641123518,0.08693833601464984,0.1413732899866695,0.08368347905727055,0.08467339142361961,0.09337344201133238,1189.2357605079553
GAAATGTTGGATGATAAAGAAGAACAAGAGAAAGATAGAGATAATGAGAATCAAGGTGAAGAAGATCCAACTTGGTTTGATTCTGGTTCTCAAGCTATCTTAAATTCTCAACAAGCTGTT,0.2347022127018159,0.286740745426747,0.0625823347480785,0.09312364146982886,0.0660791645638556,0.07683189840963688,0.13993337115121693,0.040006631528820356,941.0231471371073
GAAATGTTGGATGATAAAGAAGAACAAGAGAAAGATAGAGATAATGAGAATCAAGGTGAAGAAGATCCAACTTGGTTTGATTCTGGTTCTCAAGCTATCTTAAATTCTCAACAATTGGTT,0.1743287218706016,0.14031699431576922,0.07592387204666044,0.2227242903460344,0.11166002136236489,0.08788485630988696,0.07275638274267193,0.11440486100601048,1313.7931209986198
GAAATGTTGGATGATAAAGAAGAACAAGAGAAAGATAGAGATAATGAGAATCAAGGTGAAGAAGATCCAACTTGGTTTGATTCTGGTTCTCAAGCTATTGCTAATTCTCAACAAGCTGTT,0.0588626684305363,0.1381872809996204,0.048830373400216,0.08719257030593668,0.11600730714803725,0.035969226493313806,0.16377621876774262,0.35117435445459705,2895.6282258386263
GAAATGTTGGATGATAAAGAAGAACAAGAGAAAGATAGAGATAATGAGAATCAAGGTGAAGAAGATCCAACTTGGTTTGATTCTGGTTCTCAAGCTATTGCTAATTCTCAACAATTGGTT,0.10899565845470752,0.08224732898137027,0.20344256210810208,0.0605452394504664,0.16110753851245274,0.22478852050353199,0.12635977719957692,0.032513374789791966,1097.831879707821
GAAATGTTGGATGATAAAGAAGAACAAGAGAAAGATAGAGATAATGAGAATCAAGGTGAAGAAGATCCAACTTGGTTTGATTCTGGTTCTCAATTCTCTAATATCTTGCAACAATTGGTT,0.3910789022727596,0.21859650931615957,0.20546924866862654,0.07724006990231619,0.05138289008945396,0.01593177927274979,0.04030060047793418,0.0,380.2853935881392
GAAATGTTGGATGATAAAGAAGAACAAGAGAAAGATAGAGATAATGAGAATCAAGGTGAAGAAGATCCAACTTGGTTTGATTCTGGTTCTCAATTCTCTAATTTGTTGATTCAACAAGTT,0.5577343905379101,0.19973126273913266,0.1058666767523484,0.0525105073669406,0.04657585338782925,0.0,0.02630185060327379,0.011279458612565251,365.1907527436874
GAAATGTTGGATGATAAAGAAGAACAAGAGAAAGATAGAGATAATGAGAATCAAGGTGAAGAAGATCCAACTTGGTTTGATTCTGGTTCTCAATTCTCTATTAATTTGCAACAATTGGTT,0.15235226770402538,0.025547535583962472,0.03159650385683954,0.1128388006120426,0.025021484733709576,0.023274485212486564,0.2354980479756836,0.39387087432125034,3258.668938886768
GAAATGTTGGATGATAAAGAAGAACAAGAGAAAGATAGAGATAATGAGAATCAAGGTGAAGAAGATCCAACTTGGTTTGATTCTGGTTCTCAATTCTCTATTCAACAATTGAATTTGGTT,0.09682128417285926,0.13553277205170902,0.21476732972469892,0.168362862394673,0.21985395165389704,0.08488835051754304,0.05465887356582992,0.025114575918789846,786.3879591287259
GAAATGTTGGATGATAAAGAAGAACAAGAGAAAGATAGAGATAATGAGAATCAAGGTGAAGAAGATCCAACTTGGTTTGATTCTGGTTCTCAATTCTCTCAAATTAATTTGCAATTGGTT,0.1398914401103493,0.11259846453390918,0.06962937398065974,0.1554146441910113,0.08270995705578833,0.1282252494144824,0.07784523437391977,0.23368563633987988,2071.6191868689666
GAAATGTTGGATGATAAAGAAGAACAAGAGAAAGATAGAGATAATGAGAATCAAGGTGAAGAAGATCCAACTTGGTTTGATTCTGGTTCTCAATTCTCTTTGAATATTCAACAATTGGTT,0.006306779489405775,0.0001942469309524086,0.0002402393719286908,0.032173246181423504,0.03291276225239054,0.15319194561455732,0.3849735790192752,0.39000720114006654,3728.2074352573004
GAAATGTTGGATGATAAAGAAGAACAAGAGAAAGATAGAGATAATGAGAATCAAGGTGAAGAAGATCCAACTTGGTTTGATTCTGGTTCTCAATTCTCTTTGTTGCAAATTGTTCAGAAT,0.03191397559353349,0.06421880863778948,0.059568069534640014,0.14182137685271243,0.1572411881633869,0.20476765654441606,0.2071899032976003,0.1332790213759214,1893.709267895122
GAAATGTTGGATGATAAAGAAGAACAAGAGAAAGATAGAGATAATGAGAATCAAGGTGAAGAAGATCCAACTTGGTTTGATTCTGGTTCTCAATTCTTGATTAATTCTCAACAATTGGTT,0.13850879848326594,0.1560798089567886,0.2206117754532069,0.16003371929894858,0.14194696301619683,0.12187959612756186,0.041107113238759416,0.019832225425271823,716.5496903595998
GAAATGTTGGATGATAAAGAAGAACAAGAGAAAGATAGAGATAATGAGAATCAAGGTGAAGAAGATCCAACTTGGTTTGATTCTGGTTCTCAATTCTTGATTCAATCTGTTCAATTGAAT,0.18987427207429247,0.21226331997545939,0.2887737122373714,0.07031462495054719,0.08315703724670104,0.0773510147103728,0.07826601880525566,0.0,580.4762788703259
GAAATGTTGGATGATAAAGAAGAACAAGAGAAAGATAGAGATAATGAGAATCAAGGTGAAGAAGATCCAACTTGGTTTGATTCTGGTTCTCAATTCTTGATTTCTAATCAACAATTGGTT,0.16415860552307215,0.2035188156473314,0.20771805532849974,0.18425278411770288,0.12120815857561625,0.0904470857336227,0.02233113845686267,0.006365356617292182,545.7241256490239
GAAATGTTGGATGATAAAGAAGAACAAGAGAAAGATAGAGATAATGAGAATCAAGGTGAAGAAGATCCAACTTGGTTTGATTCTGGTTCTCAATTCTTGCAATTGTCTGTTAATATTCAA,0.05825317445204035,0.0,0.0,0.25886920238491357,0.11480610854366717,0.26697587134016587,0.16208039657990597,0.13901524669930704,1890.6157281623941
GAAATGTTGGATGATAAAGAAGAACAAGAGAAAGATAGAGATAATGAGAATCAAGGTGAAGAAGATCCAACTTGGTTTGATTCTGGTTCTCAATTCTTGTCTATTAATCAACAATTGGTT,0.21913757035547443,0.16535961245368708,0.06817077150797392,0.1217272032470812,0.10796978844877747,0.15064701024281402,0.10161936707848174,0.06536867666571008,1120.7562327996961
GAAATGTTGGATGATAAAGAAGAACAAGAGAAAGATAGAGATAATGAGAATCAAGGTGAAGAAGATCCAACTTGGTTTGATTCTGGTTCTCAATTCTTGTCTCAAATTAATGTCTTGCAA,0.22485769993992163,0.13574078441766943,0.05596018194250285,0.19984742112715873,0.0443152459055007,0.04122115639787491,0.08341754310245203,0.21463996716691974,1851.3477458766367
GAAATGTTGGATGATAAAGAAGAACAAGAGAAAGATAGAGATAATGAGAATCAAGGTGAAGAAGATCCAACTTGGTTTGATTCTGGTTCTCAATTGTCTGTTCAAATCTTGCAGAACTTT,0.19111780381687513,0.12819208974889107,0.0968883199742801,0.08650293928680196,0.05580110163385444,0.10381013985696118,0.23633580470077672,0.10135180098155948,1573.910168471716
GAAATGTTGGATGATAAAGAAGAACAAGAGAAAGATAGAGATAATGAGAATCAAGGTGAAGAAGATCCAACTTGGTTTGATTCTGGTTCTCAATTGTTTATTAATTCTCAACAATTGGTT,0.09858218800378428,0.1487788002458799,0.12267040840619997,0.12047361315390913,0.18457269683156877,0.036144386345981896,0.10057285464374333,0.1882050523689328,1798.0799483057217
GAAATGTTGGATGATAAAGAAGAACAAGAGAAAGATAGAGATAATGAGAATCAAGGTGAAGAAGATCCAACTTGGTTTGATTCTGGTTCTCAATTGTTTATTTCTAATCAACAATTGGTT,0.22869229327225377,0.303162699582751,0.20766099367068627,0.16308507468793676,0.030453359805252322,0.03540888360548521,0.018630426859540056,0.012906268516094587,455.0092544216304
GAAATGTTGGATGATAAAGAAGAACAAGAGAAAGATAGAGATAATGAGAATCAAGGTGAAGAAGATCCAACTTGGTTTGATTCTGGTTCTCAATTTAATCAATCTTTGATTCAATTGGTT,0.06695276505668518,0.08599500976267176,0.14003581039986981,0.2342249594218474,0.22179060746523185,0.1945536304908681,0.03435054616607027,0.02209667123675558,856.6242477522119
GAAATGTTGGATGATAAAGAAGAACAAGAGAAAGATAGAGATAATGAGAATCAAGGTGAAGAAGATCCAACTTGGTTTGATTCTGGTTCTCAATTTAATTCTCAATTGCAAATCTTGGTT,0.3872949113817201,0.2534244437610953,0.2069152105948883,0.05144550635438781,0.007605202849151245,0.004501768568965562,0.03188514764239071,0.05692780884740088,666.5221977802025
GAAATGTTGGATGATAAAGAAGAACAAGAGAAAGATAGAGATAATGAGAATCAAGGTGAAGAAGATCCAACTTGGTTTGATTCTGGTTCTCAATTTAATTCTTTGATTCAACAATTGGTT,0.05946876611677866,0.10470762683539188,0.12949957244493782,0.08258472712150124,0.2637040776654852,0.2044102205703327,0.13788549275056655,0.017739516495005832,1069.870137786568
GAAATGTTGGATGATAAAGAAGAACAAGAGAAAGATAGAGATAATGAGAATCAAGGTGAAGAAGATCCAACTTGGTTTGATTCTGGTTCTCAATTTAATTTGTCTATTCAACAATTGGTT,0.2526321564285798,0.10893393304776813,0.2245442568796595,0.10023776976016024,0.07112724522957457,0.11578199939403101,0.08367972358413897,0.043062915676087686,889.2108167468042
GAAATGTTGGATGATAAAGAAGAACAAGAGAAAGATAGAGATAATGAGAATCAAGGTGAAGAAGATCCAACTTGGTTTGATTCTGGTTCTCAATTTATCTTAAATTCTCAACAAGCTGTT,0.10834790581217107,0.16351707912254507,0.23593910541926993,0.1504635596123406,0.16015008905727698,0.12414034442836033,0.0251217661924687,0.03232015035556721,769.5207978771091
GAAATGTTGGATGATAAAGAAGAACAAGAGAAAGATAGAGATAATGAGAATCAAGGTGAAGAAGATCCAACTTGGTTTGATTCTGGTTCTCAATTTATCTTAAATTCTCAACAAGTCTTG,0.057771834863788826,0.07265700877853354,0.053916138812351716,0.20859328308965208,0.2419471413167188,0.1985774092583375,0.08037057202419776,0.08616661185641979,1358.9434387979431
GAAATGTTGGATGATAAAGAAGAACAAGAGAAAGATAGAGATAATGAGAATCAAGGTGAAGAAGATCCAACTTGGTTTGATTCTGGTTCTCAATTTATCTTAAATTCTCAACAATTGGCT,0.26541084830541833,0.2670361207077662,0.0,0.07371561212266309,0.13076878189833732,0.06081925419172568,0.12307740008620462,0.07917198268788461,1144.3891375565263
GAAATGTTGGATGATAAAGAAGAACAAGAGAAAGATAGAGATAATGAGAATCAAGGTGAAGAAGATCCAACTTGGTTTGATTCTGGTTCTCAATTTATCTTAAATTCTCAACAATTGGTT,0.005206265973605702,0.03774234986332831,0.11049808913171062,0.2203316036034819,0.33935838827393305,0.2444614241231273,0.032851100747022875,0.009550778283790199,895.3519262836885
GAAATGTTGGATGATAAAGAAGAACAAGAGAAAGATAGAGATAATGAGAATCAAGGTGAAGAAGATCCAACTTGGTTTGATTCTGGTTCTCAATTTATCTTAAATTCTCAAGTCTTGCAA,0.08447694816924593,0.11040919992125425,0.1905826745142612,0.2939839185480519,0.1755655015544588,0.11308050501919821,0.030560105059279894,0.001341147214249908,621.7958159440632
GAAATGTTGGATGATAAAGAAGAACAAGAGAAAGATAGAGATAATGAGAATCAAGGTGAAGAAGATCCAACTTGGTTTGATTCTGGTTCTCAATTTATCTTAAATTCTCAAGTTCAATTG,0.27916076343508556,0.046811705824812894,0.05789545683488306,0.25844844811526335,0.2292390157956654,0.08529342107462033,0.04315118891966925,0.0,601.9234266770228
GAAATGTTGGATGATAAAGAAGAACAAGAGAAAGATAGAGATAATGAGAATCAAGGTGAAGAAGATCCAACTTGGTTTGATTCTGGTTCTCAATTTATCTTAAATTCTCAATTGCAAGTT,0.01252175296283704,0.026240598786173127,0.07594588075378655,0.2077784102977542,0.3108671958910379,0.2854503990510566,0.07061094210390216,0.010584820153452386,1014.4408085141138
GAAATGTTGGATGATAAAGAAGAACAAGAGAAAGATAGAGATAATGAGAATCAAGGTGAAGAAGATCCAACTTGGTTTGATTCTGGTTCTCAATTTATCTTAAATTCTGCTGCTGCTGCT,0.12586605973307327,0.14305269767703654,0.1160155561911941,0.12170643245779984,0.13091974070297155,0.12177892724762135,0.10160202736801285,0.13905855862229047,1564.5131776979401
GAAATGTTGGATGATAAAGAAGAACAAGAGAAAGATAGAGATAATGAGAATCAAGGTGAAGAAGATCCAACTTGGTTTGATTCTGGTTCTCAATTTATCTTAAATTCTGTCTTGCAACAA,0.011008961359662445,0.014768501253940343,0.018265284543640896,0.048922330380612125,0.11209911667383665,0.23545371337386503,0.3930942724627855,0.16638781995165697,2519.558243150548
GAAATGTTGGATGATAAAGAAGAACAAGAGAAAGATAGAGATAATGAGAATCAAGGTGAAGAAGATCCAACTTGGTTTGATTCTGGTTCTCAATTTATCTTAAATTCTGTTCAACAATTG,0.008914027346910382,0.008968613369799832,0.02218427887089614,0.049515909884701025,0.14054304175208995,0.22060743124435517,0.42163220663475565,0.12763449089649187,2348.8992649850766
GAAATGTTGGATGATAAAGAAGAACAAGAGAAAGATAGAGATAATGAGAATCAAGGTGAAGAAGATCCAACTTGGTTTGATTCTGGTTCTCAATTTATCTTAAATTCTGTTCAATTGCAA,0.048394960797977525,0.10480677642562446,0.20837817594464228,0.2525069725003113,0.22072475224465685,0.15323087407079153,0.00980098569592086,0.002156502320075217,642.241274391663
GAAATGTTGGATGATAAAGAAGAACAAGAGAAAGATAGAGATAATGAGAATCAAGGTGAAGAAGATCCAACTTGGTTTGATTCTGGTTCTCAATTTATCTTAAATTCTTTGCAACAAGTT,0.14319201126642767,0.2161032948487188,0.08909024468945435,0.23862220016191776,0.10582674941758288,0.1312505707591233,0.03320079147538495,0.04271413738139034,835.6034670956451
GAAATGTTGGATGATAAAGAAGAACAAGAGAAAGATAGAGATAATGAGAATCAAGGTGAAGAAGATCCAACTTGGTTTGATTCTGGTTCTCAATTTATCTTAAATTCTTTGCAAGTTCAA,0.03644519732944071,0.09591892147803244,0.16492082779212322,0.24613511918716985,0.26076948066315175,0.17004058588560875,0.019713825778759148,0.006056041885714133,725.4148105955924
GAAATGTTGGATGATAAAGAAGAACAAGAGAAAGATAGAGATAATGAGAATCAAGGTGAAGAAGATCCAACTTGGTTTGATTCTGGTTCTCAATTTATCTTGAATACTCAACAATTGGTT,0.03656455885567099,0.06131410989509435,0.12133062327907256,0.24373190668733374,0.2161857144604987,0.17874811783768127,0.11303910818486623,0.029085860799782273,1067.221549544754
GAAATGTTGGATGATAAAGAAGAACAAGAGAAAGATAGAGATAATGAGAATCAAGGTGAAGAAGATCCAACTTGGTTTGATTCTGGTTCTCAATTTATCTTGAATCAACAATCTTTGGTT,0.09934005812441819,0.0749612833889402,0.09271009612367981,0.16554515174562115,0.09789033475897295,0.09105563371000237,0.23033188274761707,0.14816555940074827,1881.9863081052033
GAAATGTTGGATGATAAAGAAGAACAAGAGAAAGATAGAGATAATGAGAATCAAGGTGAAGAAGATCCAACTTGGTTTGATTCTGGTTCTCAATTTATCTTGAATCAATCTCAATTGGTT,0.11055013828218012,0.12862064308614732,0.22629911064261546,0.24948874634782642,0.1427834453208873,0.10899321765513698,0.021729507579297615,0.011535191085908737,631.1502785385977
GAAATGTTGGATGATAAAGAAGAACAAGAGAAAGATAGAGATAATGAGAATCAAGGTGAAGAAGATCCAACTTGGTTTGATTCTGGTTCTCAATTTATCTTGAATGAACAACAATTGGTT,0.15126188384750514,0.03804703814056749,0.14116665578942378,0.1680468214443874,0.11179082783170971,0.10398559465799603,0.10521566572140945,0.18048551256700096,1807.6456033542204
GAAATGTTGGATGATAAAGAAGAACAAGAGAAAGATAGAGATAATGAGAATCAAGGTGAAGAAGATCCAACTTGGTTTGATTCTGGTTCTCAATTTATCTTGAATTATCAACAATTGGTT,0.0917190812202618,0.11278756262998846,0.11413032495788226,0.23775917129002438,0.20084572201235992,0.14011700854436543,0.0661614272436016,0.03647970210151608,943.1042211064652
GAAATGTTGGATGATAAAGAAGAACAAGAGAAAGATAGAGATAATGAGAATCAAGGTGAAGAAGATCCAACTTGGTTTGATTCTGGTTCTCAATTTATCTTGCAAAATTCTCAATTGGTT,0.014620578637612146,0.007355054676209105,0.009096533506346993,0.12994373494411335,0.24252141211879072,0.42437454211336867,0.16045797182660404,0.01163017217695497,1326.5350877582375
GAAATGTTGGATGATAAAGAAGAACAAGAGAAAGATAGAGATAATGAGAATCAAGGTGAAGAAGATCCAACTTGGTTTGATTCTGGTTCTCAATTTATCTTGCAACAAAATTCTTTGGTT,0.3883562806954468,0.1302448076401045,0.16108326978971949,0.1078626632480463,0.06378146446457264,0.11865648799901177,0.03001502616309857,0.0,482.12507891135544
GAAATGTTGGATGATAAAGAAGAACAAGAGAAAGATAGAGATAATGAGAATCAAGGTGAAGAAGATCCAACTTGGTTTGATTCTGGTTCTCAATTTATCTTGCAACAATCTAATTTGGTT,0.0009404343406556781,0.0010513257703940048,0.004030779321732135,0.08172584628575313,0.3033430969298509,0.4885665223882152,0.11173903497792273,0.00860295998547628,1287.3098143783695
GAAATGTTGGATGATAAAGAAGAACAAGAGAAAGATAGAGATAATGAGAATCAAGGTGAAGAAGATCCAACTTGGTTTGATTCTGGTTCTCAATTTATCTTGCAACAATTGGTTAATTCT,0.12440110723896788,0.1189047464935829,0.054179332281716605,0.07601297543147487,0.09806852350947953,0.13113073565585862,0.271132605315486,0.12616997407343356,1860.7923485350232
GAAATGTTGGATGATAAAGAAGAACAAGAGAAAGATAGAGATAATGAGAATCAAGGTGAAGAAGATCCAACTTGGTTTGATTCTGGTTCTCAATTTATCTTGCAATCTCAATTGGTTAAT,0.09541106008883998,0.12799376022199205,0.0,0.1059984509695333,0.031339558241139064,0.11660572385883562,0.2949627038025217,0.2276887428171382,2490.792158647127
GAAATGTTGGATGATAAAGAAGAACAAGAGAAAGATAGAGATAATGAGAATCAAGGTGAAGAAGATCCAACTTGGTTTGATTCTGGTTCTCAATTTATCTTGCAATCTCAGAATTTGGTT,0.04380957875941625,0.03554665444660665,0.03341198999323471,0.06751132575381635,0.14622178676756406,0.24482265261837932,0.2988352809427655,0.12984073071821706,2105.8728727120274
GAAATGTTGGATGATAAAGAAGAACAAGAGAAAGATAGAGATAATGAGAATCAAGGTGAAGAAGATCCAACTTGGTTTGATTCTGGTTCTCAATTTATCTTGCAATCTGTTCAATTGAAT,0.20174129107043456,0.26478536300668126,0.2548110641418991,0.17525777412515886,0.054557118344662404,0.033368509496251766,0.009144209145075178,0.0063346706698367925,413.02258900282004
GAAATGTTGGATGATAAAGAAGAACAAGAGAAAGATAGAGATAATGAGAATCAAGGTGAAGAAGATCCAACTTGGTTTGATTCTGGTTCTCAATTTATCTTGCAATTGCAATCTGTTAAT,0.29247453779012683,0.2494250747780988,0.2183638143500255,0.12068802177019868,0.06038608152285237,0.033191320276109146,0.01550028393766767,0.009970865574921033,428.07985084918624
GAAATGTTGGATGATAAAGAAGAACAAGAGAAAGATAGAGATAATGAGAATCAAGGTGAAGAAGATCCAACTTGGTTTGATTCTGGTTCTCAATTTATCTTGCAGAATCAATCTTTGGTT,0.18074520726368523,0.07274080813558118,0.17992774428296038,0.08032071741904405,0.3205934899024532,0.165672032996276,0.0,0.0,616.736562830913
GAAATGTTGGATGATAAAGAAGAACAAGAGAAAGATAGAGATAATGAGAATCAAGGTGAAGAAGATCCAACTTGGTTTGATTCTGGTTCTCAATTTATCTTGCAGAATTTGTCTGTTCAA,0.15010785090823736,0.17735931927765022,0.28330161140588,0.22537586341598626,0.09129805446694483,0.0641658115639327,0.008012503515452688,0.00037898544591578794,448.1263571379668
GAAATGTTGGATGATAAAGAAGAACAAGAGAAAGATAGAGATAATGAGAATCAAGGTGAAGAAGATCCAACTTGGTTTGATTCTGGTTCTCAATTTATCTTGGAAGAACAACAATTGGTT,0.09135970217837149,0.11489894165260053,0.11368313287649301,0.20299505954400324,0.1350396607155181,0.2512223890685615,0.06354854005717582,0.027252573907276336,961.6658399930967
GAAATGTTGGATGATAAAGAAGAACAAGAGAAAGATAGAGATAATGAGAATCAAGGTGAAGAAGATCCAACTTGGTTTGATTCTGGTTCTCAATTTATCTTGGATGATCAACAATTGGTT,0.020939226141544472,0.04341903114716031,0.1045714357675136,0.20518895507676943,0.30883507792406056,0.2576651558010062,0.04752987455707906,0.011851243584866493,936.7139312422578
GAAATGTTGGATGATAAAGAAGAACAAGAGAAAGATAGAGATAATGAGAATCAAGGTGAAGAAGATCCAACTTGGTTTGATTCTGGTTCTCAATTTATCTTGGTCTTAAATTCTCAACAA,0.25487393012025683,0.17095645236659865,0.19821968940997348,0.18877085989897255,0.041859069429237436,0.08760705774725999,0.019698529574832636,0.03801441145286852,679.2101824425486
GAAATGTTGGATGATAAAGAAGAACAAGAGAAAGATAGAGATAATGAGAATCAAGGTGAAGAAGATCCAACTTGGTTTGATTCTGGTTCTCAATTTATCTTGGTCTTGAATCAATCTCAA,0.12882807847351863,0.19783642991513137,0.11812078433850978,0.11299233531587058,0.060133272834461834,0.06214974336650619,0.12576985580028835,0.19416949995571334,1851.1360580449061
GAAATGTTGGATGATAAAGAAGAACAAGAGAAAGATAGAGATAATGAGAATCAAGGTGAAGAAGATCCAACTTGGTTTGATTCTGGTTCTCAATTTATCTTGGTTTCTAATTTGCAACAA,0.07467259520249628,0.08765150452188092,0.10840501979462737,0.11061162670197154,0.1931550009555441,0.30800386796513385,0.09522557034952722,0.022274814508818852,1079.414313544805
GAAATGTTGGATGATAAAGAAGAACAAGAGAAAGATAGAGATAATGAGAATCAAGGTGAAGAAGATCCAACTTGGTTTGATTCTGGTTCTCAATTTATCTTGTCTAATCAACAATTGGTT,0.0917401698056162,0.2307548769612912,0.11415656646692676,0.20384043279726008,0.1356020336006229,0.08408953503783277,0.08508425073981173,0.05473213459063845,992.7195845490432
GAAATGTTGGATGATAAAGAAGAACAAGAGAAAGATAGAGATAATGAGAATCAAGGTGAAGAAGATCCAACTTGGTTTGATTCTGGTTCTCAATTTATCTTGTCTCAACAGAATTTGGTT,0.009980283636124413,0.01896708699281685,0.016558575735217664,0.1170374301640707,0.23603126261257737,0.32017936559302695,0.2283194912656695,0.052926504000496595,1616.105110113796
GAAATGTTGGATGATAAAGAAGAACAAGAGAAAGATAGAGATAATGAGAATCAAGGTGAAGAAGATCCAACTTGGTTTGATTCTGGTTCTCAATTTATCTTGTCTCAATTGAATGTTCAA,0.22737564714394165,0.3545904105797608,0.12732034891602617,0.12630331516603754,0.022405743096185572,0.09378618569703644,0.02108791232315525,0.027130437077856562,592.8215796857698
GAAATGTTGGATGATAAAGAAGAACAAGAGAAAGATAGAGATAATGAGAATCAAGGTGAAGAAGATCCAACTTGGTTTGATTCTGGTTCTCAATTTATCTTGTCTCAGAATCAATTGGTT,0.07674108164809586,0.154422028135367,0.06366166828530988,0.09946619467727856,0.17644936728418903,0.10551193475707454,0.20165789351244273,0.12208983170024253,1696.581710944141
GAAATGTTGGATGATAAAGAAGAACAAGAGAAAGATAGAGATAATGAGAATCAAGGTGAAGAAGATCCAACTTGGTTTGATTCTGGTTCTCAATTTATCTTGTCTGTTCAATTGAATCAA,0.010630787628004894,0.08556709136421803,0.013228384218423697,0.09448355526961826,0.23046422908046713,0.4092579685212916,0.11831405178595827,0.038053932132018235,1357.4926276404603
GAAATGTTGGATGATAAAGAAGAACAAGAGAAAGATAGAGATAATGAGAATCAAGGTGAAGAAGATCCAACTTGGTTTGATTCTGGTTCTCAATTTATTAATTCTTTGCAACAATTGGTT,0.0778301729712849,0.03915338728044385,0.19369541898068246,0.04323334090390222,0.23008306509038903,0.14267911365188665,0.18045862478353308,0.09286687633787782,1536.8997032285858
GAAATGTTGGATGATAAAGAAGAACAAGAGAAAGATAGAGATAATGAGAATCAAGGTGAAGAAGATCCAACTTGGTTTGATTCTGGTTCTCAATTTATTCAACAATTGTCTGTCTTGAAT,0.052253744110289234,0.12773965751407132,0.07892689358025554,0.3694723770763075,0.26323868633588454,0.08281155386385364,0.01645839430838325,0.009098693210955027,660.2120362301714
GAAATGTTGGATGATAAAGAAGAACAAGAGAAAGATAGAGATAATGAGAATCAAGGTGAAGAAGATCCAACTTGGTTTGATTCTGGTTCTCAATTTATTGCTAATTCTCAACAATTGGTT,0.15489617990829394,0.13636411567894757,0.16262819852909607,0.17208440107561246,0.1812548888996826,0.14530630013226575,0.03591454386306754,0.011551371913033964,697.2539932259652
GAAATGTTGGATGATAAAGAAGAACAAGAGAAAGATAGAGATAATGAGAATCAAGGTGAAGAAGATCCAACTTGGTTTGATTCTGGTTCTCAATTTATTTCTAATTTGCAACAATTGGTT,0.17432388870814136,0.24554793219019214,0.17353546766045622,0.11620075588412611,0.03435597712405878,0.22370070482668739,0.032335273606338,0.0,612.8123813876074
GAAATGTTGGATGATAAAGAAGAACAAGAGAAAGATAGAGATAATGAGAATCAAGGTGAAGAAGATCCAACTTGGTTTGATTCTGGTTCTCAATTTATTTCTCAATTGCAGAATTTGGTT,0.09805231002850413,0.22196867420133606,0.12201105656030087,0.2723319751223885,0.12077672433711753,0.06740645763861654,0.06820382513265422,0.029248976979082072,787.2294244599922
GAAATGTTGGATGATAAAGAAGAACAAGAGAAAGATAGAGATAATGAGAATCAAGGTGAAGAAGATCCAACTTGGTTTGATTCTGGTTCTCAATTTCAACAAATTAATTTGTCTTTGGTT,0.4564472861964171,0.2844101671746043,0.13095485588616623,0.07273381657483331,0.02230842603509366,0.015142513777304708,0.008512021267170017,0.009490913088410562,332.88562513203055
GAAATGTTGGATGATAAAGAAGAACAAGAGAAAGATAGAGATAATGAGAATCAAGGTGAAGAAGATCCAACTTGGTTTGATTCTGGTTCTCAATTTCAACAATTGTTGTCTATTAATGTT,0.0691094442834011,0.02781305741425068,0.0859961005800044,0.18426779540027682,0.06810089266744473,0.11402296167414772,0.1538290229466214,0.2968607250338533,2628.389796894192
GAAATGTTGGATGATAAAGAAGAACAAGAGAAAGATAGAGATAATGAGAATCAAGGTGAAGAAGATCCAACTTGGTTTGATTCTGGTTCTCAATTTCAACAGAATTTGTCTATCTTGGTT,0.08325164411171238,0.08376144467370432,0.0,0.11891539584408219,0.10547576704384723,0.11991399600562054,0.1764836189514972,0.31219813336953633,2776.9432985507847
GAAATGTTGGATGATAAAGAAGAACAAGAGAAAGATAGAGATAATGAGAATCAAGGTGAAGAAGATCCAACTTGGTTTGATTCTGGTTCTCAATTTCAATCTCAGAATATCTTGTTGGTT,0.018688685110328347,0.007051172745275638,0.03488280207836595,0.11159841143132251,0.2140854302461161,0.34902679994257957,0.21449323202159404,0.05017346642441793,1586.9699486286675
GAAATGTTGGATGATAAAGAAGAACAAGAGAAAGATAGAGATAATGAGAATCAAGGTGAAGAAGATCCAACTTGGTTTGATTCTGGTTCTCAATTTCAATTGAATATTGTTTCTCAATTG,0.2294900570747452,0.22234368440774785,0.26441219209867206,0.09442802519797368,0.10888269607769177,0.05453565847689434,0.01576593546737729,0.01014175119889789,483.54620071443924
GAAATGTTGGATGATAAAGAAGAACAAGAGAAAGATAGAGATAATGAGAATCAAGGTGAAGAAGATCCAACTTGGTTTGATTCTGGTTCTCAATTTCAATTGCAAAATTCTGTCTTGATT,0.06520250134050161,0.0,0.16226901898825974,0.0724377670156554,0.06425096586263414,0.29882482410070693,0.18141581767309506,0.1555991050191472,2015.0471715475383
GAAATGTTGGATGATAAAGAAGAACAAGAGAAAGATAGAGATAATGAGAATCAAGGTGAAGAAGATCCAACTTGGTTTGATTCTGGTTCTCAATTTCAGAATATTTCTTTGCAATTGGTT,0.12805620900381753,0.17178716696901128,0.21246174081461164,0.14226610393801875,0.1261874152685586,0.1173770126723631,0.0,0.10186435133361907,1104.0244904592337
GAAATGTTGGATGATAAAGAAGAACAAGAGAAAGATAGAGATAATGAGAATCAAGGTGAAGAAGATCCAACTTGGTTTGATTCTGGTTCTCAATTTCAGAATCAAATTTCTTTGTTGGTT,0.09414409192019597,0.0,0.35144363618013674,0.05229544615782632,0.18554039221731083,0.12943947454373958,0.13097064578551934,0.056166313195271225,1172.3915359869034
GAAATGTTGGATGATAAAGAAGAACAAGAGAAAGATAGAGATAATGAGAATCAAGGTGAAGAAGATCCAACTTGGTTTGATTCTGGTTCTCAATTTGCTGCTGCTGCTCAACAATTGGTT,0.1465364738624522,0.22115070901733772,0.09117107998465922,0.18992989313548808,0.12033165632965842,0.1790881643128417,0.02265083025799654,0.029141193099566004,777.3359470775891
GAAATGTTGGATGATAAAGAAGAACAAGAGAAAGATAGAGATAATGAGAATCAAGGTGAAGAAGATCCAACTTGGTTTGATTCTGGTTCTCAATTTGCTGCTGCTGCTGCTGCTGCTGCT,0.6078140449371887,0.281892725989399,0.06333953653152577,0.013598034312377393,0.012042621820925073,0.006741827821609164,0.007145166254495482,0.007426042332479395,267.351213506067
GAAATGTTGGATGATAAAGAAGAACAAGAGAAAGATAGAGATAATGAGAATCAAGGTGAAGAAGATCCAACTTGGTTTGATTCTGGTTCTCAATTTGTTTCTCAATTGAATATCTTGCAA,0.15943489325453417,0.17186915387963939,0.14170876001150742,0.13917102385128796,0.07855408667770435,0.13570039237900683,0.10561971196234328,0.06794197798397666,1129.862441886015
GAAATGTTGGATGATAAAGAAGAACAAGAGAAAGATAGAGATAATGAGAATCAAGGTGAAGAAGATCCAACTTGGTTTGATTCTGGTTCTCCATTTATCTTAAATTCTCCACAATTGGTT,0.17741510386400475,0.21866436774075354,0.20972758370113362,0.17246439143783449,0.10926624312265003,0.08130982111883811,0.020567913726041817,0.010584575288743752,546.7415697459686
GAAATGTTGGATGATAAAGAAGAACAAGAGAAAGATAGAGATAATGAGAATCAAGGTGAAGAAGATCCAACTTGGTTTGATTCTGGTTCTGAATTTATCTTAAATTCTGAACAATTGGTT,0.015826731897950922,0.03184729724873418,0.0787757587844386,0.035165924443787314,0.20274492956282497,0.33365796219476906,0.2642125178632787,0.037768878004216265,1590.2935595178878
GAAATGTTGGATGATAAAGAAGAACAAGAGAAAGATAGAGATAATGAGAATCAAGGTGAAGAAGATCCAACTTGGTTTGATTCTGGTTCTGGATTTATCTTAAATTCTGGTCAATTGGTT,0.005074654273421243,0.18312549716050922,0.20533067608780067,0.2031476003286621,0.24636274998412672,0.1494667703876758,0.00607920167518915,0.0014128501026151564,630.0153347356529
GAAATGTTGGATGATAAAGAAGAACAAGAGAAAGATAGAGATAATGAGAATCAAGGTGAAGAAGATCCAACTTGGTTTGATTCTGGTTCTGTCTTGCAACAATCTAATTTGATCTTTCAA,0.2058198973410118,0.207080258027616,0.2561112851743042,0.1524392823818787,0.03380270931848906,0.06288520977456134,0.0,0.08186135798213898,869.9277162035816
GAAATGTTGGATGATAAAGAAGAACAAGAGAAAGATAGAGATAATGAGAATCAAGGTGAAGAAGATCCAACTTGGTTTGATTCTGGTTCTGTCTTGCAATCTATTCAACAGAATTTGTTT,0.44946879009106,0.24448751551655099,0.13988365374415562,0.10028259909419424,0.03302367261080159,0.01700668694659881,0.01554066539135952,0.0003064166052792358,309.3567552778355
GAAATGTTGGATGATAAAGAAGAACAAGAGAAAGATAGAGATAATGAGAATCAAGGTGAAGAAGATCCAACTTGGTTTGATTCTGGTTCTGTCTTGTTGATTCAATCTAACTTTCAACAA,0.1220380030607732,0.21048911338353535,0.2820212044616547,0.18400153890846585,0.05583362398251677,0.043945272095547265,0.04446511148057314,0.057206132626933595,832.1064277041894
GAAATGTTGGATGATAAAGAAGAACAAGAGAAAGATAGAGATAATGAGAATCAAGGTGAAGAAGATCCAACTTGGTTTGATTCTGGTTCTTCATTTATCTTAAATTCTTCTCAATTGGTT,0.01724048556897365,0.08673029785427505,0.15017197468270907,0.0957679729463332,0.11892220066433244,0.3792653320943059,0.15190173618907077,0.0,1122.3658869318156
GAAATGTTGGATGATAAAGAAGAACAAGAGAAAGATAGAGATAATGAGAATCAAGGTGAAGAAGATCCAACTTGGTTTGATTCTGGTTCTTCTAACTTTCAATTGCAAATTCAATTGGTT,0.040493696392513524,0.04074166397799847,0.08398032097095838,0.2849184453918542,0.21281466619245643,0.23507269159433625,0.03755580379393968,0.06442271168594305,1173.644103323198
GAAATGTTGGATGATAAAGAAGAACAAGAGAAAGATAGAGATAATGAGAATCAAGGTGAAGAAGATCCAACTTGGTTTGATTCTGGTTCTTCTAATTTGTTTCAAATTCAACAATTGGTT,0.13165022243982066,0.17219331609703648,0.08190925196770808,0.2047625033155546,0.12972897931654775,0.09653704383628961,0.0732592531260126,0.10995942990103016,1307.2892956197493
GAAATGTTGGATGATAAAGAAGAACAAGAGAAAGATAGAGATAATGAGAATCAAGGTGAAGAAGATCCAACTTGGTTTGATTCTGGTTCTTCTCAACAAATCTTGTTTAATCAATTGGTT,0.31850046635651985,0.08011270971259238,0.29724372432284346,0.04423040163717606,0.03923155203095384,0.07298481183869868,0.14769633410121571,0.0,698.0626027459098
GAAATGTTGGATGATAAAGAAGAACAAGAGAAAGATAGAGATAATGAGAATCAAGGTGAAGAAGATCCAACTTGGTTTGATTCTGGTTCTTCTTTGAATCAAGTCTTTCAATTGATTCAA,0.0158735413219433,0.0531983560640766,0.12158330760845415,0.22387100017775471,0.3127235044446946,0.2333935957689265,0.03602313488439599,0.0033335597297542378,838.8850242247446
GAAATGTTGGATGATAAAGAAGAACAAGAGAAAGATAGAGATAATGAGAATCAAGGTGAAGAAGATCCAACTTGGTTTGATTCTGGTTCTTTGATCTTCTCTAATCAACAACAATTGGTT,0.3581996975609777,0.21199598390924038,0.1573145535202472,0.09363475580754359,0.06228922853509224,0.05794019595024516,0.058625584716653675,0.0,479.1612925055704
GAAATGTTGGATGATAAAGAAGAACAAGAGAAAGATAGAGATAATGAGAATCAAGGTGAAGAAGATCCAACTTGGTTTGATTCTGGTTCTTTGATCTTTCAAAATTCTCAACAATTGGTT,0.08826816852382878,0.17761737664512336,0.06276353917096035,0.09806294076107798,0.09940574085761217,0.19648862264889216,0.18711805617199023,0.09027555522051492,1527.1626450557699
GAAATGTTGGATGATAAAGAAGAACAAGAGAAAGATAGAGATAATGAGAATCAAGGTGAAGAAGATCCAACTTGGTTTGATTCTGGTTCTTTGATTCAATTTAATTCTCAACAATTGGTT,0.20086338787699629,0.26212113846911717,0.17075359604854423,0.13919407734153327,0.07838894236780031,0.08385320232933452,0.05533377547423763,0.009491880092436619,594.1695591267198
GAAATGTTGGATGATAAAGAAGAACAAGAGAAAGATAGAGATAATGAGAATCAAGGTGAAGAAGATCCAACTTGGTTTGATTCTGGTTCTTTGCAATCTCAATTCTTGAATGTTCAAATT,0.027125806311149102,0.06368113303398001,0.1125130142985669,0.11049811878429117,0.22274953918721585,0.12431830271646169,0.20964815727102265,0.12946592839731277,1818.5119331388605
GAAATGTTGGATGATAAAGAAGAACAAGAGAAAGATAGAGATAATGAGAATCAAGGTGAAGAAGATCCAACTTGGTTTGATTCTGGTTCTTTGCAATTTATTAATTCTCAACAATTGGTT,0.2993523237382936,0.24381678515319505,0.07095200761904821,0.09502007892659056,0.0421405304090732,0.05226437265363166,0.14542720696998282,0.051026694530184956,976.183503482122
GAAATGTTGGATGATAAAGAAGAACAAGAGAAAGATAGAGATAATGAGAATCAAGGTGAAGAAGATCCAACTTGGTTTGATTCTGGTTCTTTGTCATTTAATCAAATTCAACAATTGGTT,0.13848167971334271,0.17913816957621284,0.1559078516219256,0.13187009847051406,0.10397008870678126,0.10275533057965337,0.14066644215319613,0.04721033917837413,1063.5354318409443
GAAATGTTGGATGATAAAGAAGAACAAGAGAAAGATAGAGATAATGAGAATCAAGGTGAAGAAGATCCAACTTGGTTTGATTCTGGTTCTTTGTCATTTCAAATTCAACAAGTCTTGAAT,0.11875960527748221,0.059743421364583674,0.11083358142488636,0.23089131201905405,0.1462831024053761,0.0816417716215793,0.1101433761742588,0.14170382971277942,1590.8824528769828
GAAATGTTGGATGATAAAGAAGAACAAGAGAAAGATAGAGATAATGAGAATCAAGGTGAAGAAGATCCAACTTGGTTTGATTCTGGTTCTTTGTCTCAGAATATCTTTCAACAATTGGTT,0.037775312609104834,0.06841194097270313,0.11281339445019134,0.16786836317410733,0.2829026810259232,0.2631504219747585,0.049048501297362115,0.018029384495849468,960.3666472801317
GAAATGTTGGATGATAAAGAAGAACAAGAGAAAGATAGAGATAATGAGAATCAAGGTGAAGAAGATCCAACTTGGTTTGATTCTGGTTCTTTGTTCTCTATTAATCAACAACAATTGGTT,0.019662037383175738,0.05564309136627049,0.11269317275776394,0.20272271660674995,0.25724019337758286,0.2484843818491023,0.0802668853483691,0.023287521310985587,1045.9162091157177
GAAATGTTGGATGATAAAGAAGAACAAGAGAAAGATAGAGATAATGAGAATCAAGGTGAAGAAGATCCAACTTGGTTTGATTCTGGTTCTTTGTTTAATCAACAACAATCTATCTTGGTT,0.12151013348657384,0.11811841524588912,0.294626570047919,0.3499056968501152,0.06618743094685656,0.033156841395161916,0.01090344508225052,0.005591466945233756,472.6544532685882
GAAATGTTGGATGATAAAGAAGAACAAGAGAAAGATAGAGATAATGAGAATCAAGGTGAAGAAGATCCAACTTGGTTTGATTCTTCATTTCAAGGTATCTTAAATTCTCAACAATTGGTT,0.18729765270370288,0.1884445903963686,0.10756762773321152,0.16006256780145406,0.14197255110685772,0.09244202146824268,0.05344888044433189,0.06876410834583063,996.8564820542335
GAAATGTTGGATGATAAAGAAGAACAAGAGAAAGATAGAGATAATGAGAATCAAGGTGAAGAAGATCCAACTTGGTTTGATTCTTCATTTCAGAATATCTTGTCTCAACAAGGTTTGGTT,0.18637947917641143,0.1571120168735169,0.08148563987418557,0.1119250154063825,0.134021828176588,0.11543002503808804,0.09343638005680235,0.12020961539802519,1413.28559620788
GAAATGTTGGATGATAAAGAAGAACAAGAGAAAGATAGAGATAATGAGAATCAAGGTGAAGAAGATCCAACTTGGTTTGATTCTTCTAACTTTGGTATCTTGCAATCTCAACAATTGGTT,0.08955253836853784,0.0491459580800198,0.0709127966729567,0.153757013224932,0.20055829452076657,0.1641686804989329,0.13590873165478523,0.13599598697906884,1718.820274176965
GAAATGTTGGATGATAAAGAAGAACAAGAGAAAGATAGAGATAATGAGAATCAAGGTGAAGAAGATCCAACTTGGTTTGATTCTTCTATTAATTTGCAATCTCAAGGATTTCAATTGGTT,0.033061062727364976,0.19958109459864373,0.20569710153690102,0.18364859552153562,0.19547150820965647,0.12121579449836821,0.06132484290752989,0.0,684.8938737064749
GAAATGTTGGATGATAAAGAAGAACAAGAGAAAGATAGAGATAATGAGAATCAAGGTGAAGAAGATCCAACTTGGTTTGATTCTTCTATTCAATTGTCTGGTCAATTTCAGAATTTGGTT,0.08522554173693116,0.17149485935449843,0.08484008905225485,0.1704288341177252,0.11757451883380024,0.1874836602510991,0.14227608778469214,0.04067640886899891,1137.8114970314418
GAAATGTTGGATGATAAAGAAGAACAAGAGAAAGATAGAGATAATGAGAATCAAGGTGAAGAAGATCCAACTTGGTTTGATTCTTCTCAAATTGGATTCTTAAATTCTCAACAATTGGTT,0.14908681423849468,0.11911745938996683,0.12549589257979982,0.10717260716884479,0.21604574922180947,0.1848845245227402,0.07726869147665537,0.020928261401688738,896.456421343876
GAAATGTTGGATGATAAAGAAGAACAAGAGAAAGATAGAGATAATGAGAATCAAGGTGAAGAAGATCCAACTTGGTTTGATTCTTCTCAAGGATTCTTGATTAATTCTCAACAATTGGTT,0.12412131982095183,0.12488139031895894,0.10296662647798836,0.2298242925761502,0.04076998335280798,0.07584684799938113,0.1534881178757925,0.14810142157796907,1667.2202351360854
GAAATGTTGGATGATAAAGAAGAACAAGAGAAAGATAGAGATAATGAGAATCAAGGTGAAGAAGATCCAACTTGGTTTGATTCTTCTCAAGGTTCTATTAATTTGTTTCAACAATTGGTT,0.44362894984149553,0.27467419096022916,0.05661827345033145,0.03791205486970228,0.04483639301377333,0.0729853547961215,0.042199266531889705,0.02714551653645699,583.2093933420716
GAAATGTTGGATGATAAAGAAGAACAAGAGAAAGATAGAGATAATGAGAATCAAGGTGAAGAAGATCCAACTTGGTTTGATTCTTCTCAATTTGGTATCTTAAATTCTCAACAATTGGTT,0.04988805257430203,0.15338114094671632,0.19387172269629588,0.19132754317525139,0.33469597077861485,0.07235306176274278,0.003971552107502672,0.0005109559585740345,572.1737893062285
GAAATGTTGGATGATAAAGAAGAACAAGAGAAAGATAGAGATAATGAGAATCAAGGTGAAGAAGATCCAACTTGGTTTGATTCTTCTGGTCAATTTATCTTAAATTCTCAACAATTGGTT,0.08694548975611989,0.0828124214539191,0.09232240874605817,0.15197375684731768,0.21933221645205023,0.2497100769618125,0.0892387598500917,0.02766486993263074,1054.2614158770466
GAAATGTTGGATGATAAAGAAGAACAAGAGAAAGATAGAGATAATGAGAATCAAGGTGAAGAAGATCCAACTTGGTTTGATTCTTCTGGTTTGATTCAATCTAACTTTCAACAATTGGTT,0.04508982491767746,0.03024395826642669,0.05610736939012979,0.15027979747770304,0.26659082783423393,0.2066478850158325,0.08363694938081573,0.16140338771718088,1836.4781200711418
GAAATGTTGGATGATAAAGAAGAACAAGAGAAAGATAGAGATAATGAGAATCAAGGTGAAGAAGATCCAACTTGGTTTGATTCTTCTGGTTTGTTTCAAATTAATTCTCAACAATTGGTT,0.01532091877155055,0.04138917866689338,0.08699131333757315,0.08590924771435825,0.3861707397556343,0.3217228165191543,0.062207896993278174,0.0002878882415579516,983.9057711861315
GAAATGTTGGATGATAAAGAAGAACAAGAGAAAGATAGAGATAATGAGAATCAAGGTGAAGAAGATCCAACTTGGTTTGATTCTTTGTCTGGTATTCAATTTAATTCTCAACAATTGGTT,0.2651813537337877,0.1647914599064924,0.14557831339815663,0.10397911334368216,0.05379940966314369,0.17157646644937605,0.05786869549566663,0.037225188009694724,838.5952081607057
GAAATGTTGGATGATAAAGAAGAACAAGAGAAAGATAGAGATAATGAGAATCAAGGTGAAGAAGATCCAACTTGGTTTGCTTCTGGTTCTCAATTTATCTTAAATTCTCAACAATTGGTT,0.15342143527158866,0.21291162515317685,0.1711601859242306,0.2644851876431351,0.07819783087625551,0.06303965201829807,0.044159097807208225,0.01262498530610691,598.6449671036478
GAAATGTTGGATGATAAAGAAGAACAAGAGAAAGATAGAGATAATGAGAATCAAGGTGAAGAAGATCCAACTTGGTTTGGATTCTTGTCTGATTCTCAAATTTCTAATCAACAATTGGTT,0.11675614394729693,0.07831407532271348,0.19371347775182518,0.1297121150112545,0.23010451638458146,0.10701931202156367,0.1443803595607648,0.0,861.146283847429
GAAATGTTGGATGATAAAGAAGAACAAGAGAAAGATAGAGATAATGAGAATCAAGGTGAAGAAGATCCAACTTGGTTTGGTCAAATCTTGTCATTTGATTCTAATTCTCAACAATTGGTT,0.19596521170812772,0.1971652261477899,0.06967104023387695,0.18660917327287488,0.0,0.15396237536365104,0.12981969500370613,0.06680727826997329,1159.7236219224712
GAAATGTTGGATGATAAAGAAGAACAAGAGAAAGATAGAGATAATGAGAATCAAGGTGAAGAAGATCCAACTTGGTTTGGTTCATTTCAATCTTTGGATATTAATTCTCAACAATTGGTT,0.2773821906660972,0.30233750180260854,0.14381649169519342,0.0770405509323681,0.02277785015526648,0.08475000460652325,0.06431439987357553,0.02758101026836768,672.2756573680168
GAAATGTTGGATGATAAAGAAGAACAAGAGAAAGATAGAGATAATGAGAATCAAGGTGAAGAAGATCCAACTTGGTTTGGTTCTCAATCTGACTTTATCTTAAATTCTCAACAATTGGTT,0.20398717457416923,0.16722958786694245,0.2914352973679733,0.07554094358445984,0.08933790180523438,0.062325248579650466,0.056055563739940285,0.054088282481630154,845.8399828055406
GAAATGTTGGATGATAAAGAAGAACAAGAGAAAGATAGAGATAATGAGAATCAAGGTGAAGAAGATCCAACTTGGTTTGGTTCTGATTCTCAATTTATCTTAAATTCTCAACAATTGGTT,0.04341679161829359,0.043682659097585556,0.027012768063630857,0.024117291293697905,0.01069579670557552,0.04974508205828067,0.3221345844199998,0.47919502674293607,3994.649377698822
GAAATGTTGGATGATAAAGAAGAACAAGAGAAAGATAGAGATAATGAGAATCAAGGTGAAGAAGATCCAACTTGGTTTGGTTCTTCTGATCAATTTATCTTAAATTCTCAACAATTGGTT,0.03991919000994355,0.06024545931399625,0.12418326882683145,0.15522103049430394,0.23601976567113928,0.14636058050189285,0.1666034051059423,0.07144730007595036,1404.9964778921037
GAAATGTTGGATGATAAAGAAGAACAAGAGAAAGATAGAGATAATGAGAATCAAGGTGAAGAAGATCCAACTTTGGATGGTTGGTTCTTTATTCAATCTTCTAATTCTCAACAATTGGTT,0.14801593609196262,0.1489223278900896,0.12278874915571325,0.13703390300475096,0.09723723948673252,0.04522406876774987,0.1830361414070622,0.11774163419593894,1523.7903442528182
GAAATGTTGGATGATAAAGAAGAACAAGAGAAAGATAGAGATAATGAGAATCAAGGTGAAGAAGATCCAACTTTGTTGGATTCTGGTTCTCAATTGATCTTAAATTCTCAACAATTGGTT,0.044136975184242234,0.0,0.0,0.09806936419434323,0.021746430179367577,0.040456189792141446,0.3479454257295874,0.44764561492031807,3873.4266915179896
GAAATGTTGGATGATAAAGAAGAACAAGAGAAAGATAGAGATAATGAGAATCAAGGTGAAGAAGATCCAGAATGGTTTGATGAAGGTGAACAATTTATCTTGAATGAACAACAATTGGTT,0.03002054032171388,0.10222812681674508,0.1594097439771389,0.31544999095280246,0.17539283420410245,0.188904376395376,0.02388618983923175,0.004708197492889406,719.3514601004383
GAAATGTTGGATGATAAAGAAGAACAAGAGAAAGATAGAGATAATGAGAATCAAGGTGAAGAAGATCCAGAATGGTTTGATGAAGGTGAACAATTTATCTTGAATGCTCAACAATTGGTT,0.23314611162067125,0.31736456291735066,0.2303850968739966,0.08379975372501504,0.02027150152232596,0.031426909543104356,0.05087786584316046,0.032728197954375815,624.5130542820634
GAAATGTTGGATGATAAAGAAGAACAAGAGAAAGATAGAGATAATGAGAATCAAGGTGAAGAAGATCCAGAATGGTTTGATGAAGGTGCTCAATTTATCTTGAATGAACAACAATTGGTT,0.05700678032838267,0.05735586759217006,0.023645397363050297,0.021110866336119936,0.0,0.01741757422793328,0.5287083293617957,0.2947551847905482,3307.867776180994
GAAATGTTGGATGATAAAGAAGAACAAGAGAAAGATAGAGATAATGAGAATCAAGGTGAAGAAGATCCAGAATGGTTTGATGAAGGTGCTCAATTTATCTTGAATGCTCAACAATTGGTT,0.4152017196181018,0.27466684623495236,0.16920445992248023,0.08994862985793257,0.02250283506101522,0.011417284148341771,0.00962695166535023,0.007431273491825814,330.39639796745945
GAAATGTTGGATGATAAAGAAGAACAAGAGAAAGATAGAGATAATGAGAATCAAGGTGAAGAAGATCCAGATTCTACTTGGTTTGGTTCTCAATTTATCTTAAATTCTCAACAATTGGTT,0.35035130167617273,0.28885147581515297,0.17559437317160917,0.1297428035361062,0.023974891322687587,0.008920385972285786,0.02256476850598555,0.0,329.6564035407723
GAAATGTTGGATGATAAAGAAGAACAAGAGAAAGATAGAGATAATGAGAATCAAGGTGAAGAAGATCCAGATTGGTTTGATGATGGTGATCAATTTATCTTGAATGCTCAACAATTGGTT,0.012698034904571904,0.02981018299521693,0.021067675060329333,0.028214172004554065,0.07924726208174172,0.058195436812580194,0.4121869141995722,0.3585803219414337,3518.2778113638788
GAAATGTTGGATGATAAAGAAGAACAAGAGAAAGATAGAGATAATGAGAATCAAGGTGAAGAAGATCCAGATTGGTTTGATGATGGTGCTCAATTTATCTTGAATGATCAACAATTGGTT,0.06713278988166008,0.0,0.08353645743706485,0.12430375350078635,0.08820411287443716,0.30767138860232046,0.24904872704103437,0.08010277066269687,1740.3484469125242
GAAATGTTGGATGATAAAGAAGAACAAGAGAAAGATAGAGATAATGAGAATCAAGGTGAAGAAGATCCAGATTGGTTTGATGATGGTGCTCAATTTATCTTGAATGCTCAACAATTGGTT,0.08846438220714262,0.17801220708371657,0.05504017568739587,0.24570231876688575,0.0,0.08108693043592284,0.24613838277834563,0.10555560304059085,1611.607440803124
GAAATGTTGGATGATAAAGAAGAACAAGAGAAAGATAGAGATAATGAGAATCAAGGTGAAGAAGATCCAGCTTGGTTTGATGCTGAAGAACAATTTATCTTGAATGCTCAACAATTGGTT,0.0820390865992655,0.17540060660657952,0.37643864682165884,0.1651960387382189,0.09599969176634995,0.08929699537010355,0.00951087488374383,0.006118059214079905,517.7800818358596
GAAATGTTGGATGATAAAGAAGAACAAGAGAAAGATAGAGATAATGAGAATCAAGGTGAAGAAGATCCAGCTTGGTTTGATGCTGAAGAACAATTTATCTTGGAAGAACAACAATTGGTT,0.012908326446156622,0.012987371997110492,0.01606243185563907,0.057362851083622116,0.16535932705341455,0.16564578415140335,0.323238693913342,0.24643521349931177,2796.668579056531
GAAATGTTGGATGATAAAGAAGAACAAGAGAAAGATAGAGATAATGAGAATCAAGGTGAAGAAGATCCAGCTTGGTTTGATGCTGATGATCAATTTATCTTGAATGCTCAACAATTGGTT,0.04680172097662816,0.09417663288325301,0.06882620892126981,0.07562927166818684,0.08385221467274048,0.0740977721204288,0.201246785969199,0.3553693927882938,3035.3169055702524
GAAATGTTGGATGATAAAGAAGAACAAGAGAAAGATAGAGATAATGAGAATCAAGGTGAAGAAGATCCAGCTTGGTTTGATGCTGATGATCAATTTATCTTGGATGATCAACAATTGGTT,0.24763918856139883,0.2821563805180403,0.20203144859258326,0.14393629308352882,0.054946084025578865,0.039083926188460495,0.02433615970602779,0.005870519324381603,435.76687658425647
GAAATGTTGGATGATAAAGAAGAACAAGAGAAAGATAGAGATAATGAGAATCAAGGTGAAGAAGATCCAGCTTGGTTTGATGCTGGTGAACAATTTATCTTGAATGAACAACAATTGGTT,0.10337392876735563,0.13000868792950568,0.06431649731672699,0.11484492793363524,0.1527980054085447,0.30794757930329986,0.09587395896298717,0.030836414377944682,1105.807651642498
GAAATGTTGGATGATAAAGAAGAACAAGAGAAAGATAGAGATAATGAGAATCAAGGTGAAGAAGATCCAGCTTGGTTTGATGCTGGTGAACAATTTATCTTGAATGCTCAACAATTGGTT,0.208990132699132,0.13070832036194446,0.10542817163401436,0.18197966155913817,0.1391488015570629,0.10872408561119602,0.057624395423291806,0.06739643115422032,1018.3640012102798
GAAATGTTGGATGATAAAGAAGAACAAGAGAAAGATAGAGATAATGAGAATCAAGGTGAAGAAGATCCAGCTTGGTTTGATGCTGGTGATCAATTTATCTTGAATGATCAACAATTGGTT,0.166905540658728,0.22040498158817462,0.11033442985864336,0.08112404713686393,0.10793330464140771,0.043027458708490826,0.16447099953810848,0.10579923786958305,1393.6280846427185
GAAATGTTGGATGATAAAGAAGAACAAGAGAAAGATAGAGATAATGAGAATCAAGGTGAAGAAGATCCAGCTTGGTTTGATGCTGGTGATCAATTTATCTTGAATGCTCAACAATTGGTT,0.18562526540334448,0.21788895572404965,0.03849702733429462,0.06874112419546236,0.12194422346252623,0.14178760053270562,0.11477187262451445,0.11074393072310267,1414.2003162725837
GAAATGTTGGATGATAAAGAAGAACAAGAGAAAGATAGAGATAATGAGAATCAAGGTGAAGAAGATCCAGCTTGGTTTGATGCTGGTGCTCAATTTATCTTGAATGAACAACAATTGGTT,0.1737715188428217,0.1831611338575916,0.16474818668437502,0.1746681420738421,0.08154075085148034,0.04550854643771896,0.03837239848146348,0.13822932277070688,1311.2105346086294
GAAATGTTGGATGATAAAGAAGAACAAGAGAAAGATAGAGATAATGAGAATCAAGGTGAAGAAGATCCAGCTTGGTTTGATGCTGGTGCTCAATTTATCTTGAATGATCAACAATTGGTT,0.1639900768760967,0.0,0.0,0.2732811181490187,0.16159688071095374,0.07515709500292003,0.22813844005299574,0.09783638920801521,1597.1315511182868
GAAATGTTGGATGATAAAGAAGAACAAGAGAAAGATAGAGATAATGAGAATCAAGGTGAAGAAGATCCAGCTTGGTTTGATGCTGGTGCTCAATTTATCTTGGAAGAACAACAATTGGTT,0.07546710515198186,0.2657523268293106,0.14086085119968955,0.2515241808805969,0.037182886370801506,0.06917355610227896,0.06999182703677397,0.0900472664285667,1119.1685586361286
GAAATGTTGGATGATAAAGAAGAACAAGAGAAAGATAGAGATAATGAGAATCAAGGTGAAGAAGATCCAGCTTGGTTTGATGCTGGTGCTCAATTTATCTTGGATGATCAACAATTGGTT,0.0023960144087340138,0.002142832591486323,0.06316304350054103,0.14512233873580815,0.26889714136282084,0.438182519582403,0.07448415232191591,0.005611957496290735,1126.9420014662048
GAAATGTTGGATGATAAAGAAGAACAAGAGAAAGATAGAGATAATGAGAATCAAGGTGAAGAAGATCCAGGTTCTACTTGGTCTGACTTTCAATTTATCTTAAATTCTCAACAATTGGTT,0.21941357407171694,0.17170002665418932,0.12134512458312478,0.09479595893427786,0.13212928223111206,0.08938474080909832,0.11305261849605791,0.05817867422042281,1046.006301169747
GAAATGTTGGATGATAAAGAAGAACAAGAGAAAGATAGAGATAATGAGAATCAAGGTGAAGAAGATCCAGGTTCTGATTGGTCTACATTTCAATTTATCTTAAATTCTCAACAATTGGTT,0.0029393326236863207,0.0012098176154910132,0.0010390762770526695,0.03254366446641033,0.11115078322817445,0.35759490059578874,0.40321180794669836,0.09031061724669806,2210.0204457557315
GAAATGTTGGATGATAAAGAAGAACAAGAGAAAGATAGAGATAATGAGAATCAAGGTGAAGAAGATCCATGGACATTTGATTCTGGTTCTCAATTTATCTTAAATTCTCAACAATTGGTT,0.014908381888611233,0.015882008821570988,0.01855119400353877,0.038971074155864746,0.14777232346555202,0.23712973449691543,0.38552235692363823,0.1412629262443086,2366.3027860231045
GAAATGTTGGATGATAAAGAAGAACAAGAGAAAGATAGAGATAATGAGAATCAAGGTGAAGAAGATCCATTCTCTCAAACTGGTGATTCTTGGTTTATCTTAAATTCTCAACAATTGGTT,0.08663892069055269,0.11207502464363087,0.07187256305418642,0.08708595867191457,0.040654548530818416,0.0756320976689355,0.22575396640594975,0.3002869203340119,2733.85174403871
GAAATGTTGGATGATAAAGAAGAACAAGAGAAAGATAGAGATAATGAGAATCAAGGTGAAGAAGATCCATTCTCTTCTTGGACTGGTGATCAATTTATCTTAAATTCTCAACAATTGGTT,0.15948047361407464,0.053485689921176145,0.06614966059352678,0.05905913195402085,0.26192181422672106,0.1461806633041562,0.0,0.2537225663863244,2101.937463153892
GAAATGTTGGATGATAAAGAAGAACAAGAGAAAGATAGAGATAATGAGAATCAAGGTGAAGAAGATCCATTCTGGACTGATTCTGGTTCTCAATTTATCTTAAATTCTCAACAATTGGTT,0.32719788903781616,0.09876045634564762,0.08142951478491153,0.10905172639172829,0.06448458254418542,0.14995567597513867,0.09103772303261977,0.07808243188795243,1137.7216488910913
GAAATGTTGGATGATAAAGAAGAACAAGAGAAAGATAGAGATAATGAGAATCAAGGTGAAGAAGATCCATTTACTTGGGATTCTGGTTCTCAATTTATCTTAAATTCTCAACAATTGGTT,0.03438439773314833,0.10221236515185166,0.10891009231423228,0.22572667828468115,0.2109962379976981,0.15185427325032597,0.09132063643400198,0.07459531883406055,1256.0875196422546
GAAATGTTGGATGATAAAGAAGAACAAGAGAAAGATAGAGATAATGAGAATCAAGGTGAAGAAGATCCATTTGATTGGTCTACTGGTTCTCAATTTATCTTAAATTCTCAACAATTGGTT,0.011012242527162134,0.008617526711533867,0.004567682105761494,0.006796793256073692,0.006028630498466251,0.005607711647864952,0.3324991332314775,0.62487028002166,4854.91015454747
GAAATGTTGGATGATAAAGAAGAACAAGAGAAAGATAGAGATAATGAGAATCAAGGTGAAGAAGATGAAGAATGGTTTGATGAAGAAGAAGAATTTATCTTGAATGCTCAACAATTGGTT,0.034812137666829356,0.03502531360510723,0.08663672883622515,0.19337551978702255,0.28300886834905925,0.25527194695883354,0.08071613166591354,0.03115335313100919,1110.5246013482822
GAAATGTTGGATGATAAAGAAGAACAAGAGAAAGATAGAGATAATGAGAATCAAGGTGAAGAAGATGAAGAATGGTTTGATGAAGAAGAAGAATTTATCTTGGAAGAACAACAATTGGTT,0.06808056352846112,0.342487311583408,0.08471581633225647,0.22690558940746552,0.13417405385516762,0.06240301216306953,0.0,0.08123365313017185,934.3846973407451
GAAATGTTGGATGATAAAGAAGAACAAGAGAAAGATAGAGATAATGAGAATCAAGGTGAAGAAGATGAAGAATGGTTTGATGAAGAAGCTCAATTTATCTTGAATGCTCAACAATTGGTT,0.011205021962551411,0.022547274283844457,0.020914396122358195,0.21784698728923402,0.11593576047621594,0.08729996091991922,0.22342965306122467,0.3008209458846521,2819.6141077367456
GAAATGTTGGATGATAAAGAAGAACAAGAGAAAGATAGAGATAATGAGAATCAAGGTGAAGAAGATGAAGAATGGTTTGATGAAGAAGCTCAATTTATCTTGGAAGAACAACAATTGGTT,0.015751899340330597,0.031696715642766236,0.02940123308854026,0.14874851920690502,0.20178630325124242,0.20935500192900036,0.17530883877028744,0.18795148877092763,2182.7437600037583
GAAATGTTGGATGATAAAGAAGAACAAGAGAAAGATAGAGATAATGAGAATCAAGGTGAAGAAGATGACTTCTGGTCTACTCCAGGTTCTCAATTTATCTTAAATTCTCAACAATTGGTT,0.019500531087857487,0.04460312693773605,0.12653282581247194,0.12353971678406021,0.3238120169018113,0.305718428502923,0.045746261967926784,0.010547092005213084,968.8703036654982
GAAATGTTGGATGATAAAGAAGAACAAGAGAAAGATAGAGATAATGAGAATCAAGGTGAAGAAGATGACTTTCCAACTTGGTCTGGTTCTCAATTTATCTTAAATTCTCAACAATTGGTT,0.16380316435995598,0.4120155774492348,0.1426795350560149,0.16378178277137379,0.04842380877317129,0.015014286498422385,0.015191894170141248,0.039089950921685525,593.8250511241267
GAAATGTTGGATGATAAAGAAGAACAAGAGAAAGATAGAGATAATGAGAATCAAGGTGAAGAAGATGACTTTCCAGGATTCTCTCAATGGTCTACTATCTTAAATTCTCAACAATTGGTT,0.033545807425080267,0.043678060866531455,0.15878561722480083,0.22360952411197607,0.16398495254918988,0.3756111982081015,0.0,0.0007848396143199609,820.3860507191769
GAAATGTTGGATGATAAAGAAGAACAAGAGAAAGATAGAGATAATGAGAATCAAGGTGAAGAAGATGACTTTCCATCTTGGACTGGTTCTCAATTTATCTTAAATTCTCAACAATTGGTT,0.04877565439900519,0.07191968452090712,0.19621582803264692,0.2691232029432259,0.2611611680173047,0.12420527724323659,0.025801153261894253,0.0027980315817794643,675.8408974354992
GAAATGTTGGATGATAAAGAAGAACAAGAGAAAGATAGAGATAATGAGAATCAAGGTGAAGAAGATGATACTGGTTGGTTTCCATTCTCTTCTCAAATCTTAAATTCTCAACAATTGGTT,0.22867599175842115,0.14724884111540254,0.21625966293700397,0.20324101526799512,0.12618972740744744,0.033536903822218536,0.0339336200701168,0.010914237621394447,539.0373460103024
GAAATGTTGGATGATAAAGAAGAACAAGAGAAAGATAGAGATAATGAGAATCAAGGTGAAGAAGATGATGATTGGTTTGATGATGATGATGACTTTATCTTGAATGCTCAACAATTGGTT,0.011063430166929062,0.035849824416412775,0.09050881450403296,0.20535123123536417,0.3185490074081436,0.2869729193356386,0.04496029628141617,0.006744476652062552,937.2915492397002
GAAATGTTGGATGATAAAGAAGAACAAGAGAAAGATAGAGATAATGAGAATCAAGGTGAAGAAGATGATGATTGGTTTGATGATGATGATGACTTTATCTTGGATGATCAACAATTGGTT,0.007990098296041668,0.015378184883628479,0.1071913239737759,0.2666360270691754,0.40338227834603213,0.1817845192034852,0.0105489250300624,0.00708864319779885,802.4607641547774
GAAATGTTGGATGATAAAGAAGAACAAGAGAAAGATAGAGATAATGAGAATCAAGGTGAAGAAGATGATGATTGGTTTGATGATGATGCTCAATTTATCTTGAATGCTCAACAATTGGTT,0.0427339952930876,0.10748920398572391,0.1329397521393634,0.11869004758433781,0.10527588728580735,0.2154361596632423,0.27743495404843765,0.0,1227.7048668067712
GAAATGTTGGATGATAAAGAAGAACAAGAGAAAGATAGAGATAATGAGAATCAAGGTGAAGAAGATGATGATTGGTTTGATGATGATGCTCAATTTATCTTGGATGATCAACAATTGGTT,0.06009083609400163,0.15719290316884219,0.1719798005612124,0.14686953674442313,0.15395613459310525,0.12117508667521276,0.11703538297413672,0.07170031918906589,1217.7987007771517
GAAATGTTGGATGATAAAGAAGAACAAGAGAAAGATAGAGATAATGAGAATCAAGGTGAAGAAGATGATTCTTGGACTCCATTTGGTTCTCAATTTATCTTAAATTCTCAACAATTGGTT,0.16106832092569603,0.135045533693411,0.13361654276732393,0.17894144035807055,0.10581184235356293,0.22145413908647016,0.0,0.06406218081546552,977.5942765136467
GAAATGTTGGATGATAAAGAAGAACAAGAGAAAGATAGAGATAATGAGAATCAAGGTGAAGAAGATGATTGGTTTACTCCATCATTTCAAGGTTCTATCTTAAATTCTCAACAATTGGTT,0.07802466322434463,0.11775368369447438,0.14563458415711697,0.1300241308214029,0.11532901047210789,0.03575891382106954,0.14472765907749816,0.2327473547319856,2143.2854233474905
GAAATGTTGGATGATAAAGAAGAACAAGAGAAAGATAGAGATAATGAGAATCAAGGTGAAGAAGATTCATTTCCATGGGATACTGGTTCTCAATTTATCTTAAATTCTCAACAATTGGTT,0.044883620766600046,0.18063388213942466,0.11170155992026612,0.14959254002838815,0.2653716584220894,0.16456227665917225,0.08325446206405936,0.0,804.7765698349809
GAAATGTTGGATGATAAAGAAGAACAAGAGAAAGATAGAGATAATGAGAATCAAGGTGAAGAAGATTCTACTCCAGATTGGTCTGGATTTCAATTTATCTTAAATTCTCAACAATTGGTT,0.1820356807740931,0.061050132068419506,0.07550515888394715,0.06741182194625978,0.05979304510685737,0.05561829599481061,0.2813810921902735,0.21720477303533897,2330.971500166545
GAAATGTTGGATGATAAAGAAGAACAAGAGAAAGATAGAGATAATGAGAATCAAGGTGAAGAAGATTCTGATACATTCTGGCCAGGTTCTCAATTTATCTTAAATTCTCAACAATTGGTT,0.07285403082044925,0.018325040114627867,0.022663916006914253,0.08093835669222933,0.26921562158070556,0.18364059466356375,0.2871654283525513,0.06519701176895867,1679.7619930603996
GAAATGTTGGATGATAAAGAAGAACAAGAGAAAGATAGAGATAATGAGAATCAAGGTGAAGAAGATTCTTCTTGGTTTCCAGGTGATACTCAATTTATCTTAAATTCTCAACAATTGGTT,0.2314264178818254,0.25063024548464674,0.21398117945258757,0.13569530791152526,0.053844923226087096,0.030935144380844656,0.05664005636233796,0.026846725300145185,631.0110854937996
GAAATGTTGGATGATAAAGAAGAACAAGAGAAAGATAGAGATAATGAGAATCAAGGTGAAGAAGATTGGACTCCATTTGATTCTGGTTCTCAATTTATCTTAAATTCTCAACAATTGGTT,0.041399246056512524,0.08330551774911535,0.07727251531381422,0.03832763159402813,0.054393445863372344,0.06324462081669002,0.1727804436942656,0.4692765789122018,3629.3902452439247
GAAATGTTGGATGATAAAGAAGAACAAGAGAAAGATAGAGATAATGAGAATCAAGGTGAAGAAGATTGGCCATCTGGTACTTCTCAAGACTTCTTTATCTTAAATTCTCAACAATTGGTT,0.002626328756533362,7.614091199409744e-05,0.00028383341137571875,0.000671416858647631,0.0004505895148509534,0.00835034657364608,0.3323826607910509,0.6551586831819012,5038.938868544215
GAAATGTTGGATGATAAAGAAGAACAAGAGAAAGATAGAGATAATGAGAATCAAGGTGAAGAAGATTGGCCATTCTCTCAATTTGATTCTACTGGTATCTTAAATTCTCAACAATTGGTT,0.16872021737514215,0.0,0.0699821417739177,0.06248081257510264,0.0,0.15464986232987368,0.20863900456312892,0.3355279613828351,2962.6614356939726
GAAATGTTGGATGATAAAGAAGAACAAGAGAAAGATAGAGATAATGAGAATCAAGGTGAAGAAGATTGGCCATTTACTGATTCTGGTTCTCAATTTATCTTAAATTCTCAACAATTGGTT,0.07531053652240648,0.1207474987152853,0.20449280618356971,0.2532825094622491,0.18905253617950452,0.13384794607994682,0.020235166121671044,0.0030310007353669694,630.626055235264
GAAATGTTGGATGATAAAGAAGAACAAGAGAAAGATAGAGATAATGAGAATCAAGGTGAAGAAGATTGGGGTCCATTCTCTTCTACTGATCAATTTATCTTAAATTCTCAACAATTGGTT,0.05677777198131335,0.0761672758498696,0.058876021946568095,0.2733387735164643,0.2424464603159984,0.1908236454528738,0.07898765935263478,0.02258239158427764,974.5659719046743
GAAATGTTGGATGATAAAGAAGAACAAGAGAAAGATAGAGATAATGAGAATCAAGGTGAAGAAGATTGGTTTCCAACTGATTCTGGTTCTCAATTTATCTTAAATTCTCAACAATTGGTT,0.10668775278039802,0.06314180407116629,0.10932891546536265,0.17430363822312359,0.16078828314873253,0.2876193244382101,0.07566562740354671,0.02246465446946013,1006.9351287010943
GAAATGTTGGATGATAAAGAAGAACAAGAGAAAGATAGAGATAATGAGAATCAAGGTGAAGAAGCTCCAACTTGGTTTGATTCTGGTTCTCAATTTATCTTAAATTCTCAACAATTGGTT,0.12848188070890085,0.16158581697394417,0.11990699155576041,0.0713695053807961,0.28486546855987543,0.029441796413964032,0.08937021190053547,0.1149783285062236,1354.9939159815672
GAAATGTTGGATGATAAAGAAGAACAAGAGAAAGATAGAGATAATGAGAATCAAGGTGAAGAAGCTCCAACTTGGTTTGCTTCTGGTTCTCAATTTATCTTAAATTCTCAACAATTGGTT,0.1908346658512942,0.09600163141570443,0.1187322318162604,0.035335139959474016,0.09402485601731342,0.23322678029391264,0.1179928384955289,0.11385185615051191,1527.6597927109663
GAAATGTTGGATGATAAAGAAGAACAAGAGAAAGATAGAGATAATGAGAATCAAGGTGAAGAAGGTACTGATTGGGATTCTTCTCCATTTCAATTTATCTTAAATTCTCAACAATTGGTT,0.1973377253597978,0.11581858431333708,0.143241305366741,0.18269626521384486,0.08102411202811213,0.10551381439797557,0.07625854510494767,0.09810964821524397,1220.0562169484535
GAAATGTTGGATGATAAAGAAGAACAAGAGAAAGATAGAGATAATGAGAATCAAGGTGAAGAATGGGATGATTCATTTACTCCAGGTTCTCAATTTATCTTAAATTCTCAACAATTGGTT,0.03237177051139123,0.03257000259407822,0.06042255284461283,0.03596393883637442,0.12759740680368342,0.2670492569154699,0.27020824797108833,0.1738168235233018,2318.419916550045
GAAATGTTGGATGATAAAGAAGAACAAGAGAAAGATAGAGATAATGAGAATCAAGGTGAAGAATGGTTTACTGATCCAGATTCTGGTTCTCAATTTATCTTAAATTCTCAACAATTGGTT,0.08779733397707465,0.11777996075851457,0.03641677073052944,0.2601062921401145,0.2018708063111832,0.2146013611365421,0.08142747494604158,0.0,838.8455690237627
GAAATGTTGGATGATAAAGAAGAACAAGAGAAAGATAGAGATAATGAGAATCAAGGTGAAGAATTTACTTGGCCAGATGATTCTGGTTCTCAATTTATCTTAAATTCTCAACAATTGGTT,0.09811537239106062,0.03290539754044136,0.0813930186636135,0.0,0.09668352152897906,0.20984385369159977,0.36398768232669865,0.117071153857607,2097.995339569276
GAAATGTTGGATGATAAAGAAGAACAAGAGAAAGATAGAGATAATGAGAATCAAGGTGAAGACTTTGATTGGACTCCAGAATCTGGTTCTCAATTTATCTTAAATTCTCAACAATTGGTT,0.10272720286500324,0.14211486319847794,0.22369942607114116,0.3281135075137518,0.050614024529326736,0.035310115826136274,0.07145561566611329,0.04596524433004955,846.0562233893177
GAAATGTTGGATGATAAAGAAGAACAAGAGAAAGATAGAGATAATGAGAATCAAGGTGAAGAGTTCTCTGGTGATTGGCCATCTACTGATCAATTTATCTTAAATTCTCAACAATTGGTT,0.09188574550882835,0.09244841793649343,0.13339399861109477,0.1701365767771507,0.1509080116195688,0.16844594102700244,0.1562353185367293,0.03654598998313221,1145.8046585664647
GAAATGTTGGATGATAAAGAAGAACAAGAGAAAGATAGAGATAATGAGAATCAAGGTGAAGATACTCCAGAATGGTTTGATTCTGGTTCTCAATTTATCTTAAATTCTCAACAATTGGTT,0.4030243377743532,0.1351641004844873,0.11144487911507991,0.049749596310865174,0.17650790442275247,0.0410460315914004,0.0830631503010616,0.0,560.0493616381962
GAAATGTTGGATGATAAAGAAGAACAAGAGAAAGATAGAGATAATGAGAATCAAGGTGAAGATACTGAACCATGGTTTGATTCTGGTTCTCAATTTATCTTAAATTCTCAACAATTGGTT,0.06970419563184857,0.1402620738182093,0.21684044346470302,0.21295724080077658,0.13737392897356046,0.09583686317489444,0.06464702726541087,0.062378226870596715,1019.4785912931245
GAAATGTTGGATGATAAAGAAGAACAAGAGAAAGATAGAGATAATGAGAATCAAGGTGAAGATCCAACTTGGTTTGAAGATTCTGGTTCTCAATTTATCTTAAATTCTCAACAATTGGTT,0.03103236725261254,0.022301712394805683,0.11584506009979316,0.24133135078283727,0.26647845713089613,0.2519364278068077,0.06578494077575212,0.005289683756495303,919.2936451704436
GAAATGTTGGATGATAAAGAAGAACAAGAGAAAGATAGAGATAATGAGAATCAAGGTGAAGATCCATGGACATTTGAAGATTCTGGTTCTCAATTTATCTTAAATTCTCAACAATTGGTT,0.0729809726868878,0.0,0.045406811852454446,0.12161907719907156,0.1078738826346456,0.06689475365973734,0.2369012382873561,0.34832326367984723,3087.7204647925823
GAAATGTTGGATGATAAAGAAGAACAAGAGAAAGATAGAGATAATGAGAATCAAGGTGAAGATGAAACTCCATGGTTTGATTCTGGTTCTCAATTTATCTTAAATTCTCAACAATTGGTT,0.5575628867678977,0.36255000272525917,0.07424674013084713,0.0009284074521277352,0.0004940881915952684,0.0010723789178157736,0.0015500919294870676,0.001595403884970242,208.3585819552525
GAAATGTTGGATGATAAAGAAGAACAAGAGAAAGATAGAGATAATGAGAATCAAGGTGAAGATGATTGGGAAACTCCATCATTTGGTTCTCAATTTATCTTAAATTCTCAACAATTGGTT,0.09177689892528974,0.013191272116996807,0.06525844012648413,0.07282930086040283,0.05167859934025787,0.15622880213062876,0.3769525382729559,0.17208414822698398,2397.501443408918
GAAATGTTGGATGATAAAGAAGAACAAGAGAAAGATAGAGATAATGAGAATCAAGGTGAAGATTCATTTGATGAATGGCCAACTGGTTCTCAATTTATCTTAAATTCTCAACAATTGGTT,0.1251271128769782,0.041964447486312374,0.0,0.23168662918288876,0.16440142004091704,0.0,0.03868296977188061,0.39813742064102303,2898.9201170450797
GAAATGTTGGATGATAAAGAAGAACAAGAGAAAGATAGAGATAATGAGAATCAAGGTGAAGATTCTTGGTCTGATGAAACTGGATTTCCACAATTTATCTTAAATTCTCAACAATTGGTT,0.10866242229644506,0.015618261220301986,0.676068567325783,0.0344915042382947,0.015296664658965975,0.028457303728729382,0.028793932143218955,0.09261134438826099,974.0544963491662
GAAATGTTGGATGATAAAGAAGAACAAGAGAAAGATAGAGATAATGAGAATCAAGGTGAAGATTCTTGGTTTACTGAAGATCCAGGTTCTCAATTTATCTTAAATTCTCAACAATTGGTT,0.3252290433402291,0.1285509574691091,0.14453487411282845,0.10323383824614993,0.09156651413051654,0.07452667433804121,0.11849870782990356,0.013859390533222082,743.6157995292607
GAAATGTTGGATGATAAAGAAGAACAAGAGAAAGATAGAGATAATGAGAATCAAGGTGAAGCTGATCCAACTTGGTTTGATTCTGGTTCTCAATTTATCTTAAATTCTCAACAATTGGTT,0.03533116676312445,0.011849173677642415,0.014654738832853056,0.0065419546125825255,0.011605186625841184,0.016192369121129466,0.32767825241367204,0.5761471579531549,4558.978616807885
GAAATGTTGGATGATAAAGAAGAACAAGAGAAAGATAGAGATAATGAGAATCAAGGTGAAGCTGATCCAACTTGGTTTGCTTCTGGTTCTCAATTTATCTTAAATTCTCAACAATTGGTT,0.006323737523103898,0.008483282163360513,0.023606763462675078,0.11006550643307982,0.3011868365392469,0.3439180697250967,0.16617326217558806,0.040242541977849246,1453.2774490362121
GAAATGTTGGATGATAAAGAAGAACAAGAGAAAGATAGAGATAATGAGAATCAAGGTGAAGCTGCTCCAACTTGGTTTGATTCTGGTTCTCAATTTATCTTAAATTCTCAACAATTGGTT,0.3669919430163066,0.12307975279305798,0.21449424598092995,0.11737267232679433,0.06575204190533282,0.035677387530229254,0.05672766641783306,0.01990429002951607,583.6965454282929
GAAATGTTGGATGATAAAGAAGAACAAGAGAAAGATAGAGATAATGAGAATCAAGGTGAAGCTGCTGCTGCTGCTGCTGCTGCTGGTTCTCAATTTATCTTAAATTCTCAACAATTGGTT,0.4947691215654458,0.2768722688566931,0.15571870429767729,0.04142799876410501,0.005941696195083744,0.01013393402997039,0.00876143279150009,0.0063748434995246,291.075590179496
GAAATGTTGGATGATAAAGAAGAACAAGAGAAAGATAGAGATAATGAGAATCAAGGTGAAGCTGCTGCTGCTTGGTTTGATTCTGCTGCTGCTGCTATCTTAAATTCTCAACAATTGGTT,0.12930246828901434,0.032523566529300434,0.0804485420446046,0.10773799179369875,0.06370774360792247,0.05925967033146753,0.1798820024503413,0.34713801495365043,2908.530073874271
GAAATGTTGGATGATAAAGAAGAACAAGAGAAAGATAGAGATAATGAGAATCAAGGTGAAGCTGCTGCTGCTTGGTTTGATTCTGGTTCTCAATTTATCTTAAATTCTCAACAATTGGTT,0.2915821385303074,0.33924809597759537,0.24198623476496506,0.012330278649224626,0.05159283584106628,0.016033734213123717,0.03009720632982506,0.01712947569389242,457.8358491392428
GAAATGTTGGATGATAAAGAAGAACAAGAGAAAGATAGAGATAATGAGAATCAAGGTGAAGCTGCTGCTGCTTGGTTTGATTCTGGTTCTCAATTTATCTTAAATTCTGCTGCTGCTGCT,0.22274884969455352,0.17929030134021556,0.22174141529902516,0.06599104408757409,0.10243247227636679,0.06805759948891525,0.06886266949935305,0.0708756483139965,981.6499160950514
GAAATGTTGGATGATAAAGAAGAACAAGAGAAAGATAGAGATAATGAGAATCAAGGTGAAGCTGCTGCTGCTTGGTTTGATTCTGGTTCTCAATTTGCTGCTGCTGCTCAACAATTGGTT,0.20114310584040107,0.3180175863573686,0.08343057855639646,0.17025765095182432,0.10382308900128984,0.08779469379985647,0.035533295492863284,0.0,507.0080096568
GAAATGTTGGATGATAAAGAAGAACAAGAGAAAGATAGAGATAATGAGAATCAAGGTGAAGGATTCTCTTGGGATGATGAATCTCCAACTCAATTTATCTTAAATTCTCAACAATTGGTT,0.17609639794251802,0.08858737176234158,0.0,0.14672784307585268,0.13014489574929994,0.20176363658633917,0.2041503480518088,0.05252950683183983,1356.8606458984368
GAAATGTTGGATGATAAAGAAGAACAAGAGAAAGATAGAGATAATGAGAATCAAGGTGAATCATTTGAAGATGATCCAACTTGGGGTTCTCAATTTATCTTAAATTCTCAACAATTGGTT,0.1998760176540743,0.13012351669209646,0.10606964890813309,0.05877939041068629,0.05792915249562867,0.064661448390309,0.18264854505620481,0.19991228039286735,2000.939304574605
GAAATGTTGGATGATAAAGAAGAACAAGAGAAAGATAGAGATAATGAGAATCAAGGTGAATCTGATGATTGGACTGAACCATTTGGTTCTCAATTTATCTTAAATTCTCAACAATTGGTT,0.17755228221141475,0.321551177508677,0.17674925998997737,0.15780364970678487,0.034992233085119964,0.03254907613033419,0.0988023213676917,0.0,564.4999598383685
GAAATGTTGGATGATAAAGAAGAACAAGAGAAAGATAGAGATAATGAGAATCAAGGTGAATCTGATGGATTTGAATCTCCAACTGATTGGCAATTTATCTTAAATTCTCAACAATTGGTT,0.0012862544458717416,0.000257317002542379,0.00045589905372218247,0.0006503340141893695,0.0002826894545815692,0.0027836829335217018,0.3174558173287292,0.676828005766842,5130.171212908295
GAAATGTTGGATGATAAAGAAGAACAAGAGAAAGATAGAGATAATGAGAATCAAGGTGAATCTGATTCATTTCCAGATGAAGGTACTTGGCAATTTATCTTAAATTCTCAACAATTGGTT,0.018919595350207284,0.03426381281657065,0.04708506750531603,0.1219103658391926,0.14914793144304464,0.2635954096008582,0.2070539356683896,0.15802388177642096,2101.875199803794
GAAATGTTGGATGATAAAGAAGAACAAGAGAAAGATAGAGATAATGAGAATCAAGGTGAATCTGGTGATTGGACATTTGAAGATCCATCTCAATTTATCTTAAATTCTCAACAATTGGTT,0.1554356201440876,0.12510995775220007,0.1779425196259299,0.22794248515796317,0.1592939543595713,0.11967742816804801,0.03459803479219999,0.0,597.8700816414143
GAAATGTTGGATGATAAAGAAGAACAAGAGAAAGATAGAGATAATGAGAATCAAGGTGAATCTGGTTCTGACTTCTGGACTCCAGATGAACAATTTATCTTAAATTCTCAACAATTGGTT,0.08935502276944414,0.2022799455882059,0.16678292536759642,0.12408799869597502,0.22012754110585955,0.08190329638475918,0.062154112900755266,0.05330915718740457,958.650673141621
GAAATGTTGGATGATAAAGAAGAACAAGAGAAAGATAGAGATAATGAGAATCAAGGTGAATTTCCATGGTCTACTGATGATTCTGAAGGTCAATTTATCTTAAATTCTCAACAATTGGTT,0.08581283142034847,0.003820279455459021,0.1124506856959028,0.003374695381791988,0.716145273719063,0.00139215052507004,0.02535513506178744,0.05164894874057727,1003.9657373992553
GAAATGTTGGATGATAAAGAAGAACAAGAGAAAGATAGAGATAATGAGAATCAAGGTGAATTTGAATCTGATACTTCTCCAGGTGATTGGCAATTTATCTTAAATTCTCAACAATTGGTT,0.03562644644910385,0.09558562372375541,0.08866329353139166,0.158319093557404,0.22234135911665717,0.28301340770671435,0.08811115157273111,0.028339624342242492,1100.777205957855
GAAATGTTGGATGATAAAGAAGAACAAGAGAAAGATAGAGATAATGAGAATCAAGGTGAATTTGATGAACCAACTTGGGATTCTGGTTCTCAATTTATCTTAAATTCTCAACAATTGGTT,0.2173467305526937,0.19879788824100328,0.04917357466355016,0.06585404842552656,0.13629310023104463,0.21733220388004929,0.09162628322520776,0.0235761707809246,916.5052964227295
GAAATGTTGGATGATAAAGAAGAACAAGAGAAAGATAGAGATAATGAGAATCAAGGTGATGAAACTGAACCATGGTTTGATTCTGGTTCTCAATTTATCTTAAATTCTCAACAATTGGTT,0.031209904949992717,0.0784631331722482,0.15062384989683927,0.23808087203432327,0.27359762826165995,0.19255791156030364,0.031257681061258105,0.004209019063374896,770.739358588911
GAAATGTTGGATGATAAAGAAGAACAAGAGAAAGATAGAGATAATGAGAATCAAGGTGATGAAGAACCAACTTGGTTTGATTCTGGTTCTCAATTTATCTTAAATTCTCAACAATTGGTT,0.07506119695399614,0.1006944565541962,0.11415817557896865,0.27796814463069014,0.23833420636479313,0.15289221879136417,0.030940163657600963,0.009951437468390542,743.8190136894506
GAAATGTTGGATGATAAAGAAGAACAAGAGAAAGATAGAGATAATGAGAATCAAGGTGCTGAAGATCCAACTTGGTTTGATTCTGGTTCTCAATTTATCTTAAATTCTCAACAATTGGTT,0.04764405869550723,0.19174324923118277,0.1185714429077691,0.15879279870456023,0.28169257858525176,0.043670801476706586,0.04418739408156926,0.11369767631745294,1283.8135200199677
GAAATGTTGGATGATAAAGAAGAACAAGAGAAAGATAGAGATAATGAGAATCAAGGTGCTGAAGATCCAACTTGGTTTGCTTCTGGTTCTCAATTTATCTTAAATTCTCAACAATTGGTT,0.22720085378339425,0.09143685723952594,0.08481498155460827,0.15144746450298888,0.06716555653669602,0.12495211767315476,0.06321510343581965,0.1897670652738122,1748.82268649759
GAAATGTTGGATGATAAAGAAGAACAAGAGAAAGATAGAGATAATGAGAATCAAGGTGCTGAAGCTCCAACTTGGTTTGATTCTGGTTCTCAATTTATCTTAAATTCTCAACAATTGGTT,0.08584152331895786,0.1604615966526357,0.25965096688249806,0.24138062881825126,0.15015535993760112,0.07786642646694471,0.015102065099079444,0.009541432824032,575.6233807802412
GAAATGTTGGATGATAAAGAAGAACAAGAGAAAGATAGAGATAATGAGAATCAAGGTGCTGCTGATCCAACTTGGTTTGATTCTGGTTCTCAATTTATCTTAAATTCTCAACAATTGGTT,0.10879452224940911,0.0972984332654311,0.13537809158973138,0.14772636193373256,0.22632551893659783,0.05540091476709736,0.15695754411278504,0.07211861314521571,1271.5931386041107
GAAATGTTGGATGATAAAGAAGAACAAGAGAAAGATAGAGATAATGAGAATCAAGGTGCTGCTGCTCCAACTTGGTTTGCTTCTGGTTCTCAATTTATCTTAAATTCTCAACAATTGGTT,0.18146947180171222,0.06846776999633003,0.05645272911349586,0.13860441847925703,0.2011738380107889,0.19752387861711898,0.11570867402213851,0.04059921995915856,1111.892784910105
GAAATGTTGGATGATAAAGAAGAACAAGAGAAAGATAGAGATAATGAGAATCAAGGTTGGCCAGACTTTGAAGAAACTGATTCTGGTTCTCAATTTATCTTAAATTCTCAACAATTGGTT,0.019376397959069164,0.043863865772481594,0.09644381806534182,0.2206468381439317,0.3054980427349082,0.19092549326307995,0.09434567328417105,0.02889987077701656,1077.4693345484447
GAAATGTTGGATGATAAAGAAGAACAAGAGAAAGATAGAGATAATGAGAATCAATGGTTTGATCCATCTGAAGATGAAGGTACTGGTTCTCAATTTATCTTAAATTCTCAACAATTGGTT,0.024780791958078308,0.015746867275003226,0.029212951927550045,0.0043469398713349245,0.020563496771489505,0.05140583853386193,0.39796705182964437,0.45597606183303774,4035.3643228858514
GAAATGTTGGATGATAAAGAAGAACAAGAGAAAGATAGAGATAATGAGAATCAATTCTGGGAACCATCTGATGAAGATACTGGTGGTTCTCAATTTATCTTAAATTCTCAACAATTGGTT,0.04221169184651815,0.0,0.10505194869747196,0.0,0.041595673725326514,0.0,0.508939021486445,0.3022016642442384,3313.479268132797
GAAATGTTGGATGATAAAGAAGAACAAGAGAAAGATAGAGATAATGAGAATCAATTTGAAGATTGGCCAGAAGGTACTGATTCTGGTTCTCAATTTATCTTAAATTCTCAACAATTGGTT,0.08154511633833401,0.08204446679057488,0.06764692437387392,0.15098976310058518,0.13392514035511702,0.1993191839380182,0.2520962242181354,0.03243318088536131,1362.0777330287744
GAAATGTTGGATGATAAAGAAGAACAAGAGAAAGATAGAGATAATGAGAATCCAGATGAACAAACTGAAGGTTGGTTTGATTCTGGTTCTCAATTTATCTTAAATTCTCAACAATTGGTT,0.008358672245042621,0.008409857490132927,0.005200542607116743,0.01392930194850937,0.02882841362082126,0.030646416465483484,0.30621328675227877,0.5984135088706147,4673.654810998104
GAAATGTTGGATGATAAAGAAGAACAAGAGAAAGATAGAGATAATGAGAATGAACAAGGTGAAGATCCAACTTGGTTTGATTCTGGTTCTCAATTTATCTTAAATTCTCAACAATTGGTT,0.09193532275960097,0.07928425609627866,0.14708494848551906,0.11308027735750738,0.03882585459205503,0.021067103322318745,0.23447942371120936,0.2742428136755109,2545.5124426198577
GAAATGTTGGATGATAAAGAAGAACAAGAGAAAGATAGAGATAATGAGAATGAAGGTCAAGAAGATCCAACTTGGTTTGATTCTGGTTCTCAATTTATCTTAAATTCTCAACAATTGGTT,0.032287028377910275,0.0649694830657207,0.030132189984377167,0.11657682790301077,0.19089507753222526,0.4143225038416934,0.11229204273208247,0.03852484656298002,1335.625936159232
GAAATGTTGGATGATAAAGAAGAACAAGAGAAAGATAGAGATAATGAGAATGGTCAAGAAGAAGATCCAACTTGGTTTGATTCTGGTTCTCAATTTATCTTAAATTCTCAACAATTGGTT,0.08441080682205389,0.19108733769872038,0.10503629871108879,0.16411069984775667,0.16635790824154498,0.1547428026975442,0.058714984951644685,0.07553916102964649,1144.1987670654685
GAAATGTTGGATGATAAAGAAGAACAAGAGAAAGATAGAGATAATGATGGTCAGAATGAAGAAGAACCAACTTGGTTTGATTCTGGTTCTCAATTTATCTTAAATTCTCAACAATTGGTT,0.06169643589918889,0.3103712039128136,0.15354349791201452,0.0,0.060796066336532444,0.28275643151996027,0.05722024531807602,0.07361611910141425,1182.5386178400138
GAAATGTTGGATGATAAAGAAGAACAAGAGAAAGATAGAGATAATGCTAATCAAGGTGAAGAAGATCCAACTTGGTTTGATTCTGGTTCTCAATTTATCTTAAATTCTCAACAATTGGTT,0.08859357734549693,0.0742800748506618,0.05512055745162194,0.08202038243546911,0.24735193574634598,0.10827380186318408,0.27388649794933145,0.07047317235788872,1585.942116509181
GAAATGTTGGATGATAAAGAAGAACAAGAGAAAGATAGAGATAATGCTAATCAAGGTGAAGAAGATCCAACTTGGTTTGCTTCTGGTTCTCAATTTATCTTAAATTCTCAACAATTGGTT,0.13104527549168574,0.03296193639767086,0.163065740269946,0.14558685540293229,0.22598250620302462,0.21020441252301264,0.09115327371172781,0.0,849.5883292927374
GAAATGTTGGATGATAAAGAAGAACAAGAGAAAGATAGAGATAATGCTAATCAAGGTGAAGAAGCTCCAACTTGGTTTGATTCTGGTTCTCAATTTATCTTAAATTCTCAACAATTGGTT,0.14993131422224104,0.15252553988202516,0.16376394354067653,0.19433003768483742,0.14610169315026003,0.14964366132848336,0.04171605598746246,0.0019877542040139446,644.3588368733
GAAATGTTGGATGATAAAGAAGAACAAGAGAAAGATAGAGATAATGCTAATCAAGGTGAAGCTGATCCAACTTGGTTTGATTCTGGTTCTCAATTTATCTTAAATTCTCAACAATTGGTT,0.10392039448151902,0.10455676240042772,0.058778630625221845,0.05247819672881785,0.13964158333982712,0.22514580576939913,0.23657099951077792,0.07890762714400938,1615.023590267741
GAAATGTTGGATGATAAAGAAGAACAAGAGAAAGATAGAGATAATGCTAATCAAGGTGCTGAAGATCCAACTTGGTTTGATTCTGGTTCTCAATTTATCTTAAATTCTCAACAATTGGTT,0.21515866333942796,0.22434807320012776,0.19228021626476932,0.19774628905639927,0.06360562086910834,0.08067910609099319,0.014512618487787945,0.01166941269138623,514.9432934958976
GAAATGTTGGATGATAAAGAAGAACAAGAGAAAGATAGAGATAATGCTAATCAAGGTGCTGCTGCTCCAACTTGGTTTGATTCTGGTTCTCAATTTATCTTAAATTCTCAACAATTGGTT,0.25926566398584944,0.10434132227155249,0.12904653682723247,0.0,0.0,0.09505772305431426,0.2885465524147571,0.1237422014462943,1769.4966567093338
GAAATGTTGGATGATAAAGAAGAACAAGAGAAAGATAGAGATACTAATCCAGAAGAACAAGGTAATGATGAATGGTTTGATTCTGGTTCTCAATTTATCTTAAATTCTCAACAATTGGTT,0.027788449453340244,0.08133811688532802,0.1511440260018013,0.2309954328314046,0.29191444419449203,0.1863669510804479,0.026330467415790537,0.004122112137395309,760.1166823539829
GAAATGTTGGATGATAAAGAAGAACAAGAGAAAGATAGAGATCAAGAGAATAATGGTGAAGAAGATCCAACTTGGTTTGATTCTGGTTCTCAATTTATCTTAAATTCTCAACAATTGGTT,0.13706483763797458,0.14978050397250536,0.2605647293220194,0.21959402852629345,0.12709804072059577,0.08291728056630826,0.016741070683526562,0.006239508570776579,542.6049484081706
GAAATGTTGGATGATAAAGAAGAACAAGAGAAAGATAGAGATCAAGGTAATGAAGAGAATGAAGATCCAACTTGGTTTGATTCTGGTTCTCAATTTATCTTAAATTCTCAACAATTGGTT,0.035580138555859724,0.035798017431707366,0.035419218957720426,0.1291258678437275,0.2547758609059314,0.3065617030400467,0.15179417488139368,0.050945018383613164,1420.9346001708238
GAAATGTTGGATGATAAAGAAGAACAAGAGAAAGATAGAGATCAGAATAATGAAGGTGAAGAAGATCCAACTTGGTTTGATTCTGGTTCTCAATTTATCTTAAATTCTCAACAATTGGTT,0.17054273201078565,0.1715870691112767,0.16977141213923239,0.1515737517258335,0.20166469127292022,0.06252815563457029,0.03163390824979679,0.040698279855584406,777.4640936933741
GAAATGTTGGATGATAAAGAAGAACAAGAGAAAGATAGAGATCAGAATGAAGAAGGTAATGAAGATCCAACTTGGTTTGATTCTGGTTCTCAATTTATCTTAAATTCTCAACAATTGGTT,0.06441987005077081,0.15702412920349815,0.19963760815739853,0.278419985259555,0.16243999206678894,0.12421234894187785,0.011705598795337873,0.0021404675247728615,586.6038627621521
GAAATGTTGGATGATAAAGAAGAACAAGAGAAAGATAGAGATCAGAATGAGAATGGTGAAGAAGATCCAACTTGGTTTGATTCTGGTTCTCAATTTATCTTAAATTCTCAACAATTGGTT,0.0326990457475843,0.16970244989859568,0.15193520609491207,0.2820772864416973,0.20352878965109583,0.15480106918506706,0.00499890156192951,0.00025725141911825844,615.206923131408
GAAATGTTGGATGATAAAGAAGAACAAGAGAAAGATAGAGATCAGAATGGTGAAGAGAATGAAGATCCAACTTGGTTTGATTCTGGTTCTCAATTTATCTTAAATTCTCAACAATTGGTT,0.011801127374479092,0.027704583364818357,0.01957958997116687,0.06992347820608016,0.17055730442619088,0.3172979942633827,0.2845682774451364,0.09856764494874554,1977.885261595076
GAAATGTTGGATGATAAAGAAGAACAAGAGAAAGATAGAGATCCAAATGGTGAAACTGAAGATAATGAACAATGGTTTGATTCTGGTTCTCAATTTATCTTAAATTCTCAACAATTGGTT,0.020848591804593704,0.01048813022011801,0.01621429618239889,0.014476298883256567,0.02696444230321476,0.10988210802149123,0.43264272910852747,0.3684834034763994,3652.5511179800087
GAAATGTTGGATGATAAAGAAGAACAAGAGAAAGATAGAGATGAAACTAATGAACAGAATCCAGGTGATGAATGGTTTGATTCTGGTTCTCAATTTATCTTAAATTCTCAACAATTGGTT,0.041664738129851546,0.02095993835884472,0.031107224617473887,0.02314405529979061,0.045162372201098415,0.114570371874256,0.35550533543543916,0.3678859640832456,3483.9665184065752
GAAATGTTGGATGATAAAGAAGAACAAGAGAAAGATAGAGATGAAACTGAAGGTCCAAATCAAGATGAGAATTGGTTTGATTCTGGTTCTCAATTTATCTTAAATTCTCAACAATTGGTT,0.2945032669143798,0.33863621706151353,0.07852802844195694,0.07011067256022292,0.020728958639764268,0.03856332639457341,0.058529252138940974,0.10040027784864819,1041.7489296086003
GAAATGTTGGATGATAAAGAAGAACAAGAGAAAGATAGAGATGAAACTGATCAAGGTGAGAATGAGAATCCATGGTTTGATTCTGGTTCTCAATTTATCTTAAATTCTCAACAATTGGTT,0.14147989487437607,0.14234626250815796,0.08802501160168875,0.07858968177301699,0.1394152020081485,0.19452185344319195,0.13121526672165246,0.08440682706976725,1371.685399882489
GAAATGTTGGATGATAAAGAAGAACAAGAGAAAGATAGAGATGAACAGAATGGTGAGAATGAAGATCCAACTTGGTTTGATTCTGGTTCTCAATTTATCTTAAATTCTCAACAATTGGTT,0.1461510543118594,0.05514225986329847,0.11366410279375397,0.14207275531182478,0.18002274085201198,0.2176896240891199,0.10166064367419146,0.04359681910394013,1117.9263899634498
GAAATGTTGGATGATAAAGAAGAACAAGAGAAAGATAGAGATGAAGAAGATGGTCAGAATAATGAACCAACTTGGTTTGATTCTGGTTCTCAATTTATCTTAAATTCTCAACAATTGGTT,0.17278087828320118,0.19867305247720562,0.2764276647836472,0.08226586895895495,0.09729108181922837,0.0678736654481317,0.04578437310517262,0.05890341512445832,864.7431576147693
GAAATGTTGGATGATAAAGAAGAACAAGAGAAAGATAGAGATGAAGAAGGTCAACCAAATGAAGATACTAATTGGTTTGATTCTGGTTCTCAATTTATCTTAAATTCTCAACAATTGGTT,0.025012025597066185,0.02516518947559368,0.051872714148264054,0.04631251985585127,0.11501938717351336,0.20633541953773654,0.4407497803469366,0.08953296386503844,2131.435759761767
GAAATGTTGGATGATAAAGAAGAACAAGAGAAAGATAGAGATGAAGATAATGAAGGTCCACAGAATGAAACTTGGTTTGATTCTGGTTCTCAATTTATCTTAAATTCTCAACAATTGGTT,0.04493134522150909,0.01130162180892313,0.08386524858351035,0.11231370058461765,0.17710255089224167,0.21621764670383448,0.26044683118394213,0.09382105502142145,1795.0964582309314
GAAATGTTGGATGATAAAGAAGAACAAGAGAAAGATAGAGATGAAGGTAATGATACTCCACAAGAAGAGAATTGGTTTGATTCTGGTTCTCAATTTATCTTAAATTCTCAACAATTGGTT,0.12975893100025535,0.04351784134261845,0.21528677586992645,0.19221036041569528,0.12786528851908563,0.0792918245659618,0.16045957395179178,0.051609404334665265,1144.725770855258
GAAATGTTGGATGATAAAGAAGAACAAGAGAAAGATAGAGATGAAGGTGAACAGAATAATGAAGATCCAACTTGGTTTGATTCTGGTTCTCAATTTATCTTAAATTCTCAACAATTGGTT,0.015338386003410994,0.09259387374149512,0.0,0.08520213250017686,0.045343633843732696,0.07029623718762036,0.27028559664807356,0.4209401400754904,3572.9042467891677
GAAATGTTGGATGATAAAGAAGAACAAGAGAAAGATAGAGATGAGAATGAAGAACCAACTGATAATCAAGGTTGGTTTGATTCTGGTTCTCAATTTATCTTAAATTCTCAACAATTGGTT,0.09129786667134628,0.09185693915855458,0.028401547018714272,0.2282148733982537,0.24740514526499727,0.14644720579394166,0.0846740375163245,0.0817023851778676,1285.3258282757367
GAAATGTTGGATGATAAAGAAGAACAAGAGAAAGATAGAGATGAGAATGAAGATCAAGAGAATGGTCCAACTTGGTTTGATTCTGGTTCTCAATTTATCTTAAATTCTCAACAATTGGTT,0.16657281832029835,0.16759284521944662,0.20727431665381948,0.24674233363358758,0.10942795387199088,0.050893848253439046,0.05149588404741808,0.0,539.6361144224729
GAAATGTTGGATGATAAAGAAGAACAAGAGAAAGATAGAGATGAGAATGATGAAGGTGAGAATCAACCAACTTGGTTTGATTCTGGTTCTCAATTTATCTTAAATTCTCAACAATTGGTT,0.005433364503137767,0.0005138352663449188,0.0005119286356334036,0.01766755602622635,0.18023513398890673,0.31634347846897626,0.3695562254888328,0.10973847762194171,2236.470135431457
GAAATGTTGGATGATAAAGAAGAACAAGAGAAAGATAGAGATGATAATGGTGAACAAGAGAATGAACCAACTTGGTTTGATTCTGGTTCTCAATTTATCTTAAATTCTCAACAATTGGTT,0.04015006234404717,0.0648017973949422,0.11813598489255583,0.5440924298470442,0.08613440954637691,0.14452359385951236,0.0011636594072348136,0.000998062708286661,596.4509633528849
GAAATGTTGGATGATAAAGAAGAACAAGAGAAAGATAGAGATGATGAGAATGGTGAAGAACAGAATCCAACTTGGTTTGATTCTGGTTCTCAATTTATCTTAAATTCTCAACAATTGGTT,0.11219922856880467,0.0752575285567329,0.09307648416748812,0.37394860985286316,0.07370789623485628,0.06856161251895951,0.06937264462295345,0.13387599547734189,1427.2215815236298
GAAATGTTGGATGATAAAGAAGAACAAGAGAAAGATAGAGATGGTAATAATGATGAAGAACAAGAACCAACTTGGTTTGATTCTGGTTCTCAATTTATCTTAAATTCTCAACAATTGGTT,0.02869005309194204,0.14341393951454504,0.24349160410871817,0.2909034062466456,0.1651983375463646,0.0873186707987727,0.009041280940888682,0.03194270775212312,733.0712878780214
GAAATGTTGGATGATAAAGAAGAACAAGAGAAAGATAGAGATGGTGAACAGAATGAGAATGAAGATCCAACTTGGTTTGATTCTGGTTCTCAATTTATCTTAAATTCTCAACAATTGGTT,0.18845288844012126,0.22120805040292227,0.07816690235288852,0.10468238292702732,0.09285134659672768,0.14394744598652578,0.05826009423009754,0.11243088906368971,1290.5055525972807
GAAATGTTGGATGATAAAGAAGAACAAGAGAAAGATAGAGATGGTGAGAATAATGAACAAGAAGATCCAACTTGGTTTGATTCTGGTTCTCAATTTATCTTAAATTCTCAACAATTGGTT,0.07286929456072289,0.12219252944661772,0.1208995432142018,0.18889573310966384,0.19148232909267182,0.17811303702996334,0.06758249241062762,0.05796504113553111,1106.0469910922839
GAAATGTTGGATGATAAAGAAGAACAAGAGAAAGATAGAGCTAATGAGAATCAAGGTGAAGAAGATCCAACTTGGTTTGATTCTGGTTCTCAATTTATCTTAAATTCTCAACAATTGGTT,0.06811147765888215,0.0794968861267924,0.2591324558716669,0.3030922244931788,0.09181599167076206,0.1386129660249287,0.05962682094471058,0.00011117720907853707,676.5281936752898
GAAATGTTGGATGATAAAGAAGAACAAGAGAAAGATAGAGCTAATGAGAATCAAGGTGAAGAAGATCCAACTTGGTTTGCTTCTGGTTCTCAATTTATCTTAAATTCTCAACAATTGGTT,0.4098169480179306,0.1729111158344823,0.13160111415170472,0.10280803498029555,0.02605395270633133,0.07270459888098316,0.0367823196925982,0.04732191573567427,709.5815896917572
GAAATGTTGGATGATAAAGAAGAACAAGAGAAAGATAGAGCTAATGAGAATCAAGGTGAAGAAGCTCCAACTTGGTTTGATTCTGGTTCTCAATTTATCTTAAATTCTCAACAATTGGTT,0.10292845993665475,0.1682713718696978,0.21473364089803432,0.251658888608268,0.1639579832355244,0.08955284523824368,0.008584912974538684,0.0003118972390384944,521.152249693216
GAAATGTTGGATGATAAAGAAGAACAAGAGAAAGATAGAGCTAATGAGAATCAAGGTGAAGCTGATCCAACTTGGTTTGATTCTGGTTCTCAATTTATCTTAAATTCTCAACAATTGGTT,0.07070101070651696,0.11855659348345426,0.0879765608140755,0.15709284877231472,0.25545385249354335,0.17281314185815227,0.10928586927001634,0.02812012260192673,1039.3942553630573
GAAATGTTGGATGATAAAGAAGAACAAGAGAAAGATAGAGCTAATGAGAATCAAGGTGCTGAAGATCCAACTTGGTTTGATTCTGGTTCTCAATTTATCTTAAATTCTCAACAATTGGTT,0.24106279515420112,0.14821825919145928,0.21664186881058783,0.1636632478796521,0.11877241749759987,0.012275525542765717,0.09936588592373409,0.0,587.5482919558544
GAAATGTTGGATGATAAAGAAGAACAAGAGAAAGATAGAGCTAATGCTAATCAAGGTGAAGAAGATCCAACTTGGTTTGATTCTGGTTCTCAATTTATCTTAAATTCTCAACAATTGGTT,0.16008330228386722,0.14093064118062432,0.09959955478682075,0.26677067709515345,0.07887355989999024,0.07336660965907187,0.037117240625446836,0.14325841446902526,1386.7699803027676
GAAATGTTGGATGATAAAGAAGAACAAGAGAAAGATAGAGCTAATGCTAATCAAGGTGCTGCTGATCCAACTTGGTTTGATTCTGGTTCTCAATTTATCTTAAATTCTCAACAATTGGTT,0.04083322954884103,0.10796146215309774,0.15973273653186384,0.2530909809722646,0.25384438187560837,0.16109542032134483,0.020293876338995397,0.003147912257984236,695.993396994534
GAAATGTTGGATGATAAAGAAGAACAAGAGAAAGATCAAAGAGAAGATAATAATGGTGAAGAAGATCCAACTTGGTTTGATTCTGGTTCTCAATTTATCTTAAATTCTCAACAATTGGTT,0.1368795909015608,0.13771778807005397,0.05677521689727382,0.2534476364934194,0.17984271035615562,0.041821524055272244,0.08463248220932391,0.1088830510169403,1301.970792512575
GAAATGTTGGATGATAAAGAAGAACAAGAGAAAGATCAAGAAGAGAATGATGGTAGAAATGAAGATCCAACTTGGTTTGATTCTGGTTCTCAATTTATCTTAAATTCTCAACAATTGGTT,0.04831582653539522,0.12152923447908946,0.21042571713597844,0.21470897672852096,0.214248273591928,0.11071636876568233,0.022405211960852243,0.05765039080255341,951.0435184156843
GAAATGTTGGATGATAAAGAAGAACAAGAGAAAGATCAAGATAATAATAGAGAAGGTGAAGAAGATCCAACTTGGTTTGATTCTGGTTCTCAATTTATCTTAAATTCTCAACAATTGGTT,0.149202592280161,0.2530531083185437,0.153832352107342,0.1610230464203255,0.13022231814063687,0.08205594106395478,0.055351067256550736,0.015259574412485379,663.9017084704633
GAAATGTTGGATGATAAAGAAGAACAAGAGAAAGATCAAGGTGAGAATGAAGAAAGAAATGATGATCCAACTTGGTTTGATTCTGGTTCTCAATTTATCTTAAATTCTCAACAATTGGTT,0.06677466267471797,0.1591189688747698,0.19679405464471048,0.2537886852625803,0.14545303785935915,0.10308381707571437,0.04563265909618406,0.02935411451196373,793.5409056430543
GAAATGTTGGATGATAAAGAAGAACAAGAGAAAGATGAAAGAAATGATAATCAAGGTGAAGAAGATCCAACTTGGTTTGATTCTGGTTCTCAATTTATCTTAAATTCTCAACAATTGGTT,0.17207352913731963,0.15869997022155502,0.15166770103377034,0.15134121722201907,0.12010667646040334,0.07886176299943133,0.07314508493029886,0.0941040579952025,1174.6162276363048
GAAATGTTGGATGATAAAGAAGAACAAGAGAAAGATGAAAGAAATGATCAAGAAGATGGTAATGAACCAACTTGGTTTGATTCTGGTTCTCAATTTATCTTAAATTCTCAACAATTGGTT,0.07641178151139434,0.09884532526138777,0.09847855103397116,0.21829087803686092,0.19899832344825222,0.23012962653634172,0.04302697897973122,0.03581853519206055,980.1572239944668
GAAATGTTGGATGATAAAGAAGAACAAGAGAAAGATGAAAGAAATGGTGAACAGAATGATGAAGATCCAACTTGGTTTGATTCTGGTTCTCAATTTATCTTAAATTCTCAACAATTGGTT,0.15519184949608597,0.0,0.0,0.11494191997143659,0.10195136709106879,0.23708281213195612,0.14393239366439187,0.24689965764506053,2423.2840620110433
GAAATGTTGGATGATAAAGAAGAACAAGAGAAAGATGAAAGAGAGAATGGTCAAGATAATGAAGATCCAACTTGGTTTGATTCTGGTTCTCAATTTATCTTAAATTCTCAACAATTGGTT,0.21726586417137134,0.2823535741741147,0.19150077468156354,0.11063021035946331,0.035682530922882684,0.0497867660820623,0.058771656918253506,0.054008622690288575,806.7275033778711
GAAATGTTGGATGATAAAGAAGAACAAGAGAAAGATGAAAGAGATAATAATCAAGGTGAAGAAGATCCAACTTGGTTTGATTCTGGTTCTCAATTTATCTTAAATTCTCAACAATTGGTT,0.06599530962243422,0.06639943912994523,0.08212103776766298,0.14663710024223903,0.45522542984217657,0.0,0.18362168339554188,0.0,952.5821021155439
GAAATGTTGGATGATAAAGAAGAACAAGAGAAAGATGAACAAGATAATAATAGAGGTGAAGAAGATCCAACTTGGTTTGATTCTGGTTCTCAATTTATCTTAAATTCTCAACAATTGGTT,0.13731765626211248,0.13815853597182612,0.3173314036743718,0.21793608235771394,0.13531370520218824,0.053942616531787474,0.0,0.0,441.6729374208403
GAAATGTTGGATGATAAAGAAGAACAAGAGAAAGATGAAGATAGAAATAATCAAGGTGAAGAAGATCCAACTTGGTTTGATTCTGGTTCTCAATTTATCTTAAATTCTCAACAATTGGTT,0.23906778036489662,0.2939832354618209,0.13221474430158756,0.059021376375275776,0.10470174868405184,0.12173934357827215,0.04927177123409507,0.0,551.8617805491721
GAAATGTTGGATGATAAAGAAGAACAAGAGAAAGATGAGAATCAAGATAGAAATGGTGAAGAAGATCCAACTTGGTTTGATTCTGGTTCTCAATTTATCTTAAATTCTCAACAATTGGTT,0.071236719610307,0.11728300167166222,0.02417540955161429,0.05036282287560227,0.057434010145646495,0.0949759445393922,0.2522610253937844,0.332271066211991,3010.7476624248575
GAAATGTTGGATGATAAAGAAGAACAAGAGAAAGATGAGAATGATAGACAGAATGGTGAAGAAGATCCAACTTGGTTTGATTCTGGTTCTCAATTTATCTTAAATTCTCAACAATTGGTT,0.10679106736548252,0.26093789154174,0.056950756867913586,0.08474375213631373,0.1954319851335723,0.1678033183124149,0.12734122864256284,0.0,847.8231202191807
GAAATGTTGGATGATAAAGAAGAACAAGAGAAAGATGATAATAATAGACAAGGTGATGAAGAAGAACCAACTTGGTTTGATTCTGGTTCTCAATTTATCTTAAATTCTCAACAATTGGTT,0.013258197287252702,0.022232308851044016,0.08248896219948117,0.21603130862292963,0.36145706578007514,0.24305070454680688,0.061481452712410525,0.0,910.2234920322906
GAAATGTTGGATGATAAAGAAGAACAAGAGAAAGATGATAATGAAAGAAATCAAGGTGAAGAAGATCCAACTTGGTTTGATTCTGGTTCTCAATTTATCTTAAATTCTCAACAATTGGTT,0.20514916871886443,0.22016578360029895,0.08509222210260231,0.07597125560928755,0.0808621262381903,0.06268027861557017,0.13952782575729342,0.1305513393578929,1486.8066099749753
GAAATGTTGGATGATAAAGAAGAACAAGAGAAAGATGATAATGAGAATCAAAGAGGTGAAGAAGATCCAACTTGGTTTGATTCTGGTTCTCAATTTATCTTAAATTCTCAACAATTGGTT,0.10121648370885497,0.13578172524528603,0.188922577882854,0.14993077288568352,0.11636260608792859,0.06185038368889049,0.12516405404718833,0.12077139645331411,1448.7381131075447
GAAATGTTGGATGATAAAGAAGAACAAGAGAAAGATGATAGAAATGAGAATCAAGGTGAAGAAGATCCAACTTGGTTTGATTCTGGTTCTCAATTTATCTTAAATTCTCAACAATTGGTT,0.12128645659024971,0.03660875024782095,0.11319179051515607,0.11453336786796384,0.10756481177241962,0.09449604789559285,0.202476419547955,0.20984235556284198,2190.319832857925
GAAATGTTGGATGATAAAGAAGAACAAGAGAAAGATGATAGACAAGAAGGTAATAATGAAGAAGATCCAACTTGGTTTGATTCTGGTTCTCAATTTATCTTAAATTCTCAACAATTGGTT,0.14528348826269757,0.1461731476172334,0.1446264092996462,0.22596703747070765,0.14316328749450366,0.13316762986781372,0.026948580474376045,0.03467041951302173,795.8537815174674
GAAATGTTGGATGATAAAGAAGAACAAGAGAAAGATGATGAAGAACAAAGAAATGGTGATAATGAACCAACTTGGTTTGATTCTGGTTCTCAATTTATCTTAAATTCTCAACAATTGGTT,0.07711205180457807,0.07758425590055451,0.19190823574628962,0.1285033103304301,0.11398007069284097,0.24738463080347922,0.07151742976608721,0.09201001495574032,1351.396567434449
GAAATGTTGGATGATAAAGAAGAACAAGAGAAAGATGATGAGAATAATAGACAAGGTGAAGAAGATCCAACTTGGTTTGATTCTGGTTCTCAATTTATCTTAAATTCTCAACAATTGGTT,0.051422864240612626,0.05173775778258185,0.13864037461550174,0.19043019222461213,0.17735347869094018,0.21210513770151088,0.12717877411325612,0.051131420630984435,1239.2648643575785
GAAATGTTGGATGATAAAGAAGAACAAGAGAAAGATGATGAGAATCAAGAGAATGAAGGTAGAGATCCAACTTGGTTTGATTCTGGTTCTCAATTTATCTTAAATTCTCAACAATTGGTT,0.23248299335324638,0.28894348217690297,0.17017024558017016,0.11394737589950926,0.033689741602488624,0.0438725344046645,0.07609973718468473,0.04079388979833343,756.3477087942013
GAAATGTTGGATGATAAAGAAGAACAAGAGAAAGATGATGAGAATCAGAATAGAGGTGAAGAAGATCCAACTTGGTTTGATTCTGGTTCTCAATTTATCTTAAATTCTCAACAATTGGTT,0.14348263656425597,0.13123751655104862,0.048693307629292255,0.08694782270243478,0.17994927567521507,0.28694609340322935,0.060487593543758184,0.062255753930765725,1193.7438190808225
GAAATGTTGGATGATAAAGAAGAACAAGAGAAAGATGATGGTGAAGAAAGACAGAATAATGAAGATCCAACTTGGTTTGATTCTGGTTCTCAATTTATCTTAAATTCTCAACAATTGGTT,0.046237293349637706,0.09758770552214639,0.20076701362150645,0.26310893019565923,0.22531169052218078,0.138247539497065,0.022115375655220534,0.0066244516365839366,686.2606343023225
GAAATGTTGGATGATAAAGAAGAACAAGAGAAAGATGCTGCTGCTGCTAATCAAGGTGAAGAAGATCCAACTGCTGCTGCTGCTGGTTCTCAATTTATCTTAAATTCTCAACAATTGGTT,0.39231550859967446,0.3453686391090133,0.1593975106335604,0.05718261049531534,0.026329607011838823,0.0037002869758698867,0.009172943512771075,0.006532893661956699,310.2950496837692
GAAATGTTGGATGATAAAGAAGAACAAGAGAAAGATGCTGCTGCTGCTAATCAAGGTGAAGAAGATCCAACTTGGTTTGATTCTGCTGCTGCTGCTATCTTAAATTCTCAACAATTGGTT,0.1612629373287373,0.16666133855446003,0.19162161401414637,0.18523015670290596,0.1652619233785947,0.10577066547098524,0.014737846677369855,0.00945351787280048,586.7469979629374
GAAATGTTGGATGATAAAGAAGAACAAGAGAAAGATGCTGCTGCTGCTAATCAAGGTGAAGAAGATCCAACTTGGTTTGATTCTGGTTCTCAATTTATCTTAAATTCTCAACAATTGGTT,0.053742890765930265,0.08110798686668981,0.10031217341615584,0.14926632107716642,0.06619823950327795,0.0738915358289339,0.18691404225241,0.2885668102894359,2603.426316673651
GAAATGTTGGATGATAAAGAAGAACAAGAGAAAGATGCTGCTGCTGCTAATCAAGGTGAAGAAGATCCAACTTGGTTTGATTCTGGTTCTCAATTTATCTTAAATTCTGCTGCTGCTGCT,0.1941362621710962,0.23405332483165467,0.2342839594255145,0.17756315103943787,0.07008950750553312,0.06059379893370148,0.012805373848401856,0.01647462224466015,522.0856269782007
GAAATGTTGGATGATAAAGAAGAACAAGAGAAAGATGCTGCTGCTGCTAATCAAGGTGAAGAAGATCCAACTTGGTTTGATTCTGGTTCTCAATTTGCTGCTGCTGCTCAACAATTGGTT,0.29336583203589256,0.13416467720148437,0.19082094770839186,0.13333069924833374,0.06570104210966202,0.02444551871002548,0.08657141757990154,0.07159986540630842,966.0700563549949
GAAATGTTGGATGATAAAGAAGAACAAGAGAAAGATGCTGCTGCTGCTAATCAAGGTGAAGCTGCTGCTGCTTGGTTTGATTCTGGTTCTCAATTTATCTTAAATTCTCAACAATTGGTT,0.3200335625643418,0.10733110771358446,0.0,0.0,0.26280261595892185,0.09778149720585173,0.14840726772184762,0.06364394883545245,1198.7273855174187
GAAATGTTGGATGATAAAGAAGAACAAGAGAAAGATGCTGCTGCTGCTGCTGCTGCTGCTGAAGATCCAACTTGGTTTGATTCTGGTTCTCAATTTATCTTAAATTCTCAACAATTGGTT,0.06062431849133382,0.09154773925136571,0.21640893714352524,0.24876586262352593,0.2707143541455262,0.09168914443660493,0.013720486555881537,0.00652915735223659,634.5409208134487
GAAATGTTGGATGATAAAGAAGAACAAGAGAAAGATGGTAATGAGAATAGACAAGATGAAGAAGATCCAACTTGGTTTGATTCTGGTTCTCAATTTATCTTAAATTCTCAACAATTGGTT,0.26244854987548566,0.0377222403312731,0.13996155224426943,0.16661224881714717,0.12930924789746678,0.15464684444767007,0.0869312221338197,0.02236809425286801,852.8606243432666
GAAATGTTGGATGATAAAGAAGAACAAGAGAAAGATGGTCAAGATAATGAGAATAGAGAAGAAGATCCAACTTGGTTTGATTCTGGTTCTCAATTTATCTTAAATTCTCAACAATTGGTT,0.22746884801405806,0.17164633381612932,0.31843134324695493,0.12635508666848258,0.07004664740659627,0.05212479360356117,0.0,0.03392694724421784,581.4489348943632
GAAATGTTGGATGATAAAGAAGAACAAGAGAAAGATGGTCAGAATGATAGAAATGAAGAAGAAGATCCAACTTGGTTTGATTCTGGTTCTCAATTTATCTTAAATTCTCAACAATTGGTT,0.16368198655264873,0.26436165733514233,0.20367712003288851,0.2153429220811489,0.07640208308688212,0.043430255796541764,0.02796436549941265,0.00513960961533491,481.66206000226157
GAAATGTTGGATGATAAAGAAGAACAAGAGAAAGCTAGAGATAATGAGAATCAAGGTGAAGAAGATCCAACTTGGTTTGATTCTGGTTCTCAATTTATCTTAAATTCTCAACAATTGGTT,0.12807905305774966,0.19329503875313564,0.11953104864849205,0.21343722436044035,0.06310496297340878,0.14674743956944303,0.05939334038716861,0.07641189225016165,1095.9963185575723
GAAATGTTGGATGATAAAGAAGAACAAGAGAAAGCTAGAGATAATGAGAATCAAGGTGAAGAAGATCCAACTTGGTTTGCTTCTGGTTCTCAATTTATCTTAAATTCTCAACAATTGGTT,0.27437501769222294,0.28098474001001505,0.2255794954040275,0.09797828675556303,0.03862441631372594,0.05389149060708815,0.02272041093605719,0.005846142281300167,428.1782333231131
GAAATGTTGGATGATAAAGAAGAACAAGAGAAAGCTAGAGATAATGAGAATCAAGGTGAAGAAGCTCCAACTTGGTTTGATTCTGGTTCTCAATTTATCTTAAATTCTCAACAATTGGTT,0.10076978115943674,0.09605070563926144,0.10559371155029583,0.10605960784998725,0.13588310630637207,0.10208887562376565,0.2016741384411086,0.15188007342977244,1856.5902248774523
GAAATGTTGGATGATAAAGAAGAACAAGAGAAAGCTAGAGATAATGAGAATCAAGGTGAAGCTGATCCAACTTGGTTTGATTCTGGTTCTCAATTTATCTTAAATTCTCAACAATTGGTT,0.02116949462588157,0.035143561769417166,0.02765929763072985,0.0382177093368485,0.06518923970386126,0.14359014085624738,0.4265401472902907,0.24249040878672368,2932.5815440519536
GAAATGTTGGATGATAAAGAAGAACAAGAGAAAGCTAGAGATAATGAGAATCAAGGTGCTGAAGATCCAACTTGGTTTGATTCTGGTTCTCAATTTATCTTAAATTCTCAACAATTGGTT,0.038243199764716955,0.06925929513765337,0.12690078613978784,0.1812774295487675,0.31655480641337197,0.2103235404984264,0.03310401253653492,0.02433692996074105,924.6024220693565
GAAATGTTGGATGATAAAGAAGAACAAGAGAAAGCTAGAGATAATGCTAATCAAGGTGAAGAAGATCCAACTTGGTTTGATTCTGGTTCTCAATTTATCTTAAATTCTCAACAATTGGTT,0.013728503682179847,0.020718857517419437,0.03511508966455926,0.07880149292205431,0.12926904793750613,0.21042610017664562,0.3317517185355546,0.1801891895640809,2449.296060873017
GAAATGTTGGATGATAAAGAAGAACAAGAGAAAGCTAGAGCTAATGCTAATCAAGGTGCTGAAGATCCAACTTGGTTTGATTCTGGTTCTCAATTTATCTTAAATTCTCAACAATTGGTT,0.14442835265118922,0.07265638774456877,0.16688186036941752,0.11461071436471626,0.14232063134093031,0.1512957805126857,0.1339498084312402,0.07385646458525202,1282.4126775650586
GAAATGTTGGATGATAAAGAAGAACAAGAGAAGAATAGAGATGAGAATCAAGATGGTGAAGAAGATCCAACTTGGTTTGATTCTGGTTCTCAATTTATCTTAAATTCTCAACAATTGGTT,0.046838161801738484,0.12427473165832865,0.20374345276897476,0.27366420646615663,0.2037922298100028,0.1295616121817614,0.014914897211389073,0.0032107081016481027,629.8450719383442
GAAATGTTGGATGATAAAGAAGAACAAGAGAAGAATGATGATGAAAGACAGAATGGTGAAGAAGATCCAACTTGGTTTGATTCTGGTTCTCAATTTATCTTAAATTCTCAACAATTGGTT,0.17895142377617532,0.30382973846173444,0.16700819400548084,0.1366811606507241,0.03306372910469953,0.03075522025598447,0.08298408343411577,0.0667264503110856,926.3136318000754
GAAATGTTGGATGATAAAGAAGAACAAGAGAAGAGAGATGATAATGAGAATCAAGGTGAAGAAGATCCAACTTGGTTTGATTCTGGTTCTCAATTTATCTTAAATTCTCAACAATTGGTT,0.12897032749121445,0.18166412798638198,0.12838702865894047,0.028656331713268896,0.07625291611734678,0.1655008580597707,0.16745860823794656,0.12310980173513023,1619.7983363336766
GAAATGTTGGATGATAAAGAAGAACAAGAGAATAGAGAAGATGATGAGAAGAATCAAGGTGAAGATCCAACTTGGTTTGATTCTGGTTCTCAATTTATCTTAAATTCTCAACAATTGGTT,0.18483054232730253,0.1859623723993344,0.20699392775826145,0.12320427732577575,0.07285328397711015,0.13553333854101382,0.06856829779614758,0.022053959875054263,758.4086704242774
GAAATGTTGGATGATAAAGAAGAACAAGAGAATCAAGATAATGATGAAAGGAAAGGTGAAGAAGATCCAACTTGGTTTGATTCTGGTTCTCAATTTATCTTAAATTCTCAACAATTGGTT,0.25053738826094196,0.2520715814014886,0.12470213681121653,0.11133541558341263,0.04937623204485322,0.04592878459478472,0.046472087434890647,0.11957637386841169,1172.9363140563735
GAAATGTTGGATGATAAAGAAGAACAAGAGAATGAAGATGATAAGAGAAATCAAGGTGAAGAAGATCCAACTTGGTTTGATTCTGGTTCTCAATTTATCTTAAATTCTCAACAATTGGTT,0.06608435915206466,0.23271161887443653,0.08223184624523225,0.03670874056378131,0.09767993136704782,0.12114656090444853,0.2451592664800071,0.11827767641298183,1738.137576396922
GAAATGTTGGATGATAAAGAAGAACAAGAGAATGATGAGAATCAAAGGAAAGATGGTGAAGAAGATCCAACTTGGTTTGATTCTGGTTCTCAATTTATCTTAAATTCTCAACAATTGGTT,0.0016152122715268726,0.028869480390678114,0.03286751261019343,0.11484454643939933,0.22226792884468702,0.43483516852067106,0.13658469003189572,0.028115460890948494,1371.7795345405432
GAAATGTTGGATGATAAAGAAGAACAAGAGAATGATGATAGAGAGAAGAATCAAGGTGAAGAAGATCCAACTTGGTTTGATTCTGGTTCTCAATTTATCTTAAATTCTCAACAATTGGTT,0.12354742394350797,0.09944318410179664,0.12298865147608427,0.2745139933901618,0.17044220109684388,0.045297694375514855,0.04583353189487437,0.11793331972121615,1277.4572922925486
GAAATGTTGGATGATAAAGAAGAACAAGATAAAGAAAGAGATAATGAGAATCAAGGTGAAGAAGATCCAACTTGGTTTGATTCTGGTTCTCAATTTATCTTAAATTCTCAACAATTGGTT,0.24105832468445795,0.1616896478272467,0.09998670056441189,0.08926920696640175,0.07918014325514901,0.11047768105653796,0.07452303239983671,0.14381526324595797,1469.2602633526258
GAAATGTTGGATGATAAAGAAGAACAAGATAAAGATAGAGAGAATGAGAATCAAGGTGAAGAAGATCCAACTTGGTTTGATTCTGGTTCTCAATTTATCTTAAATTCTCAACAATTGGTT,0.2748734856234596,0.23558534003721598,0.0760084181179107,0.19227322215110274,0.0902873692381175,0.10264650864948764,0.0283256561827059,0.0,497.4849443381104
GAAATGTTGGATGATAAAGAAGAACAAGATAGAGATGAGAAGAATGAGAATCAAGGTGAAGAAGATCCAACTTGGTTTGATTCTGGTTCTCAATTTATCTTAAATTCTCAACAATTGGTT,0.17492465224389694,0.12467236541647586,0.25775666269661807,0.14546471626634278,0.050266652687477056,0.21144781097041535,0.027581618050569606,0.007885521668204321,659.704815021518
GAAATGTTGGATGATAAAGAAGAACAAGATGATAGGAAAGAGAATGAGAATCAAGGTGAAGAAGATCCAACTTGGTTTGATTCTGGTTCTCAATTTATCTTAAATTCTCAACAATTGGTT,0.27636080351434883,0.32579116640334144,0.14501327368804173,0.12114638409725298,0.037732154026934715,0.04806858344870964,0.033968837043049295,0.01191879777832133,482.73500330171555
GAAATGTTGGATGATAAAGAAGAACAAGCTAAAGATAGAGATAATGAGAATCAAGGTGAAGAAGATCCAACTTGGTTTGATTCTGGTTCTCAATTTATCTTAAATTCTCAACAATTGGTT,0.03576881511604639,0.04798379916463696,0.11127200682345464,0.15895176059405386,0.27610010089290743,0.24589416814375797,0.0884632570573492,0.03556609220779363,1135.2428761330284
GAAATGTTGGATGATAAAGAAGAACAAGCTAAAGATAGAGATAATGAGAATCAAGGTGAAGAAGATCCAACTTGGTTTGCTTCTGGTTCTCAATTTATCTTAAATTCTCAACAATTGGTT,0.24748792342756737,0.2621718941400085,0.22504824103824292,0.148050369912714,0.05393415914779922,0.045806001037052124,0.013242243268681756,0.004259168027934083,409.9989908023375
GAAATGTTGGATGATAAAGAAGAACAAGCTAAAGATAGAGATAATGAGAATCAAGGTGAAGAAGCTCCAACTTGGTTTGATTCTGGTTCTCAATTTATCTTAAATTCTCAACAATTGGTT,0.09444678792867287,0.2850754295403871,0.16453435245712986,0.17837620143075178,0.13029586459407286,0.034628174330031396,0.07883504883899803,0.033808140879956095,789.5699026687482
GAAATGTTGGATGATAAAGAAGAACAAGCTAAAGATAGAGATAATGAGAATCAAGGTGAAGCTGATCCAACTTGGTTTGATTCTGGTTCTCAATTTATCTTAAATTCTCAACAATTGGTT,0.2507895423896276,0.18924395971770133,0.15603455457774304,0.1393093368206272,0.061782408632736194,0.05746876220247527,0.1453714356590894,0.0,703.533240863116
GAAATGTTGGATGATAAAGAAGAACAAGCTAAAGATAGAGATAATGAGAATCAAGGTGCTGAAGATCCAACTTGGTTTGATTCTGGTTCTCAATTTATCTTAAATTCTCAACAATTGGTT,0.02980791902534222,0.1199618043304541,0.0741827641406641,0.1324623472528056,0.33778853274227716,0.19125469678311688,0.09675854771310181,0.017783388012238104,1008.1591735440185
GAAATGTTGGATGATAAAGAAGAACAAGCTAAAGATAGAGATAATGCTAATCAAGGTGAAGAAGATCCAACTTGGTTTGATTCTGGTTCTCAATTTATCTTAAATTCTCAACAATTGGTT,0.19917431071627362,0.1335959842834884,0.04130697869857712,0.14751726818806518,0.2944014779060898,0.06085474957916406,0.12314923062834175,0.0,776.3293791935945
GAAATGTTGGATGATAAAGAAGAACAAGCTAAAGATAGAGCTAATGAGAATCAAGGTGAAGAAGATCCAACTTGGTTTGATTCTGGTTCTCAATTTATCTTAAATTCTCAACAATTGGTT,0.2686454226871737,0.18770173775004115,0.15785822822945098,0.2072610770117356,0.044120822379924894,0.08892066629037898,0.02768385557753894,0.017808190073755722,576.5544822424483
GAAATGTTGGATGATAAAGAAGAACAAGCTAAAGCTAGAGATAATGAGAATCAAGGTGAAGAAGATCCAACTTGGTTTGATTCTGGTTCTCAATTTATCTTAAATTCTCAACAATTGGTT,0.19633677258476162,0.11852343739089127,0.1465865947946096,0.08724939747221831,0.11608291412360933,0.25194868434894546,0.03641843529054507,0.04685376399441937,973.4011541126129
GAAATGTTGGATGATAAAGAAGAACAAGCTAAAGCTAGAGCTAATGCTAATCAAGGTGAAGAAGATCCAACTTGGTTTGATTCTGGTTCTCAATTTATCTTAAATTCTCAACAATTGGTT,0.20399862228436388,0.12314869811619521,0.05076899755757992,0.22663554877104597,0.1206129358255957,0.07479449550877322,0.15135851582394946,0.048682186112496605,1082.6488087624764
GAAATGTTGGATGATAAAGAAGAACAGAATGAAAGAGATGATAAAGAGAATCAAGGTGAAGAAGATCCAACTTGGTTTGATTCTGGTTCTCAATTTATCTTAAATTCTCAACAATTGGTT,0.23365763247014448,0.27872763589383115,0.20892292861302042,0.16943018932787085,0.042740598418589244,0.034626586149582,0.016869277878350578,0.015025151248611333,470.79815749271245
GAAATGTTGGATGATAAAGAAGAAGAAAGAAATAAACAAGATGAGAATGATCAAGGTGAAGAAGATCCAACTTGGTTTGATTCTGGTTCTCAATTTATCTTAAATTCTCAACAATTGGTT,0.04273266069265871,0.05911721587927201,0.0997017002817509,0.24330699873191433,0.25265423874265314,0.21542943150246271,0.07431061329630778,0.012747140872980489,934.3204098325145
GAAATGTTGGATGATAAAGAAGAAGAAAGAGAAGATGATAAGAATCAGAATCAAGGTGAAGAAGATCCAACTTGGTTTGATTCTGGTTCTCAATTTATCTTAAATTCTCAACAATTGGTT,0.11815325339248862,0.19924417684586557,0.2288184145398613,0.24219179666616433,0.10822975499786813,0.06940346350413341,0.02700940541137891,0.0069497346422397605,550.0292339552209
GAAATGTTGGATGATAAAGAAGAAGAAAGAGATCAGAAAGATAATGAGAATCAAGGTGAAGAAGATCCAACTTGGTTTGATTCTGGTTCTCAATTTATCTTAAATTCTCAACAATTGGTT,0.09946722399362212,0.12009158692230464,0.24754339982513293,0.22100942292741124,0.14702346724148008,0.10028941409564701,0.06457548499440192,0.0,649.9329659310545
GAAATGTTGGATGATAAAGAAGAAGAACAAGATAAGAGAGATAATGAGAATCAAGGTGAAGAAGATCCAACTTGGTTTGATTCTGGTTCTCAATTTATCTTAAATTCTCAACAATTGGTT,0.054006822949086805,0.07762505663607251,0.15360732659810705,0.29999874066270027,0.19766935344086517,0.14143698728646467,0.05724403201778139,0.018411680408922177,833.7566036958303
GAAATGTTGGATGATAAAGAAGAAGAACAGAAAGATAGAGATAATGAGAATCAAGGTGAAGAAGATCCAACTTGGTTTGATTCTGGTTCTCAATTTATCTTAAATTCTCAACAATTGGTT,0.43761059203837643,0.18412141843603758,0.16831212971525303,0.044197320177972226,0.047042651262749355,0.036465111976880224,0.04427576005932666,0.03797501633340458,627.000002210239
GAAATGTTGGATGATAAAGAAGAAGAAGAGAAAGATAGAGATGAAGAAGAAGAAGGTGAAGAAGATCCAACTTGGTTTGATTCTGGTTCTGAATTTATCTTGGAATCTGAAGAATTGGTT,0.036739210804452006,0.11089256215853135,0.0914326225693144,0.16326406735189647,0.18101527784108823,0.16837679506966446,0.2044422784931948,0.04383718571185828,1319.487384114782
GAAATGTTGGATGATAAAGAAGAAGAAGATAAAGAAAGAGATCAGAATAATCAAGGTGAAGAAGATCCAACTTGGTTTGATTCTGGTTCTCAATTTATCTTAAATTCTCAACAATTGGTT,0.08466951289299927,0.056791997286523246,0.21071643745094254,0.06270997095896513,0.1390564745894381,0.23282559819121568,0.07852658306900859,0.1347034255609074,1611.1900288285067
GAAATGTTGGATGATAAAGAAGAAGAAGATAATCAAGATAGAGAGAAGAATCAAGGTGAAGAAGATCCAACTTGGTTTGATTCTGGTTCTCAATTTATCTTAAATTCTCAACAATTGGTT,0.026465248566143452,0.029585901571895775,0.04756835997225122,0.11760797332815696,0.23471124151518574,0.31805182113033975,0.16636154385142138,0.05964791006460565,1509.7750566126613
GAAATGTTGGATGATAAAGAAGAAGAAGATCAAAGAGATAAGAATGAGAATCAAGGTGAAGAAGATCCAACTTGGTTTGATTCTGGTTCTCAATTTATCTTAAATTCTCAACAATTGGTT,0.07253950581101065,0.09379183083003798,0.26572269357970296,0.18154799822430528,0.2592171098027442,0.1018005913400722,0.0011451341352325716,0.024235136276894127,705.5007592578745
GAAATGTTGGATGATAAAGAAGAAGAGAAACAAGATAGAGATAATGAGAATCAAGGTGAAGAAGATCCAACTTGGTTTGATTCTGGTTCTCAATTTATCTTAAATTCTCAACAATTGGTT,0.0006388479738610905,0.0010444850477873211,0.0009440010953982475,0.000731917752070345,0.0008262514558852591,0.00023788842293119165,0.24607197983055246,0.7495046284215141,5404.391940932338
GAAATGTTGGATGATAAAGAAGAAGAGAAGAGAGATGATCAGAATGAGAATCAAGGTGAAGAAGATCCAACTTGGTTTGATTCTGGTTCTCAATTTATCTTAAATTCTCAACAATTGGTT,0.05849652333671901,0.0882820998075036,0.0363949743526826,0.12997530590314932,0.2017499814197297,0.26809114584902943,0.21700996933118627,0.0,1189.0123083497197
GAAATGTTGGATGATAAAGAAGAAGAGAATCAGAAGAGAGATAATGAAGATCAAGGTGAAGAAGATCCAACTTGGTTTGATTCTGGTTCTCAATTTATCTTAAATTCTCAACAATTGGTT,0.1561295668721636,0.11781423253284705,0.24284911554910163,0.04336366303755505,0.03846277084856261,0.17888650511216309,0.03620051947744524,0.1862936265701617,1703.9932301110437
GAAATGTTGGATGATAAAGAAGAAGATAAAGAACAAAGAGATAATGAGAATCAAGGTGAAGAAGATCCAACTTGGTTTGATTCTGGTTCTCAATTTATCTTAAATTCTCAACAATTGGTT,0.09865348838507214,0.09925760382756942,0.12275913079174658,0.10960067880832232,0.06480918966955572,0.060284213452975334,0.09149599526464713,0.35313969980011134,2746.084151256549
GAAATGTTGGATGATAAAGAAGAAGATAAGAGAGATGAACAGAATGAGAATCAAGGTGAAGAAGATCCAACTTGGTTTGATTCTGGTTCTCAATTTATCTTAAATTCTCAACAATTGGTT,0.17188403480603126,0.10808536595069591,0.1425888738125928,0.12730488770636592,0.16937563782992707,0.17067898734416873,0.09299122585936646,0.017090986690851916,873.3187723208315
GAAATGTTGGATGATAAAGAAGAAGATAATGAACAAGAGAATAGGAAAGATCAAGGTGAAGAAGATCCAACTTGGTTTGATTCTGGTTCTCAATTTATCTTAAATTCTCAACAATTGGTT,0.013313073394932182,0.10715677966529856,0.09939646402058078,0.28101708510164614,0.27549455832850334,0.1830425244595289,0.024694370574024863,0.01588514445548517,824.4147996483509
GAAATGTTGGATGATAAAGAAGAAGATAGAGATGAACAGAAGAATGAGAATCAAGGTGAAGAAGATCCAACTTGGTTTGATTCTGGTTCTCAATTTATCTTAAATTCTCAACAATTGGTT,0.08559364853721814,0.0478432170110276,0.14201088500401626,0.15848606631362308,0.11245937864671088,0.21793222347833163,0.16758774980933275,0.0680868311997396,1399.133352180684
GAAATGTTGGATGATAAAGAAGAAGATCAAGATGAGAAGAGAAATGAGAATCAAGGTGAAGAAGATCCAACTTGGTTTGATTCTGGTTCTCAATTTATCTTAAATTCTCAACAATTGGTT,0.02784051104769762,0.0728285882134475,0.09700108511404121,0.29074071496090903,0.2578816620312712,0.19394259700788657,0.04647713482443567,0.013287706800311242,863.4527721679572
GAAATGTTGGATGATAAAGAAGAAGATCAGAAAGAAAGAGATAATGAGAATCAAGGTGAAGAAGATCCAACTTGGTTTGATTCTGGTTCTCAATTTATCTTAAATTCTCAACAATTGGTT,0.25317639384614166,0.13894186212352494,0.11455970167283781,0.2301303147024131,0.0453603006125747,0.1476763589279135,0.042692359640274,0.027462708474320262,740.834358891663
GAAATGTTGGATGATAAAGAAGAAGATCAGAATGATAGAAATAAAGAACAAGAAGGTGAAGAAGATCCAACTTGGTTTGATTCTGGTTCTCAATTTATCTTAAATTCTCAACAATTGGTT,0.11626160018055778,0.07018412449464226,0.11573577957559542,0.18082777112910114,0.11456493157105578,0.10656601053444993,0.1293919271629961,0.16646785535160158,1787.1346445712159
GAAATGTTGGATGATAAAGAAGAAGATGAAAGACAGAAAGAAGATAATAATCAAGGTGAAGAAGATCCAACTTGGTTTGATTCTGGTTCTCAATTTATCTTAAATTCTCAACAATTGGTT,0.06349991594184347,0.10684477261598199,0.17670829256086734,0.2644633721599076,0.21534941834229784,0.14953878632437217,0.017438411086545057,0.006157030968184569,676.2421130095203
GAAATGTTGGATGATAAAGAAGAAGATGAGAAACAAAGAGATAATGAGAATCAAGGTGAAGAAGATCCAACTTGGTTTGATTCTGGTTCTCAATTTATCTTAAATTCTCAACAATTGGTT,0.05064030271985538,0.10826960884134197,0.10239789211573565,0.10548685943618868,0.020792200544675815,0.073493860304324,0.21917585693740177,0.31974341910047677,2834.9903463717274
GAAATGTTGGATGATAAAGAAGAAGATGAGAAACAGAATGATAGAGAGAATCAAGGTGAAGAAGATCCAACTTGGTTTGATTCTGGTTCTCAATTTATCTTAAATTCTCAACAATTGGTT,0.3670910592906813,0.25270561899146604,0.14424900121881468,0.08585804493204366,0.038077252662751304,0.05312804956198526,0.03583767618023923,0.023053297162018493,544.1580558499962
GAAATGTTGGATGATAAAGAAGAAGATGAGAAAGATAGAGATGATGAAGATGATGGTGAAGAAGATCCAACTTGGTTTGATTCTGGTTCTGACTTTATCTTGGATTCTGATGATTTGGTT,0.022753525485893284,0.08226242399928871,0.11707920419057913,0.28604336057209445,0.22380153736588324,0.13556402813645366,0.07722971537606357,0.05526620487374397,1109.8163829633706
GAAATGTTGGATGATAAAGAAGAAGATGAGAAGAGAGATCAGAATGAGAATCAAGGTGAAGAAGATCCAACTTGGTTTGATTCTGGTTCTCAATTTATCTTAAATTCTCAACAATTGGTT,0.06835723495299217,0.11176072044960386,0.08506009147291622,0.18985642258955282,0.26101868535164274,0.21146606106123916,0.03169889553804027,0.04078188858401288,988.7271995215576
GAAATGTTGGATGATAAAGAAGAAGATGAGAATAGACAAGATCAAGAGAAGAATGGTGAAGAAGATCCAACTTGGTTTGATTCTGGTTCTCAATTTATCTTAAATTCTCAACAATTGGTT,0.18835771385890968,0.2368889286902212,0.17578670767058577,0.20925903012309527,0.03093481792442411,0.1150997984325018,0.043673003300262254,0.0,537.1023824369674
GAAATGTTGGATGATAAAGAAGAAGCTGAGAAAGATAGAGATGCTGAAGCTGCTGGTGAAGAAGATCCAACTTGGTTTGATTCTGGTTCTGCATTTATCTTGGCTTCTGCTGCTTTGGTT,0.00926649201202078,0.02459125417389521,0.14736832393000074,0.23534463052650675,0.33206610366322603,0.21175101879616348,0.033987479576167615,0.005624697322019296,839.9948408562348
GAAATGTTGGATGATAAAGAAGAAGCTGCTGCTGCTAGAGATAATGAAGCTGCTGCTGCTGAAGATCCAACTTGGTTTGATTCTGGTTCTCAATTTATCTTAAATTCTCAACAATTGGTT,0.03083551872779638,0.1575684318015652,0.17272584572028957,0.2239146685780541,0.20541377855601667,0.1985910282759691,0.010525153182174079,0.0004255751581348913,667.4345769841948
GAAATGTTGGATGATAAAGAAGAAGCTGCTGCTGCTAGAGATAATGAGAATCAAGGTGAAGAAGATCCAACTGCTGCTGCTGCTGGTTCTCAATTTATCTTAAATTCTCAACAATTGGTT,0.26066188839692006,0.20173698463313347,0.19960229485397066,0.07796560022979282,0.1185498037092383,0.055136329493201644,0.07438473418223102,0.011962364501512156,625.6446288152088
GAAATGTTGGATGATAAAGAAGAAGCTGCTGCTGCTAGAGATAATGAGAATCAAGGTGAAGAAGATCCAACTTGGTTTGATTCTGCTGCTGCTGCTATCTTAAATTCTCAACAATTGGTT,0.10878131655686175,0.28994139354033277,0.2849596306886569,0.18304964054577727,0.0735571329143491,0.02380995101858125,0.007479704004850541,0.02842123073059044,556.9510614937324
GAAATGTTGGATGATAAAGAAGAAGCTGCTGCTGCTAGAGATAATGAGAATCAAGGTGAAGAAGATCCAACTTGGTTTGATTCTGGTTCTCAATTTATCTTAAATTCTCAACAATTGGTT,0.16466327344891016,0.06902983626702897,0.08537424209391745,0.09146765532688342,0.06760843873372308,0.15093124561972104,0.3054332965690144,0.06549201194080147,1579.1888528720272
GAAATGTTGGATGATAAAGAAGAAGCTGCTGCTGCTAGAGATAATGAGAATCAAGGTGAAGAAGATCCAACTTGGTTTGATTCTGGTTCTCAATTTATCTTAAATTCTGCTGCTGCTGCT,0.17141426181522823,0.3361341502206473,0.23641507473683934,0.15192745118855594,0.0525928323204646,0.03926457886714015,0.008722514289811568,0.003529136561312977,395.73702610420094
GAAATGTTGGATGATAAAGAAGAAGCTGCTGCTGCTAGAGATAATGAGAATCAAGGTGAAGAAGATCCAACTTGGTTTGATTCTGGTTCTCAATTTGCTGCTGCTGCTCAACAATTGGTT,0.20102896757271793,0.26576307655472187,0.21728591042184542,0.11673167805752689,0.03617042692057368,0.15986974104367757,0.000868058848640538,0.0022821405802961165,483.5272695390622
GAAATGTTGGATGATAAAGAAGAAGCTGCTGCTGCTAGAGATAATGAGAATCAAGGTGAAGCTGCTGCTGCTTGGTTTGATTCTGGTTCTCAATTTATCTTAAATTCTCAACAATTGGTT,0.13503365959631727,0.17243839419517865,0.1615660311411756,0.18463731057051688,0.11770961243058838,0.10473064593831237,0.0867023430510848,0.037182003076826065,898.5347180923982
GAAATGTTGGATGATAAAGAAGAAGCTGCTGCTGCTGCTGCTGCTGCTAATCAAGGTGAAGAAGATCCAACTTGGTTTGATTCTGGTTCTCAATTTATCTTAAATTCTCAACAATTGGTT,0.22004357215592124,0.22139103307329683,0.12445930285135105,0.04444744431975319,0.15769625957976288,0.11001443261804868,0.0742105468546971,0.04773740854716905,915.5126083300167
GAAATGTTGGATGATAAAGAAGAGAAACAAGAGAATAGAGATGATGAGAATCAAGGTGAAGAAGATCCAACTTGGTTTGATTCTGGTTCTCAATTTATCTTAAATTCTCAACAATTGGTT,0.2466671649576305,0.137876476867689,0.3069394429000753,0.1674681874339337,0.05401498159764904,0.012560914188612517,0.02541900063698367,0.049053831417426204,687.9441898766544
GAAATGTTGGATGATAAAGAAGAGAAACAAGATGAAAGAGATAATGAGAATCAAGGTGAAGAAGATCCAACTTGGTTTGATTCTGGTTCTCAATTTATCTTAAATTCTCAACAATTGGTT,0.12753144688022586,0.2566247993296424,0.052897773219202505,0.23613851836848782,0.20945051880557947,0.07793067525078676,0.039426268146075305,0.0,582.0276666630039
GAAATGTTGGATGATAAAGAAGAGAAAGAACAAGATAGAGATAATGAGAATCAAGGTGAAGAAGATCCAACTTGGTTTGATTCTGGTTCTCAATTTATCTTAAATTCTCAACAATTGGTT,0.02106369558792377,0.02119268143514549,0.05242107509756819,0.07020315365749305,0.06226890495012086,0.1448032283938388,0.43954842372665603,0.1884988371512538,2642.7863599703333
GAAATGTTGGATGATAAAGAAGAGAAAGAAGATCAAAGAGATAATGAGAATCAAGGTGAAGAAGATCCAACTTGGTTTGATTCTGGTTCTCAATTTATCTTAAATTCTCAACAATTGGTT,0.07007937371597082,0.1686463147355782,0.29038090895953855,0.15808889009984126,0.1741352605267808,0.09256614919779034,0.044542789034906334,0.0015603137295938578,609.4367931707677
GAAATGTTGGATGATAAAGAAGAGAAAGAGAAAGATAGAGATAAAGAGAAGAAAGGTGAAGAAGATCCAACTTGGTTTGATTCTGGTTCTAAATTTATCTTGAAATCTAAGAAATTGGTT,0.03182023719546314,0.04802263785521372,0.05939310495218129,0.12372921411538311,0.18813520325944857,0.29166601241632345,0.1623139106055295,0.09491967960045736,1663.3948661339625
GAAATGTTGGATGATAAAGAAGAGAAAGATGATGAAAGACAGAATGAGAATCAAGGTGAAGAAGATCCAACTTGGTTTGATTCTGGTTCTCAATTTATCTTAAATTCTCAACAATTGGTT,0.15918219751479773,0.1601569671378848,0.0990389114684036,0.17684602123468546,0.07842958267085151,0.05471522318282906,0.1291790802321458,0.14245201655840203,1555.288875798677
GAAATGTTGGATGATAAAGAAGAGAAGAATGAAAGAGAAGATGATCAGAATCAAGGTGAAGAAGATCCAACTTGGTTTGATTCTGGTTCTCAATTTATCTTAAATTCTCAACAATTGGTT,0.20886679104686967,0.3438749613613654,0.1890201286794021,0.10547450868870394,0.037421579026153035,0.03480880519047321,0.03522056707112235,0.04531265893591021,681.3654059330432
GAAATGTTGGATGATAAAGAAGAGAATCAAGATCAAAGAGAAGAAGATAATAAAGGTGAAGAAGATCCAACTTGGTTTGATTCTGGTTCTCAATTTATCTTAAATTCTCAACAATTGGTT,0.07923679571496697,0.13951351909778553,0.20678199151563903,0.16872300125056472,0.0910938585257703,0.059515327984482086,0.07655002038997262,0.17858548552081874,1680.1246508897448
GAAATGTTGGATGATAAAGAAGAGAATGATCAAAGGAAAGAAGATGAGAATCAAGGTGAAGAAGATCCAACTTGGTTTGATTCTGGTTCTCAATTTATCTTAAATTCTCAACAATTGGTT,0.04897442791898338,0.07968513897391154,0.2528131562095094,0.21043309890000808,0.23508266692321264,0.16213482014046487,0.010563079664257274,0.00031361126965266894,644.305159421984
GAAATGTTGGATGATAAAGAAGATCAGAAAGAAGAAAGAGATAATGAGAATCAAGGTGAAGAAGATCCAACTTGGTTTGATTCTGGTTCTCAATTTATCTTAAATTCTCAACAATTGGTT,0.1910928809080495,0.2691682827348883,0.047557154531015104,0.08491908317001498,0.1506433270551709,0.1401254132286476,0.07089149552796278,0.045602362844250725,930.1250413896963
GAAATGTTGGATGATAAAGAAGATGAAAGACAAGAAGAGAAGAATGATAATCAAGGTGAAGAAGATCCAACTTGGTTTGATTCTGGTTCTCAATTTATCTTAAATTCTCAACAATTGGTT,0.18727863799576056,0.2093616213886437,0.1208353131663881,0.13870680896428944,0.08202025743240986,0.08900920564439287,0.14795919276417588,0.024828962643939557,910.3574822430854
GAAATGTTGGATGATAAAGAAGATGAGAAAGAAAGAGATCAGAATGAGAATCAAGGTGAAGAAGATCCAACTTGGTTTGATTCTGGTTCTCAATTTATCTTAAATTCTCAACAATTGGTT,0.11489579160494459,0.1335091298981726,0.0785329186533291,0.1006780041346752,0.14192247737056168,0.20914490881182404,0.14408097712612078,0.07723579240037187,1382.8896444904417
GAAATGTTGGATGATAAAGAAGATGATCAGAAAGAAAGAGAGAATGAGAATCAAGGTGAAGAAGATCCAACTTGGTTTGATTCTGGTTCTCAATTTATCTTAAATTCTCAACAATTGGTT,0.06595368402703009,0.13573136993655274,0.19696617864100172,0.3050792356137839,0.16779542601523584,0.10606841877187616,0.016682351513748014,0.005723335480771523,608.8571210421001
GAAATGTTGGATGATAAAGAAGATGATGAAGAACAGAAGAGAAATGAGAATCAAGGTGAAGAAGATCCAACTTGGTTTGATTCTGGTTCTCAATTTATCTTAAATTCTCAACAATTGGTT,0.15330712787281256,0.10394833797316062,0.08294226092418272,0.07405174703141996,0.10180793145945044,0.08859004557811923,0.16073020496246265,0.23462234419839192,2218.1861892641186
GAAATGTTGGATGATAAAGAAGCTCAAGAGAAAGATAGAGATAATGAGAATCAAGGTGAAGAAGATCCAACTTGGTTTGATTCTGGTTCTCAATTTATCTTAAATTCTCAACAATTGGTT,0.3482912838717726,0.2628180627749424,0.19347994090560067,0.13128314667050373,0.018386168582131567,0.034204893381294045,0.011536503813755082,0.0,331.4157878816196
GAAATGTTGGATGATAAAGAAGCTCAAGAGAAAGATAGAGATAATGAGAATCAAGGTGAAGAAGATCCAACTTGGTTTGCTTCTGGTTCTCAATTTATCTTAAATTCTCAACAATTGGTT,0.5608398279143944,0.30575186994851167,0.10069547841778849,0.008216546904822956,0.00015026651235429473,0.008130240465830304,0.002569281497897702,0.013646488338400157,296.2611623833564
GAAATGTTGGATGATAAAGAAGCTCAAGAGAAAGATAGAGATAATGAGAATCAAGGTGAAGAAGCTCCAACTTGGTTTGATTCTGGTTCTCAATTTATCTTAAATTCTCAACAATTGGTT,0.396283084062171,0.2928147701958831,0.16794519463645702,0.08558396245814698,0.019960685592202418,0.02882130998336525,0.008468303778115695,0.00012268929365855805,301.7128821709762
GAAATGTTGGATGATAAAGAAGCTCAAGAGAAAGATAGAGATAATGAGAATCAAGGTGAAGCTGATCCAACTTGGTTTGATTCTGGTTCTCAATTTATCTTAAATTCTCAACAATTGGTT,0.038379428265113605,0.17376502004156844,0.21490789621891393,0.12791472837877654,0.2458256868962121,0.14071516478199017,0.03559492973120304,0.02289714568622214,800.2184645166556
GAAATGTTGGATGATAAAGAAGCTCAAGAGAAAGATAGAGATAATGCTAATCAAGGTGAAGAAGATCCAACTTGGTTTGATTCTGGTTCTCAATTTATCTTAAATTCTCAACAATTGGTT,0.05682393933639178,0.05717190695333656,0.04713911635082752,0.10521578144846516,0.09332446126610555,0.19097880869175332,0.24593920118351473,0.20340678476960536,2351.7145242888873
GAAATGTTGGATGATAAAGAAGCTCAAGAGAAAGATAGAGCTAATGAGAATCAAGGTGAAGAAGATCCAACTTGGTTTGATTCTGGTTCTCAATTTATCTTAAATTCTCAACAATTGGTT,0.04963542558789979,0.04993937355348548,0.06176367203423688,0.1378581849062359,0.12227767223112994,0.2957246443033455,0.25318855991716044,0.029612467466506052,1448.8787738920325
GAAATGTTGGATGATAAAGAAGCTCAAGAGAAAGCTAGAGATAATGAGAATCAAGGTGAAGAAGATCCAACTTGGTTTGATTCTGGTTCTCAATTTATCTTAAATTCTCAACAATTGGTT,0.12688726807665085,0.13795978230385908,0.1324253286175069,0.06821005655994057,0.03025053225739218,0.0243866486513164,0.15754117815964552,0.3223392053736887,2642.195114778524
GAAATGTTGGATGATAAAGAAGCTCAAGCTAAAGATAGAGATAATGAGAATCAAGGTGAAGAAGATCCAACTTGGTTTGATTCTGGTTCTCAATTTATCTTAAATTCTCAACAATTGGTT,0.06366767015995818,0.10619848162518661,0.21054938179399602,0.25855071457526163,0.19220011462390846,0.14162463104225329,0.02281433711688649,0.004394669062549243,658.4313192295689
GAAATGTTGGATGATAAAGAAGCTCAAGCTAAAGCTAGAGCTAATGAGAATCAAGGTGAAGAAGATCCAACTTGGTTTGATTCTGGTTCTCAATTTATCTTAAATTCTCAACAATTGGTT,0.12320717022480039,0.04958465713104831,0.09198745247651606,0.10950318908527476,0.2428182822866073,0.20327824357714888,0.09141460964427237,0.08820639557433203,1376.450933848415
GAAATGTTGGATGATAAAGAAGCTCAAGCTAAAGCTAGAGCTAATGCTAATCAAGGTGCTGCTGCTCCAACTTGGTTTGCTTCTGGTTCTCAATTTATCTTAAATTCTCAACAATTGGTT,0.12107963805133089,0.1740301178254857,0.13990324531126916,0.15373185175737777,0.06817866125779447,0.06341842860802979,0.17646370700768702,0.10319435018102523,1432.2930140990813
GAAATGTTGGATGATAAAGAGAAAGATGATGAAGAAAGACAGAATGAGAATCAAGGTGAAGAAGATCCAACTTGGTTTGATTCTGGTTCTCAATTTATCTTAAATTCTCAACAATTGGTT,0.004849482536091817,0.0071997639476402055,0.00044154417105095973,0.0029566155624590495,0.0003496618102201365,0.03875877126753623,0.3856455144832119,0.5597986462217895,4615.360034089197
GAAATGTTGGATGATAAAGAGAAGAGAGAAGAACAAGATGATAATGAGAATCAAGGTGAAGAAGATCCAACTTGGTTTGATTCTGGTTCTCAATTTATCTTAAATTCTCAACAATTGGTT,0.17312556171087348,0.014714318394799659,0.012787975370711626,0.039082099769603834,0.05959281759871026,0.17535366934377788,0.40507832185443526,0.120265235957088,2151.7886461731964
GAAATGTTGGATGATAAAGATAGAGAAGATGAGAAACAAGAGAATGAGAATCAAGGTGAAGAAGATCCAACTTGGTTTGATTCTGGTTCTCAATTTATCTTAAATTCTCAACAATTGGTT,0.14884885035831324,0.11585234050048394,0.09785184183104263,0.08112295472794435,0.08025701757496517,0.09009902076627173,0.23181912425836357,0.15414884998261535,1886.7342030111326
GAAATGTTGGATGATAAAGATCAAAGAGAGAAAGATGAAGAGAATGAGAATCAAGGTGAAGAAGATCCAACTTGGTTTGATTCTGGTTCTCAATTTATCTTAAATTCTCAACAATTGGTT,0.2881056506168302,0.07729863923389078,0.14340131230986208,0.1280302415779389,0.1703407011268953,0.05281583902335101,0.07125414735574445,0.06875346875548721,995.6693828722415
GAAATGTTGGATGATAAAGATCAGAAAGAAAGAGATGAAGAAGAGAATAATCAAGGTGAAGAAGATCCAACTTGGTTTGATTCTGGTTCTCAATTTATCTTAAATTCTCAACAATTGGTT,0.28516679204253415,0.37439399101023946,0.0953318477447911,0.0020265072394581563,0.005092844745820081,0.06297772415137053,0.12096035229243259,0.054049940773353976,909.8777420112432
GAAATGTTGGATGATAAAGATGAAGAAGAGAAACAAAGAGATAATGAGAATCAAGGTGAAGAAGATCCAACTTGGTTTGATTCTGGTTCTCAATTTATCTTAAATTCTCAACAATTGGTT,0.03875733439429569,0.07019040451839441,0.02893653388197109,0.03444646694568347,0.022915036551345573,0.05684029119069911,0.3594541807147502,0.3884597518028604,3544.965437113498
GAAATGTTGGATGATAAAGATGAGAATGATAGAGAACAGAAAGAAGAGAATCAAGGTGAAGAAGATCCAACTTGGTTTGATTCTGGTTCTCAATTTATCTTAAATTCTCAACAATTGGTT,0.0592904976843673,0.019884523180513144,0.049185285312521795,0.10978288586081757,0.31160127617828526,0.23549929149195192,0.1558017767219019,0.058954463569641034,1424.3098620496685
GAAATGTTGGATGATAAAGCTGAACAAGAGAAAGATAGAGATAATGAGAATCAAGGTGAAGAAGATCCAACTTGGTTTGATTCTGGTTCTCAATTTATCTTAAATTCTCAACAATTGGTT,0.029322294082977908,0.20651296653903953,0.03648709633455815,0.2280325178383196,0.11557751174611848,0.05375394619182972,0.19036435174648006,0.13994931552067655,1721.5322932209751
GAAATGTTGGATGATAAAGCTGAACAAGAGAAAGATAGAGATAATGAGAATCAAGGTGAAGAAGATCCAACTTGGTTTGCTTCTGGTTCTCAATTTATCTTAAATTCTCAACAATTGGTT,0.06567290072400946,0.19088349489535367,0.1906796485015924,0.12970731515126507,0.2157150015090731,0.1270807303632136,0.05414063134419698,0.026120277511295666,827.7033066379215
GAAATGTTGGATGATAAAGCTGAACAAGAGAAAGATAGAGATAATGAGAATCAAGGTGAAGAAGCTCCAACTTGGTTTGATTCTGGTTCTCAATTTATCTTAAATTCTCAACAATTGGTT,0.05345129361966334,0.05915646931823928,0.09976790154899148,0.05938257389370233,0.010534249978343558,0.0,0.23299452582432778,0.4847129858167324,3776.945770457088
GAAATGTTGGATGATAAAGCTGAACAAGAGAAAGATAGAGATAATGAGAATCAAGGTGAAGCTGATCCAACTTGGTTTGATTCTGGTTCTCAATTTATCTTAAATTCTCAACAATTGGTT,0.16666347040596322,0.15650511559488214,0.1520838874621059,0.18515746161702187,0.13138500796686522,0.07129016391072611,0.12365738180109681,0.013257511241338678,805.187882132387
GAAATGTTGGATGATAAAGCTGAACAAGAGAAAGATAGAGATAATGAGAATCAAGGTGCTGAAGATCCAACTTGGTTTGATTCTGGTTCTCAATTTATCTTAAATTCTCAACAATTGGTT,0.08331385129861099,0.12755831077214821,0.22086495595840933,0.25353079700174047,0.14991809985680268,0.10624824485907386,0.03695487171949314,0.021610868533721315,732.3831875591187
GAAATGTTGGATGATAAAGCTGAACAAGAGAAAGATAGAGATAATGCTAATCAAGGTGAAGAAGATCCAACTTGGTTTGATTCTGGTTCTCAATTTATCTTAAATTCTCAACAATTGGTT,0.13998471338562107,0.21126288766766455,0.2612842488489878,0.0,0.06897092025703697,0.12831074420226923,0.06491428170821698,0.1252722039302034,1350.1426666839095
GAAATGTTGGATGATAAAGCTGAACAAGAGAAAGATAGAGCTAATGAGAATCAAGGTGAAGAAGATCCAACTTGGTTTGATTCTGGTTCTCAATTTATCTTAAATTCTCAACAATTGGTT,0.17712085414272039,0.29700912182440836,0.29386630526139845,0.06559175339507282,0.05817867780692814,0.10823328756947187,0.0,0.0,417.97822873150085
GAAATGTTGGATGATAAAGCTGAACAAGAGAAAGCTAGAGATAATGAGAATCAAGGTGAAGAAGATCCAACTTGGTTTGATTCTGGTTCTCAATTTATCTTAAATTCTCAACAATTGGTT,0.13134324322455734,0.1850065531462488,0.06537460615961502,0.1459178874456943,0.12942648001552523,0.14446791118676838,0.07308842874289634,0.12537489007869446,1439.0825637641967
GAAATGTTGGATGATAAAGCTGAACAAGCTAAAGATAGAGATAATGAGAATCAAGGTGAAGAAGATCCAACTTGGTTTGATTCTGGTTCTCAATTTATCTTAAATTCTCAACAATTGGTT,0.05077868391277144,0.06528119739759061,0.0631862816198591,0.06581562770622011,0.06949672642820927,0.13963204763318293,0.3741404050458566,0.17166903025630992,2381.0484669309453
GAAATGTTGGATGATAAAGCTGCTCAAGAGAAAGATAGAGATAATGAGAATCAAGGTGAAGAAGATCCAACTTGGTTTGATTCTGGTTCTCAATTTATCTTAAATTCTCAACAATTGGTT,0.11519483001286938,0.028975059543185237,0.03583557316515185,0.19196632229575902,0.19864902637860643,0.15838230485733254,0.13354653993872578,0.13745034380836976,1718.3764180863145
GAAATGTTGGATGATAAAGCTGCTCAAGCTAAAGCTAGAGATAATGAGAATCAAGGTGAAGAAGATCCAACTTGGTTTGATTCTGGTTCTCAATTTATCTTAAATTCTCAACAATTGGTT,0.03495532860279762,0.10550814415937051,0.07249423928241316,0.1294472807651978,0.22963471018254966,0.23496178166992096,0.15128985589659044,0.0417086594411599,1272.5971978046953
GAAATGTTGGATGATAAGAAAGAAAGAGAACAAGATGATGAGAATGAGAATCAAGGTGAAGAAGATCCAACTTGGTTTGATTCTGGTTCTCAATTTATCTTAAATTCTCAACAATTGGTT,0.18603284408882112,0.20276970630300387,0.202553166505173,0.19806467123402,0.09929723150878692,0.056839569821088856,0.03594496188218251,0.0184978486569237,603.2715399474886
GAAATGTTGGATGATAAGAAAGATAGAAATGAAGAAGATGAACAAGAGAATCAAGGTGAAGAAGATCCAACTTGGTTTGATTCTGGTTCTCAATTTATCTTAAATTCTCAACAATTGGTT,0.17892107358675127,0.07200668655185403,0.0,0.11926514574940678,0.10578598877145258,0.19680002666128127,0.1991280223694485,0.12809305630980555,1781.7456834490977
GAAATGTTGGATGATAAGAAAGATGAACAAGAAGAAAGAGATAATGAGAATCAAGGTGAAGAAGATCCAACTTGGTTTGATTCTGGTTCTCAATTTATCTTAAATTCTCAACAATTGGTT,0.0679833134009123,0.16812397432129222,0.19329720039939233,0.3109105701810543,0.1283913210594809,0.10607542003253384,0.01586321017544313,0.009354990429891134,608.8277774044274
GAAATGTTGGATGATAAGAAGAATGAAGATGAAGAAGATAGAGAACAGAATCAAGGTGAAGAAGATCCAACTTGGTTTGATTCTGGTTCTCAATTTATCTTAAATTCTCAACAATTGGTT,0.41663893499563853,0.1746626121467319,0.12961080837411837,0.06750212618914536,0.042766530934228025,0.02386834360337666,0.07245206425436863,0.0724985795023925,892.1414972333284
GAAATGTTGGATGATAAGAATAAAGAAAGAGATCAAGAAGAAGATGAGAATCAAGGTGAAGAAGATCCAACTTGGTTTGATTCTGGTTCTCAATTTATCTTAAATTCTCAACAATTGGTT,0.06094354176605026,0.11170212409134417,0.16807177536085485,0.3310213535663539,0.20091702738354708,0.10597983272415983,0.011154546407969342,0.010209798699720697,645.1706116334514
GAAATGTTGGATGATAAGAATGAAGAAGAGAAAGATCAAGAAAGAGATAATCAAGGTGAAGAAGATCCAACTTGGTTTGATTCTGGTTCTCAATTTATCTTAAATTCTCAACAATTGGTT,0.2659933348218667,0.10195130443588682,0.07880664196629258,0.12664695910704046,0.08737051659045292,0.12771048559934137,0.10572643980613597,0.10579431767298317,1338.8269984311926
GAAATGTTGGATGATAAGAGAGAAGAACAGAAAGATGAAGATAATGAGAATCAAGGTGAAGAAGATCCAACTTGGTTTGATTCTGGTTCTCAATTTATCTTAAATTCTCAACAATTGGTT,0.23326543832623614,0.24999998640611198,0.24735459931091744,0.17577129656570156,0.05046953954742669,0.02835337822639835,0.007524925188372816,0.007260836428835038,403.5787732430037
GAAATGTTGGATGATAAGAGAGATAAAGAAGATGAACAAGAGAATGAGAATCAAGGTGAAGAAGATCCAACTTGGTTTGATTCTGGTTCTCAATTTATCTTAAATTCTCAACAATTGGTT,0.10091632136339945,0.05076714675575361,0.06278743963374155,0.0,0.09944359473330158,0.23125111276656013,0.0935946555234875,0.3612397292237562,2979.141292337866
GAAATGTTGGATGATAAGAGAGATAAAGATGAAGAGAATGAACAAGAGAATCAAGGTGAAGAAGATCCAACTTGGTTTGATTCTGGTTCTCAATTTATCTTAAATTCTCAACAATTGGTT,0.07736629369271739,0.12078798039353694,0.22635222535799243,0.2514056056322136,0.19597696425168856,0.10909301357958218,0.018654935902839974,0.0003629811894289495,587.815784409481
GAAATGTTGGATGATAATGAAGAACAAGAGAATGATAATGATAATGAGAATCAAGGTGAAGAAGATCCAACTTGGTTTGATTCTGGTTCTCAATTTATCTTAAATTCTCAACAATTGGTT,0.15782075240058055,0.11909038879903484,0.09819185668312516,0.13150012642452952,0.038879397133673395,0.0361648384693564,0.18296320599864818,0.2353894340910519,2197.392831934264
GAAATGTTGGATGATCAAGAAGAACAAGAACAAGATCAAGATAATGAGAATCAAGGTGAAGAAGATCCAACTTGGTTTGATTCTGGTTCTCAATTTATCTTAAATTCTCAACAATTGGTT,0.019095239750854892,0.056159339790983406,0.11474166250621629,0.2337537490002842,0.32437452788904586,0.21544698176338017,0.03298550870859712,0.003442990590638045,819.9500661153027
GAAATGTTGGATGATGAACAAAGAGATGAGAAGAAAGAAGATAATGAGAATCAAGGTGAAGAAGATCCAACTTGGTTTGATTCTGGTTCTCAATTTATCTTAAATTCTCAACAATTGGTT,0.05609111613273024,0.08868293692738057,0.11965163739369247,0.26706568778828504,0.22109019217043263,0.17627458264288198,0.05202160187217089,0.019122245072426176,866.2092020134487
GAAATGTTGGATGATGAAGAAGAACAAGAAGAAGATGAAGATAATGAGAATCAAGGTGAAGAAGATCCAACTTGGTTTGATTCTGGTTCTCAATTTATCTTAAATTCTCAACAATTGGTT,0.050554872461657796,0.05086445076088994,0.044934130433067494,0.24070606391701493,0.24908548889566337,0.22507450702344467,0.08707589971436668,0.051704586793895245,1205.2488695264403
GAAATGTTGGATGATGAAGAGAAACAAGAGAAAGATAGAGATAATGAGAATCAAGGTGAAGAAGATCCAACTTGGTTTGATTCTGGTTCTCAATTTATCTTAAATTCTCAACAATTGGTT,0.03162482724299062,0.031818485336754396,0.039352245595565986,0.03513411020498869,0.0,0.11594994969595399,0.2933038751124175,0.45281650681132873,3839.1074837997135
GAAATGTTGGATGATGAGAAAGAACAAGAGAAAGATAGAGATAATGAGAATCAAGGTGAAGAAGATCCAACTTGGTTTGATTCTGGTTCTCAATTTATCTTAAATTCTCAACAATTGGTT,0.0448742701588794,0.22574531333832443,0.05583914456340303,0.19941516720600558,0.13265818676335775,0.2879239884308434,0.0,0.05354392953918647,1010.9033985440108
GAAATGTTGGATGATGAGAAAGAAGAACAGAAAGATAGAGATAATGAGAATCAAGGTGAAGAAGATCCAACTTGGTTTGATTCTGGTTCTCAATTTATCTTAAATTCTCAACAATTGGTT,0.06123365588441497,0.06160862688367603,0.10159452030364143,0.1360570287114677,0.08045338656212901,0.0748361328579372,0.2650248572983837,0.21919179149834997,2367.73965128156
GAAATGTTGGATGATGATAGACAGAAGAAAGATGAAGAAGAGAATGAGAATCAAGGTGAAGAAGATCCAACTTGGTTTGATTCTGGTTCTCAATTTATCTTAAATTCTCAACAATTGGTT,0.10976597786294962,0.24848581916702683,0.10244018929441683,0.09145970822299088,0.08112307754561032,0.05030604402098796,0.15270337960427594,0.16371580428174157,1721.1171936120681
GAAATGTTGGATGATGATGAAGAACAAGAAGATGATGATGATAATGAGAATCAAGGTGAAGAAGATCCAACTTGGTTTGATTCTGGTTCTCAATTTATCTTAAATTCTCAACAATTGGTT,0.0861651342224032,0.10836596982528468,0.14295905334719614,0.07977211749745712,0.12736151950432967,0.1908669493500077,0.21310318480966162,0.05140607144365993,1362.4391330970166
GAAATGTTGGATGATGCTGAAGAACAAGAAGCTGATGCTGATAATGAGAATCAAGGTGAAGAAGATCCAACTTGGTTTGATTCTGGTTCTCAATTTATCTTAAATTCTCAACAATTGGTT,0.09688700882204017,0.09748030703343538,0.16440138816869318,0.24463222713872318,0.16490805441668158,0.145320799864998,0.06535103786357964,0.021019176691848863,839.0175788624666
GAAATGTTGGATGCTAAAGAAGAACAAGAGAAAGATAGAGATAATGAGAATCAAGGTGAAGAAGATCCAACTTGGTTTGATTCTGGTTCTCAATTTATCTTAAATTCTCAACAATTGGTT,0.22463707629480656,0.2542642492926858,0.10482239153791459,0.06239104275595272,0.027669853195367695,0.10295177858245068,0.15625443057351524,0.06700917776730667,1150.7755846509713
GAAATGTTGGATGCTAAAGAAGAACAAGAGAAAGATAGAGATAATGAGAATCAAGGTGAAGAAGATCCAACTTGGTTTGCTTCTGGTTCTCAATTTATCTTAAATTCTCAACAATTGGTT,0.0495020687412564,0.1328138668842239,0.04106515326554126,0.09165853171660197,0.27641806310287387,0.21174469641656593,0.13773180618189612,0.059065813691040706,1332.3702271752438
GAAATGTTGGATGCTAAAGAAGAACAAGAGAAAGATAGAGATAATGAGAATCAAGGTGCTGAAGATCCAACTTGGTTTGATTCTGGTTCTCAATTTATCTTAAATTCTCAACAATTGGTT,0.041155033939475894,0.0828141025957434,0.12802781424197876,0.18288738614249062,0.16221774480165813,0.28292194758600414,0.09542290019550037,0.02455307049714871,1071.55392422178
GAAATGTTGGATGCTAAAGAAGAACAAGAGAAAGATAGAGATAATGCTAATCAAGGTGAAGAAGATCCAACTTGGTTTGATTCTGGTTCTCAATTTATCTTAAATTCTCAACAATTGGTT,0.023301052199542472,0.11721869372526246,0.07248646148689496,0.24592344587423803,0.26405158398152545,0.07475254594865015,0.11885784761750785,0.08340836916637871,1319.1298728023119
GAAATGTTGGATGCTAAAGAAGAACAAGAGAAAGATAGAGCTAATGAGAATCAAGGTGAAGAAGATCCAACTTGGTTTGATTCTGGTTCTCAATTTATCTTAAATTCTCAACAATTGGTT,0.048276670002217706,0.14571689243741462,0.0750911364616402,0.09385904955374968,0.07135821354634278,0.17700262566607353,0.2014834872035707,0.18721192512899068,2120.9293464283905
GAAATGTTGGATGCTAAAGAAGAACAAGAGAAAGCTAGAGATAATGAGAATCAAGGTGAAGAAGATCCAACTTGGTTTGATTCTGGTTCTCAATTTATCTTAAATTCTCAACAATTGGTT,0.07145426197430566,0.07189181997450969,0.13337079967856671,0.039691630495433214,0.246440219065594,0.2619814495055806,0.13254024611316623,0.042629573192843814,1253.9082976378552
GAAATGTTGGATGCTAAAGAAGAACAAGCTAAAGATAGAGATAATGAGAATCAAGGTGAAGAAGATCCAACTTGGTTTGATTCTGGTTCTCAATTTATCTTAAATTCTCAACAATTGGTT,0.04981114299278797,0.06900051975940992,0.12306635620099796,0.2406021306007363,0.24968930300330502,0.20181789285453722,0.04017152382898815,0.02584113075923743,918.0065060279762
GAAATGTTGGATGCTAAAGAAGCTCAAGAGAAAGATAGAGATAATGAGAATCAAGGTGAAGAAGATCCAACTTGGTTTGATTCTGGTTCTCAATTTATCTTAAATTCTCAACAATTGGTT,0.152853759440086,0.1757597442050445,0.16303118800051625,0.12129667230277377,0.19365824776799304,0.040030451802352,0.10125995454865125,0.052109981932583226,975.130618067165
GAAATGTTGGATGCTAAAGCTGAACAAGAGAAAGATAGAGATAATGAGAATCAAGGTGAAGAAGATCCAACTTGGTTTGATTCTGGTTCTCAATTTATCTTAAATTCTCAACAATTGGTT,0.12711549189286087,0.12789389753152794,0.09038612999543176,0.12104657069251525,0.0357886933007974,0.033289927511033615,0.2694697777253345,0.19500951135049868,2148.5736328499584
GAAATGTTGGATGCTAAAGCTGCTCAAGCTAAAGATAGAGATAATGAGAATCAAGGTGAAGAAGATCCAACTTGGTTTGATTCTGGTTCTCAATTTATCTTAAATTCTCAACAATTGGTT,0.011190963486807625,0.3343203180722337,0.24958668090500952,0.12624054334572204,0.03477950423716596,0.11520183416745383,0.08862102000746233,0.04005913577814495,892.9409769611929
GAAATGTTGGATGCTAAAGCTGCTCAAGCTAAAGCTAGAGCTAATGCTAATCAAGGTGCTGCTGCTCCAACTTGGTTTGCTTCTGGTTCTCAATTTATCTTAAATTCTCAACAATTGGTT,0.013074810507553011,0.05919693993851977,0.016269595727918248,0.1089425318639948,0.10951402298434056,0.2217121754235191,0.3152814291372025,0.15600849441695203,2270.296828621503
GAAATGTTGGATGCTGCTGCTGCTCAAGAGAAAGATAGAGATAATGAAGCTGCTGCTGCTGAAGATCCAACTTGGTTTGATTCTGGTTCTCAATTTATCTTAAATTCTCAACAATTGGTT,0.0533435377697635,0.06830751806642464,0.14482439725699556,0.20831793493349413,0.24530364404652763,0.2192865535281832,0.05097255829427692,0.009643856104334513,855.4208275076389
GAAATGTTGGATGCTGCTGCTGCTCAAGAGAAAGATAGAGATAATGAGAATCAAGGTGAAGAAGATCCAACTGCTGCTGCTGCTGGTTCTCAATTTATCTTAAATTCTCAACAATTGGTT,0.04180599589849645,0.06309299924063072,0.07803172197546909,0.20900269434789837,0.36046411028587577,0.14369850596854766,0.029079670156966424,0.07482430212611546,1174.5910229506367
GAAATGTTGGATGCTGCTGCTGCTCAAGAGAAAGATAGAGATAATGAGAATCAAGGTGAAGAAGATCCAACTTGGTTTGATTCTGCTGCTGCTGCTATCTTAAATTCTCAACAATTGGTT,0.255281053540214,0.17734487038111132,0.19664549399910833,0.12829912411841746,0.09583070423711558,0.06685485490987038,0.05073427302011409,0.029009625794048838,687.8319789860642
GAAATGTTGGATGCTGCTGCTGCTCAAGAGAAAGATAGAGATAATGAGAATCAAGGTGAAGAAGATCCAACTTGGTTTGATTCTGGTTCTCAATTTATCTTAAATTCTCAACAATTGGTT,0.15303800125318162,0.09898402256835022,0.09521615666856413,0.08501001381394449,0.1292611154311578,0.04007870238543297,0.20276401585252218,0.19564797202684667,2042.6516089538043
GAAATGTTGGATGCTGCTGCTGCTCAAGAGAAAGATAGAGATAATGAGAATCAAGGTGAAGAAGATCCAACTTGGTTTGATTCTGGTTCTCAATTTATCTTAAATTCTGCTGCTGCTGCT,0.3361763585552873,0.21411204605938966,0.14967409328830564,0.07195496443402116,0.06686190642524381,0.053712662809866016,0.04862719641450901,0.05888077201337742,809.6183482193028
GAAATGTTGGATGCTGCTGCTGCTCAAGAGAAAGATAGAGATAATGAGAATCAAGGTGAAGAAGATCCAACTTGGTTTGATTCTGGTTCTCAATTTGCTGCTGCTGCTCAACAATTGGTT,0.11115316205905193,0.19570918608935642,0.2593369818155122,0.10033350617286077,0.10268535342998898,0.10188358856687395,0.07087354620877573,0.058024675657579995,968.1332072214957
GAAATGTTGGATGCTGCTGCTGCTCAAGAGAAAGATAGAGATAATGAGAATCAAGGTGAAGCTGCTGCTGCTTGGTTTGATTCTGGTTCTCAATTTATCTTAAATTCTCAACAATTGGTT,0.24525081393559758,0.17868294197733628,0.10523345218998398,0.13153498893784235,0.07083481909805274,0.08914412188275042,0.11372870679906814,0.06559015517936861,1064.8199747816798
GAAATGTTGGATGCTGCTGCTGCTCAAGAGAAAGATGCTGCTGCTGCTAATCAAGGTGAAGAAGATCCAACTTGGTTTGATTCTGGTTCTCAATTTATCTTAAATTCTCAACAATTGGTT,0.20076066729461967,0.20895522127433117,0.10337207568538621,0.19996536400773268,0.12279156700562632,0.08249096733328383,0.032102605071701984,0.049561532327318046,815.7094215242062
GAAATGTTGGATGCTGCTGCTGCTGCTGCTGCTGCTAGAGATAATGAGAATCAAGGTGAAGAAGATCCAACTTGGTTTGATTCTGGTTCTCAATTTATCTTAAATTCTCAACAATTGGTT,0.0015623434494575256,0.03507842670631011,0.08958193075182551,0.20654955787214452,0.3519477066907122,0.24864952670549345,0.04327911932873576,0.023351388495320993,1010.8503735872407
GAAATGTTGGCTGATAAAGAAGAACAAGAGAAAGATAGAGATAATGAGAATCAAGGTGAAGAAGATCCAACTTGGTTTGATTCTGGTTCTCAATTTATCTTAAATTCTCAACAATTGGTT,0.08456041077070132,0.11979158724685222,0.15156279703155975,0.31861569428803915,0.2086366783333596,0.1066848217600072,0.00982659600519398,0.00032141456428664086,579.7290208065654
GAAATGTTGGCTGATAAAGAAGAACAAGAGAAAGATAGAGATAATGAGAATCAAGGTGAAGAAGATCCAACTTGGTTTGCTTCTGGTTCTCAATTTATCTTAAATTCTCAACAATTGGTT,0.07545508311079946,0.13387551544690973,0.21061103069887332,0.2532494811973046,0.1857943038347969,0.11691504414686522,0.017794544071123016,0.0063049974933278,624.6295171642817
GAAATGTTGGCTGATAAAGAAGAACAAGAGAAAGATAGAGATAATGAGAATCAAGGTGAAGAAGCTCCAACTTGGTTTGATTCTGGTTCTCAATTTATCTTAAATTCTCAACAATTGGTT,0.12899745558075873,0.108156154691847,0.05350584752303283,0.135350030456099,0.12711492572352642,0.19706627394581505,0.11299187085637577,0.1368174412225452,1657.6141205521722
GAAATGTTGGCTGATAAAGAAGAACAAGAGAAAGATAGAGATAATGAGAATCAAGGTGAAGCTGATCCAACTTGGTTTGATTCTGGTTCTCAATTTATCTTAAATTCTCAACAATTGGTT,0.12300976883386545,0.2729568253842589,0.20758372218928808,0.23026220072998976,0.07970276418934837,0.05096981925951991,0.009376864315115238,0.026138035098614495,584.4135487706437
GAAATGTTGGCTGATAAAGAAGAACAAGAGAAAGATAGAGATAATGAGAATCAAGGTGCTGAAGATCCAACTTGGTTTGATTCTGGTTCTCAATTTATCTTAAATTCTCAACAATTGGTT,0.11402560975966701,0.18059783163240298,0.2454787086164536,0.21360059348058508,0.15238432885473,0.07402080798425943,0.015781080143923154,0.004111039527978667,530.1250236191692
GAAATGTTGGCTGATAAAGAAGAACAAGAGAAAGATAGAGATAATGCTAATCAAGGTGAAGAAGATCCAACTTGGTTTGATTCTGGTTCTCAATTTATCTTAAATTCTCAACAATTGGTT,0.14257954558678224,0.0,0.029569728300934003,0.1056006921214831,0.23416467486848308,0.26137836281973015,0.1983527036102925,0.028354292692294922,1314.2196490048075
GAAATGTTGGCTGATAAAGAAGAACAAGAGAAAGATAGAGCTAATGAGAATCAAGGTGAAGAAGATCCAACTTGGTTTGATTCTGGTTCTCAATTTATCTTAAATTCTCAACAATTGGTT,0.013153764201345277,0.07040346590877523,0.14350409861594035,0.11626987473449008,0.2499292068336118,0.1497287728494056,0.17497676944509905,0.08203404741133254,1495.4696135974207
GAAATGTTGGCTGATAAAGAAGAACAAGAGAAAGCTAGAGATAATGAGAATCAAGGTGAAGAAGATCCAACTTGGTTTGATTCTGGTTCTCAATTTATCTTAAATTCTCAACAATTGGTT,0.0457939332102399,0.027644614425875434,0.031910773515779645,0.010175101250458634,0.04151558649749031,0.07387594098067334,0.41282296662077594,0.3562610834987067,3496.486443707343
GAAATGTTGGCTGATAAAGAAGAACAAGCTAAAGATAGAGATAATGAGAATCAAGGTGAAGAAGATCCAACTTGGTTTGATTCTGGTTCTCAATTTATCTTAAATTCTCAACAATTGGTT,0.21139114825746907,0.04890385306201459,0.18144890455010332,0.11513175080350724,0.011296431808029798,0.31481114692129475,0.110998221152501,0.006018543445080349,922.2572492568017
GAAATGTTGGCTGATAAAGAAGCTCAAGAGAAAGATAGAGATAATGAGAATCAAGGTGAAGAAGATCCAACTTGGTTTGATTCTGGTTCTCAATTTATCTTAAATTCTCAACAATTGGTT,0.3818953166591236,0.1646716690555665,0.21120450261006324,0.09428283136309616,0.07765376895811464,0.03333783899736579,0.022488133639135644,0.014465938717534267,466.2125516346165
GAAATGTTGGCTGATAAAGCTGAACAAGAGAAAGATAGAGATAATGAGAATCAAGGTGAAGAAGATCCAACTTGGTTTGATTCTGGTTCTCAATTTATCTTAAATTCTCAACAATTGGTT,0.07774578222571142,0.13707753819340732,0.24636990648939916,0.2853460988181009,0.14842245162155743,0.08898349259169858,0.010691554261400593,0.0053631757987246025,561.5643890853733
GAAATGTTGGCTGATAAAGCTGCTCAAGCTAAAGCTAGAGCTAATGCTAATCAAGGTGCTGCTGCTCCAACTTGGTTTGCTTCTGGTTCTCAATTTATCTTAAATTCTCAACAATTGGTT,0.12232121578821294,0.17947746709665877,0.201361127870448,0.23781576180820638,0.09416884056288004,0.08058645622530149,0.04017899894356002,0.04409013170473255,809.3304825622678
GAAATGTTGGCTGCTAAAGAAGAACAAGAGAAAGATAGAGATAATGAGAATCAAGGTGAAGAAGATCCAACTTGGTTTGATTCTGGTTCTCAATTTATCTTAAATTCTCAACAATTGGTT,0.09137355434754961,0.15322181719422312,0.03790012325860781,0.06767527937468547,0.12005345399195982,0.2512604799877714,0.1694884678231495,0.10902682402205331,1663.164614253223
GAAATGTTGGCTGCTAAAGAAGAACAAGAGAAAGCTAGAGCTAATGAGAATCAAGGTGAAGAAGCTCCAACTTGGTTTGCTTCTGGTTCTCAATTTATCTTAAATTCTCAACAATTGGTT,0.10429103588944301,0.17927571416610913,0.22680161592965867,0.23727338947023613,0.13708034919825587,0.09486628438750086,0.011797505562043873,0.008614105396752428,568.5001827904382
GAAATGTTGGCTGCTAAAGAAGCTCAAGCTAAAGCTAGAGCTAATGCTAATCAAGGTGCTGCTGCTCCAACTTGGTTTGCTTCTGGTTCTCAATTTATCTTAAATTCTCAACAATTGGTT,0.15639980867007733,0.09834846251893412,0.0405449097700114,0.10135701427823847,0.10916647849661562,0.19711575012386862,0.2115352066992922,0.08553236944296214,1554.1263595088876
GAAATGTTGGCTGCTAAAGCTGAACAAGCTAAAGCTAGAGCTAATGCTAATCAAGGTGCTGCTGCTCCAACTTGGTTTGCTTCTGGTTCTCAATTTATCTTAAATTCTCAACAATTGGTT,0.3209666099149536,0.39545839343445766,0.17439725041168957,0.03830097982072807,0.033338748619123275,0.032852548478835314,0.003726588488765736,0.0009588808314468166,303.24629529318986
GAAATGTTGGCTGCTAAAGCTGCTCAAGAGAAAGATAGAGATAATGAGAATCAAGGTGAAGAAGATCCAACTTGGTTTGATTCTGGTTCTCAATTTATCTTAAATTCTCAACAATTGGTT,0.22703506224986658,0.1468448590645742,0.060537922083092735,0.018016303719213523,0.1757814271776555,0.17837276917744924,0.1353620882582519,0.05804956826989639,1196.27576049769
GAAATGTTGGCTGCTAAAGCTGCTCAAGAGAAAGCTAGAGCTAATGCTAATCAAGGTGCTGCTGCTCCAACTTGGTTTGCTTCTGGTTCTCAATTTATCTTAAATTCTCAACAATTGGTT,0.17953172396884293,0.251672344135353,0.2516904370675251,0.18209388189382594,0.05531244698122853,0.05789059533256006,0.010875013345243966,0.010933557275420332,476.6967459653631
GAAATGTTGGCTGCTAAAGCTGCTCAAGCTAAAGATAGAGCTAATGCTAATCAAGGTGCTGCTGCTCCAACTTGGTTTGCTTCTGGTTCTCAATTTATCTTAAATTCTCAACAATTGGTT,0.19262493910530418,0.18303758240758317,0.10652985956971815,0.14861095319973028,0.12654257257314874,0.07601934499898391,0.10917478205344988,0.05745996609208169,1028.685084478301
GAAATGTTGGCTGCTAAAGCTGCTCAAGCTAAAGCTAGAGATAATGCTAATCAAGGTGCTGCTGCTCCAACTTGGTTTGCTTCTGGTTCTCAATTTATCTTAAATTCTCAACAATTGGTT,0.3051472168149573,0.28436899009070155,0.24641105857934273,0.08592898752421825,0.03493205338254524,0.01643449117119363,0.007775647719658334,0.019001554717382834,425.4839872805602
GAAATGTTGGCTGCTAAAGCTGCTCAAGCTAAAGCTAGAGCTAATGAGAATCAAGGTGCTGCTGCTCCAACTTGGTTTGCTTCTGGTTCTCAATTTATCTTAAATTCTCAACAATTGGTT,0.0492283818903028,0.06438878846298503,0.10046175650658043,0.23079628258228002,0.2803876000372977,0.20937072311970947,0.04656990713105896,0.01879656026978546,910.5363093955887
GAAATGTTGGCTGCTAAAGCTGCTCAAGCTAAAGCTAGAGCTAATGCTAATCAAGGTGAAGCTGCTCCAACTTGGTTTGCTTCTGGTTCTCAATTTATCTTAAATTCTCAACAATTGGTT,0.008437637960814958,0.01223458915572542,0.04168857943796208,0.14502020391060214,0.30641388747151393,0.3423425499817511,0.12520754743417262,0.01865500464745763,1235.835413401239
GAAATGTTGGCTGCTAAAGCTGCTCAAGCTAAAGCTAGAGCTAATGCTAATCAAGGTGCTGAAGCTCCAACTTGGTTTGCTTCTGGTTCTCAATTTATCTTAAATTCTCAACAATTGGTT,0.1605872591841042,0.20326676692621612,0.23088189091000974,0.20953095630655913,0.10529104934314945,0.06777809279964049,0.01504466977829405,0.007619314752027,510.8322622026411
GAAATGTTGGCTGCTAAAGCTGCTCAAGCTAAAGCTAGAGCTAATGCTAATCAAGGTGCTGCTGATCCAACTTGGTTTGCTTCTGGTTCTCAATTTATCTTAAATTCTCAACAATTGGTT,0.10153339818542552,0.19745393642487252,0.222611726750445,0.2287580345476649,0.14256410834627287,0.08470591633824186,0.01754368310951498,0.004829196297562322,548.1361167542225
GAAATGTTGGCTGCTAAAGCTGCTCAAGCTAAAGCTAGAGCTAATGCTAATCAAGGTGCTGCTGCTCCAACTTGGTTTGATTCTGGTTCTCAATTTATCTTAAATTCTCAACAATTGGTT,0.20104474307877643,0.19308150519495587,0.1847236845208215,0.21093333925263827,0.08133271715073148,0.10452558595100184,0.02227043908082066,0.00208798577025386,514.8225830412471
GAAATGTTGGCTGCTAAAGCTGCTCAAGCTAAAGCTAGAGCTAATGCTAATCAAGGTGCTGCTGCTCCAACTTGGTTTGCTTCTGGTTCTCAATTTATCTTAAATTCTCAACAATTGGTT,0.2562550849092779,0.27492176122660467,0.23473435778799334,0.13577603973237437,0.04933771110059813,0.04224583107484121,0.006201695024053165,0.0005275191442573395,361.18420952855973
GAAATGTTTGATGATAAAGAAGAACAAGAGAAAGATAGAGATAATGAGAATCAAGGTGAAGAAGATCCAACATTCTTTGATTCTGGTTCTCAATTTATCTTTAATTCTCAACAATTTGTT,0.21267817343608783,0.24964395344887444,0.18745712828015157,0.1279840443102339,0.11351949129190443,0.040612908797271655,0.05753066037712884,0.010573640058347432,573.9044675420541
GAAATTAAATCTACTAATAATGCTTCTGGTTCTGGTGCTAATCAATATACTACTTTGACTTCTCCATATCCAATGAATGATATCTTGTATAATATGAATAATCCATTGCAATCTCCATCT,0.14917154046705972,0.09005100524109659,0.14849687686764476,0.23201432920810425,0.08819675954614414,0.04101943185410717,0.17985352995320242,0.07119652686264086,1247.5043817623541
GAACAAACTATTTCTGCTCCAGAAATGATGGTTGATGGTGATCAACAAGCTGAAGAAGAATCTAAATGGTGGGATTCTGAAGATCAGAATTTGTTGGATGATCAACAATTGGTTGAAGGT,0.17928524681517752,0.23636408783390447,0.1615500915462918,0.10989231835475928,0.11574855030333872,0.09066693813265309,0.09173945954652851,0.014753307467346632,733.8110382816767
GAACAAACTATTTCTGCTCCAGAAATGATGGTTGATGGTGATCAACAAGCTGAAGAAGAATCTAAATGGTGGGATTCTGAAGATCAGAATTTGTTGGATTCTCAACAATTGGTTGAAGGT,0.05844515824289765,0.11285740694030356,0.16344613540613193,0.3233141653625629,0.07995623189341614,0.2432792839040932,0.006240077679373473,0.012461540571221109,734.8128851885252
GAACAAACTATTTCTGCTCCAGAAATGATGGTTGATGGTGATCAACAAGCTGAAGAAGAATCTAAATGGTGGGATTCTGAAGCTCAGAATTTGTTGGATGCTCAACAATTGGTTGAAGGT,0.0015152394613274426,0.02164815838527586,0.022852054448119604,0.2503522196933283,0.249411892281705,0.40782974611223327,0.022091410866547465,0.02429927875146295,1095.3908447296997
GAACAAACTATTTCTGCTCCAGAAATGATGGTTGATGGTGATCAACAAGCTGAAGAAGAATCTAAATGGTGGGATTCTGAAGCTCAGAATTTGTTGGATTCTCAACAATTGGTTGAAGGT,0.3596161463653705,0.30151524602459245,0.07458118692193895,0.08878251972248351,0.01968711515726007,0.03662512240825269,0.0,0.11919266340010186,1014.4730301356318
GAACAAACTATTTCTGCTCCAGAAATGATGGTTGATGGTGATCAACAAGCTGAAGAAGAATCTAAATGGTGGGATTCTGAATCTCAGAATTTGTTGGATGATCAACAATTGGTTGAAGGT,0.07010146379663208,0.11167366816593476,0.10176893611235052,0.13629060919024094,0.1093741889110188,0.12315614550153865,0.17337459437273578,0.17426039394954854,1946.2349811721697
GAACAAACTATTTCTGCTCCAGAAATGATGGTTGATGGTGATCAACAAGCTGAAGAAGAATCTAAATGGTGGGATTCTGAATCTCAGAATTTGTTGGATGCTCAACAATTGGTTGAAGGT,0.018775320095964308,0.05028004792158904,0.1164630019900168,0.22314692047609552,0.3216299302861565,0.22879516875695882,0.0353644755797458,0.005545134893473217,849.5633636471366
GAACAAACTATTTCTGCTCCAGAAATGATGGTTGATGGTGATCAACAAGCTGAAGAAGAATCTAAATGGTGGGATTCTGAATCTCAGAATTTGTTGGATTCTCAACAATTGGTTGAAGGT,0.046265465507168785,0.04073018000892681,0.10074797903792324,0.19274760989100526,0.25644537263002876,0.20673498064009105,0.12872646113954792,0.02760195114530827,1132.9652007234897
GAACAAAGAAATGGTAAGAATGAAGATGATGAAGATCCAACTTGGTTTGATTCTGGTTCTCAATTTATCTTAAATTCTCAACAATTGGTTGAAGCTTTGTCTTTGTGTGATGATTTGTTG,0.017059082072119102,0.004436116305552645,0.02374204211549704,0.09528513360888642,0.3197545273382766,0.3891310193233216,0.12885933271330616,0.021732746523040386,1308.4860046316376
GAACAAGAAGAGAAAGATGATTTGATGGAGAAAGATAGAGATAATGAGAATCAAGGTGAAGAAGATCCAACTTGGTTTGATTCTGGTTCTCAATTTATCTTAAATTCTCAACAATTGGTT,0.03385406414938633,0.07970520217739238,0.1551106244863652,0.2408174081237759,0.2653061052428548,0.19348783034063877,0.02406201698222055,0.007656748497366107,772.3268875793816
GAACAATGGTTTACTGAAGATCCAGGTCCAGATGAAGCTCCAAGAATGCCAGAAGCTGCTCCACCAGTTGCTCCAGCTCCAGCTGCTCCAACTCCAGCTGCTCCAGCTCCAGCTCCATCT,0.036040432938174445,0.06145460667201977,0.07172784696127146,0.2630318736964477,0.3478707042973178,0.1883252100758906,0.019330486463459532,0.0122188388954187,825.2159901795045
GAACAATGGTTTGATGAAGATCCAGGTCCAGATGAAGCTCCAAGAATGCCAGAAGCTGCTCCACCAGTTGCTCCAGCTCCAGCTGCTCCAGATCCAGCTGCTCCAGCTCCAGCTCCATCT,0.27269663998630295,0.1819777990059745,0.15235185478349625,0.15147835794000156,0.07403428376631718,0.08926971884451622,0.02838808098005892,0.049803264693332475,775.9307188831837
GAACAATGGTTTGCTGAAGATCCAGGTCCAGATGAAGCTCCAAGAATGCCAGAAGCTGCTCCACCAGTTGCTCCAGCTCCAGCTGCTCCAGCTCCAGCTGCTCCAGCTCCAGCTCCATCT,0.15258589517253632,0.1953894366017751,0.0863044257646686,0.16181240069575992,0.12302110343320785,0.108074451957288,0.09005532209469143,0.08275696428007277,1177.6943371657412
GAACAATTGAGAGGTGATTGTATGGATGCTCCATTGTTGGGTGTTCCACCAGCTGTTAGACCAACTCCATGTGCTCCATTGGCTGAATGTAAAGGTTCTTTGTTGGATGATTCTGCTGGT,0.41301451081755974,0.36237644935233215,0.07186310848295038,0.034624675571716126,0.06021378747995645,0.027817382403785205,0.024428986556263618,0.005661099335436314,370.6700945972751
GAACAATTGAGAGGTGATTGTATGGCTGCTCCATTGTTGGGTGTTCCACCAGCTGTTAGACCAACTCCATGTGCTCCATTGGCTGAATGTAAAGGTTCTTTGTTGGATGATTCTGCTGGT,0.22975293920929374,0.22880108245345981,0.13419433736494618,0.13804213491729117,0.11782042373090676,0.07091389690151004,0.0413121921308015,0.03916299329179081,743.0580170466706
GAACAATTGAGAGGTGATTGTATGTATGCTCCATTGTTGGGTGTTCCACCAGCTGTTAGACCAACTCCATGTGCTCCATTGGCTGAATGTAAAGGTTCTTTGTTGGATGATTCTGCTGGT,0.013228391437351167,0.02220408894995769,0.08060799504171756,0.24307904746896336,0.3158133370467898,0.25734300630508294,0.061095004445680896,0.006629129304456565,947.8687771773883
GAACAATTTCAATATCAAACTCCAGAGAATCAATTGAATAATTATATGCATCCATCTACTACTTTGAATCAATTTACTGATAATATGTGGTTTAAAGATGATCAAGCTGCTTTGTATGTT,0.004790222201998837,0.019545975701267454,0.039241252684844276,0.17088808777230582,0.415387798360143,0.2623469263596486,0.05429945544122112,0.033500281478570836,1134.747186660351
GAACACTTCTTTCATAAAGCTATTAAAGCTGAAGAAGAAGGTGAAAGGAAGAGAAGGAAGATTCATGATGATGACTTTGGTGATGTTAGATGGCATAAAGAAGGTAGAGAGAAACCAGTT,0.054658405501727285,0.09165518705837636,0.13602799981414876,0.10120605707299592,0.03590716382344315,0.11690044248525534,0.20277134819353992,0.26087339605051324,2494.881875928476
GAACAGAAGAGATTGGATTGTGAATTTGATAAGATTGTCTTGGATCCATCTAATATTGAATTGGATACTCCACCAGAATTTAGATTGTCTCAATTGGAATTTGGTTCTCAAGATTCATTT,0.08103973550019598,0.11415038767652211,0.04033660705748528,0.03601295875762409,0.06388566293735917,0.28226954485162037,0.2856085804204106,0.09669652279878242,1859.2192887768895
GAACAGAATGCTAATTCTACTCCAAACTTTGATTTGTCTATTACTCAAATGAATATGGCTCCATTGTCTCCAGCTTCTTCTTCTTCTACTTCTTTGGCTACTAATCACTTCTATCATCAT,0.04552321019643978,0.13382527410410253,0.2008023748642885,0.25897992782453616,0.16272678631776943,0.17071093335645604,0.01698756895504131,0.0104439243813662,699.4653751752901
GAACATGCTTATTCTAGAGCTAGAACTAAGAATAATTATGGTTCTACTATTGAAGGTTTGTTGGATTTGCCAGATGATGATGCTCCAGAAGAAGCTGGTTTGGCTGCTCCAAGATTGTCT,0.31754513030590137,0.2919078121743845,0.19330403863291362,0.07360197228406076,0.03714411411450553,0.02093982598359809,0.023306281144239792,0.04225082536039633,601.4612626470796
GAACATTTGAAGAAAGATATTGTTGAATGTCAGAATTTGGTCTTGGATACTGCTAATGTTGTTCCAGAAACTCCACCATCTGAATTTCAATTGGATCAATTGGACTTCTCTTCTCAAGAT,0.04729352950610793,0.1903325464580344,0.09808256942694733,0.17513835621228718,0.24855119664418238,0.1444983484295223,0.05848306191125787,0.0376203914116608,949.7832258809623
GAACATTTGAAGAAAGATATTGTTGAATGTCAGAATTTGGTCTTGGATACTGCTAATGTTGTTCCAGAAACTCCACCATCTGAATTTCAATTGGCTCAATTGGACTTCTCTTCTCAAGAT,0.04673547426050802,0.14106499216945093,0.05815512752033754,0.1557645792530018,0.15351146042719271,0.0999553055136048,0.15893067347108886,0.18588238738481538,1983.8059936290178
GAACATTTGAAGAAAGATATTGTTGAATGTCAGAATTTGGTCTTGGATACTGCTAATGTTGTTCCAGAAACTCCACCATCTGAATTTCAATTGTCTCAATTGGACTTCTCTGATCAAGAT,0.1069822027852175,0.09785210911150939,0.13917398070344406,0.15126821558285547,0.13896398410170988,0.13371881560013132,0.08118036492912054,0.15086032718601186,1617.6066091646924
GAACATTTGAAGAAAGATATTGTTGAATGTCAGAATTTGGTCTTGGATACTGCTAATGTTGTTCCAGAAACTCCACCATCTGAATTTCAATTGTCTCAATTGGACTTCTCTGCTCAAGAT,0.13702251635551618,0.22976931457280422,0.056834499830507416,0.10148491148446437,0.06751143621618896,0.1046629820072543,0.08472085284120166,0.21799348669206295,1942.8202740600505
GAACATTTGAAGAAAGATATTGTTGAATGTCAGAATTTGGTCTTGGATACTGCTAATGTTGTTCCAGAAACTCCACCATCTGAATTTCAATTGTCTCAATTGGACTTCTCTTCTCAAGAT,0.11760216686483813,0.14152277085397588,0.16642344184620642,0.21262975441258858,0.13406412046401292,0.11836289699983558,0.07912915188670652,0.03026569667183601,871.4796881080879
GAACATTTGAAGAAAGATATTGTTGAATGTCAGAATTTGGTCTTGGATACTGCTAATGTTGTTCCAGAAGATCCACCATCTGAATTTCAATTGGATCAATTGGACTTCTCTGATCAAGAT,0.19026087677127412,0.2477277130590773,0.13926498303156032,0.13677101030000272,0.1323418564023264,0.05129239619154273,0.062278975808014586,0.04006218843620169,787.4092095187327
GAACATTTGAAGAAAGATATTGTTGAATGTCAGAATTTGGTCTTGGATACTGCTAATGTTGTTCCAGAAGATCCACCATCTGAATTTCAATTGTCTCAATTGGACTTCTCTTCTCAAGAT,0.01711166259660905,0.04229555596562064,0.10774205482887808,0.205230174017472,0.325455812026606,0.23375786232178408,0.05615352325497131,0.012253354988058981,942.155087977291
GAACATTTGAAGAAAGATATTGTTGAATGTCAGAATTTGGTCTTGGATACTGCTAATGTTGTTCCAGAAGCTCCACCATCTGAATTTCAATTGGCTCAATTGGACTTCTCTGCTCAAGAT,0.05481395510986725,0.09926930586281386,0.11595284780074365,0.15833075591182513,0.08642244051756674,0.06531559742151866,0.2236832454764234,0.1962118518992413,2129.643814185935
GAACATTTGAAGAAAGATATTGTTGAATGTCAGAATTTGGTCTTGGATACTGCTAATGTTGTTCCAGAAGCTCCACCATCTGAATTTCAATTGTCTCAATTGGACTTCTCTTCTCAAGAT,0.06552892284903439,0.07174756665540855,0.10552324715269622,0.18842459120395544,0.2373993519301176,0.2031582035828164,0.08222456468911671,0.0459935519368548,1119.345436513853
GAACCAAGAAATGCTGTTAGAATTGAAGAAGATGAAGAAGAAGAAGAAGATGAAGAAGAAGAAGAAGATGAAGAAGAAGAAGAAGAAGAAGAATTGGCTGAAGAAGAAGAAGTTATGTGT,0.2940767081508568,0.2521245659763827,0.21905265959473555,0.14731622564943583,0.03648697090489812,0.03154866417955242,0.010404066194989764,0.008990139349148888,401.81281162402615
GAACCAAGAAATGCTGTTAGAATTGATGATGATGATGATGATGATGATGATGATGATGATGATGATGATGATGATGATGATGATGATGATGATTTGGCTGATGATGATGATGTTATGTGT,0.011592319284055588,0.06997983672599199,0.04327458853608257,0.18030142842496463,0.19419348674804965,0.26563956134803823,0.19352295127409788,0.04149582765871942,1398.1141521783852
GAACCAAGAAATGCTGTTAGAATTTGTGAAGATGAACATATTGCTGAAGATGAAGTTGAACCAGAAGATGAAGTTGAAGCTCATGAAGTTGAATTGGCTGAAGAAGAAGAAGTTATGTGT,0.07381631644103473,0.04951222582700139,0.030617693615927942,0.10934323116196432,0.12123179147659154,0.06766043425561818,0.34230403050626346,0.20551427671559847,2465.529823623284
GAACCAAGAAATGCTGTTAGAATTTGTGATGATGATCATATTGCTGATGATGATGTTGATCCAGATGATGATGTTGATGCTCATGAAGTTGATTTGGCTGAAGATGATGAAGTTATGTGT,0.07813257970532901,0.16246280177243216,0.17500321489564186,0.15045791874581418,0.07699234857863226,0.0525189459456603,0.17391339955046567,0.13051879080602458,1592.3816690973347
GAACCAAGAAATGCTGTTAGAATTTGTGCTGATGCTCATATTGCTGCTGATGCTGTTGCTCCAGCTGATGCTGTTGCTGCTCATGAAGTTGCTTTGGCTGAAGCTGCTGAAGTTATGTGT,0.27164033275332833,0.23814574514295242,0.15095802976285536,0.11499990659589919,0.0903082116061927,0.06526843580556928,0.04035809073742154,0.02832124759578114,645.3637537211696
GAACCAAGAAATGCTGTTAGAATTTGTTCTGATTCTCATATTGCTTCTGATTATGTTACTCCATCTGATTATGTTTCTGCTCATGAAGTTTCTTTGGCTGAAACTTCTGAAGTTATGTGT,0.1693284354301189,0.17036533665248585,0.09364589305681419,0.06270604911692919,0.01853970374469503,0.06898104812596605,0.19194186505028568,0.22449166882270508,2159.4661613506964
GAACCACCAGAAGTTGGTTCTGATTGTACTACTATTCATTATAATTATATGTGTAATTCTTCTTGTATGGGTGGTATGAATAGAAGACCAATCTTGACTATTATTACTTTGGAAGATTCT,0.0854556731831546,0.08597897035859191,0.2126729491863564,0.09493835385057824,0.0,0.0,0.3170228239019377,0.2039312295193812,2267.217500958769
GAACCACCATATGTTATGAAAGATGATCATGATGATTTGGGTTTGCCAGATTTGGTTAATGCTAAAGATCACTTTCAAGCTGGTGTTAAGAATAATAATATTGATCAAGCTAATAGATTT,0.153346455674163,0.0771427447464248,0.09540806877034781,0.08518135501269171,0.27703241068790335,0.25769001378437356,0.023703481096462156,0.030495470227633617,935.1595350022411
GAACCACCATATGTTATGAAAGCTGCTCATGCTGCTTTGGGTTTGCCAGCTTTGGTTAATGCTAAAGATCACTTTCAAGCTGGTGTTAAGAATAATAATATTGCTCAAGCTAATAGATTT,0.5403118155400701,0.24952203056542743,0.15292606424953734,0.028971686821094654,0.007072475651717564,0.0047651990091659244,0.007691083723772668,0.008739644439214291,290.1152795803813
GAACCACCATATGTTATGAAGAAATATCATACTTCTTTGGGTTTGCCATCTTTGGTTAATGCTAAAGATCACTTTCAAGCTGGTGTTAAGAATAATAATATTACTCAAGCTAATAGATTT,0.6662775615639327,0.2155016017229989,0.07375118958355456,0.04211527231818226,0.00011565161381314318,0.00010757682064597225,0.0008707949856081933,0.00126035139126441,203.60935871116789
GAACCACCATTGGATCAAGAAGACTTTGATGATTTGTGGAAATTGTTGCCAGAGAATAATGTCTTGGATCCATTGCCAGATCAAGCTATGGATGATTTGATGTTGGATCCAGATGATATT,0.09078466989439626,0.12559332467677323,0.056483796710517994,0.22693204892764865,0.21246702488396305,0.20803429664884848,0.052623796321942376,0.02708104193590992,928.5127516882516
GAACCACCATTGGCTCAAGAAGCATTTGCTGATTTGTGGAAATTGTTGCCAGAGAATAATGTCTTGGCTCCATTGCCAGCTCAAGCTATGGATGATTTGATGTTGGCTCCAGATGATATT,0.010500603338939945,0.012424328202040608,0.011864281978051039,0.013112375025932106,0.006084249054321879,0.008161923445440722,0.23836601550502456,0.6994862234502491,5095.070883851621
GAACCACCATTGTCTCAAGAAACATTCTCTGATTTGTGGAAATTGTTGCCAGAGAATAATGTCTTGTCTCCATTGCCATCTCAAGCTATGGATGATTTGATGTTGTCTCCAGATGATATT,0.13904097512717067,0.16198068267957574,0.16846213118654718,0.1991847504177878,0.10456169388056986,0.09390736424514937,0.08483769415449254,0.04802470830870685,945.0784972867651
GAACCAGAACCAGAATTGCAAGTTGAACAACCAGGTAAAGAGAATTTGTTGGGTATGTCTGTTGATGATTTGATTGAACCAATGAATCAACAAGAAGAACCACAAGGTCCACATTTGGCT,0.014028922149755912,0.01031468330898989,0.021485343121239096,0.06773766129764804,0.140900402942652,0.21365699480087114,0.3187718983084814,0.21310409407036246,2626.0480815707533
GAACCAGATACTTGGTTTGATTCTGGTTCTCAATTTATCTTAAATTCTCAACAATTGGTTGAAGCTTTGTCTTTGTGTGATGATTTGTTGGGTTCTCAAGATAGAGAAGAGAATACTAAT,0.08720055599533824,0.19301598393397773,0.10850771355151125,0.1356276032444657,0.1890415801357262,0.1918284012133477,0.03234959772443826,0.06242856420119487,1048.9590002893688
GAACCAGATTCTCCAGACTTTAAAGTTGGTATTATTTGGCATTTGTTGGCTAAATCTGGTTTGTCTGGTTTGTCTTCTCATCCATTTATTGATGAATTTATTCCAACTGTTAATCAAGAT,0.11846235056685286,0.1408582709734396,0.16750934168660417,0.1675006488693704,0.15918213438128204,0.1530036425862644,0.054933843921447324,0.03854976701473924,906.6990160302659
GAACCAGGTTTGCATGCTTATGATGCTATTGACTTTAAGAGAGATTTGGAAGAATGTCAGAAGATTGTCTTGGATCCATCTAATATTGAATTGGATACTCCACCAGAATTTAGATTGTCT,0.03886114793697024,0.06516519738860083,0.09671347299329366,0.04317341700617512,0.08935272761542849,0.0949875681279794,0.21625019849725696,0.3554962704342952,3093.2938645665
GAACCAGGTTTGCATGCTTATGATGCTATTTGTCCACAGAAAGATAAATTGTCTGGTTCTAATACTAATGAAGAAAGAGATCAATCTGGTTTGTTGGATGATTGTTTGTCTTTGGCTGAA,0.37706778473618624,0.2538545999207156,0.11121849079435088,0.038270745992049285,0.016514001332191768,0.013654216993313864,0.07944048240135121,0.1099796778298411,1107.0032868810458
GAACCATCTAGAAGAAATGGTTCTACTAAATTGGATGATTGGGTCTTGTGTAGAATTTATAAGAAACAATCTTCTGCTCAGAAACAAGTTTATGATAATGGTATTGCTAATGCTAGAGAA,0.14528394843922607,0.2679849527881225,0.15065298686970563,0.08070276900265148,0.0,0.06658402583405233,0.20211499374262515,0.08667632332361683,1339.2735287518292
GAACCATGGGATTTGCAAGAATCTTGTAGAATTGGTTATGAAGAAAGAAATGAATGGTACTTCTTCTCTCATAAAGATAAGAAATATCCAACTGGTACTAGAACTAATAGAGCTACTATG,0.06412859599202476,0.10753549079023775,0.026599399682479142,0.18998585228103237,0.2317066861910463,0.19593539126224244,0.1586025271892326,0.02550605661170473,1155.7162687998095
GAAGAAACTGTTGTCTTGCCACCATCTGTTAAGACTACTAAAGATGGTGATAATTTGCAAGATCAAGATCAGAAATTGTGGGAAGGTGATGATCAATTTGAATTGTTGGATGATCAACAA,0.0956052243146591,0.09504554631419204,0.27522697507562566,0.16564351273461053,0.2538436256755118,0.11232230775259447,0.0014074426729004971,0.0009053654599058927,567.1838835627686
GAAGAAACTGTTGTCTTGCCACCATCTGTTAAGACTACTAAAGATGGTGATAATTTGCAAGATCAAGATCAGAAATTGTGGGAAGGTGATTCTCAATTTGAATTGTTGGATTCTCAACAA,0.28259594651149555,0.28195422320357927,0.22603170596843314,0.11902247080850548,0.05496553179312782,0.030300720200039436,0.0007938129977955784,0.004335588517023628,353.9888416833125
GAAGAAACTGTTGTCTTGCCACCATCTGTTAAGACTACTAAAGATGGTGATAATTTGCAAGCTCAAGATCAGAAATTGTGGGAAGGTGATGCTCAATTTGAATTGTTGGATGCTCAACAA,0.32264578847085384,0.26995006099067653,0.20912232726941615,0.10297155964243836,0.01866824316233183,0.026770774695907436,0.02699298909160322,0.022878256676772447,496.4440020038747
GAAGAAACTGTTGTCTTGCCACCATCTGTTAAGACTACTAAAGATGGTGATAATTTGCAAGCTCAAGATCAGAAATTGTGGGAAGGTGATTCTCAATTTGAATTGTTGGATTCTCAACAA,0.39187510080944576,0.2778947527274381,0.1392555525567755,0.13629451833498563,0.020856009227150866,0.0217190489159694,0.011574644495574994,0.0005303729326598852,314.1807665137733
GAAGAAACTGTTGTCTTGCCACCATCTGTTAAGACTACTAAAGATGGTGATAATTTGCAATCTCAAGATCAGAAATTGTGGGAAGGTGATGATCAATTTGAATTGTTGGATTCTCAACAA,0.3297851707741267,0.2083012250276672,0.1717475628478414,0.1059229009547886,0.10629849373996347,0.06235873954019238,0.0006355032724967457,0.01495040384292355,469.75712331518866
GAAGAAACTGTTGTCTTGCCACCATCTGTTAAGACTACTAAAGATGGTGATAATTTGCAATCTCAAGATCAGAAATTGTGGGAAGGTGATGCTCAATTTGAATTGTTGGATTCTCAACAA,0.05187516157955836,0.10987963118700353,0.14948578492418158,0.2851244841415661,0.18294905819523238,0.18268846766566246,0.015193112407134514,0.02280429989966114,796.3131877091184
GAAGAAACTGTTGTCTTGCCACCATCTGTTAAGACTACTAAAGATGGTGATAATTTGCAATCTCAAGATCAGAAATTGTGGGAAGGTGATTCTCAATTTGAATTGTTGGATGATCAACAA,0.18748134838460992,0.09431470547894973,0.029161471814262114,0.03905351583966783,0.1616521649304502,0.19332721836299677,0.23908394078723638,0.05592563440182704,1442.6053956298326
GAAGAAACTGTTGTCTTGCCACCATCTGTTAAGACTACTAAAGATGGTGATAATTTGCAATCTCAAGATCAGAAATTGTGGGAAGGTGATTCTCAATTTGAATTGTTGGATGCTCAACAA,0.06855517610128037,0.05305767787044534,0.0918684295454787,0.14646629795476973,0.22864672167319391,0.19334782956987226,0.1173809930359585,0.10067687424900106,1509.146116559598
GAAGAAAGATTGAGAGATTTGTCTGAGAATGAGAAGAATCAGAAATGGTTGTTTGTTACTGAAGAAGATATTAAATCTTTGCCAGGATTTCAGAATCAAACTTTGATTGCTGTTAAAGCT,0.09787800925943405,0.07385803197792039,0.12179416599456781,0.2718478695190385,0.2411240559157859,0.08971551182534045,0.04538838929221973,0.0583939662156931,1001.7523066515508
GAAGAAATCTTGCAATCTTTGGAAAGAAGAAGAATTAATGGTGAATTGGCTAAGAAACCACCATATTCTTATGCTACTTTGATTTGTTTGGCTATCTTGCAATCTCAAGAAGGTAAATTG,0.08145679450016881,0.04097780205197951,0.0,0.09049573529443915,0.12040207695511289,0.2239912131088784,0.15109390668011152,0.2915824714093097,2709.4950744920666
GAAGAACAAATGGATTTGCCACCAGGATTTAGATTTCATCCAACTGATGAAGAATTGATTACTCATTATTTGCATAAGAAAGTCTTGGATACTTCATTCTCTGCTAAAGCTATTGGTGAA,0.27093075008475853,0.2818041281272626,0.18423537999383793,0.14413838945951185,0.05565152503784159,0.039873762104431,0.010617220684403239,0.012748844507953272,443.08185625628164
GAAGAACAAGATAGAGAAGAAGAAGAAGAAGAAGAAGAATTGAAAGATAAACAACCATGTATTGCTGATTATGCTCATTTGGGTCCAGAAGACTTTAAGAGAGATTTGGAAGAATGTCAA,0.16344634884951179,0.20000338840992937,0.2693462526510989,0.26501353595164157,0.05223602841160928,0.03239260669417475,0.012290920039172842,0.005270918992861402,438.5030878347577
GAAGAACAAGATAGAGAAGAGAATGCTAATGCTGGTGCTTTGAAAGATAAACAACCATGTATTGCTGATTATGCTCATTTGGGTCCAGAAGACTTTAAGAGAGATTTGGAAGAATGTCAA,0.19304880407661432,0.19423095957468547,0.16014641263928733,0.14298044814083727,0.19023153813953775,0.0,0.11936183742903793,0.0,653.2914380623622
GAAGAACCAACTTGGTTTGAATCTGGTTCTCAATTTATCTTAAATTCTCAACAATTGGTTGAAGCTTTGTCTTTGTGTGAAGAATTGTTGGGTTCTCAAGAAAGAGAAGAGAATACTAAT,0.008960334722265414,0.03305574914928109,0.033449285578679565,0.1393647905999581,0.20308014901278168,0.21080267392675686,0.22160655623732375,0.14968046077295372,2058.5752545749783
GAAGAAGAAGAAGAAGAAGAAGAAAGGAAGATTCATGATGATGACTTTGGTGATGTTAGATGGCATAAAGAAGAAAGAGAAGAACCAGTTGTCTTGGATGGTGTTCAAAGAGGTTGTAAA,0.12605786298293759,0.03170744802878087,0.039214917643986935,0.07002300465102981,0.15527279024421217,0.23109063583723885,0.2338242635585026,0.1128090770533111,1831.6194686479769
GAAGAAGAAGAAGATGAAAGACAAGTTGTTTGGAAAGAAGAAGAAGAAAGACATTGTCCTAAATGTCAACATGTTATTGATAATTCTGATGTTGTTGATGATTGGCCAGGTTTGCCAAGA,0.029299797343380795,0.04913202976978939,0.10937730778079638,0.14105468373708827,0.2790980252059049,0.2238029371909873,0.14492822844181635,0.023306990530236642,1165.919143398222
GAAGAAGAAGAGAAAGATAAACAACCATGTATTGCTGATTATGCTCATTTGGGTCCAGAAGACTTTAAGAGAGATTTGGAAGAATGTCAGAAGATTGTCTTGGATCCAGAAGAAATTGAA,0.1971980951608346,0.21885985097750885,0.07336186060450638,0.22811463688752526,0.28246555636962495,0.0,0.0,0.0,434.3161237947467
GAAGAAGAAGAGAATTTGTTGGATTCTGGTGGTGATCAATTTATCTTAAATTCTCAACAATTGGTTGAAGCTTTGGCTTTGTGTGATGATTTGTTGCAAGTTGGTTCTCAAGATGCTAAT,0.09729992666871069,0.1794755479509125,0.12107483090034345,0.25222614120803294,0.12783996806463707,0.11891418426807437,0.04512031847764831,0.0580490824616406,966.0151346520172
GAAGAAGAAGAGAATTTGTTGGATTCTGGTGGTGATCAATTTATCTTGAATGATCAACAATTGGTTGAAGCTTTGGCTTTGTGTGATGATTTGTTGCAAGTTGGTGATCAAGATGCTAAT,0.1703366779175995,0.20253970835478544,0.154151172704049,0.16343305183870555,0.06866626187458273,0.10645330826722207,0.0789892183807597,0.05543060066229603,958.4329822035007
GAAGAAGAAGAGAATTTGTTGGATTCTGGTGGTGCTCAATTTATCTTAAATTCTCAACAATTGGTTGAAGCTTTGGCTTTGTGTGATGATTTGTTGCAAGTTGGTTCTCAAGATGCTAAT,0.0010302675854146313,0.0011308107729033298,0.0010489172281403483,0.022579685171905752,0.07152773245124232,0.38074427916560727,0.5201502143246832,0.0017880933001030693,1946.1085825635798
GAAGAAGAAGAGAATTTGTTGGATTCTGGTGGTGCTCAATTTATCTTGAATGCTCAACAATTGGTTGAAGCTTTGGCTTTGTGTGATGATTTGTTGCAAGTTGGTGCTCAAGATGCTAAT,0.17622104973262248,0.151971564543153,0.18012290676244314,0.26569546801516136,0.06821939156396357,0.05768755920464171,0.07004395136294435,0.03003810881507044,753.8273855263033
GAAGAAGAAGAGAATTTGTTGGATTCTGGTGGTTCTCAATTTATCTTAAATTCTCAACAATTGGTTGAAGCTTTGGCTTTGTGTGATGATTTGTTGCAAGTTGGTGATCAAGATGCTAAT,0.015547834867235875,0.02780985553268347,0.07093861547669725,0.17656964128532712,0.2740745374751985,0.25810559908123093,0.1377893020488594,0.03916461423276747,1288.4819399313615
GAAGAAGAAGAGAATTTGTTGGATTCTGGTGGTTCTCAATTTATCTTAAATTCTCAACAATTGGTTGAAGCTTTGGCTTTGTGTGATGATTTGTTGCAAGTTGGTGCTCAAGATGCTAAT,0.10022478648674704,0.18727154446982028,0.10689803160802956,0.11134633769350633,0.09876215180029842,0.0918665805044181,0.13279041825954283,0.17084014917763748,1780.348742490668
GAAGAAGAAGAGAATTTGTTGGATTCTGGTGGTTCTCAATTTATCTTAAATTCTCAACAATTGGTTGAAGCTTTGGCTTTGTGTGATGATTTGTTGCAAGTTGGTTCTCAAGATGCTAAT,0.0032976388902133656,0.0025989140812542827,0.01007217986582162,0.03595935454656679,0.16301945715543054,0.2819523376896952,0.36921217241733784,0.13388794535368037,2341.0093645772513
GAAGAAGAAGAGAATTTGTTGGATTCTGGTGGTTCTCAATTTATCTTGAATGATCAACAATTGGTTGAAGCTTTGGCTTTGTGTGATGATTTGTTGCAAGTTGGTTCTCAAGATGCTAAT,0.23506150535241416,0.2388425235973645,0.1998253527222597,0.10342390418275216,0.04816092703665005,0.042665078243701096,0.06259617215812766,0.0694245367067305,906.1696995287665
GAAGAAGAAGAGAATTTGTTGGATTCTGGTGGTTCTCAATTTATCTTGAATGCTCAACAATTGGTTGAAGCTTTGGCTTTGTGTGATGATTTGTTGCAAGTTGGTTCTCAAGATGCTAAT,0.15106571947987887,0.17098963533073233,0.15664842604952306,0.12587166711507525,0.062025473114319316,0.09231176948356475,0.12843015351413467,0.11265715591277171,1398.3243016148401
GAAGAAGAAGGTGAAAGGAAGAGAAGGAAGATTCATGATGATGACTTTGGTGATGTTAGATGGCATAAAGAAGGTAGAGAGAAACCAGTTGTCTTGGATGGTGTTCAAAGAGGTTGTAAA,0.14211583703634348,0.22800486045852028,0.16250286736062403,0.1877561741461987,0.10219271121811024,0.05985109302769903,0.08549518060740866,0.03208127614509557,805.7433607287669
GAAGAAGAATTGTTTAGAGTCTTGACTGGTGTTGAAAGATCTGTTGTTGATCCAGCTTTGGATGCTTTGGAATTGGATACTCCACCAGATATGTTGGAATATCCAGTTGTTACTGATCAA,0.1869939521508371,0.30102244815984075,0.11634264233895915,0.1142591654218294,0.09213252397649543,0.1285497497271476,0.06069951822489066,0.0,596.5098772133499
GAAGAAGAATTGTTTAGAGTCTTGACTGGTGTTGAAAGATCTGTTGTTGATCCAGCTTTGGATGCTTTGGAATTGGATACTCCACCAGATATGTTGGAATATCCAGTTGTTACTGCTCAA,0.020864549109306026,0.04548335016604533,0.047598338900510254,0.10430912806829787,0.2193073218563468,0.2868683757223924,0.19673300590279072,0.07883593027431068,1652.5250434920629
GAAGAAGAATTGTTTAGAGTCTTGACTGGTGTTGAAAGATCTGTTGTTGATCCAGCTTTGGATGCTTTGGAATTGGATGATCCACCAGATATGTTGGAATATCCAGTTGTTACTGATCAA,0.0006217552600749072,0.0009830270159540539,0.0005526278792383594,0.0008881058585550028,0.01794281969815026,0.15428121623687263,0.5534151789715915,0.27131526907956327,3384.50214509447
GAAGAAGAATTGTTTAGAGTCTTGACTGGTGTTGAAAGATCTGTTGTTGATCCAGCTTTGGATGCTTTGGAATTGGATGATCCACCAGATATGTTGGAATATCCAGTTGTTACTTCTCAA,0.04394272307360378,0.06028883338878021,0.03479634908561426,0.03994271557542978,0.03542845342462306,0.05492473262532956,0.31121692413075525,0.4194592686958642,3627.1006678571416
GAAGAAGAATTGTTTAGAGTCTTGACTGGTGTTGAAAGATCTGTTGTTGATCCAGCTTTGGATGCTTTGGAATTGGATGCTCCACCAGATATGTTGGAATATCCAGTTGTTACTGCTCAA,0.0868495858957263,0.09532518419819604,0.07859708007904019,0.078943862934172,0.09336233756537037,0.10131774471258344,0.31487136117174386,0.1507328434431679,2084.4194591631854
GAAGAAGAATTGTTTAGAGTCTTGACTGGTGTTGAAAGATCTGTTGTTGATCCAGCTTTGGATGCTTTGGAATTGGATGCTCCACCAGATATGTTGGAATATCCAGTTGTTACTTCTCAA,0.21725189385476593,0.23008658907817658,0.19919542700022955,0.17149226485701577,0.07887210177261599,0.05764412762280798,0.03181418952243787,0.013643406291950398,544.038602470486
GAAGAAGATAATAATAAGATTGGTCATTATAATAATGAAGAATCTAATAATAAAGGTTCTGTTGAAACTGCTTCTTCTACTTTGTTGTCTGATAGAGAAGAAGAGAATAGATTTATTTCT,0.26686337907722285,0.2780606917794997,0.22068424162157615,0.15289134571019514,0.04112069344855676,0.02646075737914222,0.007120966072543835,0.006797924911263386,381.42952515394694
GAAGAAGATATTAAATCTTTGCCAGGATTTCAGAATCAAACTTTGATTGCTGTTAAAGCTCCACATGGTACTACTTTGGAAGTTCCAGATCCAGATGAAGCTGCTGATCATCCACAAAGA,0.09814416424083883,0.2468629019528705,0.16283380671359832,0.07268989130848998,0.14506783980550852,0.07496622576543711,0.12136483137263736,0.07807033884061945,1187.540125827019
GAAGAAGATGAAGAAGAAGAAGAAGAAGAAGAATTGGCTGAAGAAGAAGAAGTTATGTGTATGGAAGATGAAGTTCAATCTATTCAACCAAATCATGAAAGAGAAGAAGAAGAACCAGAA,0.03057360856616066,0.04614124411081165,0.038044165231129294,0.016983120958641077,0.18076458785132996,0.11209573883303464,0.283554366944808,0.2918431675040848,2919.58653070475
GAAGAAGATTCTAAATCTGATGAAGTTGAAGAACCAGCTGTTTCTTCTCCAACTGTTGAAGTTACTAAATCTGAAGTTTCTGAAGTTATTAAGACTGAAGATGTTAAGAGACATGATATT,0.22637691566078094,0.19522556528644677,0.10060405021347657,0.10778446008682462,0.0478014159662343,0.11857045904161762,0.02999326450934904,0.17364386923527012,1545.0999467613678
GAAGAAGATTTGATGAAAGATGAACAAGAGAAAGATAGAGATAATGAGAATCAAGGTGAAGAAGATCCAACTTGGTTTGATTCTGGTTCTCAATTTATCTTAAATTCTCAACAATTGGTT,0.12858711520340246,0.3449987533029634,0.13333911410354504,0.14285592271493752,0.02111842894432138,0.0785757627745195,0.09938156839271492,0.05114333456359564,919.9535251720199
GAAGAAGCTGAAGAAGAAGAAGTTATGTGTATGGAAGATGAAGTTCAATCTATTCAACCAAATCATGAAAGAGAAGAAGAAGAACCAGAATTGGAACATGGTTTGGAGAATGGTGCTAAA,0.06414892331211276,0.06454174627080184,0.07982349327865192,0.14253455513681434,0.15803190817508847,0.1763977485300968,0.23797920092546512,0.07654242437096867,1586.5894733400376
GAAGAAGCTGAATTGACTGTTACTCAACAACAACAACAACAACAACAACAACAACAAAGACAAGAAGATTGTGATGTTACTCAAGAACAAGAGAAAGATGATGTTATGGTCTTGATTAAT,0.14723058304602188,0.11109912423655915,0.1068700922085066,0.06815340958937813,0.0241803278778755,0.056230144775191164,0.1934440367534631,0.29279228151300446,2574.267583671207
GAAGAAGCTGATTTGACTGGATTTGCTGATTCTTTGGAAACTATGTTGGAAGGTCAAGAAGATCATGAACAACCAGAAGATGCTGATTTGACTGGATTTGCTGATTCTTTGGAAACTATG,0.06701233189005368,0.1252135657403869,0.13103603220286839,0.21270979245227217,0.17923618669827263,0.15794708213542716,0.11542228883496274,0.011422720045756314,911.8870768516949
GAAGAAGCTGGTAAATTTCCATCTATTGAAATTCAATTAAATTCTTCTCCAATCTTGAGAGTTTCTCAATTGCATCATATTCCACAATTGAAGACTGATAATTCTGTCTTGAATCCACAT,0.39423654371034184,0.28644557154316314,0.20521154569638672,0.05927281807563793,0.018797092393349948,0.015281665926689713,0.008521269747322764,0.012233492907108002,357.2861102102672
GAAGAATATACTCAGAATCATTTGGTTGCTGGTCCATCTAAAGAAACTTCTTTGGCTGCTAAAGCTTCTCATTCTTATGCTCCTAAAGATGGTTTGACTGGTGTTATTTCTGAATCTTGT,0.18827698055289355,0.1337152343060598,0.11714090834047541,0.16610506265564667,0.19371447091482408,0.12435601700236104,0.04365428431144121,0.03303704191629832,821.2937526329213
GAAGAATCTGGTGATGGTAGGAAAGAAGCTGGTCCATCTAGAACTGGTTTGGGTTCTAAGAGATCTAGATCTGCTGAAGTTCATAATTTGTCTGAAAGAAGAAGAAGAGATAGAATTAAT,0.13127733163321265,0.1761082970045495,0.2178059980477632,0.04861488730124654,0.1724820404103914,0.1203295110684266,0.08116861221426033,0.05221332232014983,996.7635820331918
GAAGAATTGCCAGAAGATTCTGAATGTTTGGTTGCTAAAGTTGATCCACATACTCCTAAATCTGTTACTCCAGAACCACCATGTGGTGAAAGATTGTCTTCTTCTATGGATGCTAGACAA,0.15373127731159453,0.15467266762773074,0.07651799561152435,0.18217624939692906,0.16158697959940022,0.14091091892782537,0.057031115477750055,0.0733727960472457,1104.2702790987537
GAAGAATTGGTTGGTTATTATTTGAGGAAGAAAGTTGCTTCTCAGAAGATTGATTTGGATGTTATTAGAGATATTGATTTGTATAGAATTGAACCATGGGATTTGCAAGAATCTTGTAGA,0.10279733014332236,0.10342682085473717,0.09593662958107799,0.028551086605813746,0.10129715293155232,0.07066844093376683,0.1906783872720105,0.306644151677719,2703.6393620982963
GAAGAATTTATTCCAACTGTTAATCAAGAAGAAGGTATTTGTTATACTCATCCTAAGAATTTGCCAGGTGTTAAATCTGAAGGTACTGTTTCTCACTTCTTTCATAAAGCTATTAAAGCT,0.5152472974782683,0.1379377501946251,0.18639574015900556,0.09286360919651346,0.010243561720242341,0.01030936928803828,0.021178743330576646,0.02582392863273022,455.5364660974131
GAAGAATTTATTCCAACTGTTGATGAAGATGATGGTATTTGTTATACTCATCCAAGAAATTTGCCAGGTGTTAAACAAGATGGTTCTGTTGCTCACTTCTTTCATAGAGCTATTAAAGCT,0.09714128674238677,0.11038117330046673,0.10303042751103698,0.06192441256138168,0.026802898790616078,0.018684578282543406,0.17077974408969268,0.4112554787218757,3207.652517864254
GAAGACTTCTCTGATACTCCATGGGGTTCTCAATTTATCTTAAATTCTCAACAATTGGTTGAAGCTTTGTCTTTGTGTGATGATTTGTTGGGTTCTCAAGATAGAGAAGAGAATACTAAT,0.10501706736502618,0.1584902263206977,0.13067762852651083,0.29167599793176247,0.15522674448548246,0.09625921103561336,0.0,0.06265312433490705,887.0679064869307
GAAGACTTCTCTGGTGATCCATCTTGGACTCAATTTATCTTAAATTCTCAACAATTGGTTGAAGCTTTGTCTTTGTGTGATGATTTGTTGGGTTCTCAAGATAGAGAAGAGAATACTAAT,0.008806113483004634,0.012797833653984481,0.012175396875617406,0.04674240148984406,0.13787743955961898,0.24842994827085868,0.3802291690914408,0.15294169757563109,2434.581135742954
GAAGACTTCTGGACTGATCCATCTGGTTCTCAATTTATCTTAAATTCTCAACAATTGGTTGAAGCTTTGTCTTTGTGTGATGATTTGTTGGGTTCTCAAGATAGAGAAGAGAATACTAAT,0.10337959550227978,0.11887160203360085,0.16539434487729227,0.16407317640556268,0.16008287581976913,0.1218320941936165,0.09587921456580746,0.07048709660207138,1164.2675483537412
GAAGACTTCTGGCCAACTGATTCTGGTTCTCAATTTATCTTAAATTCTCAACAATTGGTTGAAGCTTTGTCTTTGTGTGATGATTTGTTGGGTTCTCAAGATAGAGAAGAGAATACTAAT,0.006032611894091367,0.010768149233766377,0.047342494848850905,0.14610395647315016,0.3131136759908413,0.3390447130978982,0.1191999420132197,0.018394456448182064,1221.004400050226
GAAGACTTCTGGGATTCTCCAACTGGTTCTCAATTTATCTTAAATTCTCAACAATTGGTTGAAGCTTTGTCTTTGTGTGATGATTTGTTGGGTTCTCAAGATAGAGAAGAGAATACTAAT,0.6480966665359547,0.19049100330442015,0.018122626291081453,0.016180076630402607,0.014351430118078119,0.01334941357861312,0.04727564471303132,0.05213313882841851,636.87619193352
GAAGACTTTACTTGGTCTCCAGATGGTTCTCAATTTATCTTAAATTCTCAACAATTGGTTGAAGCTTTGTCTTTGTGTGATGATTTGTTGGGTTCTCAAGATAGAGAAGAGAATACTAAT,0.01955201315995842,0.04010008957211444,0.028072477720160992,0.03091154088561867,0.023712836952509423,0.08547167786503362,0.44287533853500566,0.3293040253095987,3412.8836759819787
GAAGACTTTCCAACTGGTGATTCTTCTTGGCAATTTATCTTAAATTCTCAACAATTGGTTGAAGCTTTGTCTTTGTGTGATGATTTGTTGGGTTCTCAAGATAGAGAAGAGAATACTAAT,0.058180649328981926,0.11707384981635706,0.21719067589319926,0.0,0.11466317509448934,0.05332869734860446,0.16187860670634305,0.27768434581202495,2454.678692895861
GAAGACTTTCCATGGACTGATTCTGGTTCTCAATTTATCTTAAATTCTCAACAATTGGTTGAAGCTTTGTCTTTGTGTGATGATTTGTTGGGTTCTCAAGATAGAGAAGAGAATACTAAT,0.20561029195343464,0.14480855836894171,0.20468037074184336,0.11421302954900722,0.040521941881700024,0.11307810233614103,0.15255430786596133,0.024533397302970612,924.3159580766129
GAAGACTTTGATTCTTGGACTCCAGGTTCTCAATTTATCTTAAATTCTCAACAATTGGTTGAAGCTTTGTCTTTGTGTGATGATTTGTTGGGTTCTCAAGATAGAGAAGAGAATACTAAT,0.06617493016240748,0.13316031919194082,0.09606863930080808,0.12253017074576912,0.11955020642243779,0.0707656813842826,0.1943504190305436,0.1973996337618104,2080.1224350739462
GAAGAGTTCTTTCATAAAGCTATTGAAGAAGAAGAAGAAGAAGAAGAGAAGAGAAGGAAGATTCATGATGATGACTTTGGTGATGTTAGATGGCATAAAGAAGAAAGAGAAGAACCAGTT,0.3023526089041782,0.34396443658631703,0.11211170985301558,0.13847562751849685,0.0656374658021885,0.030641237628573924,0.0062237911447079195,0.0005931225625220215,342.2876247886578
GAAGATACATTCTGGCCAGATTCTGGTTCTCAATTTATCTTAAATTCTCAACAATTGGTTGAAGCTTTGTCTTTGTGTGATGATTTGTTGGGTTCTCAAGATAGAGAAGAGAATACTAAT,0.21504701300948367,0.12981832616976582,0.053518602998330916,0.0,0.12714522916455476,0.3548038560687668,0.11966697258909811,0.0,972.6724152545013
GAAGATACATTTCCATGGGATTCTGGTTCTCAATTTATCTTAAATTCTCAACAATTGGTTGAAGCTTTGTCTTTGTGTGATGATTTGTTGGGTTCTCAAGATAGAGAAGAGAATACTAAT,0.05215734025789131,0.12244570670314703,0.04326787195114162,0.11589007121144071,0.1370564797157126,0.25497439855128007,0.12899527657519633,0.14521285503419037,1818.5459583958477
GAAGATACATTTCCATTCTCTGGTTGGTCTGATCAAATCTTAAATTCTCAACAATTGGTTGAAGCTTTGTCTTTGTGTGATGATTTGTTGGGTTCTCAAGATAGAGAAGAGAATACTAAT,0.08994433191362637,0.06033007725498761,0.11192192172934738,0.13323346856512736,0.38407081040663243,0.16488692065713462,0.055612469473144154,0.0,795.92025170446
GAAGATACTCCATGGTTTGATTCTGGTTCTCAATTTATCTTAAATTCTCAACAATTGGTTGAAGCTTTGTCTTTGTGTGATGATTTGTTGGGTTCTCAAGATAGAGAAGAGAATACTAAT,0.001995227064635196,0.0023162827570615335,0.16882727012845886,0.1318042051082558,0.03463377739125624,0.4833753967633198,0.1254049046973502,0.0516429360896625,1459.927029782967
GAAGATACTGATTGGTCTCCATTCTCTGGTCAATTTATCTTAAATTCTCAACAATTGGTTGAAGCTTTGTCTTTGTGTGATGATTTGTTGGGTTCTCAAGATAGAGAAGAGAATACTAAT,0.17441263065532867,0.22947471642840322,0.20033516336674947,0.07452558298704881,0.13220564039084515,0.09838003635774994,0.07465784842449694,0.016008381389377727,714.2169176701852
GAAGATACTTCTGGATTTGATCCATGGTCTCAATTTATCTTAAATTCTCAACAATTGGTTGAAGCTTTGTCTTTGTGTGATGATTTGTTGGGTTCTCAAGATAGAGAAGAGAATACTAAT,0.25024174068224986,0.25611505655440253,0.14495622857450663,0.12222857164608601,0.040389713074403366,0.05338852699813607,0.04001486885769491,0.09266529361252063,1001.2076540513566
GAAGATACTTGGTTCTCTGATCCAGGTTCTCAATTTATCTTAAATTCTCAACAATTGGTTGAAGCTTTGTCTTTGTGTGATGATTTGTTGGGTTCTCAAGATAGAGAAGAGAATACTAAT,0.027757018967268073,0.037326520959998756,0.12088042840771686,0.25700196476458625,0.28912490850537437,0.23231502403251353,0.031635648329754545,0.003958486032787515,825.4445989826634
GAAGATAGAGATAATAAGAATCAAGGTGAAGAAGATCCAACTTGGTTTGATTCTGGTTCTCAATTTATCTTAAATTCTCAACAATTGGTTGAAGCTTTGTCTTTGTGTGATGATTTGTTG,0.20095027275606647,0.09331422173682118,0.13464326856634415,0.24042193092547898,0.1370891744304826,0.08501174083075612,0.07168113794240932,0.036888252811641306,854.7782714280131
GAAGATCAATTCTTGTTGGATGATCAACAATTGGTTGAAGGTTTGTCTTTGTGTGATGAATTGTTGCAAGATCAATCTTCTTCTGGTGATGGTGATGGTAAAGAACAGAAAGAGAAACCA,0.02536492455762644,0.02253327980325637,0.10501475857576995,0.2375686325449807,0.3472749092470562,0.23036385888863858,0.027550089095181408,0.004329547287490287,841.1835970476953
GAAGATCAATTCTTGTTGGATTCTCAACAATTGGTTGAAGGTTTGTCTTTGTGTGATGAATTGTTGCAATCTCAATCTTCTTCTGGTGATGGTGATGGTAAAGAACAGAAAGAGAAACCA,0.013905277712343062,0.04213480440312373,0.08094838172580678,0.13291256976676777,0.1756327039028728,0.15084330927598474,0.21534513228452645,0.1882778209285747,2200.104747343648
GAAGATCCAACATTCTCTCAAGGTTGGTCATTTGATATCTTAAATTCTCAACAATTGGTTGAAGCTTTGTCTTTGTGTGATGATTTGTTGGGTTCTCAAGATAGAGAAGAGAATACTAAT,0.0619663780848828,0.28055626194959926,0.1927691264783496,0.06884254386309134,0.1221241382189052,0.11359743353815664,0.08620590404808762,0.07393821381892773,1115.7826139761376
GAAGATCCAACATTCTCTGATTGGGGTTCTCAATTTATCTTAAATTCTCAACAATTGGTTGAAGCTTTGTCTTTGTGTGATGATTTGTTGGGTTCTCAAGATAGAGAAGAGAATACTAAT,0.2881259383865046,0.27283793800578315,0.07029971093949956,0.07531721011028222,0.08907330517461015,0.0673190447636842,0.06287573375023242,0.07415111886940368,961.6730215226053
GAAGATCCAACATTCTGGGATTCTGGTTCTCAATTTATCTTAAATTCTCAACAATTGGTTGAAGCTTTGTCTTTGTGTGATGATTTGTTGGGTTCTCAAGATAGAGAAGAGAATACTAAT,0.03353277431802061,0.07872227051428204,0.09388438427599,0.25146297908232734,0.212028562573354,0.17929521175891872,0.12439963798285109,0.026674179494256153,1077.1897673470569
GAAGATCCAACATTCTTCTCTTCTGGTTGGCAAGATATCTTAAATTCTCAACAATTGGTTGAAGCTTTGTCTTTGTGTGATGATTTGTTGGGTTCTCAAGATAGAGAAGAGAATACTAAT,0.0027376587877162655,0.0025576786310978795,0.0021899547947153105,0.0021724614564065706,0.0026977066477024358,0.1584477071451926,0.6768346075767028,0.15236222496046614,2943.9181017562287
GAAGATCCAACATTCTTTGATTCTGGTTCTCAATTTATCTTTAATTCTCAACAATTTGTTGAAGCATTCTCATTCTGTGATGACTTCTTTGGTTCTCAAGATAGAGAAGAGAATACTAAT,0.24253437332721528,0.22432006347030992,0.18547929425600845,0.11998832241726413,0.04169963755515169,0.037051386044940515,0.06150649962792056,0.0874204233011893,1005.9753669438414
GAAGATCCAACATTTGATTCTTGGTCTGGTCAATTTATCTTAAATTCTCAACAATTGGTTGAAGCTTTGTCTTTGTGTGATGATTTGTTGGGTTCTCAAGATAGAGAAGAGAATACTAAT,0.08592931046530379,0.12350786858645704,0.10692584352497159,0.15001571954765838,0.12096471059498273,0.18003033140124902,0.15938995999288968,0.07323625588648781,1367.7987333561925
GAAGATCCAACTATGATGGATTCTGGTTCTCAAATGATTATGAACTCTCAACAAATGGTTGAAGCTATGTCTATGTGTGATGATATGATGGGTTCTCAAGATAGAGAAGAGAATACTAAT,0.27761392216614317,0.08594274505476482,0.1328645901414709,0.11862294214023375,0.021043273198441303,0.09787016160148256,0.1386390483935951,0.12740331730386825,1481.2529055680975
GAAGATCCAACTATTTCTTGGCAAGACTTCTTCTTGGGTTCTAATTCTCAACAATTGGTTGAAGCTTTGTCTTTGTGTGATGATTTGTTGGGTTCTCAAGATAGAGAAGAGAATACTAAT,0.0158872359532171,0.04714128887862111,0.1327336804251714,0.1562088994954497,0.30017993005618304,0.26374725038919805,0.06987563950881834,0.014226075293341271,997.1194620915286
GAAGATCCAACTCAAGATGGATTCTGGTTCTCTTCTATCTTAAATTCTCAACAATTGGTTGAAGCTTTGTCTTTGTGTGATGATTTGTTGGGTTCTCAAGATAGAGAAGAGAATACTAAT,0.11932079946251345,0.1200514734482631,0.09544913269128613,0.19884204042533432,0.1259780210336919,0.15624298445124216,0.1027592936340203,0.08135625485364856,1267.9155806926813
GAAGATCCAACTCAATCTGGATTTGACTTCTCTTGGATCTTAAATTCTCAACAATTGGTTGAAGCTTTGTCTTTGTGTGATGATTTGTTGGGTTCTCAAGATAGAGAAGAGAATACTAAT,0.09498690090667007,0.15437998735240888,0.16365686566970208,0.16234957616554577,0.13680103115385445,0.06027611974428714,0.14908456621735394,0.07846495279017753,1256.6445403886632
GAAGATCCAACTGACTTCTGGTCTGGTTCTCAATTTATCTTAAATTCTCAACAATTGGTTGAAGCTTTGTCTTTGTGTGATGATTTGTTGGGTTCTCAAGATAGAGAAGAGAATACTAAT,0.1987162147828999,0.1674305038661006,0.1058175235051386,0.1348188779706958,0.17354045054360762,0.1772442383570892,0.04224994042276028,0.000182250551708017,655.9356581885279
GAAGATCCAACTGACTTTGGTTGGTCTTCTCAATTTATCTTAAATTCTCAACAATTGGTTGAAGCTTTGTCTTTGTGTGATGATTTGTTGGGTTCTCAAGATAGAGAAGAGAATACTAAT,0.19644447873483215,0.28274562619331883,0.17654362201936882,0.16065120878676442,0.06721446453997748,0.06252155208413088,0.027834899327021132,0.026044148314586416,606.870611452762
GAAGATCCAACTGATGGTTTGTCATTTATTTGGTCATTTCAAAATTCTCAACAATTGGTTGAAGCTTTGTCTTTGTGTGATGATTTGTTGGGTTCTCAAGATAGAGAAGAGAATACTAAT,0.1936547571789464,0.17712783936110454,0.1314401643430552,0.13690973262348138,0.12721909882632396,0.10219984627380362,0.05442568067488564,0.07702288071839924,1048.7154157742639
GAAGATCCAACTGATTCTTGGTTTGGTTCTCAATTTATCTTAAATTCTCAACAATTGGTTGAAGCTTTGTCTTTGTGTGATGATTTGTTGGGTTCTCAAGATAGAGAAGAGAATACTAAT,0.27449091626598593,0.22814191468361159,0.1188041157075978,0.10606959859356241,0.08232155868667547,0.09845211760107565,0.07747968029614838,0.014240098165342704,674.2229392881829
GAAGATCCAACTGATTGGCAATCTGGTTCATTCTTTATCTTAAATTCTCAACAATTGGTTGAAGCTTTGTCTTTGTGTGATGATTTGTTGGGTTCTCAAGATAGAGAAGAGAATACTAAT,0.12757592199275097,0.16336364179617952,0.20204375177857162,0.15461729603160476,0.17142836910876222,0.03189184881940496,0.1075636843627684,0.04151548610995751,918.1478148259719
GAAGATCCAACTGATTGGTCATTTGGTTCTCAATTTATCTTAAATTCTCAACAATTGGTTGAAGCTTTGTCTTTGTGTGATGATTTGTTGGGTTCTCAAGATAGAGAAGAGAATACTAAT,0.00017631178237515667,0.00044347861721871995,0.018099919468933984,0.04612889429570312,0.265038491921084,0.4043440461713487,0.2079157261999181,0.05785313154341822,1692.2872434817275
GAAGATCCAACTGATTGGTCTCAATCATTCTTTGGTATCTTAAATTCTCAACAATTGGTTGAAGCTTTGTCTTTGTGTGATGATTTGTTGGGTTCTCAAGATAGAGAAGAGAATACTAAT,0.08258302128963524,0.08308872746653609,0.06555500519565383,0.07118296684964923,0.2848224485900456,0.3837006330754026,0.005282170364972017,0.023785027168105377,997.1119161403756
GAAGATCCAACTGATTGGTTCTCTGGTTCTCAATTTATCTTAAATTCTCAACAATTGGTTGAAGCTTTGTCTTTGTGTGATGATTTGTTGGGTTCTCAAGATAGAGAAGAGAATACTAAT,0.03204065204983502,0.00326825273194356,0.005511936742601266,0.008037823942280673,0.19263934852662584,0.29246829290061893,0.39520968397480327,0.07082400913129136,2034.1858440060842
GAAGATCCAACTGATTTGATTTCTTGGCAATCATTTGGATTTAATTCTCAACAATTGGTTGAAGCTTTGTCTTTGTGTGATGATTTGTTGGGTTCTCAAGATAGAGAAGAGAATACTAAT,0.048665880589144256,0.08160648573287903,0.12515159219888292,0.19824252198804374,0.23658132008347083,0.199246426608583,0.06018010787486754,0.050325664924128634,1094.8885926359858
GAAGATCCAACTGCATTTGATTCTGGTTCTCAAGCTATCTTAAATTCTCAACAATTGGTTGAAGCTTTGTCTTTGTGTGATGATTTGTTGGGTTCTCAAGATAGAGAAGAGAATACTAAT,0.1354758478758872,0.16723146415767537,0.33290445973149957,0.22396407234793303,0.06656086557346212,0.06228768760915747,0.011332108625079383,0.00024349407930589147,445.3117089126773
GAAGATCCAACTGCATTTGATTCTGGTTCTCAATTTATCTTAAATTCTCAACAAGCTGTTGAAGCTTTGTCTTTGTGTGATGATTTGTTGGGTTCTCAAGATAGAGAAGAGAATACTAAT,0.010829885841662876,0.03291139102964439,0.10271532079546264,0.21608060937440052,0.29158038904716704,0.27419636912324613,0.06234749561703388,0.009338539171382523,968.9869000545818
GAAGATCCAACTGCATTTGATTCTGGTTCTCAATTTATCTTAAATTCTCAACAATTGGTTGAAGCTGCTTCTTTGTGTGATGATTTGTTGGGTTCTCAAGATAGAGAAGAGAATACTAAT,0.016996687079827957,0.042751920387389175,0.02643721178052521,0.04248617116187292,0.03768445170825825,0.03894813789735258,0.28768471419514924,0.5070107057896246,4092.9994897320726
GAAGATCCAACTGCATTTGATTCTGGTTCTCAATTTATCTTAAATTCTCAACAATTGGTTGAAGCTTTGTCTGCTTGTGATGATTTGTTGGGTTCTCAAGATAGAGAAGAGAATACTAAT,0.35333297139367903,0.20596113026031276,0.38278296056386246,0.04522620013344725,0.0004983205834268018,0.004218103445045248,0.007316572154801901,0.0006637414654245309,278.26896569899594
GAAGATCCAACTGCATTTGATTCTGGTTCTCAATTTATCTTAAATTCTCAACAATTGGTTGAAGCTTTGTCTTTGTGTGATGATGCTTTGGGTTCTCAAGATAGAGAAGAGAATACTAAT,0.03674219665402057,0.036967191519922595,0.045720026716353675,0.11837606864509741,0.10499739374662412,0.17512609847080887,0.2760195066531401,0.20605151759403262,2432.096589552172
GAAGATCCAACTGCATTTGATTCTGGTTCTCAATTTATCTTAAATTCTCAACAATTGGTTGAAGCTTTGTCTTTGTGTGATGATTTGGCTGGTTCTCAAGATAGAGAAGAGAATACTAAT,0.16528942893379156,0.24987660665691366,0.3028377945438345,0.1750334384741977,0.047469494498160396,0.0377662258209208,0.013028049437519566,0.008698961634661813,445.5509361829731
GAAGATCCAACTGCATTTGATTCTGGTTCTCAATTTATCTTAAATTCTCAACAATTGGTTGAAGCTTTGTCTTTGTGTGATGATTTGTTGGGTTCTCAAGATAGAGAAGAGAATACTAAT,0.14331272517927912,0.22493689350631027,0.2478796720595532,0.20936848222514168,0.08190834519908276,0.06239657844715977,0.01993726826949863,0.010260035113974643,522.9771014541172
GAAGATCCAACTGCATTTGATTCTGGTTCTCAATTTATTGCTAATTCTCAACAATTGGTTGAAGCTTTGTCTTTGTGTGATGATTTGTTGGGTTCTCAAGATAGAGAAGAGAATACTAAT,0.23879974177491184,0.10116297185325271,0.15639454830318322,0.18151996604258253,0.09907991898176867,0.14976351193078047,0.05828273122607814,0.014996609887442367,725.8468615111817
GAAGATCCAACTGCTGCTGATTCTGGTTCTCAAGCTATCTTAAATTCTCAACAATTGGTTGAAGCTTTGTCTTTGTGTGATGATTTGTTGGGTTCTCAAGATAGAGAAGAGAATACTAAT,0.1644006833285185,0.1181481492293656,0.13638095193825184,0.16524895508702978,0.11571535354331403,0.1506905540973917,0.06534561838423682,0.08406973439189182,1176.1051260515721
GAAGATCCAACTGCTGCTGCTGCTGCTGCTGCTGCTATCTTAAATTCTCAACAATTGGTTGAAGCTTTGTCTTTGTGTGATGATTTGTTGGGTTCTCAAGATAGAGAAGAGAATACTAAT,0.14274647439645635,0.1436205980686811,0.16282391317397446,0.15330027407920818,0.14769646253048055,0.14828781449265233,0.061781978326067855,0.03974248493247924,912.4767130735722
GAAGATCCAACTGCTGCTGCTGCTGGTTCTCAATTTATCTTAAATTCTCAACAATTGGTTGAAGCTTTGTCTGCTGCTGCTGCTTTGTTGGGTTCTCAAGATAGAGAAGAGAATACTAAT,0.4217978720251532,0.2480020963562759,0.1711377932446379,0.1336944626020661,0.022667062542450288,0.0008877662622121146,0.0012351183167480166,0.0005778286504564523,267.2552582754441
GAAGATCCAACTGCTGCTGCTGCTGGTTCTCAATTTATCTTAAATTCTCAACAATTGGTTGAAGCTTTGTCTTTGTGTGATGATGCTGCTGCTGCTCAAGATAGAGAAGAGAATACTAAT,0.4213038757571492,0.2918479115656179,0.15420294576419907,0.06296526729964623,0.04313340494340347,0.006828699652998679,0.009855783732349846,0.009862111284635593,343.1572214887249
GAAGATCCAACTGCTGCTGCTGCTGGTTCTCAATTTATCTTAAATTCTCAACAATTGGTTGAAGCTTTGTCTTTGTGTGATGATTTGTTGGGTTCTCAAGATAGAGAAGAGAATACTAAT,0.11986629302060207,0.2412006147918146,0.059662084669535015,0.15980086214508143,0.14174042300729853,0.15381812803960604,0.06670186300434972,0.05720973132171267,1027.9689767474465
GAAGATCCAACTGCTGCTGCTGCTGGTTCTCAATTTATCTTAAATTCTCAACAATTGGTTGAAGCTTTGTCTTTGTGTGATGATTTGTTGGGTTCTCAAGATAGAGAAGCTGCTGCTGCT,0.07720057060717402,0.05548094054123886,0.1097877325055363,0.18378688915785557,0.1086770582784441,0.10108922842738076,0.15342755649807627,0.21055002398429412,2107.8989068496894
GAAGATCCAACTGCTGCTGCTGCTGGTTCTCAATTTATCTTAAATTCTCAACAATTGGTTGAAGCTTTGTCTTTGTGTGATGATTTGTTGGGTTCTGCTGCTGCTGCTGAGAATACTAAT,0.1126027737520944,0.11329230917152272,0.11384496200966311,0.14855371068101378,0.11095950038176979,0.1032123104725738,0.16317692838749132,0.13435750514387104,1656.6758292863947
GAAGATCCAACTGCTGCTGCTGCTGGTTCTCAATTTATCTTAAATTCTCAACAATTGGTTGCTGCTGCTGCTTTGTGTGATGATTTGTTGGGTTCTCAAGATAGAGAAGAGAATACTAAT,0.004795115089713474,0.009648957004431667,0.008950177587668837,0.017313433123845694,0.016537980807620076,0.02307494901967841,0.3346533514725747,0.5850260358944672,4645.051487361081
GAAGATCCAACTGCTGCTGCTGCTGGTTCTCAATTTATCTTAAATTCTGCTGCTGCTGCTGAAGCTTTGTCTTTGTGTGATGATTTGTTGGGTTCTCAAGATAGAGAAGAGAATACTAAT,0.035378486414773654,0.04068014908759618,0.04402309854521474,0.07860859640634728,0.19921250838755902,0.2779552430613018,0.2578063067229094,0.066335611374298,1690.995338609604
GAAGATCCAACTGCTGCTGCTGCTGGTTCTCAATTTGCTGCTGCTGCTCAACAATTGGTTGAAGCTTTGTCTTTGTGTGATGATTTGTTGGGTTCTCAAGATAGAGAAGAGAATACTAAT,0.16941400701968756,0.1394602627492281,0.10540487004629141,0.08555146112900454,0.10623559959039376,0.0847013419988215,0.17140658983032503,0.13782586763624813,1652.413272179443
GAAGATCCAACTGGATTCTGGGATTCATTTCAAATTTCTTTAAATTCTCAACAATTGGTTGAAGCTTTGTCTTTGTGTGATGATTTGTTGGGTTCTCAAGATAGAGAAGAGAATACTAAT,0.2240794049158522,0.20196704014542005,0.16410450952436645,0.12706548161447942,0.03450145196640415,0.04813884200801815,0.11798229798384609,0.08216097184161351,1116.8149235006704
GAAGATCCAACTGGATTTCAATGGTCATTCTCTGATATCTTAAATTCTCAACAATTGGTTGAAGCTTTGTCTTTGTGTGATGATTTGTTGGGTTCTCAAGATAGAGAAGAGAATACTAAT,0.038681337054818854,0.09340369550250242,0.09626597888110085,0.14611042093484405,0.2591945073522455,0.141822089689757,0.150674724814298,0.07384724577043335,1384.795619488747
GAAGATCCAACTGGTGACTTCTGGTCTTCTCAATTTATCTTAAATTCTCAACAATTGGTTGAAGCTTTGTCTTTGTGTGATGATTTGTTGGGTTCTCAAGATAGAGAAGAGAATACTAAT,0.009482435661358332,0.00019939956773747894,0.00020867170441787622,0.019646640874952936,0.16457251489282243,0.424214088877257,0.34767838196606865,0.03399786645538524,1834.6331830792196
GAAGATCCAACTGGTGATTTGTGGTCATTTCAAATTTCATTTAATTCTCAACAATTGGTTGAAGCTTTGTCTTTGTGTGATGATTTGTTGGGTTCTCAAGATAGAGAAGAGAATACTAAT,0.21190664935022885,0.34518788664775574,0.11300799180643693,0.06726317101827911,0.06960472688189867,0.07399420155565715,0.04679343567856852,0.07224193706117499,918.1135949894197
GAAGATCCAACTGGTTCATTCTGGTTCTCTGATCAAATCTTAAATTCTCAACAATTGGTTGAAGCTTTGTCTTTGTGTGATGATTTGTTGGGTTCTCAAGATAGAGAAGAGAATACTAAT,0.0027174222185048337,0.0020271298389383813,0.007701626308532928,0.04834196439421222,0.21104841767040322,0.4283788201494808,0.27229526742538757,0.0274893519945401,1655.3970071182798
GAAGATCCAACTGGTTCTTCTGATTTGTTCTTCTGGATTCAAAATTCTCAACAATTGGTTGAAGCTTTGTCTTTGTGTGATGATTTGTTGGGTTCTCAAGATAGAGAAGAGAATACTAAT,0.13413929521377005,0.13496071188145073,0.11127718208459957,0.2318154321008644,0.07343429316725182,0.1366142248231978,0.12440724114870065,0.05335161958016489,1105.3162556770037
GAAGATCCAACTGGTTGGTTCTCTTCTCAATTTGATATCTTAAATTCTCAACAATTGGTTGAAGCTTTGTCTTTGTGTGATGATTTGTTGGGTTCTCAAGATAGAGAAGAGAATACTAAT,0.00030138855285537295,0.00040431218489664296,0.0005000424196482358,0.013951352404738828,0.062169954014585214,0.25019437899080493,0.5045376715166348,0.16794089991583605,2771.914804563793
GAAGATCCAACTGTTGTTGATTCTGGTTCTCAAGTTATTGTTAATTCTCAACAAGTTGTTGAAGCTGTTTCTGTTTGTGATGATGTTGTTGGTTCTCAAGATAGAGAAGAGAATACTAAT,0.5593374679402409,0.27750632903994005,0.09192962216481776,0.040755638876847376,0.0002803839445952549,0.011102949716110755,0.008878104406071346,0.010209503911376507,300.8218131547513
GAAGATCCAACTTATTATGATTCTGGTTCTCAATATATTTATAATTCTCAACAATATGTTGAAGCTTATTCTTATTGTGATGATTATTATGGTTCTCAAGATAGAGAAGAGAATACTAAT,0.0034467865966253284,0.006935786743812324,0.01930048699734342,0.09764620593229327,0.17661726002735081,0.363324468805574,0.26692577359749836,0.06580323129950247,1798.5109067304893
GAAGATCCAACTTCATTCTCTGGTTGGGATCAATTTATCTTAAATTCTCAACAATTGGTTGAAGCTTTGTCTTTGTGTGATGATTTGTTGGGTTCTCAAGATAGAGAAGAGAATACTAAT,0.0966197652845811,0.12961523600120164,0.04007615813624724,0.17890213572845204,0.09520974062845035,0.1180829314713503,0.14934970423014174,0.1921443285195756,1988.0240435818425
GAAGATCCAACTTCATTCTGGGATGGTTCTCAATTTATCTTAAATTCTCAACAATTGGTTGAAGCTTTGTCTTTGTGTGATGATTTGTTGGGTTCTCAAGATAGAGAAGAGAATACTAAT,0.16402885734028552,0.23576186573672944,0.17495035500933118,0.10413171193111137,0.0923629115604504,0.08591413507927362,0.08693043442195454,0.0559197289208639,957.6938621127787
GAAGATCCAACTTCATTTGATCAATTCTTGATTTCTTGGGGTAATTCTCAACAATTGGTTGAAGCTTTGTCTTTGTGTGATGATTTGTTGGGTTCTCAAGATAGAGAAGAGAATACTAAT,0.1363598619750904,0.09977809201932507,0.1851042848510076,0.12394732965576363,0.17101622176144643,0.17043843521631039,0.06898183728151795,0.04437393723953849,990.7646811537312
GAAGATCCAACTTCATTTGATTGGGGTTCTCAATTTATCTTAAATTCTCAACAATTGGTTGAAGCTTTGTCTTTGTGTGATGATTTGTTGGGTTCTCAAGATAGAGAAGAGAATACTAAT,0.0001936409353341491,0.00022729783628164328,0.0,0.008282447633094898,0.18458173718629278,0.29315816006557627,0.43904239798607136,0.07451431835734876,2158.8711391341144
GAAGATCCAACTTCATTTGGTTGGGATTCTCAATTTATCTTAAATTCTCAACAATTGGTTGAAGCTTTGTCTTTGTGTGATGATTTGTTGGGTTCTCAAGATAGAGAAGAGAATACTAAT,0.1951686105843245,0.245454683687183,0.060714348233807315,0.10841285266378793,0.048080102290193445,0.044723150591473505,0.18100876676686461,0.11643748518236574,1466.8075878291456
GAAGATCCAACTTCTCAATTCTCTGACTTCTGGGGTATCTTAAATTCTCAACAATTGGTTGAAGCTTTGTCTTTGTGTGATGATTTGTTGGGTTCTCAAGATAGAGAAGAGAATACTAAT,0.0030449159500880556,0.0539186881454222,0.08487204871593593,0.31967444150129265,0.32135139082121067,0.18699608895411288,0.020332811980191094,0.009809613931746548,815.2123992167146
GAAGATCCAACTTCTGATTGGTTCTCTGGTCAATTTATCTTAAATTCTCAACAATTGGTTGAAGCTTTGTCTTTGTGTGATGATTTGTTGGGTTCTCAAGATAGAGAAGAGAATACTAAT,0.020902913750278453,0.0005684031089812304,0.01950785191434227,0.149533607659239,0.31648343049831407,0.20415462261144823,0.20172302546583534,0.08712614499156134,1682.6534014549368
GAAGATCCAACTTCTGATTGGTTTGGTTCTCAATTTATCTTAAATTCTCAACAATTGGTTGAAGCTTTGTCTTTGTGTGATGATTTGTTGGGTTCTCAAGATAGAGAAGAGAATACTAAT,0.08540844904287345,0.11457527604815318,0.2125554227915335,0.09488588943278949,0.08416203720738996,0.23485753678683496,0.10561587737861237,0.06793951131181308,1247.1129521484431
GAAGATCCAACTTCTGGTTGGTCATTTGATCAATTTATCTTAAATTCTCAACAATTGGTTGAAGCTTTGTCTTTGTGTGATGATTTGTTGGGTTCTCAAGATAGAGAAGAGAATACTAAT,0.00040657082958074896,0.0003408837588257601,0.05792726990050169,0.11435193998340147,0.35022396616795426,0.44384403627517727,0.03104570693792825,0.0018596261466305275,1044.0152411639242
GAAGATCCAACTTCTTGGGACTTTGGTTCTCAATTTATCTTAAATTCTCAACAATTGGTTGAAGCTTTGTCTTTGTGTGATGATTTGTTGGGTTCTCAAGATAGAGAAGAGAATACTAAT,0.2664449416574744,0.21589370725049034,0.23790600044172944,0.14913545965001077,0.0591253335791612,0.05033642406543246,0.015090923245092858,0.006067210110608513,433.07215226462307
GAAGATCCAACTTGGGCTGATTCTGGTTCTCAAGCTATCTTAAATTCTCAACAATTGGTTGAAGCTTTGTCTTTGTGTGATGATTTGTTGGGTTCTCAAGATAGAGAAGAGAATACTAAT,0.2167082114756729,0.10901762397328606,0.23595260641778198,0.06018886779847811,0.10677283548497102,0.12414744803504069,0.05024640743973074,0.09696599937503847,1163.4924971951023
GAAGATCCAACTTGGGCTGATTCTGGTTCTCAAGCTATTGCTAATTCTCAACAATTGGTTGAAGCTTTGTCTTTGTGTGATGATTTGTTGGGTTCTCAAGATAGAGAAGAGAATACTAAT,0.11815638373696327,0.16539815971543506,0.15981249120229304,0.2225844183774299,0.11136979989156744,0.10830277937402223,0.0714677735691147,0.0429081941331743,909.0162195201694
GAAGATCCAACTTGGGCTGATTCTGGTTCTCAATTTATCTTAAATTCTCAACAAGCTGTTGAAGCTTTGTCTTTGTGTGATGATTTGTTGGGTTCTCAAGATAGAGAAGAGAATACTAAT,0.20533600136721025,0.13772893257587573,0.17033943391643122,0.11406066578096902,0.10116971084680883,0.06273736255369154,0.1269589963571843,0.08166889660182913,1186.4228198146504
GAAGATCCAACTTGGGCTGATTCTGGTTCTCAATTTATCTTAAATTCTCAACAATTGGTTGAAGCTGCTTCTTTGTGTGATGATTTGTTGGGTTCTCAAGATAGAGAAGAGAATACTAAT,0.06167874662447094,0.0668300157383744,0.1416918228323531,0.300446978376732,0.2524651001072217,0.13916325469357305,0.026401772045985802,0.011322309581289014,743.000606887325
GAAGATCCAACTTGGGCTGATTCTGGTTCTCAATTTATCTTAAATTCTCAACAATTGGTTGAAGCTTTGTCTGCTTGTGATGATTTGTTGGGTTCTCAAGATAGAGAAGAGAATACTAAT,0.030020373681077513,0.04362829860668531,0.0539583045363811,0.15564087806525184,0.24323199843809673,0.3210297606266408,0.12065014010381958,0.031840245942047186,1249.523855119676
GAAGATCCAACTTGGGCTGATTCTGGTTCTCAATTTATCTTAAATTCTCAACAATTGGTTGAAGCTTTGTCTTTGTGTGATGATGCTTTGGGTTCTCAAGATAGAGAAGAGAATACTAAT,0.037058329269901644,0.08948462402041381,0.03689072420438275,0.057638765277938,0.043821020357714804,0.05434858355614979,0.309327110212653,0.3714308431008462,3337.7670443385896
GAAGATCCAACTTGGGCTGATTCTGGTTCTCAATTTATCTTAAATTCTCAACAATTGGTTGAAGCTTTGTCTTTGTGTGATGATTTGGCTGGTTCTCAAGATAGAGAAGAGAATACTAAT,0.5710529723703505,0.278394510533006,0.08176400723287634,0.038773835443815165,0.0029177918973398143,0.019843868717161553,0.006287695222079503,0.0009653185833711777,246.91036156850308
GAAGATCCAACTTGGGCTGATTCTGGTTCTCAATTTATCTTAAATTCTCAACAATTGGTTGAAGCTTTGTCTTTGTGTGATGATTTGTTGGGTTCTCAAGATAGAGAAGAGAATACTAAT,0.13586342202245738,0.0341738491423774,0.0422652961058213,0.09433728296535394,0.1840859534137132,0.1400997895694447,0.1260062793672739,0.24316812741355825,2293.8648574550425
GAAGATCCAACTTGGGCTGATTCTGGTTCTCAATTTATTGCTAATTCTCAACAATTGGTTGAAGCTTTGTCTTTGTGTGATGATTTGTTGGGTTCTCAAGATAGAGAAGAGAATACTAAT,0.01922707424908078,0.03546549113131391,0.06778790819444484,0.1780052268207592,0.21472680872573818,0.2614173278874217,0.15454499178338515,0.06882517120785615,1480.9302672857673
GAAGATCCAACTTGGGGTGATTCTTCATTTCAATTTATCTTAAATTCTCAACAATTGGTTGAAGCTTTGTCTTTGTGTGATGATTTGTTGGGTTCTCAAGATAGAGAAGAGAATACTAAT,0.054928204623900245,0.16579369050503048,0.0,0.06102337191568425,0.35182294896038885,0.10069497793765685,0.10188612349007245,0.16385068256726695,1792.8370906266666
GAAGATCCAACTTGGTCATTTGATGGTTCTCAATTTATCTTAAATTCTCAACAATTGGTTGAAGCTTTGTCTTTGTGTGATGATTTGTTGGGTTCTCAAGATAGAGAAGAGAATACTAAT,0.09234420465294155,0.09290968450539464,0.08937304068223591,0.21658158820268164,0.23254680424166668,0.20690559178828055,0.057096307827547196,0.012242778099251759,858.1897502315171
GAAGATCCAACTTGGTCTGACTTTGGTTCTCAATTTATCTTAAATTCTCAACAATTGGTTGAAGCTTTGTCTTTGTGTGATGATTTGTTGGGTTCTCAAGATAGAGAAGAGAATACTAAT,0.06190001417764898,0.007953712004410278,0.03582129802854533,0.0028170358285059894,0.20180345294426666,0.28697066348137545,0.40131003503446283,0.0014237885007843925,1621.41400854976
GAAGATCCAACTTGGTGGGATTCTGGTTCTCAATGGATTTGGAACTCTCAACAATGGGTTGAAGCTTGGTCTTGGTGTGATGATTGGTGGGGTTCTCAAGATAGAGAAGAGAATACTAAT,0.16375111296587586,0.32264297748460097,0.2037631372487156,0.18192193130186332,0.04706374287146155,0.04377775336530579,0.012655888894356943,0.024423455867820108,539.98623242943
GAAGATCCAACTTGGTTCTCTATCTTGGACTTTGGTAATTCTCAATCTCAACAATTGGTTGAAGCTTTGTCTTTGTGTGATGATTTGTTGGGTTCTCAAGATAGAGAAGAGAATACTAAT,0.16419927773664292,0.2006057921428969,0.17026734129009052,0.13464320575972824,0.11557359184988535,0.11108772104697945,0.06163969946273331,0.041983370711043265,860.7749730374829
GAAGATCCAACTTGGTTCTCTGATGGTTCTCAATTTATCTTAAATTCTCAACAATTGGTTGAAGCTTTGTCTTTGTGTGATGATTTGTTGGGTTCTCAAGATAGAGAAGAGAATACTAAT,0.019925054493810625,0.04252780494032378,0.1179935811631335,0.19805419326029042,0.3369192096746668,0.23388937534392992,0.03898422791458854,0.011706553209256508,903.6442906191896
GAAGATCCAACTTGGTTCTCTGATTCTGGTCAATTTATCTTAAATTCTCAACAATTGGTTGAAGCTTTGTCTTTGTGTGATGATTTGTTGGGTTCTCAAGATAGAGAAGAGAATACTAAT,0.03108334950561046,0.27755401473508756,0.2514099875649633,0.09280621954707884,0.12443329162027557,0.14779792365583058,0.054052865598004214,0.020862347773149378,769.2441550331012
GAAGATCCAACTTGGTTCTCTGGTCAATCTGACTTTATCTTAAATTCTCAACAATTGGTTGAAGCTTTGTCTTTGTGTGATGATTTGTTGGGTTCTCAAGATAGAGAAGAGAATACTAAT,0.33010889348096023,0.2775494894983246,0.19963990299296253,0.10386686128484075,0.03070933130424888,0.025391294630114247,0.020339226457131227,0.012395000351417558,420.2020885289903
GAAGATCCAACTTGGTTCTCTGGTGATCAATCATTTATCTTAAATTCTCAACAATTGGTTGAAGCTTTGTCTTTGTGTGATGATTTGTTGGGTTCTCAAGATAGAGAAGAGAATACTAAT,0.10252213840698103,0.14282299931767506,0.11775975896527503,0.1664672105430329,0.11656843525099096,0.12288691358171105,0.14628302702972534,0.08468951690460855,1343.8111468593668
GAAGATCCAACTTGGTTCTCTGGTGATTCTCAATTTATCTTAAATTCTCAACAATTGGTTGAAGCTTTGTCTTTGTGTGATGATTTGTTGGGTTCTCAAGATAGAGAAGAGAATACTAAT,0.011287046857309623,0.009084931460086713,0.030898995919957283,0.11285573534171123,0.2914050160979666,0.42003818482365335,0.11096239766848323,0.013467691830831876,1240.828953733552
GAAGATCCAACTTGGTTCTCTGGTTCTATCTTGGATCAATTTAATTCTCAACAATTGGTTGAAGCTTTGTCTTTGTGTGATGATTTGTTGGGTTCTCAAGATAGAGAAGAGAATACTAAT,0.0035869146827360522,0.0027535017768016935,0.011679306378147857,0.04614795010096104,0.1957592655679705,0.3135033226490677,0.33224570861244734,0.09432403023186785,2067.6580388562334
GAAGATCCAACTTGGTTCTCTGGTTCTGATCAATTTATCTTAAATTCTCAACAATTGGTTGAAGCTTTGTCTTTGTGTGATGATTTGTTGGGTTCTCAAGATAGAGAAGAGAATACTAAT,0.1412707400022284,0.11370866148259211,0.07031590482148442,0.031389399915717785,0.08352545966791658,0.1553874277722653,0.23583831556045934,0.16856409077733606,2045.6291726548118
GAAGATCCAACTTGGTTCTCTTCATTTGGTAATTCTTTGCAAGATATTCAACAATTGGTTGAAGCTTTGTCTTTGTGTGATGATTTGTTGGGTTCTCAAGATAGAGAAGAGAATACTAAT,0.1987134005027536,0.1999302437775326,0.21635979762598292,0.16557288500332956,0.09790673401834361,0.0227677219933599,0.06911114085667631,0.02963807622202139,702.5585467605583
GAAGATCCAACTTGGTTCTCTTCTCAATTTGGTGATATCTTAAATTCTCAACAATTGGTTGAAGCTTTGTCTTTGTGTGATGATTTGTTGGGTTCTCAAGATAGAGAAGAGAATACTAAT,0.007812031184771934,0.013905922100721604,0.05907300524529096,0.1735780325133123,0.3091053506985989,0.3392999062083346,0.07858313810407912,0.018642613944890564,1132.6970295546926
GAAGATCCAACTTGGTTCTCTTCTGATGGTCAATTTATCTTAAATTCTCAACAATTGGTTGAAGCTTTGTCTTTGTGTGATGATTTGTTGGGTTCTCAAGATAGAGAAGAGAATACTAAT,0.31827708659635146,0.320226091199771,0.16237927160858487,0.09547066235572574,0.037635875566739745,0.01750406977562285,0.029518549505718184,0.018988393391486155,472.52419479990886
GAAGATCCAACTTGGTTCTCTTCTTCTAATTTGATCTTTGATGGTCAACAACAATTGGTTGAAGCTTTGTCTTTGTGTGATGATTTGTTGGGTTCTCAAGATAGAGAAGAGAATACTAAT,0.00209097133521604,0.0002026572851918269,0.0011553359867655713,0.0064234097511552185,0.027801042239133194,0.10168506837917388,0.4352854913345268,0.42535602368883746,3996.3585128887535
GAAGATCCAACTTGGTTCTTCTCTGGTCAATCTGATATCTTAAATTCTCAACAATTGGTTGAAGCTTTGTCTTTGTGTGATGATTTGTTGGGTTCTCAAGATAGAGAAGAGAATACTAAT,0.16179694753664048,0.24872791726122764,0.2163859941178969,0.1959446963633649,0.13530493963762372,0.02378207579663324,0.017709580748031167,0.0003478485385819518,434.38581413185557
GAAGATCCAACTTGGTTCTTCTCTTTGCAATCTGATATTGGTAATTCTCAACAATTGGTTGAAGCTTTGTCTTTGTGTGATGATTTGTTGGGTTCTCAAGATAGAGAAGAGAATACTAAT,0.04542327191596789,0.05563651897044327,0.07863971203029631,0.201854856515683,0.26467010535453994,0.2661033391040521,0.0641074144443431,0.02356478166467437,1027.6599846499516
GAAGATCCAACTTGGTTCTTCTTGATTGGTCAAGATTCTAATTCTTCTCAACAATTGGTTGAAGCTTTGTCTTTGTGTGATGATTTGTTGGGTTCTCAAGATAGAGAAGAGAATACTAAT,0.011480552354099349,0.002228083661990627,0.001232783567629232,0.0008416677892802952,0.0008039702839951661,0.06607674914371163,0.47752130220425715,0.4398148909950365,4127.409837515983
GAAGATCCAACTTGGTTCTTGTCTTCTATCTTTGGTGATCAAAATTCTCAACAATTGGTTGAAGCTTTGTCTTTGTGTGATGATTTGTTGGGTTCTCAAGATAGAGAAGAGAATACTAAT,0.00024055224382682448,0.0015442498709543687,0.00010065976765444598,0.00012534517927836422,0.00012586286783381132,0.004667394988614401,0.2833662764833756,0.7098296585984621,5253.831492656943
GAAGATCCAACTTGGTTCTTTATTTCTGGTGATTCTTTGCAAAATTCTCAACAATTGGTTGAAGCTTTGTCTTTGTGTGATGATTTGTTGGGTTCTCAAGATAGAGAAGAGAATACTAAT,0.260929399861365,0.2657287812040455,0.14650493202676182,0.18736386218234682,0.06584819300957258,0.049583878630461826,0.008853603259938114,0.01518734982550843,478.28842217794465
GAAGATCCAACTTGGTTCTTTGATATTTCTTCTTTGGGTCAAAATTCTCAACAATTGGTTGAAGCTTTGTCTTTGTGTGATGATTTGTTGGGTTCTCAAGATAGAGAAGAGAATACTAAT,0.15213800298382266,0.09464381319729624,0.050750617114223684,0.02730915748387422,0.0052845447112351614,0.020210831080513435,0.2904186063448634,0.35924442708417115,3142.7817404026173
GAAGATCCAACTTGGTTCTTTGATCAATCTGGTTCTATCTTAAATTCTCAACAATTGGTTGAAGCTTTGTCTTTGTGTGATGATTTGTTGGGTTCTCAAGATAGAGAAGAGAATACTAAT,0.18211822028322117,0.1282634088078784,0.0453236368815337,0.10116358221664734,0.017946047028586147,0.08346527207210469,0.202686247715019,0.23903358499500954,2293.523839558384
GAAGATCCAACTTGGTTCTTTGATTCTCAAGGTTCTATCTTAAATTCTCAACAATTGGTTGAAGCTTTGTCTTTGTGTGATGATTTGTTGGGTTCTCAAGATAGAGAAGAGAATACTAAT,0.04438748473396061,0.07443216059812464,0.06443898391598774,0.09040714779883195,0.13121914226003945,0.08815258442934003,0.17152954411065174,0.33543295215306373,2888.1349856231873
GAAGATCCAACTTGGTTGATTCAATCATTTGATGGATTCTCTAATTCTCAACAATTGGTTGAAGCTTTGTCTTTGTGTGATGATTTGTTGGGTTCTCAAGATAGAGAAGAGAATACTAAT,0.0009698117375966867,0.0006098440537523386,0.0005028257992016148,0.0008529637857718095,0.05877301304725032,0.22490047293533189,0.49020030536977977,0.2231907632713155,3042.6595192451728
GAAGATCCAACTTGGTTTAATTCTCAATCTATCTTGTCATTTGATGGTCAACAATTGGTTGAAGCTTTGTCTTTGTGTGATGATTTGTTGGGTTCTCAAGATAGAGAAGAGAATACTAAT,0.0026707622743977867,0.000995228511013627,0.0010462410425393846,0.0013187227920510292,0.019982081861371504,0.05480878635922452,0.5454431492881311,0.37373502787127105,3881.496544593726
GAAGATCCAACTTGGTTTATCTTCTCTGGTTTGTCTTCTGATAATCAACAACAATTGGTTGAAGCTTTGTCTTTGTGTGATGATTTGTTGGGTTCTCAAGATAGAGAAGAGAATACTAAT,0.031922829698770264,0.05102256271150738,0.10392472870481295,0.22118977727770842,0.3190312630495125,0.21906524308630027,0.045691143258121146,0.008152452213266981,874.6166618659976
GAAGATCCAACTTGGTTTATTGATTCTGGATTTCAGAATTTGTCTTCTCAACAATTGGTTGAAGCTTTGTCTTTGTGTGATGATTTGTTGGGTTCTCAAGATAGAGAAGAGAATACTAAT,0.04359101066075726,0.043857944989439464,0.029207405767492423,0.10058150914597791,0.1685152333061198,0.28276381000604695,0.23946053599560535,0.09202255012856085,1797.1338591071824
GAAGATCCAACTTGGTTTATTTCTCAAGGTTTGTCATTTGATAATTCTCAACAATTGGTTGAAGCTTTGTCTTTGTGTGATGATTTGTTGGGTTCTCAAGATAGAGAAGAGAATACTAAT,0.13882690639192205,0.1791509709010322,0.22532450355750003,0.20452502139068945,0.1427487965488753,0.08022250586373884,0.011196065866296753,0.01800522947994532,599.7715150955214
GAAGATCCAACTTGGTTTCAAATTGGTTTGTTCTCTGATTCTTCTAATCAACAATTGGTTGAAGCTTTGTCTTTGTGTGATGATTTGTTGGGTTCTCAAGATAGAGAAGAGAATACTAAT,0.10250754483940945,0.13407583932440498,0.14031040403214584,0.1480471262159239,0.20202319324360657,0.11275076296474933,0.12359156262970354,0.03669356675005632,1028.8639539706257
GAAGATCCAACTTGGTTTCAAGATTCATTCTCTGGTATCTTAAATTCTCAACAATTGGTTGAAGCTTTGTCTTTGTGTGATGATTTGTTGGGTTCTCAAGATAGAGAAGAGAATACTAAT,0.14350192261756278,0.1846179089189866,0.1697841858605685,0.24044542024641757,0.10431717137957353,0.11212788742964641,0.028363568917039228,0.016841934630205394,651.5145411366
GAAGATCCAACTTGGTTTCAATCTAATGATTCTTTGTCATTTATTGGTCAACAATTGGTTGAAGCTTTGTCTTTGTGTGATGATTTGTTGGGTTCTCAAGATAGAGAAGAGAATACTAAT,0.0011772945045184686,0.024423340182422617,0.12201043899726886,0.2683756526476625,0.32179341719903853,0.2148465583482645,0.02563317369845038,0.021740124422374205,923.3766666707137
GAAGATCCAACTTGGTTTCAATCTATTGGTTTGTTTGATTCTAATTCTCAACAATTGGTTGAAGCTTTGTCTTTGTGTGATGATTTGTTGGGTTCTCAAGATAGAGAAGAGAATACTAAT,0.1322619474341802,0.14257700138259688,0.12931262287390793,0.16583063422588104,0.12474612948719269,0.12123201522848757,0.12091372558953692,0.06312592377821687,1152.8630075953527
GAAGATCCAACTTGGTTTCAATCTGACTTTGGTTCTATCTTAAATTCTCAACAATTGGTTGAAGCTTTGTCTTTGTGTGATGATTTGTTGGGTTCTCAAGATAGAGAAGAGAATACTAAT,0.24279551411507763,0.18164581210760172,0.24014807153781198,0.11066157104534877,0.07361608229175032,0.057063507519474296,0.034643115434249985,0.05942632594868528,813.9655664005517
GAAGATCCAACTTGGTTTCAATTGTCATTTATTGATTCTGGTAATTCTCAACAATTGGTTGAAGCTTTGTCTTTGTGTGATGATTTGTTGGGTTCTCAAGATAGAGAAGAGAATACTAAT,0.13285058588961457,0.0891094073363902,0.055104057362628835,0.06559666400465042,0.20364061699529049,0.17589225971108663,0.136902255633895,0.14090415306644397,1738.9582554605922
GAAGATCCAACTTGGTTTGAATCTGGTTCTCAATTTATCTTAAATTCTCAACAATTGGTTGATGCTTTGTCTTTGTGTGCTGCTTTGTTGGGTTCTCAAGCTAGAGCTGCTAATACTAAT,0.12301001531402443,0.11813767695273655,0.2087278523937404,0.17393085046799328,0.12121486342110761,0.11787671902733173,0.05704270554906806,0.08005931687399788,1110.6939605112639
GAAGATCCAACTTGGTTTGATCAATCATTCTCTGGTATCTTAAATTCTCAACAATTGGTTGAAGCTTTGTCTTTGTGTGATGATTTGTTGGGTTCTCAAGATAGAGAAGAGAATACTAAT,0.11516910519538502,0.05619639875009595,0.017509628504213552,0.022699005317401037,0.09050108754246369,0.18408059365109045,0.33599748059812584,0.17784670044122441,2369.6842605537436
GAAGATCCAACTTGGTTTGATCAATTGTTCTCTGGTTCTATTAATTCTCAACAATTGGTTGAAGCTTTGTCTTTGTGTGATGATTTGTTGGGTTCTCAAGATAGAGAAGAGAATACTAAT,0.12416530032946302,0.1865741569300006,0.2204346604548832,0.24494314829038888,0.12696932998159174,0.08529799094314562,0.005421198828310614,0.0061942142422163875,521.9206492882524
GAAGATCCAACTTGGTTTGATGAAGAAGCTCAATTTATCTTGAATGCTCAACAATTGGTTGAAGCTTTGTCTTTGTGTGATGATTTGTTGGGTGCTCAAGATAGAGAAGAGAATACTAAT,0.025161430888720582,0.01898663225018788,0.007827385113133328,0.02096512209300966,0.05578703207179749,0.06918931027058826,0.2916990315208255,0.5103840557917375,4159.150707663271
GAAGATCCAACTTGGTTTGATGAAGAAGCTCAATTTATCTTGGAAGCTCAACAATTGGTTGAAGCTTTGTCTTTGTGTGATGATTTGTTGGGTGCTCAAGATAGAGAAGAGAATACTAAT,0.29266811866499637,0.2593509531149043,0.22627749448543494,0.13741367108961283,0.036763352993172474,0.03312195121709589,0.008765729069162074,0.005638729365621163,377.7372507316262
GAAGATCCAACTTGGTTTGATGAAGAAGCTGAATTTGAATTGAATGCTGAAGAATTGGAAGAAGAATTGTCTTTGTGTGATGATTTGTTGGGTGCTCAAGATAGAGAAGAGAATACTAAT,0.09405065579780769,0.09462658529076874,0.09362528944596059,0.1149357967488163,0.25023093358579707,0.22413908133454902,0.06105897468873183,0.0673326831075688,1208.8654974075946
GAAGATCCAACTTGGTTTGATGAAGAAGCTGAATTTGAATTGGAAGCTGAAGAATTGGAAGAAGAATTGTCTTTGTGTGATGATTTGTTGGGTGCTCAAGATAGAGAAGAGAATACTAAT,0.00011969520158671523,0.020894287193957358,0.025618078116938097,0.11828331577027491,0.2825454510549982,0.4160875693628202,0.11306479846506987,0.023386804834354596,1299.1124375211675
GAAGATCCAACTTGGTTTGATGATGATGCTCAATTTATCTTGAATGCTCAACAATTGGTTGAAGCTTTGTCTTTGTGTGATGATTTGTTGGGTGCTCAAGATAGAGAAGAGAATACTAAT,0.1593658821014792,0.16816332661224137,0.20314313144885704,0.18568667826583168,0.14171917719081564,0.06413076355825786,0.03604965670270019,0.04174138411981691,776.2883013224972
GAAGATCCAACTTGGTTTGATGATGATGCTCAATTTATCTTGGATGCTCAACAATTGGTTGAAGCTTTGTCTTTGTGTGATGATTTGTTGGGTGCTCAAGATAGAGAAGAGAATACTAAT,0.04313967961737709,0.051542072078035114,0.08219859140897844,0.08536947098914956,0.18863865247303518,0.19771031645094225,0.2500613502499312,0.10133986673255116,1795.3920711755725
GAAGATCCAACTTGGTTTGATGATGATGCTGACTTTGATTTGAATGCTGATGATTTGGATGAAGATTTGTCTTTGTGTGATGATTTGTTGGGTGCTCAAGATAGAGAAGAGAATACTAAT,0.004603946552704883,0.005453970494069812,0.014969074729479172,0.026646606189536206,0.07346622092625583,0.3259611431873015,0.4758896617333799,0.07300937618727267,2219.0372361104596
GAAGATCCAACTTGGTTTGATGATGATGCTGACTTTGATTTGGATGCTGATGATTTGGATGAAGATTTGTCTTTGTGTGATGATTTGTTGGGTGCTCAAGATAGAGAAGAGAATACTAAT,0.0037808019093986994,0.006847117315262806,0.008781972121718455,0.03640296971018419,0.22751159867456375,0.4985704291503997,0.16457162704208697,0.053533484076385536,1646.1453125240762
GAAGATCCAACTTGGTTTGATGGTTCTTCTCAATTTATCTTAAATTCTCAACAATTGGTTGAAGCTTTGTCTTTGTGTGATGATTTGTTGGGTTCTCAAGATAGAGAAGAGAATACTAAT,0.23558276418667645,0.18577665001106067,0.07130593136407425,0.12732541245864887,0.07529019797604025,0.06419731815466274,0.08857735084347837,0.15194437500535837,1505.0178080106384
GAAGATCCAACTTGGTTTGATTCATTCTCTCAAGGTATCTTAAATTCTCAACAATTGGTTGAAGCTTTGTCTTTGTGTGATGATTTGTTGGGTTCTCAAGATAGAGAAGAGAATACTAAT,0.1092647822248154,0.08245040781561548,0.1246329864829798,0.17196841056274736,0.2243129624497611,0.18361326392497293,0.09289263509376554,0.010864551445342416,894.1666802405568
GAAGATCCAACTTGGTTTGATTCATTCTTGATTCAAGGTTCTAATTCTCAACAATTGGTTGAAGCTTTGTCTTTGTGTGATGATTTGTTGGGTTCTCAAGATAGAGAAGAGAATACTAAT,0.19413320813325635,0.2323717700829211,0.2916503701254171,0.10026403055488285,0.10413854438912806,0.03508672346809233,0.02761836879302327,0.014736984453279079,522.318980504082
GAAGATCCAACTTGGTTTGATTCATTTATTAATTCTCAATTGGGTTCTCAACAATTGGTTGAAGCTTTGTCTTTGTGTGATGATTTGTTGGGTTCTCAAGATAGAGAAGAGAATACTAAT,0.09562393900509095,0.1028446407852869,0.09026776105026857,0.20514335601806372,0.21445094830419256,0.19947798774647982,0.07645365973943499,0.015737707351182646,904.0125476715555
GAAGATCCAACTTGGTTTGATTCATTTCAATCTGGTATCTTAAATTCTCAACAATTGGTTGAAGCTTTGTCTTTGTGTGATGATTTGTTGGGTTCTCAAGATAGAGAAGAGAATACTAAT,0.08642251193232957,0.03260689861903262,0.0940971124478785,0.20402651766509605,0.21290325331729373,0.18813643515048703,0.130247648024763,0.051559622843119594,1237.2339221807013
GAAGATCCAACTTGGTTTGATTCATTTGGTTCTCAAATCTTAAATTCTCAACAATTGGTTGAAGCTTTGTCTTTGTGTGATGATTTGTTGGGTTCTCAAGATAGAGAAGAGAATACTAAT,0.03860878609439807,0.19422605612600977,0.06405694786818376,0.11438147082765554,0.06340891188602343,0.14155608728137875,0.21484588335355922,0.16891585656279165,2001.0840067232198
GAAGATCCAACTTGGTTTGATTCTAATCAATCTATTCAATCTCAATTGTTTGGTTTGGTTGAAGCTTTGTCTTTGTGTGATGATTTGTTGGGTTCTCAAGATAGAGAAGAGAATACTAAT,0.12685155861904482,0.1276283480333988,0.06138506228773821,0.04697592607596953,0.06944463611135411,0.090434418374694,0.24183250017501906,0.23544755032278156,2392.587576095296
GAAGATCCAACTTGGTTTGATTCTAATTCTATTCAATTGGGTCAATCATTTCAATTGGTTGAAGCTTTGTCTTTGTGTGATGATTTGTTGGGTTCTCAAGATAGAGAAGAGAATACTAAT,0.0053999172175170215,0.03148240471556656,0.0749072744676639,0.20998931655269776,0.31613516997416957,0.2883477522106041,0.06086788212324351,0.01287028273853757,1012.6820293226466
GAAGATCCAACTTGGTTTGATTCTAATTCTTTGTCTGGTATCTTTCAACAACAATTGGTTGAAGCTTTGTCTTTGTGTGATGATTTGTTGGGTTCTCAAGATAGAGAAGAGAATACTAAT,0.10456112775812895,0.09643463433765521,0.09758271122728195,0.16456547646081376,0.11162147803171361,0.16772226507727594,0.15354378874465938,0.10396851836247115,1524.210743711915
GAAGATCCAACTTGGTTTGATTCTAATTTGCAATCTATTTCTCAATTTCAAGGTTTGGTTGAAGCTTTGTCTTTGTGTGATGATTTGTTGGGTTCTCAAGATAGAGAAGAGAATACTAAT,0.14368815861758516,0.17669428186213076,0.0794657193946972,0.18623811459179546,0.09439415957363538,0.08780356140024949,0.0888422112295678,0.1428737933303388,1510.6528197140594
GAAGATCCAACTTGGTTTGATTCTATCTTGCAAGGATTCTCTTCTAATCAACAATTGGTTGAAGCTTTGTCTTTGTGTGATGATTTGTTGGGTTCTCAAGATAGAGAAGAGAATACTAAT,0.12814849843656254,0.12033768115035719,0.17009188869427766,0.24202667842374612,0.15574330804156555,0.12137699252026972,0.03169362340331274,0.030581329329908376,783.399419290365
GAAGATCCAACTTGGTTTGATTCTATCTTGTCTGGATTTCAAAATTCTCAACAATTGGTTGAAGCTTTGTCTTTGTGTGATGATTTGTTGGGTTCTCAAGATAGAGAAGAGAATACTAAT,0.0766569617425014,0.08998077555207157,0.07948985675933432,0.134841866227939,0.1636662410702301,0.21664790399153905,0.1777383933251631,0.06097800133122145,1394.8049382720355
GAAGATCCAACTTGGTTTGATTCTATTCAAGGTTCTCAACAATTTAATTTGTCTTTGGTTGAAGCTTTGTCTTTGTGTGATGATTTGTTGGGTTCTCAAGATAGAGAAGAGAATACTAAT,0.1141841811801718,0.2141135883193377,0.18218645837719136,0.3061798384840356,0.08340737724132394,0.06323849846733262,0.01193843240145343,0.024751625529153574,614.8763275167332
GAAGATCCAACTTGGTTTGATTCTATTTCTCAAGGTTTGTTTAATTCTCAACAATTGGTTGAAGCTTTGTCTTTGTGTGATGATTTGTTGGGTTCTCAAGATAGAGAAGAGAATACTAAT,0.1418922134145929,0.17499748468363172,0.19364984104922442,0.26950916384488577,0.08569705044657626,0.08390914130920286,0.03396068923583626,0.01638441601604991,629.5965095585372
GAAGATCCAACTTGGTTTGATTCTATTTCTTCTAATTTGGGTCAATTTCAACAATTGGTTGAAGCTTTGTCTTTGTGTGATGATTTGTTGGGTTCTCAAGATAGAGAAGAGAATACTAAT,0.09137893129750732,0.07522240924868208,0.08269604404735237,0.11997687315665995,0.23739238911638252,0.1599024417530089,0.0847492207538641,0.14868169062654266,1683.6531672880785
GAAGATCCAACTTGGTTTGATTCTCAAATTTCTGGATTCTTAAATTCTCAACAATTGGTTGAAGCTTTGTCTTTGTGTGATGATTTGTTGGGTTCTCAAGATAGAGAAGAGAATACTAAT,0.0001883493231993646,0.0001705524308203582,0.002601527379662301,0.005304480107559525,0.07774810781803752,0.17186511769464233,0.4412873051084916,0.3008345601375869,3354.469635220051
GAAGATCCAACTTGGTTTGATTCTCAAATTTCTTTGGGATTTAATTCTCAACAATTGGTTGAAGCTTTGTCTTTGTGTGATGATTTGTTGGGTTCTCAAGATAGAGAAGAGAATACTAAT,0.048848055914219465,0.039317745868288775,0.04862712901942221,0.0325611197797773,0.17328668303379374,0.24178171587619499,0.2990066578904692,0.11657089261783432,2028.5998706063444
GAAGATCCAACTTGGTTTGATTCTCAACAACAAAATTCATTCTCTTTGATTGGTTTGGTTGAAGCTTTGTCTTTGTGTGATGATTTGTTGGGTTCTCAAGATAGAGAAGAGAATACTAAT,0.21030479108438363,0.28278265437196765,0.23968056674245053,0.14629887589720186,0.05229312035045479,0.03242801054811744,0.012760070332305456,0.02345191067311872,514.6897794645125
GAAGATCCAACTTGGTTTGATTCTCAAGGTATTTCATTTAATTCTTTGCAACAATTGGTTGAAGCTTTGTCTTTGTGTGATGATTTGTTGGGTTCTCAAGATAGAGAAGAGAATACTAAT,0.15298295636772516,0.23087964638788736,0.1110455607462901,0.1416323955229389,0.13818786032709707,0.09348333593984358,0.07094187990979912,0.060846364798418734,987.6452590537399
GAAGATCCAACTTGGTTTGATTCTCAAGGTTCATTTATCTTAAATTCTCAACAATTGGTTGAAGCTTTGTCTTTGTGTGATGATTTGTTGGGTTCTCAAGATAGAGAAGAGAATACTAAT,0.10523693867687887,0.14117515813117387,0.13095122464126477,0.1948577812351844,0.17283526489027,0.0643071641782371,0.06506786937097067,0.1255685988760202,1375.0149071751466
GAAGATCCAACTTGGTTTGATTCTCAATCATTTGGTATCTTAAATTCTCAACAATTGGTTGAAGCTTTGTCTTTGTGTGATGATTTGTTGGGTTCTCAAGATAGAGAAGAGAATACTAAT,0.003466415284236377,0.0039858768662124535,0.0032864167625161803,0.04107807769361095,0.09157672223678934,0.3354357916284254,0.5154589107828448,0.00571178874536454,1923.3565589635343
GAAGATCCAACTTGGTTTGATTCTCAATCTATTGGTTCTCAATTCTTGAATCAATTGGTTGAAGCTTTGTCTTTGTGTGATGATTTGTTGGGTTCTCAAGATAGAGAAGAGAATACTAAT,0.00020552121097678995,0.024985885567154288,0.07182020877576573,0.23042009150892623,0.26094950479349527,0.3717401875309671,0.0395516303704389,0.0003269702422758192,955.1638615421246
GAAGATCCAACTTGGTTTGATTCTCAATTGCAATTTGGTATTTCTCAATCTAATTTGGTTGAAGCTTTGTCTTTGTGTGATGATTTGTTGGGTTCTCAAGATAGAGAAGAGAATACTAAT,0.00938897153022762,0.030987270802214716,0.009824454099860215,0.04164429397841604,0.22372904949664701,0.45911610058699903,0.22429141310116915,0.0010184464044662481,1419.766571483654
GAAGATCCAACTTGGTTTGATTCTCAATTTGGTTCTATCTTAAATTCTCAACAATTGGTTGAAGCTTTGTCTTTGTGTGATGATTTGTTGGGTTCTCAAGATAGAGAAGAGAATACTAAT,0.2915188859870746,0.2127892010052198,0.11807174065924099,0.1371674510039814,0.121665003975297,0.08697351436213391,0.022265653645750238,0.00954854936130207,529.7830421998448
GAAGATCCAACTTGGTTTGATTCTCAGAATGGTTTGTCTATTTCATTTCAACAATTGGTTGAAGCTTTGTCTTTGTGTGATGATTTGTTGGGTTCTCAAGATAGAGAAGAGAATACTAAT,0.31474434564398607,0.2675330023955067,0.14180469044639532,0.0964607697685397,0.08021149413169373,0.059688903481397305,0.020131659379139626,0.019425134753341494,522.2125269002606
GAAGATCCAACTTGGTTTGATTCTGAAGAACAATTTATCTTAAATTCTCAACAATTGGTTGAAGCTTTGTCTTTGTGTGATGATTTGTTGGAAGAACAAGATAGAGAAGAGAATACTAAT,0.09339297253152345,0.1879297492579233,0.2324264517697906,0.10375642415631836,0.06135335880849588,0.057069668627654425,0.11548951942637503,0.14858185542191915,1554.5591566808503
GAAGATCCAACTTGGTTTGATTCTGAAGAACAATTTATCTTAAATTCTCAACAATTGGTTGAAGCTTTGTCTTTGTGTGATGATTTGTTGGGTTCTCAAGATAGAGAAGAGAATACTAAT,7.739521462430226e-05,0.00031147661079529025,0.07603395850649389,0.1515888361721441,0.3764858465705528,0.3524342503886861,0.04274501894088647,0.0003232175958170656,984.1928856151924
GAAGATCCAACTTGGTTTGATTCTGAAGAACAATTTATCTTGAATGCTCAACAATTGGTTGAAGCTTTGTCTTTGTGTGATGATTTGTTGGAAGAACAAGATAGAGAAGAGAATACTAAT,0.23126069980049582,0.19335118523429606,0.25939692230780814,0.11941481883287132,0.06740283838986014,0.06269677367590182,0.03927140853073135,0.027205353228035453,635.6849551183004
GAAGATCCAACTTGGTTTGATTCTGAAGAACAATTTATCTTGAATGCTCAACAATTGGTTGAAGCTTTGTCTTTGTGTGATGATTTGTTGGGTGCTCAAGATAGAGAAGAGAATACTAAT,0.05141974069816752,0.20693846045112976,0.0639839784377983,0.05712558751769227,0.15200803357269074,0.14139483596672395,0.14306743010642942,0.18406193324936793,1957.055331715923
GAAGATCCAACTTGGTTTGATTCTGAAGAACAATTTATCTTGGAAGAACAACAATTGGTTGAAGCTTTGTCTTTGTGTGATGATTTGTTGGAAGAACAAGATAGAGAAGAGAATACTAAT,0.227053273842823,0.34266548915446765,0.04708882743130479,0.08408282817698053,0.01864498018576874,0.03468637614746722,0.08774172446246492,0.15803650059872312,1464.4052126019983
GAAGATCCAACTTGGTTTGATTCTGAAGAACAATTTATCTTGGAAGAACAACAATTGGTTGAAGCTTTGTCTTTGTGTGATGATTTGTTGGGTGCTCAAGATAGAGAAGAGAATACTAAT,0.051038606838863035,0.025675573669270806,0.031754857911890026,0.08505324109477073,0.17602820465341956,0.1637379192237556,0.2840139688572484,0.18269762775078194,2322.637756497666
GAAGATCCAACTTGGTTTGATTCTGAAGAACAATTTATCTTGGAAGAACAACAATTGGTTGAAGCTTTGTCTTTGTGTGATGATTTGTTGGGTTCTCAAGATAGAGAAGAGAATACTAAT,0.033007192483019726,0.024571054347655597,0.015075702762269442,0.008584565197456578,0.002162099751861992,0.04503209247653097,0.3444344081057564,0.5271328848754493,4326.638091096383
GAAGATCCAACTTGGTTTGATTCTGAAGCTCAATTTGAATTGAATGCTCAAGAATTGGAAGAAGCTTTGTCTTTGTGTGATGATTTGTTGGGTGCTCAAGATAGAGAAGAGAATACTAAT,0.06909992545342318,0.19118843264413937,0.02149606396412099,0.0575757547396998,0.051068634563187845,0.14250907081802655,0.240324742524407,0.2267373752929954,2388.6273947419163
GAAGATCCAACTTGGTTTGATTCTGAAGCTCAATTTGAATTGGAAGCTCAAGAATTGGAAGAAGCTTTGTCTTTGTGTGATGATTTGTTGGGTGCTCAAGATAGAGAAGAGAATACTAAT,0.02575888974315205,0.09502763279565823,0.1317733882629017,0.20985985271305282,0.23408744800381376,0.21512005219248143,0.061052310722984816,0.027320425565955177,978.260792808754
GAAGATCCAACTTGGTTTGATTCTGATGATCAATTTATCTTAAATTCTCAACAATTGGTTGAAGCTTTGTCTTTGTGTGATGATTTGTTGGATGATCAAGATAGAGAAGAGAATACTAAT,0.07672974861600122,0.21229893200044486,0.07160880015618497,0.08524414768062245,0.0567074923233758,0.07033090191963372,0.26686073767955787,0.16021923962417925,1976.545928981121
GAAGATCCAACTTGGTTTGATTCTGATGATCAATTTATCTTAAATTCTCAACAATTGGTTGAAGCTTTGTCTTTGTGTGATGATTTGTTGGGTTCTCAAGATAGAGAAGAGAATACTAAT,0.051119223554842046,0.039330550021032376,0.26566542341503574,0.01670344799011882,0.2133453726661713,0.38036173980307586,0.020916365867769737,0.012557876681954152,931.2028322003819
GAAGATCCAACTTGGTTTGATTCTGATGATCAATTTATCTTGAATGCTCAACAATTGGTTGAAGCTTTGTCTTTGTGTGATGATTTGTTGGATGATCAAGATAGAGAAGAGAATACTAAT,0.08029027865934309,0.0807819449756034,0.0,0.2973325858965071,0.15823711812228916,0.26984651094173706,0.04964338025458717,0.063868181149933,1200.0276544089347
GAAGATCCAACTTGGTTTGATTCTGATGATCAATTTATCTTGAATGCTCAACAATTGGTTGAAGCTTTGTCTTTGTGTGATGATTTGTTGGGTGCTCAAGATAGAGAAGAGAATACTAAT,0.10499671629815224,0.12428197081365176,0.17676488289173434,0.17840250208959388,0.0912921549273013,0.12454660335482799,0.12601989562513788,0.07369527399960056,1225.310637884193
GAAGATCCAACTTGGTTTGATTCTGATGATCAATTTATCTTGGATGATAAAGCTACATTTGAAGCTTATAAGAAAGCTGCTTTGTTGTTGGGTGATGATGATAGAGAAGAGAATACTAAT,0.12521893545112497,0.1259857273186748,0.1168618154786956,0.17389248659319922,0.12339154758819143,0.11477635241277795,0.14516758749016923,0.07470554766716683,1274.2962528125174
GAAGATCCAACTTGGTTTGATTCTGATGATCAATTTATCTTGGATGATCAACAATTGGTTATTGCTGATTATGCTCATTTGGATTTGTTGGGTGATGATGATAGAGAAGAGAATACTAAT,0.00025797341578797273,0.0008478736045748712,0.006997981756271773,0.0021590511733477384,0.005592590734877447,0.006620875126866353,0.3036170913077042,0.6739065628805696,5087.968008825703
GAAGATCCAACTTGGTTTGATTCTGATGATCAATTTATCTTGGATGATCAACAATTGGTTGAAGCTTTGTCTTTGTGTGATGATTTGTTGGATGATCAAGATAGAGAAGAGAATACTAAT,0.09262092816605294,0.20109011606185634,0.18197768703123354,0.2003816965859198,0.1248947778131006,0.10276986246646078,0.04973222068246806,0.04653271119290788,880.0107879267325
GAAGATCCAACTTGGTTTGATTCTGATGATCAATTTATCTTGGATGATCAACAATTGGTTGAAGCTTTGTCTTTGTGTGATGATTTGTTGGGTGATGATGATAGAGAAGAGAATACTAAT,0.3039990484049964,0.2508057082995943,0.1714870130942503,0.10357133977747311,0.03594751504272722,0.03158001252669959,0.046990559159199474,0.05561880369505965,756.9506455705634
GAAGATCCAACTTGGTTTGATTCTGATGATCAATTTATCTTGGATGATCAACAATTGGTTGAAGCTTTGTCTTTGTGTGATGATTTGTTGGGTGCTCAAGATAGAGAAGAGAATACTAAT,0.0439899888582906,0.06638904956050341,0.036492528101347926,0.01629046175850088,0.07224669847330999,0.0873631662194475,0.41478407668353545,0.26244403034506414,2960.807887355963
GAAGATCCAACTTGGTTTGATTCTGATGATCAATTTATCTTGGATGATCAACAATTGGTTGAAGCTTTGTCTTTGTGTGATGATTTGTTGGGTTCTCAAGATAGAGAAGAGAATACTAAT,0.000881773829334407,0.0004012793287190255,0.0005454449325832249,0.0008522134796548718,0.0005788518689668639,0.0004566781987366696,0.28948093484156484,0.70680282352044,5245.368233905516
GAAGATCCAACTTGGTTTGATTCTGATGATCAATTTATCTTGGATGATCAACCAGAAGACTTTAAGAGAGATTTGGAAGAATGTCAGAAAGGTGATGATGATAGAGAAGAGAATACTAAT,0.016971709200655584,0.061292513405044234,0.13130849841027897,0.22155990092446787,0.33067718969674126,0.20201257726253471,0.030632496234616582,0.005545114865660642,814.281120372511
GAAGATCCAACTTGGTTTGATTCTGATGATCAATTTATCTTGGATGATCAAGATCCAGAAATTATTTGGCATTTGTTGGCTAAATCTTTGGGTGATGATGATAGAGAAGAGAATACTAAT,0.022694591438055127,0.12558460340063698,0.11295974888328521,0.2521292118104925,0.21245227104574252,0.20801985062194733,0.05262014209381964,0.013539580706020704,863.3096089759288
GAAGATCCAACTTGGTTTGATTCTGATGATCAATTTATCTTGGATGATCAAGATTCTAATAGAATTGCTACTAAGATTATGTCTGCTTTGGGTGATGATGATAGAGAAGAGAATACTAAT,0.1749941423920169,0.044016434547894744,0.1360958515339086,0.09720627778909553,0.10777522370532036,0.06015021595475139,0.2231597411596205,0.15660211291739207,1867.6075478661496
GAAGATCCAACTTGGTTTGATTCTGATGATCAATTTATCTTGGATGATCATGATGAAGTTGAAAGAAGAATGGCTGAAAGATTTGCTAAGATGGATGATGATAGAGAAGAGAATACTAAT,0.037372839088362066,0.06580296758400839,0.03487857335413813,0.1764598145545006,0.2577920587956262,0.2654851324341654,0.0953187687697082,0.06688984541949095,1352.2799902827496
GAAGATCCAACTTGGTTTGATTCTGATGATCAATTTATCTTGGATGATGAACAAGAAAATTCTTATAATGAATGGTTGAGAGCTAAATTGGGTGATGATGATAGAGAAGAGAATACTAAT,0.19798479484257941,0.06639905880692928,0.246361702183204,0.21995439050036253,0.13006366354281274,0.06049131068810537,0.0,0.0787450794360068,916.4480716810681
GAAGATCCAACTTGGTTTGATTCTGATGATCAATTTATCTTGGATGATGATTATGCTCATTTGGAAGACTTTAAGAGAGATTTGGAAGAATGTGATGATGATAGAGAAGAGAATACTAAT,0.0026797779678481583,0.0035949171756980993,0.03668029801847939,0.1041999844089299,0.5114098562194808,0.33078159274747254,0.007456065353700411,0.0031975081083905755,951.4058354432759
GAAGATCCAACTTGGTTTGATTCTGATGATCAATTTATCTTGGATGATGCTGATCAAGCTTGGCAAGAATTGAAGACTATGTTGGGTTTGGGTGATGATGATAGAGAAGAGAATACTAAT,0.1059792387254104,0.12544495788537607,0.06205877796110451,0.17314608663638464,0.14129120014664767,0.23428157897115823,0.09829024886299227,0.05950791081092612,1211.636598331635
GAAGATCCAACTTGGTTTGATTCTGATGATCAATTTATCTTGGATGATGGTCATTCTGCATTTACTAAATCTGTTGATGAATTGTTGTTGGGTGATGATGATAGAGAAGAGAATACTAAT,0.02327548506759994,0.24953622594237704,0.1595326359746431,0.24077868525587912,0.15754271748789211,0.13465176377769555,0.031495503193258605,0.003186983300654452,639.453865536977
GAAGATCCAACTTGGTTTGATTCTGATGATCAATTTATCTTGGATGATTCTGCATTTACTAAATCTGTTGATGAATTGAGAGAAATGAAAGGTGATGATGATAGAGAAGAGAATACTAAT,0.02314177421623317,0.0931339416222612,0.043194581371643184,0.1414034934239115,0.17103040312094406,0.08484750084578215,0.13950817190523776,0.30374013349398693,2648.97953113296
GAAGATCCAACTTGGTTTGATTCTGATGCTCAATTTGATTTGAATGCTCAAGATTTGGATGAAGCTTTGTCTTTGTGTGATGATTTGTTGGGTGCTCAAGATAGAGAAGAGAATACTAAT,0.0003091565532161889,0.003911685712190232,0.01479338285920235,0.017631072052835976,0.0262363849456837,0.025555233598602255,0.2953458508210495,0.6162172334572198,4752.430795660525
GAAGATCCAACTTGGTTTGATTCTGATGCTCAATTTGATTTGGATGCTCAAGATTTGGATGAAGCTTTGTCTTTGTGTGATGATTTGTTGGGTGCTCAAGATAGAGAAGAGAATACTAAT,0.000509180634763354,0.00032719804809188465,0.00029598700427670095,0.00014554967155528713,0.0002316473011536777,0.005372363820931037,0.32716485991474314,0.6659532136044849,5089.30371684002
GAAGATCCAACTTGGTTTGATTCTGCTGCTGCTGCTATCTTAAATTCTCAACAATTGGTTGAAGCTTTGTCTGCTGCTGCTGCTTTGTTGGGTTCTCAAGATAGAGAAGAGAATACTAAT,0.021748007234716673,0.04295312823842884,0.11621574320345822,0.3301460063858332,0.29297329643720543,0.17560723197057604,0.016367220311011288,0.003989366218770465,745.9428110754807
GAAGATCCAACTTGGTTTGATTCTGCTGCTGCTGCTATCTTAAATTCTCAACAATTGGTTGAAGCTTTGTCTTTGTGTGATGATGCTGCTGCTGCTCAAGATAGAGAAGAGAATACTAAT,0.15271879772372926,0.1344472395089281,0.07126316756895232,0.0848327016677716,0.16930135063183707,0.174978593337788,0.21245814956099357,0.0,1039.463416667281
GAAGATCCAACTTGGTTTGATTCTGCTGCTGCTGCTATCTTAAATTCTCAACAATTGGTTGAAGCTTTGTCTTTGTGTGATGATTTGTTGGGTTCTCAAGATAGAGAAGAGAATACTAAT,0.11797626263951971,0.1483733790084437,0.14680335883467555,0.032766906371546084,0.11625457103045897,0.0,0.19147951636466748,0.24634600575068843,2269.357364816086
GAAGATCCAACTTGGTTTGATTCTGCTGCTGCTGCTATCTTAAATTCTCAACAATTGGTTGAAGCTTTGTCTTTGTGTGATGATTTGTTGGGTTCTCAAGATAGAGAAGCTGCTGCTGCT,0.18167802313194728,0.2208719126588977,0.0941960110784732,0.12614882520735904,0.11935113144696423,0.09020215590657975,0.07722776709804212,0.09032417347173666,1160.9977586569262
GAAGATCCAACTTGGTTTGATTCTGCTGCTGCTGCTATCTTAAATTCTCAACAATTGGTTGAAGCTTTGTCTTTGTGTGATGATTTGTTGGGTTCTGCTGCTGCTGCTGAGAATACTAAT,0.06901382353418815,0.05207732793171133,0.15744137791768262,0.16612270279578112,0.14734777928802612,0.2319476255209423,0.12801348588165598,0.048035877130012374,1222.6621707557367
GAAGATCCAACTTGGTTTGATTCTGCTGCTGCTGCTATCTTAAATTCTCAACAATTGGTTGCTGCTGCTGCTTTGTGTGATGATTTGTTGGGTTCTCAAGATAGAGAAGAGAATACTAAT,0.001810800944678952,0.06376613539157433,0.13211242381901586,0.2297617036100469,0.2595795971221548,0.3040036282146328,0.008397119928129889,0.0005685909697666042,811.5556500535436
GAAGATCCAACTTGGTTTGATTCTGCTGCTGCTGCTATCTTAAATTCTGCTGCTGCTGCTGAAGCTTTGTCTTTGTGTGATGATTTGTTGGGTTCTCAAGATAGAGAAGAGAATACTAAT,0.06366059527290582,0.07320048903012115,0.05092447111300853,0.07577653037487654,0.16130973000046725,0.17922291084789918,0.265688555827297,0.13021671753342448,1966.1878378606846
GAAGATCCAACTTGGTTTGATTCTGCTGCTGCTGCTGCTGCTGCTGCTCAACAATTGGTTGAAGCTTTGTCTTTGTGTGATGATTTGTTGGGTTCTCAAGATAGAGAAGAGAATACTAAT,0.0021926784833541943,0.03190368084332738,0.009024879592765237,0.09856396009137536,0.33739841994639963,0.4345851274910206,0.08009238064380485,0.006238872907952778,1160.330184768534
GAAGATCCAACTTGGTTTGATTCTGGATTCTCTCAAATCTTAAATTCTCAACAATTGGTTGAAGCTTTGTCTTTGTGTGATGATTTGTTGGGTTCTCAAGATAGAGAAGAGAATACTAAT,0.2857974696856662,0.38829417979908376,0.17651762812823074,0.07184562109688279,0.03494637537631463,0.021033566015493502,0.011608569391981753,0.009956590506346504,376.07255013674364
GAAGATCCAACTTGGTTTGATTCTGGTAAGACATTTATCTTGAATAAGACTCAATTGGTTGAAGCTTTGTCTTTGTGTGATGATTTGTTGGGTAAGACTGATAGAGAAGAGAATACTAAT,0.04664047659830939,0.08714844295057572,0.02487296464472349,0.10363197447545874,0.17070792818257252,0.20764729029164591,0.27189877768394877,0.08745214517276534,1762.1460603792355
GAAGATCCAACTTGGTTTGATTCTGGTACTCAATTTATCTTAAATTCTCAACAATTGGTTGAAGCTTTGTCTTTGTGTGATGATTTGTTGGGTTCTCAAGATAGAGAAGAGAATACTAAT,0.08088602547696128,0.09494489656646937,0.033550083034040744,0.149769383788015,0.0929898804592673,0.06178380644512737,0.1000234595540976,0.38605246467602133,2987.584574397002
GAAGATCCAACTTGGTTTGATTCTGGTACTCAATTTATCTTGAATACTCAACAATTGGTTGAAGCTTTGTCTTTGTGTGATGATTTGTTGGGTACTCAAGATAGAGAAGAGAATACTAAT,0.22348650956894656,0.2515565913164769,0.227690014063258,0.17845551249223726,0.056432668980898555,0.030727341223643147,0.02331811685066359,0.008333245503876029,452.9261948310467
GAAGATCCAACTTGGTTTGATTCTGGTACTCCATTTATCTTGAATACTCCACAATTGGTTGAAGCTTTGTCTTTGTGTGATGATTTGTTGGGTACTCCAGATAGAGAAGAGAATACTAAT,0.06204525630042656,0.1456587935220523,0.12867633738170006,0.20679052465392808,0.28531904899120625,0.094785028278976,0.07672501087171087,0.0,735.6170213349526
GAAGATCCAACTTGGTTTGATTCTGGTACTGACTTTATCTTGAATACTGATCAATTGGTTGAAGCTTTGTCTTTGTGTGATGATTTGTTGGGTACTGATGATAGAGAAGAGAATACTAAT,0.18410371189209343,0.16670798202450535,0.21534349465312666,0.11453846782201318,0.06893845488461148,0.08100021910775682,0.03756426232857876,0.1318034072873145,1292.2110782988439
GAAGATCCAACTTGGTTTGATTCTGGTATTTCTCAATTCTTAAATTCTCAACAATTGGTTGAAGCTTTGTCTTTGTGTGATGATTTGTTGGGTTCTCAAGATAGAGAAGAGAATACTAAT,0.35385455707097363,0.29012151983705087,0.23384150431148132,0.0750295251693269,0.016038633114180134,0.021813687715637037,0.009124199154226305,0.00017637362712371137,301.0333448137411
GAAGATCCAACTTGGTTTGATTCTGGTCAATCATTTATCTTAAATTCTCAACAATTGGTTGAAGCTTTGTCTTTGTGTGATGATTTGTTGGGTTCTCAAGATAGAGAAGAGAATACTAAT,0.12392620598096024,0.17455911434919394,0.20046929562094118,0.1652133728263596,0.09769414689644713,0.13630971551967222,0.057467565218481204,0.04436058358794451,898.3104009749848
GAAGATCCAACTTGGTTTGATTCTGGTCAATCATTTATCTTGAATCAATCTCAATTGGTTGAAGCTTTGTCTTTGTGTGATGATTTGTTGGGTCAATCTGATAGAGAAGAGAATACTAAT,0.002125027899345306,0.020973161549270987,0.03607541418924988,0.21854576723280142,0.33354686841588543,0.3531104983476757,0.034959181643389875,0.0006640807223814493,958.0903106393687
GAAGATCCAACTTGGTTTGATTCTGGTCCAACATTTATCTTGAATCCAACTCAATTGGTTGAAGCTTTGTCTTTGTGTGATGATTTGTTGGGTCCAACTGATAGAGAAGAGAATACTAAT,0.06209385805348581,0.11453584375741672,0.11589941978126896,0.21844987098106067,0.24815007081337612,0.15493681745764967,0.07358573202632211,0.01234838712941984,853.2158822351319
GAAGATCCAACTTGGTTTGATTCTGGTGAACAATTTATCTTAAATTCTCAACAATTGGTTGAAGCTTTGTCTTTGTGTGATGATTTGTTGGGTGAACAAGATAGAGAAGAGAATACTAAT,0.10240450164626042,0.2502195680141201,0.13652859783385504,0.24378841562056744,0.12253364087828074,0.07375069364930201,0.027135675878072543,0.04363890647954169,780.624117313045
GAAGATCCAACTTGGTTTGATTCTGGTGAACAATTTATCTTAAATTCTCAACAATTGGTTGAAGCTTTGTCTTTGTGTGATGATTTGTTGGGTTCTCAAGATAGAGAAGAGAATACTAAT,0.5315732679553041,0.1863579899689475,0.16345445596100838,0.00944895787597112,0.007449823727636192,0.09138511803028784,0.009202790684222166,0.0011275957966228177,341.8959364598962
GAAGATCCAACTTGGTTTGATTCTGGTGAACAATTTATCTTGAATGAACAACAATTGGAAGAAGAATTGTCTTTGTGTGATGATTTGTTGGGTGAACAAGATAGAGAAGAGAATACTAAT,0.2121750554647682,0.0914889997106909,0.15086817396883745,0.20204510455854857,0.0,0.16669782992363255,0.1405581161459191,0.036166720227603234,1021.7999196676849
GAAGATCCAACTTGGTTTGATTCTGGTGAACAATTTATCTTGAATGAACAACAATTGGAAGAAGATTTGTCTTTGTGTGATGATTTGTTGGGTGAACAAGATAGAGAAGAGAATACTAAT,0.1249072625498914,0.1256721458542903,0.1748564154710268,0.2081515968820359,0.20001218753539496,0.10017933742992305,0.028961252384143304,0.03725980189329425,810.2176543119367
GAAGATCCAACTTGGTTTGATTCTGGTGAACAATTTATCTTGAATGAACAACAATTGGAAGAAGCTTTGTCTTTGTGTGATGATTTGTTGGGTGAACAAGATAGAGAAGAGAATACTAAT,0.05389382323452756,0.08133577194684234,0.10059389186762512,0.1496855232078582,0.21242928572726624,0.12349842350425688,0.14995117991812074,0.12861210059350303,1672.2973192660547
GAAGATCCAACTTGGTTTGATTCTGGTGAACAATTTATCTTGAATGAACAACAATTGGATGAAGAATTGTCTTTGTGTGATGATTTGTTGGGTGAACAAGATAGAGAAGAGAATACTAAT,0.23904138470867553,0.24050518081221298,0.14872516466702457,0.19917515175760753,0.11777646204451388,0.054776656009965466,0.0,0.0,403.43929116780635
GAAGATCCAACTTGGTTTGATTCTGGTGAACAATTTATCTTGAATGAACAACAATTGGATGAAGATTTGTCTTTGTGTGATGATTTGTTGGGTGAACAAGATAGAGAAGAGAATACTAAT,0.19282906459462373,0.20371036821860236,0.18595829483681664,0.17673690300861772,0.1140090032610169,0.08395537689217362,0.031296817854324345,0.011504171333824767,580.5880101017791
GAAGATCCAACTTGGTTTGATTCTGGTGAACAATTTATCTTGAATGAACAACAATTGGATGAAGCTTTGTCTTTGTGTGATGATTTGTTGGGTGAACAAGATAGAGAAGAGAATACTAAT,0.14588584794673637,0.13699391618899381,0.1331238742803204,0.1296593823511216,0.08625411397011677,0.04457325200230895,0.20746239161099134,0.11604722164941077,1563.6421912523465
GAAGATCCAACTTGGTTTGATTCTGGTGAACAATTTATCTTGAATGAACAACAATTGGTTGAAGAATTGTCTTTGTGTGATGATTTGTTGGGTGAACAAGATAGAGAAGAGAATACTAAT,0.032478314904715956,0.0653543988473324,0.04041428004776825,0.12628807115006016,0.03200434123410783,0.20838859176472554,0.1656707418514758,0.32940126019981397,2927.104873498193
GAAGATCCAACTTGGTTTGATTCTGGTGAACAATTTATCTTGAATGAACAACAATTGGTTGAAGATTTGTCTTTGTGTGATGATTTGTTGGGTGAACAAGATAGAGAAGAGAATACTAAT,0.005800030921196565,0.0019083281408055846,0.007802504872136894,0.024387666631983686,0.12801472707422606,0.21909806189378642,0.4144471932215045,0.1985414872443603,2750.225494255053
GAAGATCCAACTTGGTTTGATTCTGGTGAACAATTTATCTTGAATGAACAACAATTGGTTGAAGCTTTGTCTTTGTGTGATGATTTGTTGGGTGAACAAGATAGAGAAGAGAATACTAAT,0.1850098466230586,0.22337132962150355,0.14964064033865915,0.21581664635933995,0.03646197951073229,0.12718576834649611,0.05147611197831062,0.011037677221899718,639.0894153432669
GAAGATCCAACTTGGTTTGATTCTGGTGAACAATTTATCTTGAATGAACAACAATTGGTTGAAGCTTTGTCTTTGTGTGATGATTTGTTGGGTGCTCAAGATAGAGAAGAGAATACTAAT,0.13330515205012192,0.13412146075076908,0.11279691075559911,0.14217360153002692,0.07356146427904907,0.019550115554037045,0.12363361661498638,0.26085767846541036,2219.7356155632633
GAAGATCCAACTTGGTTTGATTCTGGTGAACAATTTATCTTGAATGAACAACAATTGGTTGAAGCTTTGTCTTTGTGTGATGATTTGTTGGGTTCTCAAGATAGAGAAGAGAATACTAAT,0.000882199834755039,0.002409205651354985,0.0029796406547621564,0.003920376352282045,0.0021112188623926592,0.0010396660273554526,0.3383819113966574,0.6482757812204403,5004.811051607127
GAAGATCCAACTTGGTTTGATTCTGGTGAACAATTTATCTTGAATGAACAAGAATTGGAAGAAGCTTTGTCTTTGTGTGATGATTTGTTGGGTGAACAAGATAGAGAAGAGAATACTAAT,0.0012596544446294576,0.0005148682811195668,0.01454786467571997,0.03861561412893992,0.17300223257964376,0.41237477277459106,0.31835199012334053,0.04133300299201553,1808.4237991297698
GAAGATCCAACTTGGTTTGATTCTGGTGAACAATTTATCTTGAATGAACAAGAATTGGATGAAGCTTTGTCTTTGTGTGATGATTTGTTGGGTGAACAAGATAGAGAAGAGAATACTAAT,0.12619247145794046,0.06348261243993394,0.06281086806853609,0.10514666606342934,0.09948070100469177,0.12145213581237299,0.26333319186073645,0.15810135329235897,2035.513390430718
GAAGATCCAACTTGGTTTGATTCTGGTGAACAATTTATCTTGAATGAACAAGAATTGGTTGAAGAATTGTCTTTGTGTGATGATTTGTTGGGTGAACAAGATAGAGAAGAGAATACTAAT,0.0008096710624943498,0.0005649747565060593,0.0006972132238207227,0.0008899404748803452,0.0009944368806587087,0.009870297759587364,0.33783533705985225,0.6483381287822003,5012.302177309921
GAAGATCCAACTTGGTTTGATTCTGGTGAACAATTTATCTTGAATGAACAAGAATTGGTTGAAGATTTGTCTTTGTGTGATGATTTGTTGGGTGAACAAGATAGAGAAGAGAATACTAAT,0.0010966580427891677,0.000135584037732113,9.829909164594893e-05,0.00011873748847773123,0.006621294762487045,0.03306094590142313,0.3842070592911077,0.5746614213843371,4699.502741065472
GAAGATCCAACTTGGTTTGATTCTGGTGAACAATTTATCTTGAATGAACAAGAATTGGTTGAAGCTTTGTCTTTGTGTGATGATTTGTTGGGTGAACAAGATAGAGAAGAGAATACTAAT,0.054087698766867094,0.08551543112350894,0.06730384293386152,0.1287634251908746,0.33501831083804245,0.20539074658363426,0.0501635361431149,0.07375700842009628,1251.6586433344387
GAAGATCCAACTTGGTTTGATTCTGGTGAACAATTTATCTTGAATGAACAAGATTTGGATGAAGCTTTGTCTTTGTGTGATGATTTGTTGGGTGAACAAGATAGAGAAGAGAATACTAAT,0.000359418085687244,9.040475542628167e-05,0.00011181016635108642,0.000598951950085382,0.0005312593538392335,0.00024708341864038656,0.19942163525717238,0.798639437012798,5595.0012626430525
GAAGATCCAACTTGGTTTGATTCTGGTGAACAATTTATCTTGAATGAACAAGATTTGGTTGAAGAATTGTCTTTGTGTGATGATTTGTTGGGTGAACAAGATAGAGAAGAGAATACTAAT,0.06751919935251104,0.05434612845256722,0.08401728474026379,0.09001384789652597,0.18629479412214475,0.09902154036487194,0.22543400343249964,0.19335320163861577,2187.125626341963
GAAGATCCAACTTGGTTTGATTCTGGTGAACAATTTATCTTGAATGAACAAGATTTGGTTGAAGATTTGTCTTTGTGTGATGATTTGTTGGGTGAACAAGATAGAGAAGAGAATACTAAT,0.118881628279662,0.20144776918327115,0.1712873075989882,0.18768333220789413,0.19113412892298867,0.05161620431281142,0.04062083280384017,0.0373287966905442,773.7599332132011
GAAGATCCAACTTGGTTTGATTCTGGTGAACAATTTATCTTGAATGAACAAGATTTGGTTGAAGCTTTGTCTTTGTGTGATGATTTGTTGGGTGAACAAGATAGAGAAGAGAATACTAAT,0.09068383849167745,0.15510655654711514,0.20875792978848787,0.1863813360673994,0.09829648403936876,0.14961833289237775,0.08410455821722412,0.02705096395634949,879.4406248513066
GAAGATCCAACTTGGTTTGATTCTGGTGAACAATTTATCTTGAATGAAGAACAATTGGAAGAAGCTTTGTCTTTGTGTGATGATTTGTTGGGTGAACAAGATAGAGAAGAGAATACTAAT,0.08646917587403581,0.10874834918027305,0.05379881159976042,0.12008040119674783,0.06390546320730356,0.2575888689950754,0.18044027363444154,0.12896865631236248,1802.700893047195
GAAGATCCAACTTGGTTTGATTCTGGTGAACAATTTATCTTGAATGAAGAACAATTGGATGAAGCTTTGTCTTTGTGTGATGATTTGTTGGGTGAACAAGATAGAGAAGAGAATACTAAT,0.10611222017406188,0.21352401995537715,0.08802691878537669,0.11788707679084098,0.09294548175428455,0.10807003779351768,0.17495747957598068,0.09847676517056042,1451.2137537246508
GAAGATCCAACTTGGTTTGATTCTGGTGAACAATTTATCTTGAATGAAGAACAATTGGTTGAAGAATTGTCTTTGTGTGATGATTTGTTGGGTGAACAAGATAGAGAAGAGAATACTAAT,0.22815651801682518,0.2391183952571472,0.16561170657599136,0.0950528067678969,0.10304566532444594,0.08713729018840717,0.07053444682592219,0.011343171043363963,644.4624164561601
GAAGATCCAACTTGGTTTGATTCTGGTGAACAATTTATCTTGAATGAAGAACAATTGGTTGAAGATTTGTCTTTGTGTGATGATTTGTTGGGTGAACAAGATAGAGAAGAGAATACTAAT,0.16586144020584395,0.0,0.0,0.27639964990995436,0.0,0.22804423760878348,0.23074182873939464,0.09895284353602367,1695.895187725955
GAAGATCCAACTTGGTTTGATTCTGGTGAACAATTTATCTTGAATGAAGAACAATTGGTTGAAGCTTTGTCTTTGTGTGATGATTTGTTGGGTGAACAAGATAGAGAAGAGAATACTAAT,0.05381489082610154,0.1323530565008334,0.10416680603156941,0.20593133996769836,0.1178434242818927,0.1315387187464186,0.1830052433851662,0.0713465202603197,1371.9334282142229
GAAGATCCAACTTGGTTTGATTCTGGTGAACAATTTATCTTGAATGAAGAAGAATTGGTTGAAGCTTTGTCTTTGTGTGATGATTTGTTGGGTGAACAAGATAGAGAAGAGAATACTAAT,0.24178210380623963,0.3040783537542321,0.2632531420465401,0.03357646436869168,0.029781705798227007,0.055404695491121314,0.0,0.07212353473494827,767.8928979623266
GAAGATCCAACTTGGTTTGATTCTGGTGAACAATTTATCTTGAATGAAGAAGATTTGGTTGAAGCTTTGTCTTTGTGTGATGATTTGTTGGGTGAACAAGATAGAGAAGAGAATACTAAT,0.001097561722066479,0.0009851934440806545,0.0008703290816257423,0.0006694491663953719,0.0004559451917642784,0.004290426328837246,0.3044713218428487,0.6871597732223815,5164.675457303742
GAAGATCCAACTTGGTTTGATTCTGGTGAACAATTTATCTTGAATGAAGATCAATTGGAAGAAGCTTTGTCTTTGTGTGATGATTTGTTGGGTGAACAAGATAGAGAAGAGAATACTAAT,0.03627500333989027,0.05474570594453622,0.045138676314120656,0.08060059618586643,0.05361843380256504,0.0997495918356301,0.21868070073272966,0.4111912918446616,3430.5716390645653
GAAGATCCAACTTGGTTTGATTCTGGTGAACAATTTATCTTGAATGAAGATCAATTGGATGAAGCTTTGTCTTTGTGTGATGATTTGTTGGGTGAACAAGATAGAGAAGAGAATACTAAT,0.06390690325145837,0.16533834216118834,0.18176534044364445,0.1622820605519359,0.1259485502788696,0.14225943063772978,0.09313910441616151,0.06536026825901207,1135.7518802758425
GAAGATCCAACTTGGTTTGATTCTGGTGAACAATTTATCTTGAATGAAGATCAATTGGTTGAAGAATTGTCTTTGTGTGATGATTTGTTGGGTGAACAAGATAGAGAAGAGAATACTAAT,0.12555016588239626,0.12631898607577452,0.07811395971282606,0.19178771568937358,0.07732371512129321,0.21577492502759066,0.07277579315171488,0.11235473933903092,1423.951245760923
GAAGATCCAACTTGGTTTGATTCTGGTGAACAATTTATCTTGAATGAAGATCAATTGGTTGAAGATTTGTCTTTGTGTGATGATTTGTTGGGTGAACAAGATAGAGAAGAGAATACTAAT,0.04369688230388614,0.06106175687385012,0.06041562890414058,0.12945534356561006,0.1602758738611798,0.20471430232776616,0.2071359179408562,0.13324429422271092,1890.9105494727512
GAAGATCCAACTTGGTTTGATTCTGGTGAACAATTTATCTTGAATGAAGATCAATTGGTTGAAGCTTTGTCTTTGTGTGATGATTTGTTGGGTGAACAAGATAGAGAAGAGAATACTAAT,0.0003931624145520897,0.0004107842179588574,0.0004045558296245997,0.0011675735489960375,0.000163910484745246,0.0007623312912832786,0.34023507345579845,0.6564626087570415,5057.041732259367
GAAGATCCAACTTGGTTTGATTCTGGTGAACAATTTATCTTGAATGAAGATGAATTGGTTGAAGCTTTGTCTTTGTGTGATGATTTGTTGGGTGAACAAGATAGAGAAGAGAATACTAAT,0.015105514542446883,0.03056145020019002,0.09868799393738334,0.16975788452923993,0.40995714810347283,0.2351336437479498,0.03905528233956829,0.001741082599748836,875.2556439528018
GAAGATCCAACTTGGTTTGATTCTGGTGAACAATTTATCTTGAATGAAGATGATTTGGTTGAAGCTTTGTCTTTGTGTGATGATTTGTTGGGTGAACAAGATAGAGAAGAGAATACTAAT,0.10705289466777142,0.0718056298631337,0.10360848031830529,0.10571745265891212,0.1289329722927,0.21805613629936108,0.1654766818002574,0.09934975209955894,1575.966083253298
GAAGATCCAACTTGGTTTGATTCTGGTGAACAATTTATCTTGAATGATCAACAATTGGTTGAAGCTTTGTCTTTGTGTGATGATTTGTTGGGTGAACAAGATAGAGAAGAGAATACTAAT,0.14539850853614306,0.2413766391793721,0.1537872162020982,0.15345616986723554,0.06447448314661237,0.10661844645724773,0.07416726774141617,0.06072126886987483,977.1637684215594
GAAGATCCAACTTGGTTTGATTCTGGTGAACAATTTATCTTGAATGCTCAACAATTGGTTGAAGCTTTGTCTTTGTGTGATGATTTGTTGGGTGAACAAGATAGAGAAGAGAATACTAAT,0.10994704708432303,0.15316659674390284,0.22100437464876374,0.15033531002201347,0.05000424469575387,0.046512949416025316,0.11765790621213293,0.1513715711770849,1567.6024828139302
GAAGATCCAACTTGGTTTGATTCTGGTGAACAATTTATCTTGAATGCTCAACAATTGGTTGAAGCTTTGTCTTTGTGTGATGATTTGTTGGGTGCTCAAGATAGAGAAGAGAATACTAAT,0.029640220259377934,0.05964345078977271,0.03688270668457916,0.0658585583466823,0.128513723552481,0.14670928410836973,0.16493860461839513,0.3678134516403421,3128.029917838165
GAAGATCCAACTTGGTTTGATTCTGGTGAACAATTTATCTTGGAAGAACAACAATTGGAAGAAGCTTTGTCTTTGTGTGATGATTTGTTGGGTGAACAAGATAGAGAAGAGAATACTAAT,0.10828713440065843,0.09684466002647901,0.08234522098968217,0.0401011109044441,0.04742526288748975,0.016542762023122017,0.156225537123775,0.45222831164434946,3424.5055115113873
GAAGATCCAACTTGGTTTGATTCTGGTGAACAATTTATCTTGGAAGAACAACAATTGGATGAAGCTTTGTCTTTGTGTGATGATTTGTTGGGTGAACAAGATAGAGAAGAGAATACTAAT,0.027857907658718154,0.07330530405112815,0.12799344774276217,0.24045140185974612,0.24917390211909296,0.18267137684901763,0.05763586018991816,0.040910799529616695,1031.9292781679192
GAAGATCCAACTTGGTTTGATTCTGGTGAACAATTTATCTTGGAAGAACAACAATTGGTTGAAGAATTGTCTTTGTGTGATGATTTGTTGGGTGAACAAGATAGAGAAGAGAATACTAAT,0.01302825489176062,0.025867533559452104,0.06394713956031577,0.11950951648971109,0.1846011298130908,0.20385390473694626,0.21781485982339235,0.17137766112533098,2162.2534415588975
GAAGATCCAACTTGGTTTGATTCTGGTGAACAATTTATCTTGGAAGAACAACAATTGGTTGAAGATTTGTCTTTGTGTGATGATTTGTTGGGTGAACAAGATAGAGAAGAGAATACTAAT,0.16832049628393006,0.22354361737029563,0.15080330429949249,0.16455855781497383,0.0729802057419103,0.12342678065535001,0.05619907182092549,0.04016796601312218,832.9548294968546
GAAGATCCAACTTGGTTTGATTCTGGTGAACAATTTATCTTGGAAGAACAAGATTTGGTTGAAGCTTTGTCTTTGTGTGATGATTTGTTGGGTGAACAAGATAGAGAAGAGAATACTAAT,0.22257703017086464,0.12441111388661467,0.09232098869575016,0.10990023540733594,0.1705890999631547,0.13601020517567503,0.11468258599929486,0.02950874070131003,948.3611303355394
GAAGATCCAACTTGGTTTGATTCTGGTGAACAATTTATCTTGGAAGAAGAACAATTGGTTGAAGCTTTGTCTTTGTGTGATGATTTGTTGGGTGAACAAGATAGAGAAGAGAATACTAAT,0.13842711832086294,0.17409348992877785,0.08612565557107422,0.20505044314604287,0.13640697627917353,0.12688304415494803,0.06419198737781745,0.06882128522130307,1071.8202996766447
GAAGATCCAACTTGGTTTGATTCTGGTGAACAATTTATCTTGGAAGAAGATCAATTGGTTGAAGCTTTGTCTTTGTGTGATGATTTGTTGGGTGAACAAGATAGAGAAGAGAATACTAAT,0.04102994680312082,0.08256239635347054,0.025527736973287106,0.159540076397354,0.2560641053472089,0.2757939858677735,0.1268438274834526,0.032637924774332513,1222.2124291077262
GAAGATCCAACTTGGTTTGATTCTGGTGAACAATTTATCTTGGATGAACAACAATTGGAAGAAGCTTTGTCTTTGTGTGATGATTTGTTGGGTGAACAAGATAGAGAAGAGAATACTAAT,0.30616873890197904,0.3004509728493411,0.20658775889154557,0.11138488256622785,0.02124652481566538,0.02272755685111828,0.015997500303777754,0.015436064820344937,425.16723856977876
GAAGATCCAACTTGGTTTGATTCTGGTGAACAATTTATCTTGGATGAACAACAATTGGATGAAGCTTTGTCTTTGTGTGATGATTTGTTGGGTGAACAAGATAGAGAAGAGAATACTAAT,0.08396114032057572,0.09151489269034654,0.05223837886911131,0.1476901326911741,0.17236635384691304,0.25011751246733027,0.16871747584772778,0.033394113266821165,1247.0912465750646
GAAGATCCAACTTGGTTTGATTCTGGTGAACAATTTATCTTGGATGAACAACAATTGGTTGAAGAATTGTCTTTGTGTGATGATTTGTTGGGTGAACAAGATAGAGAAGAGAATACTAAT,0.06459516679072251,0.2816264636043463,0.08037877482472147,0.11960506489079636,0.212174981584837,0.07894437158963544,0.05990866791992067,0.10276650879502021,1241.4488592513871
GAAGATCCAACTTGGTTTGATTCTGGTGAACAATTTATCTTGGATGAACAACAATTGGTTGAAGATTTGTCTTTGTGTGATGATTTGTTGGGTGAACAAGATAGAGAAGAGAATACTAAT,0.08344245601691971,0.11018887036042521,0.23794680868593482,0.2529984929549655,0.1284761484129987,0.10516523293611847,0.054816890603125216,0.026965100029512298,795.9014168504467
GAAGATCCAACTTGGTTTGATTCTGGTGAACAATTTATCTTGGATGAACAAGAATTGGTTGAAGCTTTGTCTTTGTGTGATGATTTGTTGGGTGAACAAGATAGAGAAGAGAATACTAAT,0.042621274781512106,0.08576454165262835,0.04640618278867199,0.05918848796172678,0.03149945954574727,0.048833613272831186,0.24705639021355036,0.438630049783332,3590.291407696144
GAAGATCCAACTTGGTTTGATTCTGGTGAACAATTTATCTTGGATGAACAAGATTTGGTTGAAGCTTTGTCTTTGTGTGATGATTTGTTGGGTGAACAAGATAGAGAAGAGAATACTAAT,0.0010123841255144774,0.0009644035934425744,0.0010855350488484634,0.0006580834364409564,0.0007004494724481722,0.0006219284643211589,0.28340817290848613,0.711549042950498,5260.356647566006
GAAGATCCAACTTGGTTTGATTCTGGTGAACAATTTATCTTGGATGAAGAACAATTGGTTGAAGCTTTGTCTTTGTGTGATGATTTGTTGGGTGAACAAGATAGAGAAGAGAATACTAAT,0.05426324723066532,0.10919106833801179,0.1755579437670795,0.12056925362052695,0.1283312501355519,0.17905674755318576,0.09058742683388651,0.14244306252109218,1634.2769587451542
GAAGATCCAACTTGGTTTGATTCTGGTGAACAATTTATCTTGGATGAAGATCAATTGGTTGAAGCTTTGTCTTTGTGTGATGATTTGTTGGGTGAACAAGATAGAGAAGAGAATACTAAT,0.0011346595178128235,0.00036633680877124804,0.00015804959210528766,0.0002257734145674823,0.00016688071878456431,9.313746637187595e-05,0.2933352547235157,0.7045199077580709,5239.62841789082
GAAGATCCAACTTGGTTTGATTCTGGTGAACAATTTGAATTGAATGAACAACAATTGGAAGAAGCTTTGTCTTTGTGTGATGATTTGTTGGGTGAACAAGATAGAGAAGAGAATACTAAT,0.001537647539860519,0.004420181408579176,0.0032800567819569037,0.005368861936719533,0.007143122556693601,0.006644389894767711,0.195781559925381,0.7758241799560417,5458.937064872518
GAAGATCCAACTTGGTTTGATTCTGGTGAACAATTTGAATTGAATGAACAACAATTGGATGAAGCTTTGTCTTTGTGTGATGATTTGTTGGGTGAACAAGATAGAGAAGAGAATACTAAT,0.1405690437456035,0.11216848878285078,0.20507464470290965,0.22617353211642846,0.11463529110958592,0.07997359317864487,0.08091962039645126,0.04048578596752548,889.3813000971631
GAAGATCCAACTTGGTTTGATTCTGGTGAACAATTTGAATTGAATGAACAACAATTGGTTGAAGAATTGTCTTTGTGTGATGATTTGTTGGGTGAACAAGATAGAGAAGAGAATACTAAT,0.22078219523558137,0.10097008145104233,0.1498524923865916,0.111491604064817,0.07911280031799656,0.22076743894885115,0.09307456293589862,0.023948824659221418,915.6259948130785
GAAGATCCAACTTGGTTTGATTCTGGTGAACAATTTGAATTGAATGAACAACAATTGGTTGAAGATTTGTCTTTGTGTGATGATTTGTTGGGTGAACAAGATAGAGAAGAGAATACTAAT,0.0629229399447062,0.08863155764393334,0.17225547915255363,0.18175365425959383,0.19841494829782466,0.20763182352670612,0.05835776422569636,0.030031832948985798,954.351501099665
GAAGATCCAACTTGGTTTGATTCTGGTGAACAATTTGAATTGAATGAACAACAATTGGTTGAAGCTTTGTCTTTGTGTGATGATTTGTTGGGTGAACAAGATAGAGAAGAGAATACTAAT,0.06727613327404808,0.10830096967278315,0.05022889577821472,0.10463810244515169,0.17236527401683038,0.17266386773433479,0.21214342610262418,0.11238333097601304,1736.2211769532678
GAAGATCCAACTTGGTTTGATTCTGGTGAACAATTTGAATTGAATGAACAAGAATTGGTTGAAGCTTTGTCTTTGTGTGATGATTTGTTGGGTGAACAAGATAGAGAAGAGAATACTAAT,0.02495110366450644,0.0002998758726388161,0.00021193051529408457,0.00018921385469756737,0.00033565841189674953,0.0052297310434185834,0.3571431603368625,0.6116393263006853,4825.1755639666735
GAAGATCCAACTTGGTTTGATTCTGGTGAACAATTTGAATTGAATGAACAAGATTTGGTTGAAGCTTTGTCTTTGTGTGATGATTTGTTGGGTGAACAAGATAGAGAAGAGAATACTAAT,0.04809460730982124,0.11559623088632136,0.09309433790352957,0.27903104722038524,0.2422295426809021,0.12245493547093066,0.06442981214260762,0.03506948638550219,944.9417961698123
GAAGATCCAACTTGGTTTGATTCTGGTGAACAATTTGAATTGAATGAAGAACAATTGGTTGAAGCTTTGTCTTTGTGTGATGATTTGTTGGGTGAACAAGATAGAGAAGAGAATACTAAT,0.1047976033584379,0.12050210624227742,0.14903375913219352,0.13305895097900616,0.0590104200425061,0.0823354706932079,0.08330943713851544,0.26795225241385545,2234.8652945017993
GAAGATCCAACTTGGTTTGATTCTGGTGAACAATTTGAATTGAATGAAGATCAATTGGTTGAAGCTTTGTCTTTGTGTGATGATTTGTTGGGTGAACAAGATAGAGAAGAGAATACTAAT,0.00038543090556834294,0.001163373401814531,0.0015587312937204408,0.0012846019814051163,0.0004747576290584156,0.1576547920262748,0.5841907392555095,0.25328757350664893,3341.2494443997193
GAAGATCCAACTTGGTTTGATTCTGGTGAACAATTTGAATTGGAAGAACAACAATTGGTTGAAGCTTTGTCTTTGTGTGATGATTTGTTGGGTGAACAAGATAGAGAAGAGAATACTAAT,0.14753974995192048,0.2055367741459266,0.1835905831391767,0.2773889579298947,0.07828510433302159,0.052013742890729575,0.042103220954092156,0.013541866655238176,591.9135499705075
GAAGATCCAACTTGGTTTGATTCTGGTGAACAATTTGAATTGGATGAACAACAATTGGTTGAAGCTTTGTCTTTGTGTGATGATTTGTTGGGTGAACAAGATAGAGAAGAGAATACTAAT,0.0005019398464802271,0.038597462658557624,0.08039328642005905,0.2974601170843105,0.2904801861299084,0.28755048358938434,0.0045887285071140645,0.00042779576418564664,811.7492622405227
GAAGATCCAACTTGGTTTGATTCTGGTGAACAATTTGATTTGAATGAACAACAATTGGAAGAAGCTTTGTCTTTGTGTGATGATTTGTTGGGTGAACAAGATAGAGAAGAGAATACTAAT,0.10384511515446021,0.16978166089976604,0.2293642819992295,0.2970736300640238,0.09465492351897808,0.057110995986542325,0.026485513974115183,0.021683878402884885,632.6522675128806
GAAGATCCAACTTGGTTTGATTCTGGTGAACAATTTGATTTGAATGAACAACAATTGGTTGAAGAATTGTCTTTGTGTGATGATTTGTTGGGTGAACAAGATAGAGAAGAGAATACTAAT,0.1278860720327358,0.03509159901908119,0.057867125910184974,0.10332879093453695,0.14893244505289582,0.25575504917658615,0.2156503652359273,0.05548855263805185,1472.1778404314841
GAAGATCCAACTTGGTTTGATTCTGGTGAACAATTTGATTTGAATGAACAACAATTGGTTGAAGATTTGTCTTTGTGTGATGATTTGTTGGGTGAACAAGATAGAGAAGAGAATACTAAT,0.11365533594193479,0.22870263368245772,0.07071331423992029,0.09470041688339982,0.08399752647037738,0.18230991565427188,0.15811414653511655,0.06780671059252157,1294.674544147482
GAAGATCCAACTTGGTTTGATTCTGGTGAACAATTTGATTTGAATGAACAACAATTGGTTGAAGCTTTGTCTTTGTGTGATGATTTGTTGGGTGAACAAGATAGAGAAGAGAATACTAAT,0.0063268158399085546,0.0001900166802906026,0.0006617316781237331,0.0005687151685670695,0.0011313166358526093,0.0002414432512675879,0.2808981497881517,0.7099818109578382,5244.112078491749
GAAGATCCAACTTGGTTTGATTCTGGTGAACAATTTGATTTGAATGAACAAGAATTGGTTGAAGCTTTGTCTTTGTGTGATGATTTGTTGGGTGAACAAGATAGAGAAGAGAATACTAAT,0.011143173813479361,0.005670138521760011,0.012830006923551358,0.006474434569648919,0.003597078503670758,0.002817625735233124,0.40828067435755533,0.5491868675751012,4566.423609926669
GAAGATCCAACTTGGTTTGATTCTGGTGAACAATTTGATTTGAATGAACAAGATTTGGTTGAAGCTTTGTCTTTGTGTGATGATTTGTTGGGTGAACAAGATAGAGAAGAGAATACTAAT,0.21925427340615067,0.15756921497583812,0.17538962469028677,0.20878633682087205,0.06172987909637003,0.10048482548509732,0.05809913433867945,0.018686711186705483,682.6008616837375
GAAGATCCAACTTGGTTTGATTCTGGTGAACAATTTGATTTGAATGAAGAACAATTGGTTGAAGCTTTGTCTTTGTGTGATGATTTGTTGGGTGAACAAGATAGAGAAGAGAATACTAAT,0.07897391842797066,0.14401676201104327,0.19961281688718893,0.27143740864656246,0.14834706126619504,0.1108440026343376,0.03204434385291544,0.014723686273786679,685.8042274980728
GAAGATCCAACTTGGTTTGATTCTGGTGAACAATTTGATTTGAATGAAGATCAATTGGTTGAAGCTTTGTCTTTGTGTGATGATTTGTTGGGTGAACAAGATAGAGAAGAGAATACTAAT,0.140965367889492,0.12893507705538304,0.20730245936620312,0.1281336066989905,0.1515362005033232,0.11746328856001867,0.09508223245203537,0.030581767474554163,900.317662597678
GAAGATCCAACTTGGTTTGATTCTGGTGAACAATTTGATTTGGAAGAACAACAATTGGTTGAAGCTTTGTCTTTGTGTGATGATTTGTTGGGTGAACAAGATAGAGAAGAGAATACTAAT,0.18803451601429294,0.15227163114671102,0.14837762867820292,0.12228290826269725,0.09942413118720438,0.12611228250667236,0.09782980661062503,0.06566709559359414,1091.907920266815
GAAGATCCAACTTGGTTTGATTCTGGTGAACAATTTGATTTGGATGAACAACAATTGGTTGAAGCTTTGTCTTTGTGTGATGATTTGTTGGGTGAACAAGATAGAGAAGAGAATACTAAT,0.012160033202839472,0.006117248249075423,0.025218826196878635,0.018012512484246627,0.027959342228648324,0.10960186229224045,0.4793065125086391,0.3216236628374322,3478.3901224996994
GAAGATCCAACTTGGTTTGATTCTGGTGATCAATTTATCTTGAATGAACAACAATTGGTTGAAGCTTTGTCTTTGTGTGATGATTTGTTGGGTGATCAAGATAGAGAAGAGAATACTAAT,0.16353964338352403,0.22624400741758335,0.10174999789866242,0.20439787024114559,0.16115302063872214,0.05621299508783302,0.03791863491485307,0.04878383041767649,820.0332193028136
GAAGATCCAACTTGGTTTGATTCTGGTGATCAATTTATCTTGAATGATAAAGCTACATTTGAAGCTTATAAGAAAGCTGCTTTGTTGTTGGGTGATCAAGATAGAGAAGAGAATACTAAT,0.23754347449245805,0.27086451104253506,0.11823456395225877,0.07037406442027799,0.17165637403881348,0.07257787714900311,0.05874913490465351,0.0,556.481878534393
GAAGATCCAACTTGGTTTGATTCTGGTGATCAATTTATCTTGAATGATCAACAATTGGAAGAAGAATTGTCTTTGTGTGATGATTTGTTGGGTGATCAAGATAGAGAAGAGAATACTAAT,0.00013390888412075032,7.698793705192228e-05,0.00015472698602354073,0.0002550312470448551,0.0058342818840424904,0.013098282842533749,0.4043830593705961,0.5760637208485865,4732.803615425142
GAAGATCCAACTTGGTTTGATTCTGGTGATCAATTTATCTTGAATGATCAACAATTGGAAGAAGATTTGTCTTTGTGTGATGATTTGTTGGGTGATCAAGATAGAGAAGAGAATACTAAT,0.06448448133497925,0.09083110276796909,0.11233746125911022,0.1862641849850993,0.16521290321280216,0.16549910665622422,0.10765082321782626,0.10771993656598941,1475.843571558309
GAAGATCCAACTTGGTTTGATTCTGGTGATCAATTTATCTTGAATGATCAACAATTGGAAGAAGCTTTGTCTTTGTGTGATGATTTGTTGGGTGATCAAGATAGAGAAGAGAATACTAAT,0.19661531871741963,0.23445252048422527,0.17216645873264524,0.08090109221642296,0.05740622361397541,0.093446714071857,0.1215670090320443,0.04344466313141021,943.6213677244339
GAAGATCCAACTTGGTTTGATTCTGGTGATCAATTTATCTTGAATGATCAACAATTGGATGAAGAATTGTCTTTGTGTGATGATTTGTTGGGTGATCAAGATAGAGAAGAGAATACTAAT,0.11068322091551674,0.19779043593139284,0.20556460793122416,0.2128951524060687,0.11069584063046684,0.11508083113813762,0.02757840405889706,0.019711506988296112,673.5658266536934
GAAGATCCAACTTGGTTTGATTCTGGTGATCAATTTATCTTGAATGATCAACAATTGGATGAAGATTTGTCTTTGTGTGATGATTTGTTGGGTGATCAAGATAGAGAAGAGAATACTAAT,0.0549003590241418,0.055236547386338104,0.04554338263000044,0.14231568493101296,0.12623139269662617,0.3187057817642552,0.16972412131687617,0.0873427302507493,1632.7527553366785
GAAGATCCAACTTGGTTTGATTCTGGTGATCAATTTATCTTGAATGATCAACAATTGGATGAAGCTTTGTCTTTGTGTGATGATTTGTTGGGTGATCAAGATAGAGAAGAGAATACTAAT,0.4308615269452816,0.272685455376767,0.08647436566700835,0.09264629798692323,0.05478370721514873,0.04458887122026293,0.009667783692201625,0.00829199189640659,382.0058777808059
GAAGATCCAACTTGGTTTGATTCTGGTGATCAATTTATCTTGAATGATCAACAATTGGTTATTGCTGATTATGCTCATTTGGATTTGTTGGGTGATCAAGATAGAGAAGAGAATACTAAT,0.0009534957909632929,0.0010792514552444006,0.0007909861504701697,0.0003531004922419219,0.0003523428410864508,0.0027676014043392077,0.33994654211337694,0.6537566797522776,5041.948433637235
GAAGATCCAACTTGGTTTGATTCTGGTGATCAATTTATCTTGAATGATCAACAATTGGTTGAAGAATTGTCTTTGTGTGATGATTTGTTGGGTGATCAAGATAGAGAAGAGAATACTAAT,0.08734892137286429,0.13284762288286944,0.13902507517633456,0.17151554222035548,0.09808454342839905,0.07447859815048395,0.13187934152133418,0.16482035524735897,1740.3938010279335
GAAGATCCAACTTGGTTTGATTCTGGTGATCAATTTATCTTGAATGATCAACAATTGGTTGAAGATTTGTCTTTGTGTGATGATTTGTTGGGTGATCAAGATAGAGAAGAGAATACTAAT,0.3410654620575493,0.29168091170816657,0.18862384043225516,0.09683310699617395,0.03174165471279308,0.027788661712410567,0.011715575248646118,0.010550787132005237,388.10219887296967
GAAGATCCAACTTGGTTTGATTCTGGTGATCAATTTATCTTGAATGATCAACAATTGGTTGAAGCTTTGTCTTTGTGTGATGATTTGTTGGGTGCTCAAGATAGAGAAGAGAATACTAAT,0.17527711272988777,0.13565418563793072,0.08388672139468467,0.08987396585717952,0.09300264546823196,0.09886766031942172,0.16256043388691271,0.16087727470575086,1779.9951522437866
GAAGATCCAACTTGGTTTGATTCTGGTGATCAATTTATCTTGAATGATCAACCAGAAGACTTTAAGAGAGATTTGGAAGAATGTCAGAAAGGTGATCAAGATAGAGAAGAGAATACTAAT,0.28968812568443403,0.2881119240029162,0.20716806219057196,0.11837560645885177,0.019686934461737336,0.021364458645554606,0.027793522361114962,0.027811366194819206,529.5808864386436
GAAGATCCAACTTGGTTTGATTCTGGTGATCAATTTATCTTGAATGATCAAGAATTGGAAGAAGCTTTGTCTTTGTGTGATGATTTGTTGGGTGATCAAGATAGAGAAGAGAATACTAAT,0.04349526500391151,0.0556965983936424,0.03444202631940545,0.10103641533659681,0.14027077637419977,0.1413501632954357,0.23837038165195495,0.24533837362485345,2558.875117405578
GAAGATCCAACTTGGTTTGATTCTGGTGATCAATTTATCTTGAATGATCAAGAATTGGATGAAGCTTTGTCTTTGTGTGATGATTTGTTGGGTGATCAAGATAGAGAAGAGAATACTAAT,0.11915076801224783,0.04795216031671471,0.08895891034644364,0.07942347666634364,0.11741193620905162,0.19658562726670492,0.2652147823892415,0.08530233879325207,1685.5257544309934
GAAGATCCAACTTGGTTTGATTCTGGTGATCAATTTATCTTGAATGATCAAGAATTGGTTGAAGAATTGTCTTTGTGTGATGATTTGTTGGGTGATCAAGATAGAGAAGAGAATACTAAT,0.10931461124048013,0.18330668539431275,0.04534175418220553,0.040481608208518906,0.10771932380968958,0.23379618023639495,0.23656181250489555,0.04347802442350255,1386.0105594702436
GAAGATCCAACTTGGTTTGATTCTGGTGATCAATTTATCTTGAATGATCAAGAATTGGTTGAAGATTTGTCTTTGTGTGATGATTTGTTGGGTGATCAAGATAGAGAAGAGAATACTAAT,0.11746430505150701,0.13788087902210178,0.07308315308068476,0.13049885797389688,0.07716672314486149,0.03588947210457671,0.3812971833172813,0.04671942630509001,1531.2013382277623
GAAGATCCAACTTGGTTTGATTCTGGTGATCAATTTATCTTGAATGATCAAGAATTGGTTGAAGCTTTGTCTTTGTGTGATGATTTGTTGGGTGATCAAGATAGAGAAGAGAATACTAAT,0.15025939622917164,0.11758407585648459,0.14542481775168103,0.1669330917094852,0.049355526445443235,0.10712222420637806,0.12387359911865542,0.13944726868270094,1570.5308540695821
GAAGATCCAACTTGGTTTGATTCTGGTGATCAATTTATCTTGAATGATCAAGATCCAGAAATTATTTGGCATTTGTTGGCTAAATCTTTGGGTGATCAAGATAGAGAAGAGAATACTAAT,0.22511548377360255,0.11324700154866973,0.09337389404803717,0.20841305458577938,0.07394341712727938,0.20634206804335098,0.034797156482616866,0.04476792439066398,904.8912617491059
GAAGATCCAACTTGGTTTGATTCTGGTGATCAATTTATCTTGAATGATCAAGATTCTAATAGAATTGCTACTAAGATTATGTCTGCTTTGGGTGATCAAGATAGAGAAGAGAATACTAAT,0.04582550366614954,0.05927929863108898,0.06516892425615278,0.24000701980101624,0.3096462667089599,0.2280211937761429,0.03642923878667601,0.015622554373813676,903.2775981697129
GAAGATCCAACTTGGTTTGATTCTGGTGATCAATTTATCTTGAATGATCAAGATTTGGAAGAAGCTTTGTCTTTGTGTGATGATTTGTTGGGTGATCAAGATAGAGAAGAGAATACTAAT,0.00026184663447876265,0.00036224386141257,0.0003258279638717873,0.0013090622752981451,0.00019351902335712436,0.00021000878423590503,0.34958138979303804,0.6477561016643077,5025.20133090618
GAAGATCCAACTTGGTTTGATTCTGGTGATCAATTTATCTTGAATGATCAAGATTTGGATGAAGCTTTGTCTTTGTGTGATGATTTGTTGGGTGATCAAGATAGAGAAGAGAATACTAAT,0.19549406617965526,0.13112746367204345,0.12163118624596982,0.10859363772650661,0.08026713133584376,0.16425834032852213,0.12087373997104346,0.07775443454041545,1246.2553367249072
GAAGATCCAACTTGGTTTGATTCTGGTGATCAATTTATCTTGAATGATCAAGATTTGGTTGAAGAATTGTCTTTGTGTGATGATTTGTTGGGTGATCAAGATAGAGAAGAGAATACTAAT,0.16331355079927748,0.16431361921674498,0.13547910550903317,0.12095720971928442,0.21457363672829963,0.04989802751686941,0.15146485051049088,0.0,793.2189665463302
GAAGATCCAACTTGGTTTGATTCTGGTGATCAATTTATCTTGAATGATCAAGATTTGGTTGAAGATTTGTCTTTGTGTGATGATTTGTTGGGTGATCAAGATAGAGAAGAGAATACTAAT,0.08841713559867082,0.1556774933238073,0.05501078010958205,0.22101398578702786,0.1524719286438372,0.06078271795460055,0.08200230881317487,0.18462364976929932,1762.1911610114323
GAAGATCCAACTTGGTTTGATTCTGGTGATCAATTTATCTTGAATGATCAAGATTTGGTTGAAGCTTTGTCTTTGTGTGATGATTTGTTGGGTGATCAAGATAGAGAAGAGAATACTAAT,0.06139291321630159,0.05615350858661754,0.18056778183095704,0.22321781623213105,0.1924903690335615,0.18928216396656855,0.05693874376743881,0.03995670336642395,998.9972730567761
GAAGATCCAACTTGGTTTGATTCTGGTGATCAATTTATCTTGAATGATCATGATGAAGTTGAAAGAAGAATGGCTGAAAGATTTGCTAAGATGGATCAAGATAGAGAAGAGAATACTAAT,0.09310414259697466,0.008265377295235639,0.008859409867473756,0.2695408585093577,0.2379984216975865,0.37649894057559585,0.005079368516553215,0.0006534809412227946,864.2240302849818
GAAGATCCAACTTGGTTTGATTCTGGTGATCAATTTATCTTGAATGATGAACAATTGGAAGAAGCTTTGTCTTTGTGTGATGATTTGTTGGGTGATCAAGATAGAGAAGAGAATACTAAT,0.07134944063505412,0.19497528993910074,0.10960917577464173,0.18397728285592235,0.05381615273204122,0.07185847097286015,0.12417631874463704,0.19023786834574258,1852.7512630361318
GAAGATCCAACTTGGTTTGATTCTGGTGATCAATTTATCTTGAATGATGAACAATTGGATGAAGCTTTGTCTTTGTGTGATGATTTGTTGGGTGATCAAGATAGAGAAGAGAATACTAAT,0.002018522220853778,0.0007399340662839686,0.0005062424165204439,0.001008260179536608,0.0004317350020622811,0.00025816581873355744,0.2657475339975354,0.7292896062984741,5326.7234244239025
GAAGATCCAACTTGGTTTGATTCTGGTGATCAATTTATCTTGAATGATGAACAATTGGTTGAAGAATTGTCTTTGTGTGATGATTTGTTGGGTGATCAAGATAGAGAAGAGAATACTAAT,0.36671734839407283,0.05270899746381319,0.13037813656679983,0.0,0.2581183165467151,0.19207720102859904,0.0,0.0,571.481044311329
GAAGATCCAACTTGGTTTGATTCTGGTGATCAATTTATCTTGAATGATGAACAATTGGTTGAAGATTTGTCTTTGTGTGATGATTTGTTGGGTGATCAAGATAGAGAAGAGAATACTAAT,0.2480755723943782,0.1782819216684299,0.14699618565524822,0.11811580502017778,0.09312581751326034,0.054139859346881834,0.07669241020136501,0.08457242820025872,1066.7035761320499
GAAGATCCAACTTGGTTTGATTCTGGTGATCAATTTATCTTGAATGATGAACAATTGGTTGAAGCTTTGTCTTTGTGTGATGATTTGTTGGGTGATCAAGATAGAGAAGAGAATACTAAT,0.11929392766899,0.18465298015748996,0.14844299080654338,0.15292096919142514,0.10851046768546266,0.1682237819766447,0.08510687114431421,0.03284801136912994,927.2483076331057
GAAGATCCAACTTGGTTTGATTCTGGTGATCAATTTATCTTGAATGATGAAGAATTGGTTGAAGCTTTGTCTTTGTGTGATGATTTGTTGGGTGATCAAGATAGAGAAGAGAATACTAAT,0.020121705951464747,0.01879885746325166,0.023249920540855583,0.13093369146853742,0.2662625062951399,0.3069552706630604,0.19594930901266974,0.03772873860502052,1451.3786893084298
GAAGATCCAACTTGGTTTGATTCTGGTGATCAATTTATCTTGAATGATGAAGATTTGGTTGAAGCTTTGTCTTTGTGTGATGATTTGTTGGGTGATCAAGATAGAGAAGAGAATACTAAT,0.22276674867101062,0.2780085019066439,0.14659564702850789,0.08328865881674076,0.052768219385795984,0.07264423631070334,0.07747672832649595,0.06645125955410143,950.4487550116413
GAAGATCCAACTTGGTTTGATTCTGGTGATCAATTTATCTTGAATGATGATCAATTGGAAGAAGCTTTGTCTTTGTGTGATGATTTGTTGGGTGATCAAGATAGAGAAGAGAATACTAAT,0.009302643497309904,0.0029188653576544088,0.0008313967569730835,8.161193835429058e-05,9.421967508565543e-05,0.0006231079785268091,0.27759779410152957,0.7085503606945662,5227.075726930254
GAAGATCCAACTTGGTTTGATTCTGGTGATCAATTTATCTTGAATGATGATCAATTGGATGAAGCTTTGTCTTTGTGTGATGATTTGTTGGGTGATCAAGATAGAGAAGAGAATACTAAT,0.23721782605008726,0.23867045539242862,0.18083172021771146,0.1258348714578068,0.06738911066272325,0.05093075358993032,0.06342550885682728,0.03569975377248498,724.9379942970231
GAAGATCCAACTTGGTTTGATTCTGGTGATCAATTTATCTTGAATGATGATCAATTGGTTGAAGAATTGTCTTTGTGTGATGATTTGTTGGGTGATCAAGATAGAGAAGAGAATACTAAT,0.38380973518582573,0.29565684413089904,0.17588763950866587,0.08043513422999386,0.028780337638524372,0.021198847729211823,0.009226262142796855,0.005005199434082405,330.1571664933402
GAAGATCCAACTTGGTTTGATTCTGGTGATCAATTTATCTTGAATGATGATCAATTGGTTGAAGATTTGTCTTTGTGTGATGATTTGTTGGGTGATCAAGATAGAGAAGAGAATACTAAT,7.208292805044963e-05,3.626216787811709e-05,8.969614493364609e-05,0.0002002042191854258,0.00021309294831782548,3.303580054828279e-05,0.35789848973827443,0.6414571360528118,5005.771826552296
GAAGATCCAACTTGGTTTGATTCTGGTGATCAATTTATCTTGAATGATGATCAATTGGTTGAAGCTTTGTCTTTGTGTGATGATTTGTTGGGTGATCAAGATAGAGAAGAGAATACTAAT,0.022041136087483298,0.022176107398671596,0.03428351536339934,0.06733912475076624,0.09230778077782544,0.13384503637984865,0.4011744635538609,0.22683283568814452,2788.362397669011
GAAGATCCAACTTGGTTTGATTCTGGTGATCAATTTATCTTGAATGATGATGAATTGGTTGAAGCTTTGTCTTTGTGTGATGATTTGTTGGGTGATCAAGATAGAGAAGAGAATACTAAT,0.034253511050339205,0.07799581292766374,0.13964719191339986,0.25636708202246833,0.20607479966272968,0.16937830013962457,0.08778098214934774,0.02850232013442691,993.1981421717807
GAAGATCCAACTTGGTTTGATTCTGGTGATCAATTTATCTTGAATGATGATGATTTGGTTGAAGCTTTGTCTTTGTGTGATGATTTGTTGGGTGATCAAGATAGAGAAGAGAATACTAAT,0.10847664217318029,0.11201304000480669,0.11366950619309533,0.13954237511744844,0.19128325500565618,0.23287617270489952,0.07148353812846577,0.030655470672447668,993.6493173176709
GAAGATCCAACTTGGTTTGATTCTGGTGATCAATTTATCTTGAATGATGATTATGCTCATTTGGAAGACTTTAAGAGAGATTTGGAAGAATGTGATCAAGATAGAGAAGAGAATACTAAT,0.15122661016212638,0.08694437878549428,0.10753046573114124,0.09600436204375996,0.08515410182376923,0.17821944963449973,0.14025483978097483,0.15466579203823436,1780.5694908960218
GAAGATCCAACTTGGTTTGATTCTGGTGATCAATTTATCTTGAATGATGCTGATCAAGCTTGGCAAGAATTGAAGACTATGTTGGGTTTGGGTGATCAAGATAGAGAAGAGAATACTAAT,0.17877179994218853,0.14743158085373653,0.1385779500450868,0.11721210784561685,0.07508582029318628,0.12894153221433852,0.16851963368355694,0.045459575122289514,1123.4569730562962
GAAGATCCAACTTGGTTTGATTCTGGTGATCAATTTATCTTGAATGATTATGCTCATTTGGGTCCAGAAGACTTTAAGAGAGATTTGGAAGAAGATCAAGATAGAGAAGAGAATACTAAT,0.12746129793248936,0.06412091057615961,0.0,0.0,0.43960415120042756,0.23366342794376552,0.059106872463221986,0.07604333988393598,1330.2682674183739
GAAGATCCAACTTGGTTTGATTCTGGTGATCAATTTATCTTGAATGCTCAACAATTGGTTGAAGCTTTGTCTTTGTGTGATGATTTGTTGGGTGATCAAGATAGAGAAGAGAATACTAAT,0.13031518269159656,0.15733581838483143,0.1297258014333629,0.05791029882807757,0.1669374492860089,0.11944760015296756,0.14503269007889802,0.093295159144257,1388.6965668577188
GAAGATCCAACTTGGTTTGATTCTGGTGATCAATTTATCTTGAATGCTCAACAATTGGTTGAAGCTTTGTCTTTGTGTGATGATTTGTTGGGTGCTCAAGATAGAGAAGAGAATACTAAT,0.14612627031943273,0.14391501116455785,0.24841798993802608,0.2606607254987848,0.10748830746334992,0.05848090115510448,0.023859954054754138,0.011050840405990076,558.8418473359607
GAAGATCCAACTTGGTTTGATTCTGGTGATCAATTTATCTTGGAAGATCAACAATTGGAAGAAGCTTTGTCTTTGTGTGATGATTTGTTGGGTGATCAAGATAGAGAAGAGAATACTAAT,0.0015218872966216537,0.010274159215251204,0.04044590231187605,0.18499423741291487,0.31527418501998555,0.374061597521058,0.06665363613124715,0.006774395091045538,1076.1008226551912
GAAGATCCAACTTGGTTTGATTCTGGTGATCAATTTATCTTGGAAGATCAACAATTGGATGAAGCTTTGTCTTTGTGTGATGATTTGTTGGGTGATCAAGATAGAGAAGAGAATACTAAT,0.06392790988228347,0.06431937944102546,0.08949203546996345,0.017755434786418882,0.08661809091251121,0.0805704176843297,0.31127156410775897,0.2860451677157088,2865.0936201183413
GAAGATCCAACTTGGTTTGATTCTGGTGATCAATTTATCTTGGAAGATCAACAATTGGTTGAAGAATTGTCTTTGTGTGATGATTTGTTGGGTGATCAAGATAGAGAAGAGAATACTAAT,0.1718773921402604,0.18775246522210123,0.09777144911563927,0.09820283234566,0.0774258706761974,0.11253124697730331,0.19584333944604707,0.05859540407679131,1243.0777672724337
GAAGATCCAACTTGGTTTGATTCTGGTGATCAATTTATCTTGGAAGATCAACAATTGGTTGAAGATTTGTCTTTGTGTGATGATTTGTTGGGTGATCAAGATAGAGAAGAGAATACTAAT,0.0535603788821943,0.13164156936707444,0.18090083007798827,0.27711752911170934,0.2050831164880178,0.1255396874127138,0.023417966451835675,0.0027389222084663115,641.2361381215885
GAAGATCCAACTTGGTTTGATTCTGGTGATCAATTTATCTTGGAAGATCAAGATTTGGTTGAAGCTTTGTCTTTGTGTGATGATTTGTTGGGTGATCAAGATAGAGAAGAGAATACTAAT,0.03941941410806413,0.059491204812457205,0.12262853274223642,0.26276179069957334,0.1747986534489065,0.1083961435051096,0.0913986566924164,0.14110560399123648,1604.7683767822584
GAAGATCCAACTTGGTTTGATTCTGGTGATCAATTTATCTTGGAAGATGAACAATTGGTTGAAGCTTTGTCTTTGTGTGATGATTTGTTGGGTGATCAAGATAGAGAAGAGAATACTAAT,0.024118744777672747,0.029119726263904685,0.020008051704759246,0.05894923590033673,0.17904297693242913,0.24023343917989243,0.3161469110704944,0.13238091417051073,2173.13188393382
GAAGATCCAACTTGGTTTGATTCTGGTGATCAATTTATCTTGGAAGATGATCAATTGGTTGAAGCTTTGTCTTTGTGTGATGATTTGTTGGGTGATCAAGATAGAGAAGAGAATACTAAT,0.02276466291353274,0.06707618983144822,0.10926178876913215,0.253810923853427,0.29963338367461123,0.198974244963762,0.04071801438862711,0.007760791605459456,836.769847472514
GAAGATCCAACTTGGTTTGATTCTGGTGATCAATTTATCTTGGATGATCAACAATTGGAAGAAGCTTTGTCTTTGTGTGATGATTTGTTGGGTGATCAAGATAGAGAAGAGAATACTAAT,0.0021165902214712357,0.001868789998413425,0.0014512620130820882,0.0011037464984216287,0.0008087414646558394,0.000554308007577299,0.27742789215839997,0.7146686696379786,5265.390891549137
GAAGATCCAACTTGGTTTGATTCTGGTGATCAATTTATCTTGGATGATCAACAATTGGATGAAGCTTTGTCTTTGTGTGATGATTTGTTGGGTGATCAAGATAGAGAAGAGAATACTAAT,0.13476854365398613,0.16464963079200698,0.1856665022999345,0.229932180031616,0.10908718725284844,0.11911780432841947,0.02231979222326493,0.03445835941792368,755.2440597623546
GAAGATCCAACTTGGTTTGATTCTGGTGATCAATTTATCTTGGATGATCAACAATTGGTTGAAGAATTGTCTTTGTGTGATGATTTGTTGGGTGATCAAGATAGAGAAGAGAATACTAAT,0.3145665295473026,0.22795018017815546,0.14911610855341204,0.1040097448690162,0.07011359405643029,0.042906752921478025,0.024312012148972315,0.06702507772523307,801.5731592811721
GAAGATCCAACTTGGTTTGATTCTGGTGATCAATTTATCTTGGATGATCAACAATTGGTTGAAGATTTGTCTTTGTGTGATGATTTGTTGGGTGATCAAGATAGAGAAGAGAATACTAAT,0.014297963012973315,0.026972846541868156,0.051150911420922124,0.12906198381107298,0.2095784130846922,0.2899611811005107,0.23206083846624048,0.04691586256171998,1545.6336882755575
GAAGATCCAACTTGGTTTGATTCTGGTGATCAATTTATCTTGGATGATCAAGAATTGGTTGAAGCTTTGTCTTTGTGTGATGATTTGTTGGGTGATCAAGATAGAGAAGAGAATACTAAT,0.17456682085837893,0.13172684993079112,0.21722162636568038,0.09696890792553162,0.08600963626492975,0.12000666799056131,0.12142625625369868,0.05207323441042814,1051.6413403713825
GAAGATCCAACTTGGTTTGATTCTGGTGATCAATTTATCTTGGATGATCAAGATTTGGTTGAAGCTTTGTCTTTGTGTGATGATTTGTTGGGTGATCAAGATAGAGAAGAGAATACTAAT,0.3226819021711469,0.27032737775358456,0.2093682345817042,0.13059229262938643,0.026605889865574203,0.02384284280221031,0.010688240468279151,0.005893219728114305,361.89103445442737
GAAGATCCAACTTGGTTTGATTCTGGTGATCAATTTATCTTGGATGATGAACAATTGGTTGAAGCTTTGTCTTTGTGTGATGATTTGTTGGGTGATCAAGATAGAGAAGAGAATACTAAT,0.03946829245193827,0.03970998086407173,0.0589346816362658,0.15785256227444816,0.21001847533137546,0.3255916499007577,0.10249342545834915,0.06593093208279392,1402.7910447230731
GAAGATCCAACTTGGTTTGATTCTGGTGATCAATTTATCTTGGATGATGATCAATTGGTTGAAGCTTTGTCTTTGTGTGATGATTTGTTGGGTGATCAAGATAGAGAAGAGAATACTAAT,0.14913418334479467,0.13337548697996954,0.041238802417168686,0.1472737941043763,0.16328643032673554,0.09113146518246343,0.07684123466713781,0.1977186029773541,1845.2500951617776
GAAGATCCAACTTGGTTTGATTCTGGTGATCAATTTGAATTGAATGATCAACAATTGGAAGAAGCTTTGTCTTTGTGTGATGATTTGTTGGGTGATCAAGATAGAGAAGAGAATACTAAT,0.3529854662929987,0.1775735057307001,0.16471359654983853,0.09803871953360865,0.043479269733762524,0.04044354806430953,0.12276589409478177,0.0,602.6078112964756
GAAGATCCAACTTGGTTTGATTCTGGTGATCAATTTGAATTGAATGATCAACAATTGGATGAAGCTTTGTCTTTGTGTGATGATTTGTTGGGTGATCAAGATAGAGAAGAGAATACTAAT,0.036516682920516554,0.05266109212066223,0.042410115508618555,0.12305868092126061,0.2362934568473949,0.1740512215201456,0.26529408506255314,0.06971466509884841,1642.875188839888
GAAGATCCAACTTGGTTTGATTCTGGTGATCAATTTGAATTGAATGATCAACAATTGGTTGAAGAATTGTCTTTGTGTGATGATTTGTTGGGTGATCAAGATAGAGAAGAGAATACTAAT,0.12623602499096165,0.12700904511771932,0.15079811122671785,0.23000006364817346,0.16419980832888392,0.1388503466126922,0.03278166298510346,0.030124937089748203,802.8210284795348
GAAGATCCAACTTGGTTTGATTCTGGTGATCAATTTGAATTGAATGATCAACAATTGGTTGAAGATTTGTCTTTGTGTGATGATTTGTTGGGTGATCAAGATAGAGAAGAGAATACTAAT,0.05318141903369871,0.2140283251142926,0.19852835054446086,0.17724825715230938,0.20962125492802947,0.04874637586426296,0.09864601736294605,0.0,694.6596199735511
GAAGATCCAACTTGGTTTGATTCTGGTGATCAATTTGAATTGAATGATCAACAATTGGTTGAAGCTTTGTCTTTGTGTGATGATTTGTTGGGTGATCAAGATAGAGAAGAGAATACTAAT,0.3528281155184712,0.2714619448657762,0.21521591106285712,0.09607354577500209,0.02726894928633698,0.01743845938918337,0.010426439161073848,0.009286634941299362,364.49660685040453
GAAGATCCAACTTGGTTTGATTCTGGTGATCAATTTGAATTGAATGATCAAGAATTGGTTGAAGCTTTGTCTTTGTGTGATGATTTGTTGGGTGATCAAGATAGAGAAGAGAATACTAAT,0.25884967212121535,0.31252171973099624,0.1932592224086254,0.12461505521216704,0.008502404613877097,0.05536136835747449,0.01600464329736559,0.030885914258278795,555.954138777289
GAAGATCCAACTTGGTTTGATTCTGGTGATCAATTTGAATTGAATGATCAAGATTTGGTTGAAGCTTTGTCTTTGTGTGATGATTTGTTGGGTGATCAAGATAGAGAAGAGAATACTAAT,0.12802071213186766,0.15965417238242988,0.1616621668323672,0.199468512322818,0.1644653985942424,0.14023389236335873,0.035180021508318796,0.011315123864597368,688.4035681488843
GAAGATCCAACTTGGTTTGATTCTGGTGATCAATTTGAATTGAATGATGAACAATTGGTTGAAGCTTTGTCTTTGTGTGATGATTTGTTGGGTGATCAAGATAGAGAAGAGAATACTAAT,0.09188561867348077,0.046224145162227864,0.2286751105361864,0.051040902578261035,0.09054468198737073,0.1263342813833051,0.2556574410695681,0.10963781860960013,1726.9289734451304
GAAGATCCAACTTGGTTTGATTCTGGTGATCAATTTGAATTGAATGATGATCAATTGGTTGAAGCTTTGTCTTTGTGTGATGATTTGTTGGGTGATCAAGATAGAGAAGAGAATACTAAT,0.16974463193332254,0.15813340905608,0.12516809011723937,0.17461159958010725,0.1610723654454094,0.09796334763618646,0.07579931416722968,0.037507242064425426,881.5478965209619
GAAGATCCAACTTGGTTTGATTCTGGTGATCAATTTGAATTGGAAGATCAACAATTGGTTGAAGCTTTGTCTTTGTGTGATGATTTGTTGGGTGATCAAGATAGAGAAGAGAATACTAAT,0.0008424730472941327,0.0009558794028793071,0.0010937106385880788,0.004063925765560787,0.009180479109688425,0.042707520057889636,0.37661918937407723,0.5645368226040222,4633.009068148983
GAAGATCCAACTTGGTTTGATTCTGGTGATCAATTTGAATTGGATGATCAACAATTGGTTGAAGCTTTGTCTTTGTGTGATGATTTGTTGGGTGATCAAGATAGAGAAGAGAATACTAAT,0.0009118638166245701,0.0009714152272129569,0.0011346746208542088,0.0026816023206704858,0.004228501144537502,0.005752403406316963,0.3711158714678137,0.6132036679959695,4873.229800175792
GAAGATCCAACTTGGTTTGATTCTGGTGATCAATTTGATTTGAATGATCAACAATTGGAAGAAGCTTTGTCTTTGTGTGATGATTTGTTGGGTGATCAAGATAGAGAAGAGAATACTAAT,0.38306822495909487,0.1690412215769357,0.21742825469977425,0.09706114793053841,0.06622419342412184,0.04312029517326903,0.0,0.02405666223626586,477.97427566323654
GAAGATCCAACTTGGTTTGATTCTGGTGATCAATTTGATTTGAATGATCAACAATTGGATGAAGCTTTGTCTTTGTGTGATGATTTGTTGGGTGATCAAGATAGAGAAGAGAATACTAAT,0.021390101082741687,0.023354962687539404,0.021746977217426078,0.01655714814259776,0.004490288765043377,0.004864716625745576,0.4157571660913469,0.4918386393875592,4238.234175581545
GAAGATCCAACTTGGTTTGATTCTGGTGATCAATTTGATTTGAATGATCAACAATTGGTTGAAGAATTGTCTTTGTGTGATGATTTGTTGGGTGATCAAGATAGAGAAGAGAATACTAAT,0.002008370593774837,0.0003827024755871304,0.000624777269500004,0.02084173150240896,0.17250818118725264,0.29081772810232115,0.40203813947375805,0.1107783693953971,2287.4999616806676
GAAGATCCAACTTGGTTTGATTCTGGTGATCAATTTGATTTGAATGATCAACAATTGGTTGAAGATTTGTCTTTGTGTGATGATTTGTTGGGTGATCAAGATAGAGAAGAGAATACTAAT,0.11021737917155905,0.12162382098204318,0.07521053285380433,0.2330457542284435,0.1926932401200097,0.15316821649009693,0.0461642793964987,0.06787677675754464,1091.974252267795
GAAGATCCAACTTGGTTTGATTCTGGTGATCAATTTGATTTGAATGATCAACAATTGGTTGAAGCTTTGTCTTTGTGTGATGATTTGTTGGGTGATCAAGATAGAGAAGAGAATACTAAT,0.03833924769076871,0.07182748975090301,0.07402858713719378,0.06462477778170397,0.0429907411789267,0.04968346275956022,0.2672955456671818,0.39121014803376175,3359.219899023636
GAAGATCCAACTTGGTTTGATTCTGGTGATCAATTTGATTTGAATGATCAAGAATTGGTTGAAGCTTTGTCTTTGTGTGATGATTTGTTGGGTGATCAAGATAGAGAAGAGAATACTAAT,0.07287707714763389,0.031424291962459314,0.05181962379774335,0.06939768032562199,0.13336800735356366,0.1526846227369705,0.28967018724196353,0.19875850943404388,2394.847354455965
GAAGATCCAACTTGGTTTGATTCTGGTGATCAATTTGATTTGAATGATCAAGATTTGGTTGAAGCTTTGTCTTTGTGTGATGATTTGTTGGGTGATCAAGATAGAGAAGAGAATACTAAT,0.0014293681792006956,0.0009012225383387232,0.0003082957633796732,0.00040228815424787,0.00037560230236100906,0.0004367221971993851,0.26964023517764396,0.7265062656876288,5318.913605592252
GAAGATCCAACTTGGTTTGATTCTGGTGATCAATTTGATTTGAATGATGAACAATTGGTTGAAGCTTTGTCTTTGTGTGATGATTTGTTGGGTGATCAAGATAGAGAAGAGAATACTAAT,0.14441095393610429,0.18161908778889366,0.08236125173837142,0.26070796493363235,0.14230348653473435,0.09927589514430048,0.03906398767399551,0.05025737224996792,883.8910424408066
GAAGATCCAACTTGGTTTGATTCTGGTGATCAATTTGATTTGAATGATGATCAATTGGTTGAAGCTTTGTCTTTGTGTGATGATTTGTTGGGTGATCAAGATAGAGAAGAGAATACTAAT,0.32485663339374315,0.21524000174299182,0.0985937171885302,0.13203830452860918,0.07026932728332945,0.0508379856265731,0.05143936060785918,0.0567246696283638,812.6515282548863
GAAGATCCAACTTGGTTTGATTCTGGTGATCAATTTGATTTGGAAGATCAACAATTGGTTGAAGCTTTGTCTTTGTGTGATGATTTGTTGGGTGATCAAGATAGAGAAGAGAATACTAAT,0.08988791065222754,0.04521917455965403,0.08388878559430141,0.07489681448737824,0.11072015950391736,0.26777316896101233,0.16673275283045572,0.1608812334110533,1993.8376711234484
GAAGATCCAACTTGGTTTGATTCTGGTGATCAATTTGATTTGGATGATCAACAATTGGTTGAAGCTTTGTCTTTGTGTGATGATTTGTTGGGTGATCAAGATAGAGAAGAGAATACTAAT,0.22251280361515155,0.2679968114106747,0.1919991924764535,0.1858542346176882,0.03361004835392446,0.04615072670093037,0.02862053045234294,0.023255652372834244,560.3730274714861
GAAGATCCAACTTGGTTTGATTCTGGTGCTCAATTTATCTTGAATGAACAACAATTGGTTGAAGCTTTGTCTTTGTGTGATGATTTGTTGGGTGAACAAGATAGAGAAGAGAATACTAAT,0.05407769324487877,0.09861602961054992,0.08831995278330379,0.11264715492546223,0.10657701625469503,0.11152778770368653,0.2225595133974037,0.20567485208002,2234.086782871954
GAAGATCCAACTTGGTTTGATTCTGGTGCTCAATTTATCTTGAATGAACAACAATTGGTTGAAGCTTTGTCTTTGTGTGATGATTTGTTGGGTGCTCAAGATAGAGAAGAGAATACTAAT,0.11677513409534314,0.14196734846627815,0.12368541443730197,0.06023327719569608,0.030137635316067543,0.021662193028508966,0.16632228314551403,0.3392167143152902,2761.170023340323
GAAGATCCAACTTGGTTTGATTCTGGTGCTCAATTTATCTTGAATGATCAACAATTGGTTGAAGCTTTGTCTTTGTGTGATGATTTGTTGGGTGATCAAGATAGAGAAGAGAATACTAAT,0.0865977313400001,0.07765758485608858,0.0562213516976466,0.02718897483359715,0.050087326497675305,0.05521805090173535,0.22697690741277757,0.4200520724604795,3435.570014080432
GAAGATCCAACTTGGTTTGATTCTGGTGCTCAATTTATCTTGAATGATCAACAATTGGTTGAAGCTTTGTCTTTGTGTGATGATTTGTTGGGTGCTCAAGATAGAGAAGAGAATACTAAT,0.19853139365669759,0.2431459192994124,0.2662287662368069,0.18823018352295331,0.052734249221395545,0.03741058430750605,0.008210323744856775,0.005508580010371352,413.8970832776488
GAAGATCCAACTTGGTTTGATTCTGGTGCTCAATTTATCTTGAATGCTAAAGCTACATTTGAAGCTTATAAGAAAGCTGCTTTGTTGTTGGGTGCTCAAGATAGAGAAGAGAATACTAAT,0.28225221994137945,0.2697815912113354,0.14048783373498053,0.15678632052007624,0.05562663203180347,0.025871390895129697,0.05235485982693405,0.01683915183836116,548.5814555515146
GAAGATCCAACTTGGTTTGATTCTGGTGCTCAATTTATCTTGAATGCTCAACAATTGGAAGAAGAATTGTCTTTGTGTGATGATTTGTTGGGTGCTCAAGATAGAGAAGAGAATACTAAT,0.17210562317421618,0.2885992180165725,0.05353976086170408,0.04780087717982227,0.12719549432912375,0.07887647178319442,0.146317454952806,0.08556509970256096,1263.818313334972
GAAGATCCAACTTGGTTTGATTCTGGTGCTCAATTTATCTTGAATGCTCAACAATTGGAAGAAGATTTGTCTTTGTGTGATGATTTGTTGGGTGCTCAAGATAGAGAAGAGAATACTAAT,0.19909419517923055,0.16321830171934434,0.07340509057689114,0.11468950196061893,0.12352622202546056,0.18924973345560298,0.07522759156648572,0.06158936351636574,1087.94909037065
GAAGATCCAACTTGGTTTGATTCTGGTGCTCAATTTATCTTGAATGCTCAACAATTGGAAGAAGCTTTGTCTTTGTGTGATGATTTGTTGGGTGCTCAAGATAGAGAAGAGAATACTAAT,0.19375295686727093,0.310130902330594,0.16438351982398178,0.08805802993916774,0.04339213973783641,0.04036250148280855,0.06534393503504028,0.09457601478330027,1058.0498871247044
GAAGATCCAACTTGGTTTGATTCTGGTGCTCAATTTATCTTGAATGCTCAACAATTGGATGAAGAATTGTCTTTGTGTGATGATTTGTTGGGTGCTCAAGATAGAGAAGAGAATACTAAT,0.00015027454359060197,0.0001511947662191517,0.00021815921662279674,0.00019477490656652578,9.872100376273095e-05,0.0028007633153691947,0.3392543052148264,0.6571318070330425,5060.8549653104965
GAAGATCCAACTTGGTTTGATTCTGGTGCTCAATTTATCTTGAATGCTCAACAATTGGATGAAGATTTGTCTTTGTGTGATGATTTGTTGGGTGCTCAAGATAGAGAAGAGAATACTAAT,0.12172338495016212,0.08644854453975627,0.39425729038888313,0.28239320997034156,0.06526528460929083,0.031174616573631467,0.01660178355114973,0.002135885416784914,454.932687215366
GAAGATCCAACTTGGTTTGATTCTGGTGCTCAATTTATCTTGAATGCTCAACAATTGGATGAAGCTTTGTCTTTGTGTGATGATTTGTTGGGTGCTCAAGATAGAGAAGAGAATACTAAT,0.0015391007147926455,0.0018851615593521735,0.0010824900531375503,0.0028250334723678256,0.004154274188267068,0.0047842759151899015,0.2442777621532677,0.7394519019436252,5346.007456643978
GAAGATCCAACTTGGTTTGATTCTGGTGCTCAATTTATCTTGAATGCTCAACAATTGGTTATTGCTGATTATGCTCATTTGGATTTGTTGGGTGCTCAAGATAGAGAAGAGAATACTAAT,0.029245292122843387,0.029424378872647837,0.08491298482071544,0.08664140643055944,0.08645549912333095,0.1161610349616055,0.33452306882514815,0.23263633484314933,2652.6834817243885
GAAGATCCAACTTGGTTTGATTCTGGTGCTCAATTTATCTTGAATGCTCAACAATTGGTTGAAGAATTGTCTTTGTGTGATGATTTGTTGGGTGCTCAAGATAGAGAAGAGAATACTAAT,0.015302456333499557,0.02694328455186963,0.014281169393220201,0.04250127463916531,0.07539569642916447,0.15078287666168982,0.43286316177944434,0.2419300802119467,2957.9806392185983
GAAGATCCAACTTGGTTTGATTCTGGTGCTCAATTTATCTTGAATGCTCAACAATTGGTTGAAGATTTGTCTTTGTGTGATGATTTGTTGGGTGCTCAAGATAGAGAAGAGAATACTAAT,0.09332677714164311,0.11476455696977382,0.13226014141654638,0.31968889024844,0.15838383746062099,0.07128652324138693,0.05770383118527852,0.05258544233631031,943.0074131982499
GAAGATCCAACTTGGTTTGATTCTGGTGCTCAATTTATCTTGAATGCTCAACAATTGGTTGAAGCTTTGTCTTTGTGTGATGATTTGTTGGAAGAACAAGATAGAGAAGAGAATACTAAT,0.05015318185677766,0.07253668176691086,0.08971141414709646,0.153225829934388,0.12664200248691912,0.09768768929546402,0.20059367652037982,0.20944952399206415,2211.145747758084
GAAGATCCAACTTGGTTTGATTCTGGTGCTCAATTTATCTTGAATGCTCAACAATTGGTTGAAGCTTTGTCTTTGTGTGATGATTTGTTGGATGATCAAGATAGAGAAGAGAATACTAAT,0.012342415357548344,0.2210403197213232,0.020818950711877914,0.041440725466096305,0.29594919764968136,0.289867391641847,0.11625013957364182,0.002290859877983987,1022.0145490967676
GAAGATCCAACTTGGTTTGATTCTGGTGCTCAATTTATCTTGAATGCTCAACAATTGGTTGAAGCTTTGTCTTTGTGTGATGATTTGTTGGGTGAACAAGATAGAGAAGAGAATACTAAT,0.20862920073709823,0.06173728367669875,0.07635500948381709,0.14997527104428424,0.1330253045765898,0.04499544752627907,0.1934927661979877,0.13178971675724513,1646.7250697807965
GAAGATCCAACTTGGTTTGATTCTGGTGCTCAATTTATCTTGAATGCTCAACAATTGGTTGAAGCTTTGTCTTTGTGTGATGATTTGTTGGGTGATCAAGATAGAGAAGAGAATACTAAT,0.2516863913396474,0.25322762052640674,0.18489240848004562,0.13475423730092423,0.035857358353395034,0.055589663951914496,0.04781016054475495,0.03618215950291169,680.6303788282488
GAAGATCCAACTTGGTTTGATTCTGGTGCTCAATTTATCTTGAATGCTCAACAATTGGTTGAAGCTTTGTCTTTGTGTGATGATTTGTTGGGTGCTCAAGATAGAGAAGAGAATACTAAT,0.013957589822120964,0.06227792115364482,0.11855601853290411,0.22922517335357923,0.2840479170447882,0.23918473681061628,0.0433374106880194,0.009413232594327064,885.5951290335331
GAAGATCCAACTTGGTTTGATTCTGGTGCTCAATTTATCTTGAATGCTCAACCAGAAGACTTTAAGAGAGATTTGGAAGAATGTCAGAAAGGTGCTCAAGATAGAGAAGAGAATACTAAT,0.2331294618316468,0.24658562258313768,0.13388946845811037,0.1461019567072856,0.10013753104798115,0.07122924120219383,0.03326392123344743,0.03566279693619731,695.1542461824054
GAAGATCCAACTTGGTTTGATTCTGGTGCTCAATTTATCTTGAATGCTCAAGAATTGGAAGAAGCTTTGTCTTTGTGTGATGATTTGTTGGGTGCTCAAGATAGAGAAGAGAATACTAAT,0.09808723948540661,0.1041705478541151,0.128835327627759,0.15134943818139387,0.15303834870496133,0.19479913565732423,0.08844386130453614,0.08127610118450365,1285.1378722555837
GAAGATCCAACTTGGTTTGATTCTGGTGCTCAATTTATCTTGAATGCTCAAGAATTGGATGAAGCTTTGTCTTTGTGTGATGATTTGTTGGGTGCTCAAGATAGAGAAGAGAATACTAAT,0.30004295355394633,0.21131620961243672,0.1306750979969959,0.06666750850777309,0.10052584974081114,0.07425566769149261,0.05565485642110685,0.06086185647543746,879.7910765312139
GAAGATCCAACTTGGTTTGATTCTGGTGCTCAATTTATCTTGAATGCTCAAGAATTGGTTGAAGAATTGTCTTTGTGTGATGATTTGTTGGGTGCTCAAGATAGAGAAGAGAATACTAAT,0.20100834619028315,0.21347475630616303,0.11116624353758205,0.24812605941629529,0.06602497411222309,0.09212266777835135,0.04142773749986123,0.0266492151592409,690.2621042250433
GAAGATCCAACTTGGTTTGATTCTGGTGCTCAATTTATCTTGAATGCTCAAGAATTGGTTGAAGATTTGTCTTTGTGTGATGATTTGTTGGGTGCTCAAGATAGAGAAGAGAATACTAAT,0.21482218925710295,0.24383201261188717,0.23601982827565568,0.17736082821249427,0.06334859366886311,0.049096721783508206,0.011031915272348806,0.0044879109181399915,426.190881098718
GAAGATCCAACTTGGTTTGATTCTGGTGCTCAATTTATCTTGAATGCTCAAGAATTGGTTGAAGCTTTGTCTTTGTGTGATGATTTGTTGGGTGCTCAAGATAGAGAAGAGAATACTAAT,0.4181807973947847,0.19019824547098244,0.12118015561468393,0.07000591057314215,0.05080414415340854,0.0577585554466577,0.037190233527407406,0.0546819578189331,742.2718435618333
GAAGATCCAACTTGGTTTGATTCTGGTGCTCAATTTATCTTGAATGCTCAAGATCCAGAAATTATTTGGCATTTGTTGGCTAAATCTTTGGGTGCTCAAGATAGAGAAGAGAATACTAAT,0.09102224241068091,0.2060541609357094,0.1132632159689714,0.1769645909820429,0.22423476360700298,0.12514721836627493,0.06331380772931752,0.0,693.9044775088031
GAAGATCCAACTTGGTTTGATTCTGGTGCTCAATTTATCTTGAATGCTCAAGATTCTAATAGAATTGCTACTAAGATTATGTCTGCTTTGGGTGCTCAAGATAGAGAAGAGAATACTAAT,0.11333176583943512,0.12827898598698348,0.12339599573847404,0.299030899372791,0.15355704910158688,0.12985063569545555,0.052554668265273975,0.0,664.7227938129886
GAAGATCCAACTTGGTTTGATTCTGGTGCTCAATTTATCTTGAATGCTCAAGATTTGGAAGAAGCTTTGTCTTTGTGTGATGATTTGTTGGGTGCTCAAGATAGAGAAGAGAATACTAAT,0.002048536706453909,0.0022900901615220586,0.00017702011409092986,0.00020019093015580003,0.00013083786196296132,0.002138491447053406,0.3280601950220842,0.6649546377566766,5081.464213835552
GAAGATCCAACTTGGTTTGATTCTGGTGCTCAATTTATCTTGAATGCTCAAGATTTGGATGAAGCTTTGTCTTTGTGTGATGATTTGTTGGGTGCTCAAGATAGAGAAGAGAATACTAAT,0.1871608979841116,0.2510759976590293,0.2280410851720698,0.20143161427879047,0.061476519151714475,0.04110116525383683,0.018081461305461493,0.01163125919498612,484.178402113728
GAAGATCCAACTTGGTTTGATTCTGGTGCTCAATTTATCTTGAATGCTCAAGATTTGGTTGAAGAATTGTCTTTGTGTGATGATTTGTTGGGTGCTCAAGATAGAGAAGAGAATACTAAT,0.10656461786557098,0.18380087653031424,0.22353130697646537,0.2604572856130588,0.10200919222068543,0.08651453798900645,0.022590436037350836,0.014531746767547912,607.0066608967475
GAAGATCCAACTTGGTTTGATTCTGGTGCTCAATTTATCTTGAATGCTCAAGATTTGGTTGAAGATTTGTCTTTGTGTGATGATTTGTTGGGTGCTCAAGATAGAGAAGAGAATACTAAT,0.18539425731855222,0.15544128280090133,0.15379647325713589,0.1973847833393463,0.022836087291914067,0.04248334434532245,0.08597178045798214,0.15669199118884566,1504.7485569534654
GAAGATCCAACTTGGTTTGATTCTGGTGCTCAATTTATCTTGAATGCTCAAGATTTGGTTGAAGCTTTGTCTTTGTGTGATGATTTGTTGGGTGCTCAAGATAGAGAAGAGAATACTAAT,0.009396087240479892,0.00042404123632939534,0.0008637881066453613,0.0008262850262509947,0.09017108171027971,0.15572953031611386,0.5467298581225064,0.19585932824139424,2946.746716683535
GAAGATCCAACTTGGTTTGATTCTGGTGCTCAATTTATCTTGAATGCTCATGATGAAGTTGAAAGAAGAATGGCTGAAAGATTTGCTAAGATGGCTCAAGATAGAGAAGAGAATACTAAT,0.0881883110275378,0.08872834181014468,0.12541351216783153,0.18195212618484252,0.1365592346766842,0.12702467187444802,0.11684297984010085,0.1352908224184105,1605.431240299087
GAAGATCCAACTTGGTTTGATTCTGGTGCTCAATTTATCTTGAATGCTGAACAATTGGAAGAAGCTTTGTCTTTGTGTGATGATTTGTTGGGTGCTCAAGATAGAGAAGAGAATACTAAT,0.04713831094614851,0.05928370944586855,0.10264869295111298,0.05236906430931036,0.1393511879984536,0.17282892143449036,0.2295212811528484,0.19685883176176727,2270.429332946206
GAAGATCCAACTTGGTTTGATTCTGGTGCTCAATTTATCTTGAATGCTGAACAATTGGATGAAGCTTTGTCTTTGTGTGATGATTTGTTGGGTGCTCAAGATAGAGAAGAGAATACTAAT,0.000546759972047762,0.00039293436901996655,0.030421762279784197,0.07922645934365868,0.22613400162091027,0.4526219127422169,0.16871659433526867,0.04193957533709337,1545.2885027521015
GAAGATCCAACTTGGTTTGATTCTGGTGCTCAATTTATCTTGAATGCTGAACAATTGGTTGAAGAATTGTCTTTGTGTGATGATTTGTTGGGTGCTCAAGATAGAGAAGAGAATACTAAT,0.04097337898114802,0.10118687879988393,0.12051019847646763,0.1324219172058349,0.13580827205124416,0.1502256817162649,0.22109489177142858,0.09777878099772795,1638.7647845597994
GAAGATCCAACTTGGTTTGATTCTGGTGCTCAATTTATCTTGAATGCTGAACAATTGGTTGAAGATTTGTCTTTGTGTGATGATTTGTTGGGTGCTCAAGATAGAGAAGAGAATACTAAT,0.008822019454442522,0.006903588266496463,0.006708563723401361,0.01742393658621551,0.03549753933070442,0.11567916653727858,0.3697793906450451,0.439185795456416,3949.265217168964
GAAGATCCAACTTGGTTTGATTCTGGTGCTCAATTTATCTTGAATGCTGAACAATTGGTTGAAGCTTTGTCTTTGTGTGATGATTTGTTGGGTGCTCAAGATAGAGAAGAGAATACTAAT,0.12378638513497017,0.07472664277424362,0.06161326595449899,0.22003595915538354,0.1219799032560346,0.20423388430307562,0.04592218154082351,0.14770177788096997,1593.6563055294096
GAAGATCCAACTTGGTTTGATTCTGGTGCTCAATTTATCTTGAATGCTGAAGAATTGGTTGAAGCTTTGTCTTTGTGTGATGATTTGTTGGGTGCTCAAGATAGAGAAGAGAATACTAAT,0.09279831265995468,0.09920198412331427,0.07938786824922217,0.16430889493265788,0.2914779302063174,0.19404183493500562,0.05110146387723852,0.027681711016289485,941.9855725203496
GAAGATCCAACTTGGTTTGATTCTGGTGCTCAATTTATCTTGAATGCTGAAGATTTGGTTGAAGCTTTGTCTTTGTGTGATGATTTGTTGGGTGCTCAAGATAGAGAAGAGAATACTAAT,0.1333868300881553,0.20311902111837982,0.1884091005492086,0.16020350607906186,0.1207829266499226,0.06939256388141853,0.06018293615362634,0.06452311548022702,961.902014748499
GAAGATCCAACTTGGTTTGATTCTGGTGCTCAATTTATCTTGAATGCTGATCAATTGGAAGAAGCTTTGTCTTTGTGTGATGATTTGTTGGGTGCTCAAGATAGAGAAGAGAATACTAAT,0.08071417808450958,0.22332321053716644,0.10043641138719162,0.22417678412415507,0.11930440843801764,0.1664618658440876,0.037429107559706146,0.04815403402516589,928.9993568507492
GAAGATCCAACTTGGTTTGATTCTGGTGCTCAATTTATCTTGAATGCTGATCAATTGGATGAAGCTTTGTCTTTGTGTGATGATTTGTTGGGTGCTCAAGATAGAGAAGAGAATACTAAT,0.10067206941265439,0.14067853591275936,0.16702792691750176,0.11184325385026167,0.06062399889565149,0.09740303814126385,0.08818100647572351,0.23357017039418407,2050.6181797135537
GAAGATCCAACTTGGTTTGATTCTGGTGCTCAATTTATCTTGAATGCTGATCAATTGGTTGAAGAATTGTCTTTGTGTGATGATTTGTTGGGTGCTCAAGATAGAGAAGAGAATACTAAT,0.1796281515609384,0.1846856743887221,0.1729422309970516,0.15877463721736826,0.1330780603664672,0.09374127320548677,0.047425080840894085,0.029724891423071508,746.9468590067627
GAAGATCCAACTTGGTTTGATTCTGGTGCTCAATTTATCTTGAATGCTGATCAATTGGTTGAAGATTTGTCTTTGTGTGATGATTTGTTGGGTGCTCAAGATAGAGAAGAGAATACTAAT,0.0013759863199249223,0.0016612947874544229,0.0010273223220814795,0.03444612353889094,0.17988350346504525,0.17842292227790663,0.3969695826251911,0.2062132646635053,2740.3734885315675
GAAGATCCAACTTGGTTTGATTCTGGTGCTCAATTTATCTTGAATGCTGATCAATTGGTTGAAGCTTTGTCTTTGTGTGATGATTTGTTGGGTGCTCAAGATAGAGAAGAGAATACTAAT,0.0035759551869403152,0.005696600488702086,0.003708106336675805,0.004965956124468181,0.004111064221544554,0.15350748224411884,0.6320721066912889,0.19236272870626134,3079.253282325094
GAAGATCCAACTTGGTTTGATTCTGGTGCTCAATTTATCTTGAATGCTGATGAATTGGTTGAAGCTTTGTCTTTGTGTGATGATTTGTTGGGTGCTCAAGATAGAGAAGAGAATACTAAT,0.30944411868631494,0.1556695168215929,0.03208797754340918,0.0859454795173647,0.2032854885150165,0.14181907508814748,0.07174834382815441,0.0,671.3677686991373
GAAGATCCAACTTGGTTTGATTCTGGTGCTCAATTTATCTTGAATGCTGATGATTTGGTTGAAGCTTTGTCTTTGTGTGATGATTTGTTGGGTGCTCAAGATAGAGAAGAGAATACTAAT,0.0003654425436499826,0.0008088968164114444,0.0004092634611552827,0.0006495908295611966,0.0002880875538708723,0.0005024499133315652,0.3749571647935711,0.6220191040884486,4927.667595191975
GAAGATCCAACTTGGTTTGATTCTGGTGCTCAATTTATCTTGAATGCTGCTGATCAAGCTTGGCAAGAATTGAAGACTATGTTGGGTTTGGGTGCTCAAGATAGAGAAGAGAATACTAAT,0.1586796562955331,0.14864091072121519,0.18383507455941378,0.18236660171237568,0.11862093363932202,0.1404312287971242,0.06089675322499302,0.006528841050023036,690.2738714638889
GAAGATCCAACTTGGTTTGATTCTGGTGCTCAATTTATCTTGAATGCTTATGCTCATTTGGGTCCAGAAGACTTTAAGAGAGATTTGGAAGAAGCTCAAGATAGAGAAGAGAATACTAAT,0.013413514082128089,0.012205627530909813,0.009204628876258295,0.06267588678672188,0.4851696680940084,0.32002900013536956,0.0965955719869982,0.0007061025076057493,1106.0459271135883
GAAGATCCAACTTGGTTTGATTCTGGTGCTCAATTTATCTTGGAAGAACAACAATTGGTTGAAGCTTTGTCTTTGTGTGATGATTTGTTGGGTGCTCAAGATAGAGAAGAGAATACTAAT,0.00015171451510430896,0.00013083733333384752,0.0002157547861431375,0.000481570512615224,0.00066207347843422,0.0007946419645610029,0.36648233400693053,0.6310810734028777,4963.659426185995
GAAGATCCAACTTGGTTTGATTCTGGTGCTCAATTTATCTTGGAAGCTCAACAATTGGAAGAAGCTTTGTCTTTGTGTGATGATTTGTTGGGTGCTCAAGATAGAGAAGAGAATACTAAT,0.2835670757747483,0.14672752962418986,0.07057114413915205,0.10801145186227509,0.07983680788223746,0.09654138479452729,0.12773982616159324,0.08700477976127662,1229.530623673221
GAAGATCCAACTTGGTTTGATTCTGGTGCTCAATTTATCTTGGAAGCTCAACAATTGGATGAAGCTTTGTCTTTGTGTGATGATTTGTTGGGTGCTCAAGATAGAGAAGAGAATACTAAT,0.16072518878038528,0.1951665257856087,0.0965506808192027,0.18471748157097584,0.12561143774716352,0.12192130423201564,0.08224236079740878,0.033065020267239544,878.0388308130565
GAAGATCCAACTTGGTTTGATTCTGGTGCTCAATTTATCTTGGAAGCTCAACAATTGGTTGAAGAATTGTCTTTGTGTGATGATTTGTTGGGTGCTCAAGATAGAGAAGAGAATACTAAT,0.02930470404070444,0.027216142713134595,0.04768527229505241,0.08264350440078642,0.06663933368143057,0.1301718113842634,0.31778047831612083,0.2985587531685074,3017.32081772071
GAAGATCCAACTTGGTTTGATTCTGGTGCTCAATTTATCTTGGAAGCTCAACAATTGGTTGAAGATTTGTCTTTGTGTGATGATTTGTTGGGTGCTCAAGATAGAGAAGAGAATACTAAT,0.2902604481449183,0.18126489711343985,0.1743649772380847,0.14455529798864566,0.11835497376972187,0.027522858017259184,0.027848432644598808,0.035828115083331676,642.1999254197506
GAAGATCCAACTTGGTTTGATTCTGGTGCTCAATTTATCTTGGAAGCTCAACAATTGGTTGAAGCTTTGTCTTTGTGTGATGATTTGTTGGGTGCTCAAGATAGAGAAGAGAATACTAAT,0.4546454351854167,0.30713821402423536,0.14723466867377025,0.05975822962631731,0.011492266297797598,0.015375632192830157,0.004210814823914125,0.00014473917571854568,258.49279042308325
GAAGATCCAACTTGGTTTGATTCTGGTGCTCAATTTATCTTGGAAGCTCAAGAATTGGTTGAAGCTTTGTCTTTGTGTGATGATTTGTTGGGTGCTCAAGATAGAGAAGAGAATACTAAT,0.09376965824574947,0.08086617173093175,0.08334425247485831,0.10417490920588317,0.15840210299652033,0.2824064039040483,0.14908542178021778,0.04795107966179075,1310.13587503448
GAAGATCCAACTTGGTTTGATTCTGGTGCTCAATTTATCTTGGAAGCTCAAGATTTGGTTGAAGCTTTGTCTTTGTGTGATGATTTGTTGGGTGCTCAAGATAGAGAAGAGAATACTAAT,0.14041293414517364,0.20720005992114993,0.13977788341593808,0.09359640382331143,0.055345524806299985,0.0858021691085691,0.19967943115023742,0.07818559362932041,1335.657435200625
GAAGATCCAACTTGGTTTGATTCTGGTGCTCAATTTATCTTGGAAGCTGAACAATTGGTTGAAGCTTTGTCTTTGTGTGATGATTTGTTGGGTGCTCAAGATAGAGAAGAGAATACTAAT,0.021030316086858004,0.04447835387847992,0.11979283494055441,0.23959615648309882,0.29665402783470773,0.23313389119826672,0.03742384909520675,0.007890570482827715,864.3492945728219
GAAGATCCAACTTGGTTTGATTCTGGTGCTCAATTTATCTTGGAAGCTGAAGAATTGGTTGAAGCTTTGTCTTTGTGTGATGATTTGTTGGGTGCTCAAGATAGAGAAGAGAATACTAAT,0.17297664923649292,0.13674248554663998,0.10762145087387413,0.06588726484292666,0.03652549438825798,0.047565399227575425,0.14667599842422904,0.28600525746000394,2416.651406802015
GAAGATCCAACTTGGTTTGATTCTGGTGCTCAATTTATCTTGGAAGCTGATCAATTGGTTGAAGCTTTGTCTTTGTGTGATGATTTGTTGGGTGCTCAAGATAGAGAAGAGAATACTAAT,0.044332945114781315,0.13381326828108972,0.12136420691247429,0.18715911255878076,0.20969265789001837,0.20317908444352492,0.07400971425179338,0.026449010547537226,968.5830715182614
GAAGATCCAACTTGGTTTGATTCTGGTGCTCAATTTATCTTGGATGATCAACAATTGGTTGAAGCTTTGTCTTTGTGTGATGATTTGTTGGATGATCAAGATAGAGAAGAGAATACTAAT,0.029299678889208727,0.024565915568612057,0.06684141785851748,0.11392832242343418,0.2502248040807931,0.26856243887184705,0.13586966486368932,0.1107077574438981,1703.6887641347112
GAAGATCCAACTTGGTTTGATTCTGGTGCTCAATTTATCTTGGATGATCAACAATTGGTTGAAGCTTTGTCTTTGTGTGATGATTTGTTGGGTGCTCAAGATAGAGAAGAGAATACTAAT,0.11427263550175638,0.14782165264610125,0.1523515318665069,0.1994976050264605,0.08847535159015979,0.08229800446176135,0.09841180547526816,0.11687141343198572,1377.4495626348116
GAAGATCCAACTTGGTTTGATTCTGGTGCTCAATTTATCTTGGATGCTCAACAATTGGAAGAAGCTTTGTCTTTGTGTGATGATTTGTTGGGTGCTCAAGATAGAGAAGAGAATACTAAT,0.0031157296851753334,0.0010262768205103895,0.02667777974404269,0.11525870874260699,0.2698173861650808,0.4211594646405737,0.1556641873216489,0.007280466880361191,1298.801728488469
GAAGATCCAACTTGGTTTGATTCTGGTGCTCAATTTATCTTGGATGCTCAACAATTGGATGAAGCTTTGTCTTTGTGTGATGATTTGTTGGGTGCTCAAGATAGAGAAGAGAATACTAAT,0.19912696824580636,0.17925725520080776,0.07824725107903864,0.16300664682362173,0.11360163178811138,0.10566996832145027,0.13607995450432922,0.025010324036834567,920.1871324048615
GAAGATCCAACTTGGTTTGATTCTGGTGCTCAATTTATCTTGGATGCTCAACAATTGGTTGAAGAATTGTCTTTGTGTGATGATTTGTTGGGTGCTCAAGATAGAGAAGAGAATACTAAT,0.1289995933659636,0.21631589417730526,0.1987392985992825,0.2661548907835174,0.06658511216283768,0.04504446623731496,0.034182981194262524,0.043977763479516055,745.7159563171251
GAAGATCCAACTTGGTTTGATTCTGGTGCTCAATTTATCTTGGATGCTCAACAATTGGTTGAAGATTTGTCTTTGTGTGATGATTTGTTGGGTGCTCAAGATAGAGAAGAGAATACTAAT,0.06901377060646298,0.10801215287403003,0.05725136624492874,0.09371017073497297,0.06800661520838219,0.06325839481005464,0.1564608071964843,0.3842867223246842,3087.4017954256756
GAAGATCCAACTTGGTTTGATTCTGGTGCTCAATTTATCTTGGATGCTCAACAATTGGTTGAAGCTTTGTCTTTGTGTGATGATTTGTTGGGTGCTCAAGATAGAGAAGAGAATACTAAT,0.025772846837037556,0.038896004531651034,0.008017588449062604,0.05726551700101188,0.0380950945500182,0.05905882645845868,0.2808600045616825,0.4920341176110777,4009.262305337991
GAAGATCCAACTTGGTTTGATTCTGGTGCTCAATTTATCTTGGATGCTCAAGAATTGGTTGAAGCTTTGTCTTTGTGTGATGATTTGTTGGGTGCTCAAGATAGAGAAGAGAATACTAAT,0.03027149963916091,0.07614217620775232,0.06591941478725902,0.1261147843062468,0.23863784976829622,0.2844069553525187,0.1333574200633467,0.045149899875419404,1310.992506656324
GAAGATCCAACTTGGTTTGATTCTGGTGCTCAATTTATCTTGGATGCTCAAGATTTGGTTGAAGCTTTGTCTTTGTGTGATGATTTGTTGGGTGCTCAAGATAGAGAAGAGAATACTAAT,0.07121448713334058,0.10747586526906204,0.16246175632364368,0.18460605164595467,0.09356695397997063,0.06527558346239005,0.1596153821162955,0.15578392006934286,1744.4939619357654
GAAGATCCAACTTGGTTTGATTCTGGTGCTCAATTTATCTTGGATGCTGAACAATTGGTTGAAGCTTTGTCTTTGTGTGATGATTTGTTGGGTGCTCAAGATAGAGAAGAGAATACTAAT,0.34214964035606676,0.25701765314168507,0.2084333233489386,0.15790638287076622,0.0016049190938341158,0.022392955162861893,0.0035439196453847807,0.006951206380462599,341.29131098204084
GAAGATCCAACTTGGTTTGATTCTGGTGCTCAATTTATCTTGGATGCTGATCAATTGGTTGAAGCTTTGTCTTTGTGTGATGATTTGTTGGGTGCTCAAGATAGAGAAGAGAATACTAAT,0.4448776822601279,0.2811858337751152,0.07806925952045175,0.03168230850387111,0.06182357371289196,0.036595397451217634,0.031738537173620116,0.034027407602704236,569.2063979323993
GAAGATCCAACTTGGTTTGATTCTGGTGCTCAATTTATCTTGGATGCTGATGATTTGGTTGAAGCTTTGTCTTTGTGTGATGATTTGTTGGGTGCTCAAGATAGAGAAGAGAATACTAAT,0.11599150718922693,0.14782227225946948,0.14433363517968328,0.17181683935078929,0.1904979669888119,0.08505475347208201,0.10757610872410545,0.03690691683583162,960.0262554835286
GAAGATCCAACTTGGTTTGATTCTGGTGCTCAATTTGAATTGAATGCTCAACAATTGGATGAAGCTTTGTCTTTGTGTGATGATTTGTTGGGTGCTCAAGATAGAGAAGAGAATACTAAT,0.23054065343884794,0.14911225353211877,0.10245445480653187,0.16465040032751183,0.09736124940116447,0.135845233620595,0.061089857846733424,0.05894589702649681,976.3463145183026
GAAGATCCAACTTGGTTTGATTCTGGTGCTCAATTTGAATTGAATGCTCAACAATTGGTTGAAGAATTGTCTTTGTGTGATGATTTGTTGGGTGCTCAAGATAGAGAAGAGAATACTAAT,0.0741550398442072,0.07875408837317813,0.06664274511251836,0.1144218521962731,0.10554967961016488,0.11328484992676949,0.20632486348436002,0.24086688145252885,2409.22775622753
GAAGATCCAACTTGGTTTGATTCTGGTGCTCAATTTGAATTGAATGCTCAACAATTGGTTGAAGATTTGTCTTTGTGTGATGATTTGTTGGGTGCTCAAGATAGAGAAGAGAATACTAAT,0.03059109872556235,0.04416035130843658,0.03475584826409286,0.03103039698746169,0.02228084025294393,0.0682712222538045,0.40707161349784615,0.361838628709852,3507.1738352798106
GAAGATCCAACTTGGTTTGATTCTGGTGCTCAATTTGAATTGAATGCTCAACAATTGGTTGAAGCTTTGTCTTTGTGTGATGATTTGTTGGGTGCTCAAGATAGAGAAGAGAATACTAAT,0.4675102716420899,0.24488497588708766,0.08996053720028888,0.03480435397725124,0.02374678559788495,0.03975981397680313,0.044700158391998736,0.05463310332659547,708.7070200168391
GAAGATCCAACTTGGTTTGATTCTGGTGCTCAATTTGAATTGAATGCTCAAGAATTGGTTGAAGCTTTGTCTTTGTGTGATGATTTGTTGGGTGCTCAAGATAGAGAAGAGAATACTAAT,0.07140236487373162,0.155844514406596,0.1977650611568454,0.21976536056607043,0.19414050714504213,0.1391528471714925,0.014103974997237853,0.007825369682984131,645.7276949362949
GAAGATCCAACTTGGTTTGATTCTGGTGCTCAATTTGAATTGAATGCTCAAGATTTGGTTGAAGCTTTGTCTTTGTGTGATGATTTGTTGGGTGCTCAAGATAGAGAAGAGAATACTAAT,0.06335008674614129,0.09560702691242269,0.1773662933936182,0.2287343410426212,0.12485116911896443,0.21775136849989016,0.07344240092042449,0.01889731336591751,905.4852060030989
GAAGATCCAACTTGGTTTGATTCTGGTGCTCAATTTGAATTGAATGCTGAACAATTGGTTGAAGCTTTGTCTTTGTGTGATGATTTGTTGGGTGCTCAAGATAGAGAAGAGAATACTAAT,0.0010157757006064743,0.0009433808440392469,0.000680603009810023,0.0004340355167360272,0.07337747644344575,0.22008955830289031,0.5013311197065887,0.20212805047588353,2942.3281616630825
GAAGATCCAACTTGGTTTGATTCTGGTGCTCAATTTGAATTGAATGCTGATCAATTGGTTGAAGCTTTGTCTTTGTGTGATGATTTGTTGGGTGCTCAAGATAGAGAAGAGAATACTAAT,0.10045929428122102,0.11190387503542132,0.04910957039261511,0.1793681805496601,0.2156638383933207,0.2598014641999371,0.036602809022118515,0.047090968125706,1060.03447547627
GAAGATCCAACTTGGTTTGATTCTGGTGCTCAATTTGAATTGGAAGCTCAACAATTGGAAGAAGCTTTGTCTTTGTGTGATGATTTGTTGGGTGCTCAAGATAGAGAAGAGAATACTAAT,0.002631881853780949,0.0028188370816121986,0.001056442961755186,0.0016034462811244249,0.002342492079700043,0.14458818863142248,0.49141512311179364,0.353543587998811,3722.437117474436
GAAGATCCAACTTGGTTTGATTCTGGTGCTCAATTTGAATTGGAAGCTCAACAATTGGTTGAAGAATTGTCTTTGTGTGATGATTTGTTGGGTGCTCAAGATAGAGAAGAGAATACTAAT,0.0003137538683790196,0.005591960235066719,0.006274583884413602,0.055796082453660995,0.2048505797015275,0.33415728336491496,0.3274473904042122,0.06556836608782503,1910.7138212375046
GAAGATCCAACTTGGTTTGATTCTGGTGCTCAATTTGAATTGGAAGCTCAACAATTGGTTGAAGCTTTGTCTTTGTGTGATGATTTGTTGGGTGCTCAAGATAGAGAAGAGAATACTAAT,0.2955926288164998,0.2831071739408571,0.2502543256790067,0.1195485305852816,0.019369964074394872,0.019157526190077507,0.007579503673426813,0.005390347040455545,345.9035136063287
GAAGATCCAACTTGGTTTGATTCTGGTGCTCAATTTGAATTGGATGCTCAACAATTGGTTGAAGCTTTGTCTTTGTGTGATGATTTGTTGGGTGCTCAAGATAGAGAAGAGAATACTAAT,0.014273953662583553,0.006582290816468671,0.023682327214365646,0.08787907546776196,0.21039862309814286,0.3003772598465606,0.3546775116780582,0.002128958216058461,1559.7702555210021
GAAGATCCAACTTGGTTTGATTCTGGTGCTCAATTTGATTTGAATGCTCAACAATTGGAAGAAGCTTTGTCTTTGTGTGATGATTTGTTGGGTGCTCAAGATAGAGAAGAGAATACTAAT,0.020846835352800443,0.0565675726576662,0.09983234571655607,0.16422635406170089,0.18550595878326992,0.10654337035209693,0.16522088493312434,0.20125667814278522,2125.7350060017793
GAAGATCCAACTTGGTTTGATTCTGGTGCTCAATTTGATTTGAATGCTCAACAATTGGATGAAGCTTTGTCTTTGTGTGATGATTTGTTGGGTGCTCAAGATAGAGAAGAGAATACTAAT,0.1549096519061328,0.23973440808006816,0.25659522395488066,0.2165769560898685,0.06486202174219617,0.04357743123602261,0.014392764622562641,0.009351542368268552,475.4998986283881
GAAGATCCAACTTGGTTTGATTCTGGTGCTCAATTTGATTTGAATGCTCAACAATTGGTTGAAGAATTGTCTTTGTGTGATGATTTGTTGGGTGCTCAAGATAGAGAAGAGAATACTAAT,0.22828884101315614,0.20416603798893762,0.2335690271038316,0.15217269464458047,0.03999240855066325,0.060450226611711205,0.03293516538602533,0.048425598701094544,739.2259790331241
GAAGATCCAACTTGGTTTGATTCTGGTGCTCAATTTGATTTGAATGCTCAACAATTGGTTGAAGATTTGTCTTTGTGTGATGATTTGTTGGGTGCTCAAGATAGAGAAGAGAATACTAAT,0.21806184500159745,0.2655860486158085,0.14281290045668926,0.08925343078091917,0.033928350029590264,0.05259912227776464,0.07450986224607575,0.12324844059155517,1259.8549022027055
GAAGATCCAACTTGGTTTGATTCTGGTGCTCAATTTGATTTGAATGCTCAACAATTGGTTGAAGCTTTGTCTTTGTGTGATGATTTGTTGGGTGCTCAAGATAGAGAAGAGAATACTAAT,0.17350460460511577,0.1690378050596011,0.13676914284456218,0.11600352054597653,0.08742035759520282,0.15111947545287513,0.12305381285772549,0.043091281038941,1033.5458372801006
GAAGATCCAACTTGGTTTGATTCTGGTGCTCAATTTGATTTGAATGCTCAACAATTGGTTGATGATTTGTCTTTGTGTGATGATTTGTTGGGTGCTCAAGATAGAGAAGAGAATACTAAT,0.0038848737795711898,0.005618703392699898,0.004531996310608633,0.020231076450115827,0.12848328147513707,0.2661769972701163,0.3789925609257058,0.19208051039604523,2679.343498188339
GAAGATCCAACTTGGTTTGATTCTGGTGCTCAATTTGATTTGAATGCTCAAGAATTGGTTGAAGCTTTGTCTTTGTGTGATGATTTGTTGGGTGCTCAAGATAGAGAAGAGAATACTAAT,0.14405412350081248,0.16493717615181505,0.09755279226590279,0.08071950218683262,0.04731728783986138,0.07416868335119109,0.1106215026375417,0.28062893206604284,2339.9728620104524
GAAGATCCAACTTGGTTTGATTCTGGTGCTCAATTTGATTTGAATGCTCAAGATTTGGTTGAAGCTTTGTCTTTGTGTGATGATTTGTTGGGTGCTCAAGATAGAGAAGAGAATACTAAT,0.032119304170005074,0.04308798699652768,0.03730304318361399,0.04757794306124387,0.08018144333583828,0.27085469433813686,0.40711618603773053,0.08175939887690375,2056.884981095459
GAAGATCCAACTTGGTTTGATTCTGGTGCTCAATTTGATTTGAATGCTGAACAATTGGTTGAAGCTTTGTCTTTGTGTGATGATTTGTTGGGTGCTCAAGATAGAGAAGAGAATACTAAT,0.1864461694451063,0.14069091974007578,0.12566864545188017,0.1553515268459115,0.07655219139061913,0.06408658714379302,0.15850922529877307,0.09269473468384105,1324.1309435713827
GAAGATCCAACTTGGTTTGATTCTGGTGCTCAATTTGATTTGAATGCTGATCAATTGGTTGAAGCTTTGTCTTTGTGTGATGATTTGTTGGGTGCTCAAGATAGAGAAGAGAATACTAAT,0.0005215386978928711,0.0006559154965475876,0.0026499808196565533,0.0012071079173507418,0.000856546001186988,0.030794077448477362,0.37519004451267457,0.5881247891062135,4755.5614544596565
GAAGATCCAACTTGGTTTGATTCTGGTGCTCAATTTGATTTGGAAGCTCAACAATTGGTTGAAGCTTTGTCTTTGTGTGATGATTTGTTGGGTGCTCAAGATAGAGAAGAGAATACTAAT,0.0398972594108116,0.043964581758544875,0.05201011437256836,0.0949810750797177,0.06178074109091696,0.1393144511233689,0.2960211153507583,0.27203066181331326,2813.888227426802
GAAGATCCAACTTGGTTTGATTCTGGTGCTCAATTTGATTTGGATGCTCAACAATTGGATGAAGCTTTGTCTTTGTGTGATGATTTGTTGGGTGCTCAAGATAGAGAAGAGAATACTAAT,0.020361148096815867,0.03687449727153542,0.06080717995570504,0.22620544790238514,0.2407680817876716,0.31354072335759353,0.08686598198997213,0.014576939638321348,1073.4242001034866
GAAGATCCAACTTGGTTTGATTCTGGTGCTCAATTTGATTTGGATGCTCAACAATTGGTTGAAGCTTTGTCTTTGTGTGATGATTTGTTGGGTGCTCAAGATAGAGAAGAGAATACTAAT,0.04140927718816104,0.06666056229270342,0.0927494863444101,0.1104103251835017,0.10609291976252114,0.18977983539725418,0.2841966855648839,0.10870090826656445,1874.7098588287738
GAAGATCCAACTTGGTTTGATTCTGGTGCTCAATTTGATTTGGATGCTCAACAATTGGTTGATGATTTGTCTTTGTGTGATGATTTGTTGGGTGCTCAAGATAGAGAAGAGAATACTAAT,0.24307183022359607,0.2827959443548749,0.1487198684858981,0.12237668757356532,0.04287561829064891,0.11459777071229754,0.02179446711165717,0.02376781324746208,608.0114292042639
GAAGATCCAACTTGGTTTGATTCTGGTGCTGAATTTATCTTGAATGCTCAACAATTGGTTGAAGCTTTGTCTTTGTGTGATGATTTGTTGGGTGCTCAAGATAGAGAAGAGAATACTAAT,0.0005548202306386527,0.014562201732919179,0.07062976120171537,0.20257674812489604,0.3528980939327537,0.30743026759767345,0.05123297485144347,0.00011513232796026812,951.466838785296
GAAGATCCAACTTGGTTTGATTCTGGTGCTGAATTTATCTTGGAAGCTCAACAATTGGTTGAAGCTTTGTCTTTGTGTGATGATTTGTTGGGTGCTCAAGATAGAGAAGAGAATACTAAT,0.42220442312108003,0.2831476790968086,0.181196301812718,0.06558410100416248,0.02051485197959965,0.015538147300298878,0.0063448707374131105,0.005469624947919195,308.7308112057156
GAAGATCCAACTTGGTTTGATTCTGGTGCTGACTTTATCTTGAATGCTCAACAATTGGTTGAAGCTTTGTCTTTGTGTGATGATTTGTTGGGTGCTCAAGATAGAGAAGAGAATACTAAT,0.0466855507425453,0.08788203935260086,0.1236818823826383,0.21248354875877176,0.2567333570520628,0.22224350624801859,0.037711533763263645,0.012578581700098694,851.2879578307229
GAAGATCCAACTTGGTTTGATTCTGGTGCTGACTTTATCTTGGATGCTCAACAATTGGTTGAAGCTTTGTCTTTGTGTGATGATTTGTTGGGTGCTCAAGATAGAGAAGAGAATACTAAT,0.108208565285427,0.1294129266819313,0.2210275349058288,0.22909095385407402,0.1267481772820917,0.07672767482643487,0.04544505674996248,0.06333911041424986,953.7338049540865
GAAGATCCAACTTGGTTTGATTCTGGTTATCAATTTATCTTAAATTCTCAACAATTGGTTGAAGCTTTGTCTTTGTGTGATGATTTGTTGGGTTCTCAAGATAGAGAAGAGAATACTAAT,0.11650194485800812,0.11721535727881346,0.144968796546693,0.10589703418364403,0.20873048866950614,0.17474123743143471,0.06875878112444479,0.06318635990745569,1124.142620462274
GAAGATCCAACTTGGTTTGATTCTGGTTATCAATTTATCTTGAATTATCAACAATTGGTTGAAGCTTTGTCTTTGTGTGATGATTTGTTGGGTTATCAAGATAGAGAAGAGAATACTAAT,0.24316805867839195,0.2689024255899605,0.22625750796065117,0.15941370160842297,0.043714345487819335,0.032630169188033346,0.012190581950732608,0.01372320953598806,448.38677875131003
GAAGATCCAACTTGGTTTGATTCTGGTTCATTCTCTCAACAAATTAATTTGCAAGTCTTGGAAGCTTTGTCTTTGTGTGATGATTTGTTGGGTTCTCAAGATAGAGAAGAGAATACTAAT,0.27665112751725346,0.1192908132859715,0.1229463871928816,0.10976786334720945,0.13630690375776275,0.05433855372634753,0.10996267556982417,0.07073567560274957,1076.9580090062655
GAAGATCCAACTTGGTTTGATTCTGGTTCATTCTTGATTCAAAATTCTCAACAATTGGTTGAAGCTTTGTCTTTGTGTGATGATTTGTTGGGTTCTCAAGATAGAGAAGAGAATACTAAT,0.20104088973993078,0.26333522660094816,0.19352351471667356,0.17488695740666488,0.0747573550794869,0.045199568810388106,0.024626132234527684,0.02263035541137986,567.6451259061814
GAAGATCCAACTTGGTTTGATTCTGGTTCATTTAATATCTTGCAATCTCAACAATTGGTTGAAGCTTTGTCTTTGTGTGATGATTTGTTGGGTTCTCAAGATAGAGAAGAGAATACTAAT,0.0719241306067973,0.10854684884856175,0.08949854587786185,0.07990526910142418,0.31893526235793324,0.19777813950663808,0.1334118037007835,0.0,967.5113309765031
GAAGATCCAACTTGGTTTGATTCTGGTTCATTTATTCAATTAAATTCTCAACAATTGGTTGAAGCTTTGTCTTTGTGTGATGATTTGTTGGGTTCTCAAGATAGAGAAGAGAATACTAAT,0.08875676688738184,0.13545507150528818,0.25013984839258796,0.2361387020623816,0.11468593700853842,0.14322167451882215,0.022414725407717568,0.009187274217282273,642.7657444447545
GAAGATCCAACTTGGTTTGATTCTGGTTCATTTATTTCTCAGAATTTGCAACAATTGGTTGAAGCTTTGTCTTTGTGTGATGATTTGTTGGGTTCTCAAGATAGAGAAGAGAATACTAAT,0.057236674645616444,0.04415016343086893,0.08784078769884823,0.188644411260626,0.21056518484806835,0.2553220992744719,0.12209331038924899,0.034147368452251164,1184.2093032309517
GAAGATCCAACTTGGTTTGATTCTGGTTCATTTCAAATCTTAAATTCTCAACAATTGGTTGAAGCTTTGTCTTTGTGTGATGATTTGTTGGGTTCTCAAGATAGAGAAGAGAATACTAAT,0.20967305566862382,0.001839741380165555,0.004550685166711668,0.13678433039257504,0.02462540843997007,0.1927461395160713,0.3097807161700278,0.11999992326585487,1946.4275729676033
GAAGATCCAACTTGGTTTGATTCTGGTTCATTTCAATTGATTAATTCTCAACAATTGGTTGAAGCTTTGTCTTTGTGTGATGATTTGTTGGGTTCTCAAGATAGAGAAGAGAATACTAAT,0.1225705469909439,0.0880865151154692,0.07626012042547298,0.10699206535365462,0.13803635256880067,0.15247340569502035,0.21111596445650518,0.10446502939413305,1642.077778060853
GAAGATCCAACTTGGTTTGATTCTGGTTCTAAATTTATCTTGAAATCTAAGAAATTGGTTGAAGCTTTGTCTTTGTGTGATGATTTGTTGGGTTCTAAAGATAGAGAAGAGAAGACTAAA,0.029813593913524818,0.06499168156345697,0.10665802534433352,0.143528196159632,0.15301306230256886,0.19926157105748282,0.21083553914748254,0.0918983305115185,1645.5980621771885
GAAGATCCAACTTGGTTTGATTCTGGTTCTAACTTTCAACAACAATTGTTGTCTGTTATTGAAGCTTTGTCTTTGTGTGATGATTTGTTGGGTTCTCAAGATAGAGAAGAGAATACTAAT,0.11165167073158909,0.04493415278699552,0.11114669962369131,0.2604865587160116,0.25305123784443273,0.14327673403127353,0.062130681258868975,0.01332226500713732,827.0846938319027
GAAGATCCAACTTGGTTTGATTCTGGTTCTAATTCTATCTTGCAACAATTTCAATTGGTTGAAGCTTTGTCTTTGTGTGATGATTTGTTGGGTTCTCAAGATAGAGAAGAGAATACTAAT,0.10675592212004055,0.1611144805545655,0.022140227748754404,0.13836924245135157,0.08766497918984063,0.14677958204073005,0.23102469236057946,0.10615087353413782,1669.7837354198068
GAAGATCCAACTTGGTTTGATTCTGGTTCTAATTTGATTTCATTTCAACAACAATTGGTTGAAGCTTTGTCTTTGTGTGATGATTTGTTGGGTTCTCAAGATAGAGAAGAGAATACTAAT,0.23391713000803646,0.18827963774128845,0.17464438831601406,0.15592439752584406,0.09220138016696575,0.0,0.04338920188203642,0.11164386435981467,1105.6260796865877
GAAGATCCAACTTGGTTTGATTCTGGTTCTAGATTTATCTTGAGATCTAGAAGATTGGTTGAAGCTTTGTCTTTGTGTGATGATTTGTTGGGTTCTAGAGATAGAGAAGAAAGAACTAGA,0.03040463244318111,0.05098469756738291,0.040986725401422806,0.09007604047229832,0.08488927657981364,0.1486349348345062,0.366583361324429,0.1874403313769661,2483.9501721726606
GAAGATCCAACTTGGTTTGATTCTGGTTCTATCTTTAATCAATCTCAATTGCAATTGGTTGAAGCTTTGTCTTTGTGTGATGATTTGTTGGGTTCTCAAGATAGAGAAGAGAATACTAAT,0.33615923240664414,0.24708122344445363,0.12523909906886746,0.07156148562609901,0.04760529030092996,0.04428148996499853,0.03920464323434388,0.0888675359536634,947.5468561435437
GAAGATCCAACTTGGTTTGATTCTGGTTCTATCTTTCAATTAAATTCTCAACAATTGGTTGAAGCTTTGTCTTTGTGTGATGATTTGTTGGGTTCTCAAGATAGAGAAGAGAATACTAAT,0.0008457812712203193,0.00025528815164411615,0.0004209780126159456,0.00028189028984140665,0.021836084147706204,0.31521570684761613,0.46445406065601313,0.19669021062334266,2901.5831036814507
GAAGATCCAACTTGGTTTGATTCTGGTTCTATTAATCAATCTTTGTTTCAACAATTGGTTGAAGCTTTGTCTTTGTGTGATGATTTGTTGGGTTCTCAAGATAGAGAAGAGAATACTAAT,0.04207204222270904,0.05820330309994073,0.01963207568140184,0.04674061162908706,0.18656127937910233,0.22656033389803762,0.3072796469957702,0.11295070709395129,2017.306971710986
GAAGATCCAACTTGGTTTGATTCTGGTTCTATTCAATTCTTAAATTCTCAACAATTGGTTGAAGCTTTGTCTTTGTGTGATGATTTGTTGGGTTCTCAAGATAGAGAAGAGAATACTAAT,0.09283284315122274,0.1629554861547591,0.18187661871684507,0.2304060561443868,0.16933177085280637,0.1267314036782383,0.014654918912753386,0.021210902388988283,700.7476763393211
GAAGATCCAACTTGGTTTGATTCTGGTTCTCAAATCTTGTTTAATTCTCAACAATTGGTTGAAGCTTTGTCTTTGTGTGATGATTTGTTGGGTTCTCAAGATAGAGAAGAGAATACTAAT,0.23592693397043152,0.23737165839372057,0.16309715178446074,0.16017638993686137,0.07749464140672041,0.0720839672250841,0.030390277552274237,0.023458979730447062,608.4114755677318
GAAGATCCAACTTGGTTTGATTCTGGTTCTCAACAAATTAATCAATCATTCTTGTTGGTTGAAGCTTTGTCTTTGTGTGATGATTTGTTGGGTTCTCAAGATAGAGAAGAGAATACTAAT,0.10671418421401616,0.05781335549789683,0.06128742926397447,0.10943615853950396,0.10515684622569199,0.06019372154078442,0.20555696636972337,0.2938413383484088,2666.8848333731285
GAAGATCCAACTTGGTTTGATTCTGGTTCTCAACAAATTCAATTTAATTTGTCTTTGGTTGAAGCTTTGTCTTTGTGTGATGATTTGTTGGGTTCTCAAGATAGAGAAGAGAATACTAAT,0.1276773137008602,0.17127887962254637,0.2383122428053099,0.16548602479538851,0.16775206585377073,0.01950495253194163,0.059207044175563286,0.05078147651461944,851.1079476781896
GAAGATCCAACTTGGTTTGATTCTGGTTCTCAAGCTATCTTAAATTCTCAACAAGCTGTTGAAGCTTTGTCTTTGTGTGATGATTTGTTGGGTTCTCAAGATAGAGAAGAGAATACTAAT,0.024625889273294996,0.02661199887069124,0.05334176409420402,0.11247394662466155,0.21749983315142016,0.29678293317990834,0.22077927593304736,0.04788435887277237,1532.1360076567175
GAAGATCCAACTTGGTTTGATTCTGGTTCTCAAGCTATCTTAAATTCTCAACAATTGGTTGAAGCTGCTTCTTTGTGTGATGATTTGTTGGGTTCTCAAGATAGAGAAGAGAATACTAAT,0.05623155915598715,0.014143974817002173,0.0874644353440089,0.09370703187743161,0.24934923677083007,0.32213844231882743,0.14341760260913097,0.03354771710678179,1303.6662608317943
GAAGATCCAACTTGGTTTGATTCTGGTTCTCAAGCTATCTTAAATTCTCAACAATTGGTTGAAGCTTTGTCTGCTTGTGATGATTTGTTGGGTTCTCAAGATAGAGAAGAGAATACTAAT,0.11454822361301217,0.18647294984196122,0.2358903443690458,0.24493869073375463,0.12626706467812007,0.07654690371138621,0.011254516490225087,0.004081306562494765,514.8130127835968
GAAGATCCAACTTGGTTTGATTCTGGTTCTCAAGCTATCTTAAATTCTCAACAATTGGTTGAAGCTTTGTCTTTGTGTGATGATGCTTTGGGTTCTCAAGATAGAGAAGAGAATACTAAT,0.05383136344457242,0.038231298137817095,0.07092515959671448,0.06684067958430542,0.07488815033147857,0.04643964086677553,0.2936811671926397,0.35516254084569693,3213.127205106229
GAAGATCCAACTTGGTTTGATTCTGGTTCTCAAGCTATCTTAAATTCTCAACAATTGGTTGAAGCTTTGTCTTTGTGTGATGATTTGGCTGGTTCTCAAGATAGAGAAGAGAATACTAAT,0.11369818710854983,0.11439443041165653,0.08488797010945799,0.10105186296287776,0.13444671333215374,0.29180584235683504,0.10544917325860084,0.054265820459868254,1241.2632795128616
GAAGATCCAACTTGGTTTGATTCTGGTTCTCAAGCTATCTTAAATTCTCAACAATTGGTTGAAGCTTTGTCTTTGTGTGATGATTTGTTGGGTTCTCAAGATAGAGAAGAGAATACTAAT,0.0506868020305319,0.07417772831262609,0.07453957575292068,0.12286105641306529,0.09535355841752892,0.219628128664727,0.1923111030995351,0.17044204730906495,2064.5324873366885
GAAGATCCAACTTGGTTTGATTCTGGTTCTCAAGCTATTGCTAATTCTCAACAAGCTGTTGAAGCTTTGTCTTTGTGTGATGATTTGTTGGGTTCTCAAGATAGAGAAGAGAATACTAAT,0.05867461545505638,0.059033915889934396,0.0730115570235893,0.09777826087999548,0.13009127615468677,0.3092434488612028,0.1496485747306703,0.12251835100486445,1783.4484148847368
GAAGATCCAACTTGGTTTGATTCTGGTTCTCAATCATTCTTGAATATTCAACAATTGGTTGAAGCTTTGTCTTTGTGTGATGATTTGTTGGGTTCTCAAGATAGAGAAGAGAATACTAAT,0.07153899069831024,0.09160717687435592,0.10070870116391631,0.10356144982848998,0.04984493775288339,0.04934535733419281,0.20574800301364266,0.32764538333420873,2837.6376186805956
GAAGATCCAACTTGGTTTGATTCTGGTTCTCAATCTTTGATCTTTAATCAACAATTGGTTGAAGCTTTGTCTTTGTGTGATGATTTGTTGGGTTCTCAAGATAGAGAAGAGAATACTAAT,0.004785420414024173,0.004556792792611685,0.024819679620759472,0.11369474431542706,0.2405839532615491,0.3546947423022332,0.21718885377859162,0.03967581351480377,1550.5779384700443
GAAGATCCAACTTGGTTTGATTCTGGTTCTCAATTCTCTATCTTGAATCAACAATTGGTTGAAGCTTTGTCTTTGTGTGATGATTTGTTGGGTTCTCAAGATAGAGAAGAGAATACTAAT,0.14766951319849828,0.0990491890920603,0.12250136906076886,0.10937054634889742,0.14551449187387147,0.20303200981264133,0.11412984731978147,0.05873303329348088,1197.4536977655296
GAAGATCCAACTTGGTTTGATTCTGGTTCTCAATTCTCTCAAATTAATCAATTGTTGGTTGAAGCTTTGTCTTTGTGTGATGATTTGTTGGGTTCTCAAGATAGAGAAGAGAATACTAAT,0.0057163714649842105,0.008775656226414878,0.022420467254677993,0.10572266037632135,0.3682476435325765,0.4284733454841703,0.05946214203661824,0.0011817136242364865,1093.2354806724834
GAAGATCCAACTTGGTTTGATTCTGGTTCTCAATTCTCTCAGAATTTGTTGCAAGTTATTGAAGCTTTGTCTTTGTGTGATGATTTGTTGGGTTCTCAAGATAGAGAAGAGAATACTAAT,0.2027220530486976,0.23054224944711385,0.18722719893862547,0.14100008081668292,0.05319484502341499,0.051059955994780554,0.08149057090556736,0.05276304582511713,871.8743965597696
GAAGATCCAACTTGGTTTGATTCTGGTTCTCAATTCTCTTTGAATATTCAACAATTGGTTGAAGCTTTGTCTTTGTGTGATGATTTGTTGGGTTCTCAAGATAGAGAAGAGAATACTAAT,0.004795724842579978,0.006272619585662051,0.06529487510393078,0.15854905536276004,0.31693951049239627,0.3536410872770207,0.08272882205043025,0.011778305285219915,1117.9978807092468
GAAGATCCAACTTGGTTTGATTCTGGTTCTCAATTCTCTTTGATTAATCAACAATTGGTTGAAGCTTTGTCTTTGTGTGATGATTTGTTGGGTTCTCAAGATAGAGAAGAGAATACTAAT,0.02125987787387056,0.0011198986944926607,0.0011080484316309512,0.0007419582120449536,0.02270456300984262,0.34382678829556484,0.48798069316724424,0.12125817231530914,2526.377126236173
GAAGATCCAACTTGGTTTGATTCTGGTTCTCAATTCTTAAATTCTATTGTTCAACAATTGGAAGCTTTGTCTTTGTGTGATGATTTGTTGGGTTCTCAAGATAGAGAAGAGAATACTAAT,0.1289358470725481,0.11119319987619194,0.05348029341088699,0.14324335199094318,0.1512550194067881,0.25324991502038396,0.1366643574834744,0.021978015738783246,1088.8209779699607
GAAGATCCAACTTGGTTTGATTCTGGTTCTCAATTCTTGAATCAACAAATTTCTTTGGTTGAAGCTTTGTCTTTGTGTGATGATTTGTTGGGTTCTCAAGATAGAGAAGAGAATACTAAT,0.040510448916962455,0.04755160560309357,0.10081807705812988,0.19502484925277197,0.22620912842218455,0.2413586255107695,0.10019024237798058,0.048337022858107634,1216.4750531701602
GAAGATCCAACTTGGTTTGATTCTGGTTCTCAATTCTTGATCTTGAATCAAGTTCAATCTGAAGCTTTGTCTTTGTGTGATGATTTGTTGGGTTCTCAAGATAGAGAAGAGAATACTAAT,0.28156252787820246,0.24131830584340358,0.11678712279266006,0.09268338268312344,0.0924845110487709,0.028675748164652633,0.09671653537289286,0.049771866216294126,859.6938933293758
GAAGATCCAACTTGGTTTGATTCTGGTTCTCAATTCTTGATTAATCAATCTCAATTGGTTGAAGCTTTGTCTTTGTGTGATGATTTGTTGGGTTCTCAAGATAGAGAAGAGAATACTAAT,0.21573100495459824,0.25854927080925455,0.23416871673780076,0.16045697217217145,0.07110016344248725,0.042797343363465384,0.010737110021280267,0.006459418498942142,430.2258824566061
GAAGATCCAACTTGGTTTGATTCTGGTTCTCAATTCTTGATTAATTCTCAACAATTGGTTGAAGCTTTGTCTTTGTGTGATGATTTGTTGGGTTCTCAAGATAGAGAAGAGAATACTAAT,0.07262708493202917,0.09590677010523563,0.09602159373073717,0.08068622750926004,0.19233684590849967,0.2621208642910644,0.15155517496197368,0.048745438561200276,1313.580072079857
GAAGATCCAACTTGGTTTGATTCTGGTTCTCAATTCTTGATTCAATCTTTGCAAGCTAATGAAGTCTTGTCTTTGTGTGATGATTTGTTGGGTTCTCAAGATAGAGAAGAGAATACTAAT,0.22308131840094547,0.14963158752680214,0.0,0.10621533290670497,0.16748630223855737,0.21421456684398055,0.08866986685055875,0.05070102523245066,1093.6313165159756
GAAGATCCAACTTGGTTTGATTCTGGTTCTCAATTCTTGATTTCTAATCAACAATTGGTTGAAGCTTTGTCTTTGTGTGATGATTTGTTGGGTTCTCAAGATAGAGAAGAGAATACTAAT,0.062421357627395965,0.06978177960931048,0.09493464790167444,0.046232007133193705,0.09568285827123554,0.05085844753299643,0.1994077501823394,0.3806811517418541,3159.881018430869
GAAGATCCAACTTGGTTTGATTCTGGTTCTCAATTCTTGGAAGCTAATTTGCAACAATCTGTTATCTTGTCTTTGTGTGATGATTTGTTGGGTTCTCAAGATAGAGAAGAGAATACTAAT,0.3103836707026838,0.05204738985154071,0.10299329569557299,0.1264361004447377,0.21409785137759346,0.05689986972560996,0.03838196814556671,0.09875985405669463,1123.864473353911
GAAGATCCAACTTGGTTTGATTCTGGTTCTCAATTCTTGTCTATTAATCAACAATTGGTTGAAGCTTTGTCTTTGTGTGATGATTTGTTGGGTTCTCAAGATAGAGAAGAGAATACTAAT,0.1622976299440684,0.12486995319797964,0.1841349858618717,0.24924813428699913,0.1222987484398944,0.08313219988726124,0.03984422733346258,0.03417412104846287,763.4424362496511
GAAGATCCAACTTGGTTTGATTCTGGTTCTCAATTCTTGTTGATTCAGAATGTTCAATCTGAAGCTTTGTCTTTGTGTGATGATTTGTTGGGTTCTCAAGATAGAGAAGAGAATACTAAT,0.24719590332844588,0.1786648803082352,0.08788496476658776,0.11433419910549546,0.11930862337681089,0.09895582727744781,0.06456749158286333,0.08908811025411355,1123.9988152397254
GAAGATCCAACTTGGTTTGATTCTGGTTCTCAATTGAATCAATCTCAAATCTTGTTTGTTGAAGCTTTGTCTTTGTGTGATGATTTGTTGGGTTCTCAAGATAGAGAAGAGAATACTAAT,0.09861153047004355,0.228811075091154,0.2186380177389659,0.2193867517081812,0.11195095326418437,0.08036519918682741,0.026376482805570405,0.015859989735073056,612.6403627936168
GAAGATCCAACTTGGTTTGATTCTGGTTCTCAATTTAATTCTATTCAATTGCAATTGGTTGAAGCTTTGTCTTTGTGTGATGATTTGTTGGGTTCTCAAGATAGAGAAGAGAATACTAAT,0.002755619781309089,0.003089350591845341,0.00960104893515609,0.06087812757419581,0.13406345000743533,0.46518313583627474,0.32114126479742455,0.003288002476359091,1625.5596039777995
GAAGATCCAACTTGGTTTGATTCTGGTTCTCAATTTAATTCTTTGATTCAACAATTGGTTGAAGCTTTGTCTTTGTGTGATGATTTGTTGGGTTCTCAAGATAGAGAAGAGAATACTAAT,0.011404057808773523,0.021308656211051488,0.01621782894012642,0.07239726483769693,0.12040320220570255,0.2643121016465348,0.3520520927331744,0.14190479561693983,2315.6135259166626
GAAGATCCAACTTGGTTTGATTCTGGTTCTCAATTTATCTTAAATTCTAAAGCTACATTTGAAGCTTATAAGAAAGCTGCTTTGTTGTTGGGTTCTCAAGATAGAGAAGAGAATACTAAT,0.2382971674671002,0.2055054910927185,0.06354091396186314,0.09455002460788607,0.033545652516205136,0.07800873946338731,0.06314521915635084,0.2234067917344889,1866.5006223361993
GAAGATCCAACTTGGTTTGATTCTGGTTCTCAATTTATCTTAAATTCTCAACAAGAAGCTGTCTTGTTGTCTTTGTGTGATGATTTGTTGGGTTCTCAAGATAGAGAAGAGAATACTAAT,0.06340990640134361,0.08699755078503907,0.11118276834219112,0.13448830471640627,0.2044948294930937,0.2615483817852904,0.10692618248158722,0.030952075995048685,1120.9906059045152
GAAGATCCAACTTGGTTTGATTCTGGTTCTCAATTTATCTTAAATTCTCAACAAGAAGCTTTGGTCTTGTCTTTGTGTGATGATTTGTTGGGTTCTCAAGATAGAGAAGAGAATACTAAT,0.00341088898551238,0.012234281218397414,0.04940397839646275,0.172170568880316,0.342547732737114,0.3205225532235788,0.09083768221202268,0.008872314346596022,1097.7709938549024
GAAGATCCAACTTGGTTTGATTCTGGTTCTCAATTTATCTTAAATTCTCAACAAGAAGTCTTGGCTTCTTTGTTGTGTGATGATTTGTTGGGTTCTCAAGATAGAGAAGAGAATACTAAT,0.07206998626045562,0.04834087647718101,0.11957338781538557,0.213512826092088,0.29985474825208275,0.13945944811749608,0.059414378139112135,0.04777434884619883,1045.298067716235
GAAGATCCAACTTGGTTTGATTCTGGTTCTCAATTTATCTTAAATTCTCAACAAGAAGTCTTGTCTTGTTTGTTGGCTGATGATTTGTTGGGTTCTCAAGATAGAGAAGAGAATACTAAT,0.0006600494163235722,0.0011953643422056494,0.012648485592244178,0.22057438687980266,0.2844923770265489,0.4092252867954037,0.06978642352665629,0.0014176264208150306,1079.9513828576103
GAAGATCCAACTTGGTTTGATTCTGGTTCTCAATTTATCTTAAATTCTCAACAAGAAGTTTGTTTGGCTTCTTTGTTGGATGATTTGTTGGGTTCTCAAGATAGAGAAGAGAATACTAAT,0.1190951622637451,0.1497805681692401,0.0370489144386191,0.2646213700207862,0.1466964274317573,0.10916326884104471,0.138068234850361,0.03552605398444651,1039.40831704333
GAAGATCCAACTTGGTTTGATTCTGGTTCTCAATTTATCTTAAATTCTCAACAAGAATCTGCTGTCTTGTTGTTGTGTGATGATTTGTTGGGTTCTCAAGATAGAGAAGAGAATACTAAT,0.008282739974052654,0.019047909119003507,0.0476066722762081,0.16168952914220278,0.30004572056511464,0.32247941593241225,0.117787781905775,0.02306023108523112,1224.1747077954467
GAAGATCCAACTTGGTTTGATTCTGGTTCTCAATTTATCTTAAATTCTCAACAAGAATCTTTGTTGGTCTTGGCTTGTGATGATTTGTTGGGTTCTCAAGATAGAGAAGAGAATACTAAT,0.07383202254804165,0.1114262115383635,0.11024714962597133,0.18865720634412678,0.1455091035704418,0.2030244916743396,0.12325567086204359,0.044048143836671716,1154.133944875617
GAAGATCCAACTTGGTTTGATTCTGGTTCTCAATTTATCTTAAATTCTCAACAAGAATTGGTTGCTTTGTCTTTGTGTGATGATTTGTTGGGTTCTCAAGATAGAGAAGAGAATACTAAT,0.19992018724682387,0.21790645544678833,0.12438500055035522,0.12339141433551143,0.09850132174352783,0.09162396159655208,0.051504335486299894,0.09276732359414133,1106.2348885442652
GAAGATCCAACTTGGTTTGATTCTGGTTCTCAATTTATCTTAAATTCTCAACAAGAATTGTCTGTCTTGGCTTTGTGTGATGATTTGTTGGGTTCTCAAGATAGAGAAGAGAATACTAAT,0.16347455142053877,0.15762245550365694,0.13561266589056994,0.18161468080725424,0.14766480538156287,0.06867742593683336,0.08844159930595556,0.05689181575362824,992.9972858022329
GAAGATCCAACTTGGTTTGATTCTGGTTCTCAATTTATCTTAAATTCTCAACAAGATGTTGCTTGTTCTTTGTTGGAAGATTTGTTGTTGGGTTCTCAAGATAGAGAAGAGAATACTAAT,0.2438231671116051,0.2624313318427893,0.12700487047366252,0.10079228541000411,0.04190667267679911,0.054573049579640306,0.08151318256949505,0.0879554403360046,1065.8878150847875
GAAGATCCAACTTGGTTTGATTCTGGTTCTCAATTTATCTTAAATTCTCAACAAGATTGTGATGTCTTGTTGTCTGAAGCTTTGTTGTTGGGTTCTCAAGATAGAGAAGAGAATACTAAT,0.07492760821792849,0.13820846532958858,0.09323591296878299,0.3052207797297644,0.17227968095103244,0.057232541916049436,0.06949147160351483,0.08940353928333881,1182.1919740970613
GAAGATCCAACTTGGTTTGATTCTGGTTCTCAATTTATCTTAAATTCTCAACAAGATTTGTCTTGTGAAGATTTGGTTGCTTTGTTGTTGGGTTCTCAAGATAGAGAAGAGAATACTAAT,0.2196490442859525,0.16837644896662887,0.1952282406197165,0.11620125556158904,0.13398888694995387,0.09587214290017679,0.05820374277354503,0.012480237942437397,657.6656860103224
GAAGATCCAACTTGGTTTGATTCTGGTTCTCAATTTATCTTAAATTCTCAACAAGCTGAAGTCTTGTTGTCTTTGTGTGATGATTTGTTGGGTTCTCAAGATAGAGAAGAGAATACTAAT,0.24562899448081543,0.24984887922158164,0.22671662564573233,0.14843770614540006,0.061176056459842094,0.040822969615858996,0.011265238505524593,0.016103529925244782,476.5394210366495
GAAGATCCAACTTGGTTTGATTCTGGTTCTCAATTTATCTTAAATTCTCAACAAGCTGAATTGGTTTGTTTGTCTTTGGATGATTTGTTGGGTTCTCAAGATAGAGAAGAGAATACTAAT,0.16225706232882472,0.16325066122341708,0.11306625145168966,0.18026209172928126,0.15988915698522216,0.12492958759141312,0.04213580342534785,0.05420938526480409,935.1744652477914
GAAGATCCAACTTGGTTTGATTCTGGTTCTCAATTTATCTTAAATTCTCAACAAGCTGTCTTGGAATTGTCTTTGTGTGATGATTTGTTGGGTTCTCAAGATAGAGAAGAGAATACTAAT,0.0005309517684930006,0.0005698166504609225,0.0008368714879595867,0.0013763619390027334,0.007569007758314309,0.0593741374910525,0.5103875245174855,0.4193553283872315,4076.780512448613
GAAGATCCAACTTGGTTTGATTCTGGTTCTCAATTTATCTTAAATTCTCAACAAGCTGTTGAAGCTGCTTCTGCTTGTGATGATTTGTTGGGTTCTCAAGATAGAGAAGAGAATACTAAT,0.1936446647051169,0.1217690431381353,0.18072080707023733,0.1254940476738342,0.11926168940662671,0.14791312111979418,0.08231455190793245,0.02888207497832287,868.8268338068966
GAAGATCCAACTTGGTTTGATTCTGGTTCTCAATTTATCTTAAATTCTCAACAAGCTGTTGAAGCTGCTTCTTTGTGTGATGATTTGTTGGGTTCTCAAGATAGAGAAGAGAATACTAAT,0.2250687296330458,0.19342344726583227,0.11669312657885389,0.1562773270243098,0.12937410473739566,0.08595800539401909,0.06523111776704714,0.027974141599496294,757.3604654126144
GAAGATCCAACTTGGTTTGATTCTGGTTCTCAATTTATCTTAAATTCTCAACAAGCTGTTGAAGCTTTGTCTGCTTGTGATGATTTGTTGGGTTCTCAAGATAGAGAAGAGAATACTAAT,0.023001548193489926,0.04297874414490729,0.04088842544198447,0.16427532679025958,0.2396106692806851,0.19878580808538268,0.17675701601698895,0.1137024620463019,1744.4656983942348
GAAGATCCAACTTGGTTTGATTCTGGTTCTCAATTTATCTTAAATTCTCAACAAGCTGTTGAAGCTTTGTCTTTGTGTGATGATGCTTTGGGTTCTCAAGATAGAGAAGAGAATACTAAT,0.111067931460937,0.07449871207031392,0.09213800037671412,0.24678540781933267,0.16417058531535056,0.22057850910419846,0.06867316501664802,0.022087688836505238,930.2448851350455
GAAGATCCAACTTGGTTTGATTCTGGTTCTCAATTTATCTTAAATTCTCAACAAGCTGTTGAAGCTTTGTCTTTGTGTGATGATTTGGCTGGTTCTCAAGATAGAGAAGAGAATACTAAT,0.28455313370527185,0.0954318753296954,0.11802757283614553,0.05268814636234769,0.18693366362665725,0.13041146946607104,0.13195413867381117,0.0,793.644508044411
GAAGATCCAACTTGGTTTGATTCTGGTTCTCAATTTATCTTAAATTCTCAACAAGCTGTTGAAGCTTTGTCTTTGTGTGATGATTTGTTGGGTTCTCAAGATAGAGAAGAGAATACTAAT,0.17456422458603624,0.08781659386841034,0.05924138064629244,0.14985881068953003,0.1485598894900103,0.05818418578066642,0.19869455507353107,0.12308035986552313,1630.3734501581405
GAAGATCCAACTTGGTTTGATTCTGGTTCTCAATTTATCTTAAATTCTCAACAAGCTGTTGAATTGTTGTCTTTGTGTGATGATTTGTTGGGTTCTCAAGATAGAGAAGAGAATACTAAT,0.0033715190170605027,0.00038298635776632463,0.0023063082063791798,0.007594493068588988,0.040841273820609786,0.13367228517978,0.4447502803513042,0.3670808539985111,3705.36207872085
GAAGATCCAACTTGGTTTGATTCTGGTTCTCAATTTATCTTAAATTCTCAACAAGCTTGTTTGGAAGTTGATTTGGATTTGTCTTTGTTGGGTTCTCAAGATAGAGAAGAGAATACTAAT,0.20919315124325272,0.19293465438465987,0.19523158659608486,0.11620324711083337,0.13742685472587415,0.09587378603297103,0.03233596684190761,0.020800753064416366,650.4758333894861
GAAGATCCAACTTGGTTTGATTCTGGTTCTCAATTTATCTTAAATTCTCAACAAGTCTTGGAAGCTTTGTCTTTGTGTGATGATTTGTTGGGTTCTCAAGATAGAGAAGAGAATACTAAT,0.09999864326762396,0.10061099591339101,0.038287067590233016,0.07691199248000472,0.10611925564354868,0.1621664474921449,0.27823067001460805,0.1376749275984456,1988.1831078686184
GAAGATCCAACTTGGTTTGATTCTGGTTCTCAATTTATCTTAAATTCTCAACAAGTCTTGTCTGAATTGGCTTTGTGTGATGATTTGTTGGGTTCTCAAGATAGAGAAGAGAATACTAAT,0.09445744576955446,0.11087517733304453,0.19589633252870076,0.12242885411383968,0.10859213985115906,0.12987030728937385,0.08760438330480329,0.15027535980952433,1607.8246502166728
GAAGATCCAACTTGGTTTGATTCTGGTTCTCAATTTATCTTAAATTCTCAACAAGTCTTGTGTTTGTCTGAAGCTTTGGATGATTTGTTGGGTTCTCAAGATAGAGAAGAGAATACTAAT,0.08361182554229735,0.19628894066771094,0.0,0.061926601115678055,0.16478326561664208,0.12773175132212286,0.23263689867790213,0.1330207170576467,1839.3438164367676
GAAGATCCAACTTGGTTTGATTCTGGTTCTCAATTTATCTTAAATTCTCAACAAGTTGAATTGGCTTTGTCTTTGTGTGATGATTTGTTGGGTTCTCAAGATAGAGAAGAGAATACTAAT,0.0018041038462262517,0.0016206709587033418,0.001523345662131402,0.00035791038741453857,0.0005714278649924518,0.008858846397613324,0.3505380761650736,0.6347256187178448,4957.396942428837
GAAGATCCAACTTGGTTTGATTCTGGTTCTCAATTTATCTTAAATTCTCAACAAGTTGCTTCTGAATGTTTGTTGTTGGATGATTTGTTGGGTTCTCAAGATAGAGAAGAGAATACTAAT,0.09658907302063593,0.06478703119301053,0.09348133090729663,0.1311532241226206,0.15863249378894187,0.09837118434293704,0.22893013469529042,0.128055527929267,1788.4588696358253
GAAGATCCAACTTGGTTTGATTCTGGTTCTCAATTTATCTTAAATTCTCAACAAGTTGCTTTGGAATTGTCTTTGTGTGATGATTTGTTGGGTTCTCAAGATAGAGAAGAGAATACTAAT,0.008082065888672402,0.007628574378392525,0.007464908813876593,0.009626862950199952,0.004023112122621951,0.038644134120071456,0.4623376853146495,0.46219265641151563,4202.479144460273
GAAGATCCAACTTGGTTTGATTCTGGTTCTCAATTTATCTTAAATTCTCAACAATCTGAATTGGTCTTGGCTTTGTGTGATGATTTGTTGGGTTCTCAAGATAGAGAAGAGAATACTAAT,0.2606125311262438,0.23475990327775734,0.2204752707821388,0.1629787387749791,0.05417738214257151,0.046512513476916234,0.015718749419906097,0.00476491099948713,421.90182672374846
GAAGATCCAACTTGGTTTGATTCTGGTTCTCAATTTATCTTAAATTCTCAACAATCTGCTGAATTGGTCTTGTTGTGTGATGATTTGTTGGGTTCTCAAGATAGAGAAGAGAATACTAAT,0.005592290382613961,0.0004562055717846416,0.0005015313446585902,0.0003078436661395404,0.0004964575725177629,0.007688885344341772,0.39018345947932404,0.5947733266386198,4804.441745580271
GAAGATCCAACTTGGTTTGATTCTGGTTCTCAATTTATCTTAAATTCTCAACAATCTTTGGTCTTGTTGGCTGAAGATTGTGATTTGTTGGGTTCTCAAGATAGAGAAGAGAATACTAAT,0.11674729906866023,0.10571599254856529,0.10169187155357613,0.14267251751626364,0.1725653135876502,0.11771232523384755,0.17324330640679622,0.06965137408464069,1330.9613615680846
GAAGATCCAACTTGGTTTGATTCTGGTTCTCAATTTATCTTAAATTCTCAACAATCTTTGTGTTTGGCTGAATTGGTTGATGATTTGTTGGGTTCTCAAGATAGAGAAGAGAATACTAAT,0.09970284737799741,0.1504700830278499,0.04135496568829272,0.13845810131287486,0.25380689321636773,0.16754497521461986,0.06935191599075873,0.07931021817123883,1240.2025004629863
GAAGATCCAACTTGGTTTGATTCTGGTTCTCAATTTATCTTAAATTCTCAACAATGTGTCTTGGAATTGTTGTCTGCTGATGATTTGTTGGGTTCTCAAGATAGAGAAGAGAATACTAAT,0.23818500171216278,0.18179855794943126,0.13286210334706255,0.1277453928189466,0.12140122694183597,0.09786832978933188,0.060939100448372675,0.03920028699285635,818.389776138703
GAAGATCCAACTTGGTTTGATTCTGGTTCTCAATTTATCTTAAATTCTCAACAATGTTCTGATTTGGAAGTTGCTGATTTGTTGTTGTTGGGTTCTCAAGATAGAGAAGAGAATACTAAT,0.1856504373562427,0.12452485876352969,0.1155067433196234,0.03437522296201778,0.15245094983226817,0.170168193387201,0.1434842955149263,0.07383929886419087,1303.1723898147504
GAAGATCCAACTTGGTTTGATTCTGGTTCTCAATTTATCTTAAATTCTCAACAATTGGAAGAAGAATTGTCTTTGTGTGATGATTTGTTGGGTTCTCAAGATAGAGAAGAGAATACTAAT,0.21031617045623388,0.16928325165101996,0.2093649657952717,0.2803849565630729,0.04144938249462401,0.0,0.03901146862852157,0.05018980441125612,727.8910633694122
GAAGATCCAACTTGGTTTGATTCTGGTTCTCAATTTATCTTAAATTCTCAACAATTGGAAGAAGATTTGTCTTTGTGTGATGATTTGTTGGGTTCTCAAGATAGAGAAGAGAATACTAAT,0.04702925898147238,0.04055764097174367,0.033440398590212465,0.08210386057674054,0.04634293548929539,0.012316363639692374,0.3053203945704408,0.4328891471804023,3663.2317786101576
GAAGATCCAACTTGGTTTGATTCTGGTTCTCAATTTATCTTAAATTCTCAACAATTGGAAGAAGCTTTGTCTTTGTGTGATGATTTGTTGGGTTCTCAAGATAGAGAAGAGAATACTAAT,0.19654251347770574,0.23729527570558892,0.09782680172026903,0.08734082593316554,0.11620455716629016,0.07206077167079973,0.145826392370564,0.04690286195561685,1024.1096090014678
GAAGATCCAACTTGGTTTGATTCTGGTTCTCAATTTATCTTAAATTCTCAACAATTGGAAGTTGCTTTGTCTTTGTGTGATGATTTGTTGGGTTCTCAAGATAGAGAAGAGAATACTAAT,0.19106965827868166,0.17301572483459962,0.23775687565566314,0.21227190837162996,0.07531251003601025,0.07005419221933179,0.017720720103526846,0.022798410500556757,594.9837825155028
GAAGATCCAACTTGGTTTGATTCTGGTTCTCAATTTATCTTAAATTCTCAACAATTGGATGAAGAATTGTCTTTGTGTGATGATTTGTTGGGTTCTCAAGATAGAGAAGAGAATACTAAT,0.000492256094492223,0.0006273426062366998,0.0008167162496533208,0.001057300987949188,0.012353175445065777,0.025297537591507914,0.5255711550251343,0.43378451599996043,4164.942066500373
GAAGATCCAACTTGGTTTGATTCTGGTTCTCAATTTATCTTAAATTCTCAACAATTGGATGAAGATTTGTCTTTGTGTGATGATTTGTTGGGTTCTCAAGATAGAGAAGAGAATACTAAT,0.296470834225248,0.15592238715076917,0.09222811709540751,0.11977055969006087,0.17927035025540594,0.06793669189598919,0.056242089540738144,0.03215897014638119,750.6085434949606
GAAGATCCAACTTGGTTTGATTCTGGTTCTCAATTTATCTTAAATTCTCAACAATTGGATGAAGCTTTGTCTTTGTGTGATGATTTGTTGGGTTCTCAAGATAGAGAAGAGAATACTAAT,0.00027400949492921325,0.0,0.00012786104162467794,7.610381329584994e-05,0.000135005362852534,9.418446851050951e-05,0.2907560275400966,0.7085368082786906,5258.160430921048
GAAGATCCAACTTGGTTTGATTCTGGTTCTCAATTTATCTTAAATTCTCAACAATTGGCTGAAGCTTTGTCTTTGTGTGATGATTTGTTGGGTTCTCAAGATAGAGAAGAGAATACTAAT,0.061567052136332616,0.1858321941721862,0.07661075071330137,0.1538975391328237,0.09100285611168758,0.11286538489657955,0.17130074575983942,0.14692347707724968,1755.2923676491532
GAAGATCCAACTTGGTTTGATTCTGGTTCTCAATTTATCTTAAATTCTCAACAATTGGCTGAATCTTTGTTGGATGTTGATTGTTTGTTGGGTTCTCAAGATAGAGAAGAGAATACTAAT,0.0014045053265726761,0.0007503217533385383,0.00028502173249845414,0.0007101501862920067,0.003844079563156637,0.03543786400252726,0.44449819576166294,0.5130698616739515,4465.864915082654
GAAGATCCAACTTGGTTTGATTCTGGTTCTCAATTTATCTTAAATTCTCAACAATTGGCTTGTTTGTCTGAAGTCTTGGATGATTTGTTGGGTTCTCAAGATAGAGAAGAGAATACTAAT,0.0008711662022267061,0.000681722909694107,0.0007226884557328345,0.001290448128858569,0.010969119126238358,0.03256169353330198,0.4794802530200146,0.4734229086239328,4306.439687291812
GAAGATCCAACTTGGTTTGATTCTGGTTCTCAATTTATCTTAAATTCTCAACAATTGGTCTTGGAAGCTTCTTTGTGTGATGATTTGTTGGGTTCTCAAGATAGAGAAGAGAATACTAAT,0.06171101413516141,0.062088908289960096,0.23036966800220848,0.06855884317808977,0.24324172729759178,0.11312929758761295,0.0,0.2209005415093755,1880.4198453597378
GAAGATCCAACTTGGTTTGATTCTGGTTCTCAATTTATCTTAAATTCTCAACAATTGGTCTTGGAATGTGCTTCTGATGATTTGTTGTTGGGTTCTCAAGATAGAGAAGAGAATACTAAT,0.1573860227136952,0.1385560691056825,0.02448034487094074,0.10928158247831643,0.1357030527072437,0.07213043914945,0.12772145361079568,0.23474103536387575,2143.696403651566
GAAGATCCAACTTGGTTTGATTCTGGTTCTCAATTTATCTTAAATTCTCAACAATTGGTCTTGGAATGTTTGGCTTCTGATGATTTGTTGGGTTCTCAAGATAGAGAAGAGAATACTAAT,0.09564260435802278,0.12117635551706131,0.141051908210387,0.12593266820448162,0.04537810811995971,0.1590985130910362,0.18069242979493202,0.13102741270411924,1703.7161012000295
GAAGATCCAACTTGGTTTGATTCTGGTTCTCAATTTATCTTAAATTCTCAACAATTGGTCTTGGAATTGTGTTCTGCTGATGATTTGTTGGGTTCTCAAGATAGAGAAGAGAATACTAAT,0.07238727213382483,0.08901510875148387,0.09007485445267419,0.07148426988980104,0.1426617707953045,0.06635056452683569,0.14173037671677916,0.32629578273329674,2738.841933123468
GAAGATCCAACTTGGTTTGATTCTGGTTCTCAATTTATCTTAAATTCTCAACAATTGGTCTTGGATGCTTTGTCTGATTGTGAATTGTTGGGTTCTCAAGATAGAGAAGAGAATACTAAT,0.018589702891171886,0.06234512991039064,0.12722618259876098,0.21685155725593755,0.27172313018626254,0.23429205324048835,0.05603320303742549,0.012939040879562434,922.2641157946325
GAAGATCCAACTTGGTTTGATTCTGGTTCTCAATTTATCTTAAATTCTCAACAATTGGTCTTGGATTGTGATTTGTCTGCTGAATTGTTGGGTTCTCAAGATAGAGAAGAGAATACTAAT,0.0002756226983602065,0.0003004197128237038,0.0006573594768535101,0.0007910359576252321,0.030102376201798522,0.18358307100077242,0.44777112575489036,0.336518989196876,3574.3518217991373
GAAGATCCAACTTGGTTTGATTCTGGTTCTCAATTTATCTTAAATTCTCAACAATTGGTCTTGGATTGTGCTTCTGAAGATTTGTTGTTGGGTTCTCAAGATAGAGAAGAGAATACTAAT,0.12341277887203476,0.24833702108385716,0.10969162086501444,0.1371074105884644,0.15635796329827975,0.1292809366162236,0.03270255811850893,0.06310971055761691,963.0313832546792
GAAGATCCAACTTGGTTTGATTCTGGTTCTCAATTTATCTTAAATTCTCAACAATTGGTCTTGGATTTGGCTGAATCTTTGGATTGTTTGGGTTCTCAAGATAGAGAAGAGAATACTAAT,0.25179143329498205,0.26397756226041985,0.16587307518153405,0.1504439612494953,0.05421041606527063,0.05818320691359532,0.035322882189719,0.02019746284498384,568.2740117234888
GAAGATCCAACTTGGTTTGATTCTGGTTCTCAATTTATCTTAAATTCTCAACAATTGGTCTTGGCTGAATCTTTGTGTGATGATTTGTTGGGTTCTCAAGATAGAGAAGAGAATACTAAT,0.22732398156967618,0.24630956524632044,0.13055530099462337,0.19426863971677222,0.05169381216261848,0.06411273509201539,0.06487114033547585,0.020864824882498082,656.9580823162667
GAAGATCCAACTTGGTTTGATTCTGGTTCTCAATTTATCTTAAATTCTCAACAATTGGTCTTGGCTTCTGAATTGTGTGATGATTTGTTGGGTTCTCAAGATAGAGAAGAGAATACTAAT,0.04254874060382484,0.08026742339558351,0.01985451743133466,0.04136143143883559,0.052409754684063815,0.0536255574240575,0.2022414725695685,0.5076911024527316,3917.202377281226
GAAGATCCAACTTGGTTTGATTCTGGTTCTCAATTTATCTTAAATTCTCAACAATTGGTCTTGTCTGAAGCTTTGTGTGATGATTTGTTGGGTTCTCAAGATAGAGAAGAGAATACTAAT,0.48382542514756377,0.2932298104996837,0.12327094958005091,0.052572174413084455,0.018303580735955317,0.012971904857980122,0.007383010892136539,0.008443143873544993,311.0361084264156
GAAGATCCAACTTGGTTTGATTCTGGTTCTCAATTTATCTTAAATTCTCAACAATTGGTCTTGTGTTCTTTGGCTGATGATTTGTTGGAAGGTTCTCAAGATAGAGAAGAGAATACTAAT,0.004587008096081991,0.001052073816705111,0.0013185255784036645,0.02345094139310895,0.16983912819775018,0.3003197421833481,0.39076684443603293,0.10866573629856911,2257.7693195836528
GAAGATCCAACTTGGTTTGATTCTGGTTCTCAATTTATCTTAAATTCTCAACAATTGGTCTTGTTGGATGATTGTTTGTCTTTGGCTGAAGGTTCTCAAGATAGAGAAGAGAATACTAAT,0.3802518526530833,0.25505357768338954,0.15926798850345017,0.08835490894163733,0.04163362567339726,0.0398657893860826,0.02074493395087518,0.014827323208084544,446.0703862914012
GAAGATCCAACTTGGTTTGATTCTGGTTCTCAATTTATCTTAAATTCTCAACAATTGGTCTTGTTGTGTGAATCTGCTGATGATTTGTTGGGTTCTCAAGATAGAGAAGAGAATACTAAT,0.17039812462259443,0.10286494572234225,0.19083089111870433,0.018930653575477,0.167911412339982,0.07809392058676717,0.18964251047324687,0.08132754156088587,1366.937581473724
GAAGATCCAACTTGGTTTGATTCTGGTTCTCAATTTATCTTAAATTCTCAACAATTGGTTATTGCTGATTATGCTCATTTGGATTTGTTGGGTTCTCAAGATAGAGAAGAGAATACTAAT,0.042916884235112335,0.07556445833437234,0.08010521712767331,0.19071680977550698,0.285461380296831,0.26553047291808696,0.05970477731241721,0.0,881.2620666787993
GAAGATCCAACTTGGTTTGATTCTGGTTCTCAATTTATCTTAAATTCTCAACAATTGGTTGAAGAATTGTCTTTGTGTGATGATTTGTTGGGTTCTCAAGATAGAGAAGAGAATACTAAT,0.15035859552712874,0.11345949964268907,0.07795758499491597,0.055681099588070535,0.061735137902129526,0.045939833530603144,0.2556579688920211,0.239210279922442,2395.433792879511
GAAGATCCAACTTGGTTTGATTCTGGTTCTCAATTTATCTTAAATTCTCAACAATTGGTTGAAGATTGTTCTTTGGATTTGTTGTTGGCTGGTTCTCAAGATAGAGAAGAGAATACTAAT,0.01704072120016165,0.01714507192304867,0.02120456313142264,0.018931663152457714,0.01679203671019516,0.023429425607132626,0.24496797287420968,0.6404885454013718,4774.245056861836
GAAGATCCAACTTGGTTTGATTCTGGTTCTCAATTTATCTTAAATTCTCAACAATTGGTTGAAGATTTGTCTTTGTGTGATGATTTGTTGGGTTCTCAAGATAGAGAAGAGAATACTAAT,0.31965758385396,0.27431871236538447,0.15208654919188397,0.07311473881398853,0.05558693775911176,0.051705858970825795,0.017439166746142543,0.05609045229870307,712.7701895090783
GAAGATCCAACTTGGTTTGATTCTGGTTCTCAATTTATCTTAAATTCTCAACAATTGGTTGAAGCTGATGATTGTTCTTTGTTGTTGTTGGGTTCTCAAGATAGAGAAGAGAATACTAAT,0.0038763177827963414,0.004778940436945055,0.004687610018505097,0.009158804093436003,0.02915920742622876,0.1685949055159318,0.5291355668044069,0.2506086479217501,3224.9034126551715
GAAGATCCAACTTGGTTTGATTCTGGTTCTCAATTTATCTTAAATTCTCAACAATTGGTTGAAGCTGATTCTTGTGATTTGTTGTTGTTGGGTTCTCAAGATAGAGAAGAGAATACTAAT,0.002239236735717622,0.0011927376779038883,0.025077479147682553,0.030145265052291512,0.03803068196263396,0.061574894512982065,0.5157734196415908,0.32596628526919746,3546.022760497221
GAAGATCCAACTTGGTTTGATTCTGGTTCTCAATTTATCTTAAATTCTCAACAATTGGTTGAAGCTGATTCTTGTTTGTTGTTGGATTTGGGTTCTCAAGATAGAGAAGAGAATACTAAT,0.1767228653620027,0.12618422703524954,0.14896755975267095,0.1583331517350654,0.07302806726392125,0.10973186407942513,0.08459421651122498,0.12243804826044,1385.441299506228
GAAGATCCAACTTGGTTTGATTCTGGTTCTCAATTTATCTTAAATTCTCAACAATTGGTTGAAGCTGATTCTTTGGATTTGTGTTTGTTGGGTTCTCAAGATAGAGAAGAGAATACTAAT,0.16457809867545758,0.23655130098623112,0.11702411090710144,0.07836029330142322,0.20851241295749606,0.1077522671160238,0.08722151605626692,0.0,691.531957534309
GAAGATCCAACTTGGTTTGATTCTGGTTCTCAATTTATCTTAAATTCTCAACAATTGGTTGAAGCTGATTCTTTGTTGTGTTTGTTGGATGGTTCTCAAGATAGAGAAGAGAATACTAAT,0.05203392036409849,0.2879390567634577,0.12949646160814812,0.1734237608720888,0.10254912226614268,0.04769457238725101,0.14477628949069116,0.062086816248122,1117.0450629835339
GAAGATCCAACTTGGTTTGATTCTGGTTCTCAATTTATCTTAAATTCTCAACAATTGGTTGAAGCTGATTTGGATTCTTTGTGTTTGTTGGGTTCTCAAGATAGAGAAGAGAATACTAAT,0.07561947601798684,0.09800654343536847,0.16686670070113552,0.17924478912450997,0.06496460022100653,0.0650314859775869,0.14716623547735197,0.20310016904505368,1987.7542389936548
GAAGATCCAACTTGGTTTGATTCTGGTTCTCAATTTATCTTAAATTCTCAACAATTGGTTGAAGCTGATTTGGATTGTTCTTTGTTGTTGGGTTCTCAAGATAGAGAAGAGAATACTAAT,0.2228201068602367,0.19215820302172468,0.0,0.17681827115864338,0.1568345515350946,0.14588436654971243,0.02952201368921789,0.07596248718537024,1043.5809331722605
GAAGATCCAACTTGGTTTGATTCTGGTTCTCAATTTATCTTAAATTCTCAACAATTGGTTGAAGCTGATTTGTCTTTGTCTTTGTTGTGTGATGGTCAAGATAGAGAAGAGAATACTAAT,0.0474954302162932,0.052564901054389476,0.10047131939416118,0.21106324681314437,0.27145336107931073,0.23073320939337066,0.07488423308499895,0.011334298964331312,946.1117457743593
GAAGATCCAACTTGGTTTGATTCTGGTTCTCAATTTATCTTAAATTCTCAACAATTGGTTGAAGCTGCTTCTGCTTGTGATGATGCTTTGGGTTCTCAAGATAGAGAAGAGAATACTAAT,0.02368690616588978,0.09858751208788272,0.16905409690371329,0.19076628508702292,0.242919065418197,0.2644321131412931,0.004540576462350248,0.006013444733651002,774.1077898886851
GAAGATCCAACTTGGTTTGATTCTGGTTCTCAATTTATCTTAAATTCTCAACAATTGGTTGAAGCTGCTTCTTTGTGTGATGATTTGGCTGGTTCTCAAGATAGAGAAGAGAATACTAAT,0.00636367378477617,0.015513372452217199,0.05092198580539296,0.19082045661899488,0.2975112925084258,0.31019844172051847,0.11305556122331628,0.015615215886358355,1159.9126030660539
GAAGATCCAACTTGGTTTGATTCTGGTTCTCAATTTATCTTAAATTCTCAACAATTGGTTGAAGCTGCTTCTTTGTGTGATGATTTGTTGGGTTCTCAAGATAGAGAAGAGAATACTAAT,0.13348135451988383,0.15108608499261247,0.08304853343759398,0.20390322777009906,0.16441673586585068,0.10705601405450264,0.07737314704346276,0.07963490231599464,1161.6720648456287
GAAGATCCAACTTGGTTTGATTCTGGTTCTCAATTTATCTTAAATTCTCAACAATTGGTTGAAGCTGGTGATTTGTTGTTGTCTTCTGATTGTTTGCAAGATAGAGAAGAGAATACTAAT,0.11351936248571523,0.1142145107366558,0.12107779746406334,0.09008297186728223,0.05593135641935151,0.08175550480064059,0.2105666453860625,0.21285185084022898,2181.034694101504
GAAGATCCAACTTGGTTTGATTCTGGTTCTCAATTTATCTTAAATTCTCAACAATTGGTTGAAGCTGGTTCTTTGGATGATTTGTTGTGTTTGTCTCAAGATAGAGAAGAGAATACTAAT,0.34049497425138603,0.17129001626178944,0.17925505079414997,0.08729500735663413,0.09033390863420089,0.04801531262474978,0.03643747313690654,0.046878256940183397,719.8479197207705
GAAGATCCAACTTGGTTTGATTCTGGTTCTCAATTTATCTTAAATTCTCAACAATTGGTTGAAGCTGGTTCTTTGTGTGATGGTTTGTTGGGTTCTCAAGATAGAGAAGAGAATACTAAT,0.100989571199673,0.1524119878517653,0.08639539387233722,0.07713474145058999,0.05597762377217201,0.13306590530926754,0.17561735802863548,0.21840741851555948,2185.2757564110802
GAAGATCCAACTTGGTTTGATTCTGGTTCTCAATTTATCTTAAATTCTCAACAATTGGTTGAAGCTGGTTTGTCTTTGGATTCTTGTTTGTTGGATCAAGATAGAGAAGAGAATACTAAT,0.025288889824766587,0.06360937277929937,0.10384487369382196,0.21633225982026943,0.2840861228189261,0.2063014034559923,0.07036240222819573,0.030174675378728567,1033.6744375284761
GAAGATCCAACTTGGTTTGATTCTGGTTCTCAATTTATCTTAAATTCTCAACAATTGGTTGAAGCTTCTTGTGATTCTGGTTTGTTGGATTTGTTGCAAGATAGAGAAGAGAATACTAAT,0.26985822968821127,0.28432883953947874,0.19744296824068402,0.11323044537822012,0.04222764617515163,0.04671053418264345,0.02685402530117078,0.019347311494440068,515.9074789185156
GAAGATCCAACTTGGTTTGATTCTGGTTCTCAATTTATCTTAAATTCTCAACAATTGGTTGAAGCTTCTTGTTTGTTGGATGATTTGTTGGGTTCTCAAGATAGAGAAGAGAATACTAAT,0.2978588783031718,0.107029589204116,0.344165413690135,0.04727301557561386,0.06289544187597824,0.019501361162941117,0.019732047539670543,0.10154425264837344,977.6740281586415
GAAGATCCAACTTGGTTTGATTCTGGTTCTCAATTTATCTTAAATTCTCAACAATTGGTTGAAGCTTCTTGTTTGTTGGATTTGGATTTGGGTTCTCAAGATAGAGAAGAGAATACTAAT,0.2602153714676558,0.19635662159886152,0.16189905366212312,0.07227261249468984,0.0,0.08944305549074985,0.18100219859429467,0.03881108669162512,1010.9043266947613
GAAGATCCAACTTGGTTTGATTCTGGTTCTCAATTTATCTTAAATTCTCAACAATTGGTTGAAGCTTCTTTGTGTGATTTGGATTTGTTGGGTTCTCAAGATAGAGAAGAGAATACTAAT,0.0007052413089591148,0.0008426024184967881,0.0007130212458429973,0.0007834991691716467,0.012899997122019311,0.11187244437806564,0.4840970721895691,0.38808612216787547,3885.364603770292
GAAGATCCAACTTGGTTTGATTCTGGTTCTCAATTTATCTTAAATTCTCAACAATTGGTTGAAGCTTCTTTGTGTTTGGATGATTTGTTGGGTTCTCAAGATAGAGAAGAGAATACTAAT,0.19283158429858732,0.23281489155306453,0.14396959336273352,0.12853760904418693,0.11401049302055084,0.10605028287151176,0.0357682592124693,0.04601728663689576,811.4360886272334
GAAGATCCAACTTGGTTTGATTCTGGTTCTCAATTTATCTTAAATTCTCAACAATTGGTTGAAGCTTCTTTGTTGTGTGATGATTTGTTGGGTTCTCAAGATAGAGAAGAGAATACTAAT,0.005012750495865973,0.0010878022127214,4.8922344561494256e-05,0.00019655279099920986,0.04722641872386505,0.15926540618412927,0.5704313035278983,0.21673084371995938,3111.3024262278796
GAAGATCCAACTTGGTTTGATTCTGGTTCTCAATTTATCTTAAATTCTCAACAATTGGTTGAAGCTTGTGATGATTTGTCTTTGTTGTTGGGTTCTCAAGATAGAGAAGAGAATACTAAT,0.00027720932231456116,0.00032539131795904203,0.00040243521724768786,0.0005646119469016006,0.0006829096406832648,0.0009316690597685836,0.2897486267403416,0.7070671467547837,5248.178530840496
GAAGATCCAACTTGGTTTGATTCTGGTTCTCAATTTATCTTAAATTCTCAACAATTGGTTGAAGCTTGTGATTTGTTGGATTCTTTGTTGGGTTCTCAAGATAGAGAAGAGAATACTAAT,0.015887697691676982,0.024865536498147562,0.03734295984895647,0.13532198082033595,0.2800655804216349,0.3058177394423416,0.16699684604174855,0.033701659235158034,1367.497332163927
GAAGATCCAACTTGGTTTGATTCTGGTTCTCAATTTATCTTAAATTCTCAACAATTGGTTGAAGCTTGTGATTTGTTGGATTTGTCTTTGGGTTCTCAAGATAGAGAAGAGAATACTAAT,0.0032803800365749486,0.00013446350308752208,0.00017385996771454893,0.00012147969782698076,5.387512784869237e-05,0.0030402231005334794,0.3391129562408768,0.6540827623255371,5041.800599767066
GAAGATCCAACTTGGTTTGATTCTGGTTCTCAATTTATCTTAAATTCTCAACAATTGGTTGAAGCTTGTTCTTTGTTGGATGATTTGTTGGGTTCTCAAGATAGAGAAGAGAATACTAAT,0.2585621012886001,0.15396362458190296,0.0853598216535341,0.14069570101052148,0.10919518468323439,0.07738756514882306,0.09298481440925406,0.08185118722412982,1122.0863086792126
GAAGATCCAACTTGGTTTGATTCTGGTTCTCAATTTATCTTAAATTCTCAACAATTGGTTGAAGCTTGTTTGGATTTGGATTTGTCTTTGGGTTCTCAAGATAGAGAAGAGAATACTAAT,0.08729469112388324,0.08782924972712416,0.054312425138346325,0.0969814403946425,0.08602075233432548,0.20003696318178144,0.28336454916660414,0.1041599289332926,1834.6081067809857
GAAGATCCAACTTGGTTTGATTCTGGTTCTCAATTTATCTTAAATTCTCAACAATTGGTTGAAGCTTGTTTGTCTTTGGATGATTTGTTGGGTTCTCAAGATAGAGAAGAGAATACTAAT,0.05808545454710019,0.10018482375535274,0.030976472855663007,0.05531225954715695,0.13900604198655336,0.13690656333638454,0.19239731194451165,0.2871310720272776,2687.788611880368
GAAGATCCAACTTGGTTTGATTCTGGTTCTCAATTTATCTTAAATTCTCAACAATTGGTTGAAGCTTGTTTGTCTTTGGATTCTTTGGATTTGGGTCAAGATAGAGAAGAGAATACTAAT,0.0017852553833045415,0.05914589136297134,0.034274207763229536,0.27228674259203944,0.2926558488553779,0.3381451484599634,0.0009461324582834932,0.0007607731248303986,852.7570142781516
GAAGATCCAACTTGGTTTGATTCTGGTTCTCAATTTATCTTAAATTCTCAACAATTGGTTGAAGCTTGTTTGTCTTTGTTGGATTTGGATGGTTCTCAAGATAGAGAAGAGAATACTAAT,0.08237311966853134,0.1406990803665117,0.17401283269940912,0.15748876439101858,0.16800510138808505,0.19314886262894915,0.07284345800700555,0.011428780850489437,834.3274886665956
GAAGATCCAACTTGGTTTGATTCTGGTTCTCAATTTATCTTAAATTCTCAACAATTGGTTGAAGCTTGTTTGTTGTCTGATGATTTGTTGGGTTCTCAAGATAGAGAAGAGAATACTAAT,0.22021871114092648,0.2127209594821451,0.24352391506414892,0.18495494937367807,0.07318900501469496,0.04793269306752705,0.01093689978184308,0.0065228670750362905,444.4956271236166
GAAGATCCAACTTGGTTTGATTCTGGTTCTCAATTTATCTTAAATTCTCAACAATTGGTTGAAGCTTTGGATTTGGATTCTTGTTTGTTGGGTTCTCAAGATAGAGAAGAGAATACTAAT,0.38398653897400925,0.25302413241148847,0.18843303399688305,0.03605036773366767,0.022649675550429006,0.022307586029917545,0.03385720189168874,0.0596914634119163,711.0326117248075
GAAGATCCAACTTGGTTTGATTCTGGTTCTCAATTTATCTTAAATTCTCAACAATTGGTTGAAGCTTTGGATTTGTTGGATTGTTCTTTGGGTTCTCAAGATAGAGAAGAGAATACTAAT,0.29835318865814064,0.09236313448926105,0.028558059206224652,0.05099388785605376,0.09046127960112853,0.1472542312886617,0.12771097512899232,0.16430524377153735,1746.100400487999
GAAGATCCAACTTGGTTTGATTCTGGTTCTCAATTTATCTTAAATTCTCAACAATTGGTTGAAGCTTTGGGTTGTGATGATTCTTCTTTGTTGTTGCAAGATAGAGAAGAGAATACTAAT,0.06024775684396176,0.1616445082198788,0.24989696709790057,0.08924428529079262,0.11873705728148651,0.14726245135773322,0.14900445495677256,0.02396251895147395,1004.4820271770436
GAAGATCCAACTTGGTTTGATTCTGGTTCTCAATTTATCTTAAATTCTCAACAATTGGTTGAAGCTTTGTCTCAAGATGATGGTTTGTCTTTGTTGGATTGTAGAGAAGAGAATACTAAT,0.03408317114724342,0.09280880157130476,0.20586447377145287,0.34248134995717755,0.13700571644488302,0.14401674124959973,0.0218096693568075,0.02193007650153118,759.2268921263264
GAAGATCCAACTTGGTTTGATTCTGGTTCTCAATTTATCTTAAATTCTCAACAATTGGTTGAAGCTTTGTCTCAAGATTTGGATTTGGGTTCTTTGGATTGTAGAGAAGAGAATACTAAT,0.18360232082452044,0.23750566681839722,0.17950815130232864,0.1311273962916751,0.06461532590812803,0.12020777051032863,0.03648892129932561,0.046944447045296336,812.9565381218864
GAAGATCCAACTTGGTTTGATTCTGGTTCTCAATTTATCTTAAATTCTCAACAATTGGTTGAAGCTTTGTCTCAATGTTTGGGTTCTGATGATGATTTGTTGAGAGAAGAGAATACTAAT,0.00786168168025084,0.020815325129415693,0.08719804153280544,0.29213137754432367,0.2906271915464357,0.26044759284003016,0.02945759155438667,0.011461198172351748,906.0331760467006
GAAGATCCAACTTGGTTTGATTCTGGTTCTCAATTTATCTTAAATTCTCAACAATTGGTTGAAGCTTTGTCTGATCAATTGGGTGATTTGTGTTCTTTGGATAGAGAAGAGAATACTAAT,0.05986422290481129,0.12004042160067502,0.27231195716429124,0.2077766168204262,0.18202516532010798,0.15013020370252586,0.0031060678470811553,0.004745344640081177,611.9273300843881
GAAGATCCAACTTGGTTTGATTCTGGTTCTCAATTTATCTTAAATTCTCAACAATTGGTTGAAGCTTTGTCTGATGATTGTTTGTTGTTGGGTTCTCAAGATAGAGAAGAGAATACTAAT,0.11599274026748917,0.1411292510452735,0.13090864215580528,0.17981023175052488,0.14885580780204372,0.16318818041152447,0.07505389698157547,0.04506124958576344,999.6565245945053
GAAGATCCAACTTGGTTTGATTCTGGTTCTCAATTTATCTTAAATTCTCAACAATTGGTTGAAGCTTTGTCTGATGATTTGTGTTTGTTGGGTTCTCAAGATAGAGAAGAGAATACTAAT,0.16041648932690555,0.20299123394292576,0.18745306632130052,0.22195265421953134,0.12847577618829226,0.08548252491263926,0.004262035834087122,0.00896621925431823,525.1206458111953
GAAGATCCAACTTGGTTTGATTCTGGTTCTCAATTTATCTTAAATTCTCAACAATTGGTTGAAGCTTTGTCTGATGGTGATTTGTGTTTGTCTTTGCAAGATAGAGAAGAGAATACTAAT,0.09401528207732338,0.09459099495543224,0.194979324398958,0.17407964825008873,0.15440544342951007,0.22979977395096973,0.05812953293771798,0.0,768.7001886135621
GAAGATCCAACTTGGTTTGATTCTGGTTCTCAATTTATCTTAAATTCTCAACAATTGGTTGAAGCTTTGTCTGATGGTTTGGATTCTGATTTGCAATGTTTGAGAGAAGAGAATACTAAT,0.19699529380596745,0.06606720535539652,0.04085506999220748,0.0,0.0,0.030094491678480564,0.0,0.665987939167948,4332.676484672414
GAAGATCCAACTTGGTTTGATTCTGGTTCTCAATTTATCTTAAATTCTCAACAATTGGTTGAAGCTTTGTCTGATTCTTTGTGTGGTTTGGATGATTTGCAAAGAGAAGAGAATACTAAT,0.0012764481088956819,0.0016053307233886557,0.07822593400910365,0.028479985130085,0.27672044600243056,0.4148622267556203,0.19730657279822267,0.0015230564722536082,1341.9232918598477
GAAGATCCAACTTGGTTTGATTCTGGTTCTCAATTTATCTTAAATTCTCAACAATTGGTTGAAGCTTTGTCTGATTGTGATTTGTCTTTGGGTTTGCAAGATAGAGAAGAGAATACTAAT,0.08276133197063311,0.12027618785364144,0.057213211290196304,0.0715128027974234,0.16310710190157168,0.25286494597615994,0.15351368840651664,0.0987507298038574,1591.2116347771503
GAAGATCCAACTTGGTTTGATTCTGGTTCTCAATTTATCTTAAATTCTCAACAATTGGTTGAAGCTTTGTCTGATTGTGATTTGTTGTTGGGTTCTCAAGATAGAGAAGAGAATACTAAT,0.07517682385504933,0.16748232132082366,0.15368275304778084,0.1670378019073443,0.2222391830313887,0.10336122404700121,0.05976223387289145,0.05125765891772048,976.4083395868862
GAAGATCCAACTTGGTTTGATTCTGGTTCTCAATTTATCTTAAATTCTCAACAATTGGTTGAAGCTTTGTCTGATTGTTTGGATTTGTTGGGTTCTCAAGATAGAGAAGAGAATACTAAT,0.09428359849910425,0.06324063629480862,0.058660736630471846,0.12220352595745523,0.07742305566030669,0.08642085551271816,0.22589480152002367,0.2718727899251115,2598.967432250457
GAAGATCCAACTTGGTTTGATTCTGGTTCTCAATTTATCTTAAATTCTCAACAATTGGTTGAAGCTTTGTCTGATTTGGATTGTGGTTTGTCTTTGCAAGATAGAGAAGAGAATACTAAT,0.00032826523945416803,0.00011009180253523378,0.0006807928796064733,0.024799025042465908,0.26816051528554047,0.4065019726836168,0.29785259418367516,0.0015667428831058297,1556.8322492548446
GAAGATCCAACTTGGTTTGATTCTGGTTCTCAATTTATCTTAAATTCTCAACAATTGGTTGAAGCTTTGTCTGATTTGGATTGTTTGTTGGGTTCTCAAGATAGAGAAGAGAATACTAAT,0.10949461185108425,0.11016511410064783,0.02270820761511069,0.060822399598737885,0.10789669757372332,0.10036335249013231,0.2708015337704534,0.21774808300011037,2385.7545703773703
GAAGATCCAACTTGGTTTGATTCTGGTTCTCAATTTATCTTAAATTCTCAACAATTGGTTGAAGCTTTGTCTGATTTGGATTTGTTGTGTGGTTCTCAAGATAGAGAAGAGAATACTAAT,0.2755918901166222,0.15298179709998275,0.0709514122146415,0.12669237540180797,0.14983173966398564,0.12194917949506787,0.07932326541587885,0.02267834059201314,793.5506625437533
GAAGATCCAACTTGGTTTGATTCTGGTTCTCAATTTATCTTAAATTCTCAACAATTGGTTGAAGCTTTGTCTGATTTGTGTGATTTGTTGGGTTCTCAAGATAGAGAAGAGAATACTAAT,0.12352545250979971,0.12428187414905649,0.04391670693335193,0.16663957014423436,0.18258416784334947,0.18601101617800833,0.13092965985331068,0.04211155238888908,1144.9900198035534
GAAGATCCAACTTGGTTTGATTCTGGTTCTCAATTTATCTTAAATTCTCAACAATTGGTTGAAGCTTTGTCTGATTTGTGTTTGTTGGATGGTTCTCAAGATAGAGAAGAGAATACTAAT,0.09881196384567911,0.1590672795680298,0.19673012670244763,0.24150882727142214,0.11684393669587512,0.12680021149938495,0.036657189214944264,0.023580465202216922,742.434762586488
GAAGATCCAACTTGGTTTGATTCTGGTTCTCAATTTATCTTAAATTCTCAACAATTGGTTGAAGCTTTGTCTGATTTGTTGTGTTTGGGTGATTCTCAAGATAGAGAAGAGAATACTAAT,0.0069676410324493185,0.013752949980063787,0.09461509458327405,0.22541246908824578,0.3889128546670324,0.22220644552374158,0.036704874449436604,0.011427670675756597,917.139247587424
GAAGATCCAACTTGGTTTGATTCTGGTTCTCAATTTATCTTAAATTCTCAACAATTGGTTGAAGCTTTGTCTGCTGCTGCTGCTGCTGCTGCTGCTCAAGATAGAGAAGAGAATACTAAT,0.21543792088407884,0.16420998378135945,0.13810152962905428,0.174068524684252,0.12866298085948544,0.10771176089469882,0.04843818208488771,0.023369117182183517,721.0289672334678
GAAGATCCAACTTGGTTTGATTCTGGTTCTCAATTTATCTTAAATTCTCAACAATTGGTTGAAGCTTTGTCTGCTGCTGCTGCTTTGTTGGGTTCTCAAGATAGAGAAGAGAATACTAAT,0.3261743902446776,0.294183223190952,0.25516150457181824,0.06971727484373642,0.023433720339357516,0.012245830614437554,0.007469815696260249,0.011614240498760364,363.55615571153555
GAAGATCCAACTTGGTTTGATTCTGGTTCTCAATTTATCTTAAATTCTCAACAATTGGTTGAAGCTTTGTCTGCTGCTGCTGCTTTGTTGGGTTCTCAAGATAGAGAAGCTGCTGCTGCT,0.023229115296165698,0.031161815104224028,0.050927980749510354,0.09585367648577367,0.10137053237462555,0.12977939819855697,0.23903359048401834,0.3286438913071254,3038.3782042231705
GAAGATCCAACTTGGTTTGATTCTGGTTCTCAATTTATCTTAAATTCTCAACAATTGGTTGAAGCTTTGTCTGCTGCTGCTGCTTTGTTGGGTTCTGCTGCTGCTGCTGAGAATACTAAT,0.00533018029274264,0.1179820451837737,0.19165426183030607,0.2970694156103517,0.19280663268027673,0.15603615074978774,0.03872381582575594,0.0003974978270054656,701.0123203261644
GAAGATCCAACTTGGTTTGATTCTGGTTCTCAATTTATCTTAAATTCTCAACAATTGGTTGAAGCTTTGTCTGCTTGTGATGATGCTGCTGGTTCTCAAGATAGAGAAGAGAATACTAAT,0.17771665254222835,0.19984079286396417,0.1560996061032925,0.12775346423193268,0.04120544400258735,0.038328480796350414,0.1842139194628223,0.0748416399968223,1224.1890490838025
GAAGATCCAACTTGGTTTGATTCTGGTTCTCAATTTATCTTAAATTCTCAACAATTGGTTGAAGCTTTGTCTGCTTGTGATGATGCTTTGGGTTCTCAAGATAGAGAAGAGAATACTAAT,0.31565731897479193,0.20090199760422608,0.2088170614777543,0.19403128226919217,0.006064681204774307,0.025448284329157213,0.006976416292597513,0.042102957847506534,581.6843251945647
GAAGATCCAACTTGGTTTGATTCTGGTTCTCAATTTATCTTAAATTCTCAACAATTGGTTGAAGCTTTGTCTGCTTGTGATGATTTGGCTGGTTCTCAAGATAGAGAAGAGAATACTAAT,0.06724459883037054,0.0338281892485959,0.0,0.03735323402470345,0.03313163095794376,0.03081838120330843,0.4365611513400236,0.3610628143950543,3530.4658372824615
GAAGATCCAACTTGGTTTGATTCTGGTTCTCAATTTATCTTAAATTCTCAACAATTGGTTGAAGCTTTGTCTGCTTGTGATGATTTGTTGGGTTCTCAAGATAGAGAAGAGAATACTAAT,0.12402719633996369,0.1426133605285998,0.055118863387642374,0.07873714717224042,0.13967680019709808,0.1299245690378676,0.21362490269446519,0.11627716064212275,1686.6776900830423
GAAGATCCAACTTGGTTTGATTCTGGTTCTCAATTTATCTTAAATTCTCAACAATTGGTTGAAGCTTTGTCTGGTGATTTGGATTTGTTGTGTTCTCAAGATAGAGAAGAGAATACTAAT,0.12571007651174473,0.14755985525794127,0.23464035550537402,0.18621284044147632,0.08258368077389572,0.13443095745460287,0.03886319262001706,0.04999904143494812,886.9581803940296
GAAGATCCAACTTGGTTTGATTCTGGTTCTCAATTTATCTTAAATTCTCAACAATTGGTTGAAGCTTTGTCTTCTGATGGTTGTGATTTGTTGTTGCAAGATAGAGAAGAGAATACTAAT,0.14976396175686058,0.10547674044713608,0.055907482046978,0.1164678765727406,0.05903135000322899,0.06863722803348908,0.06944915461192126,0.3752662065276455,2826.6318771351835
GAAGATCCAACTTGGTTTGATTCTGGTTCTCAATTTATCTTAAATTCTCAACAATTGGTTGAAGCTTTGTCTTCTTTGCAATTGTGTGATGGTGATGATTTGAGAGAAGAGAATACTAAT,0.3331823588161961,0.2141099426528322,0.2380573885773483,0.10746415089919874,0.04871845871841042,0.04137633377139892,0.011961652730257599,0.005129713834357539,387.9478992508144
GAAGATCCAACTTGGTTTGATTCTGGTTCTCAATTTATCTTAAATTCTCAACAATTGGTTGAAGCTTTGTCTTGTGATGATTTGTTGTTGGGTTCTCAAGATAGAGAAGAGAATACTAAT,0.02601762176782215,0.22943321089254634,0.21710252973055655,0.13262154242861324,0.21867648306630152,0.12625354909438674,0.029807641090231717,0.020087421929541847,740.9513248296416
GAAGATCCAACTTGGTTTGATTCTGGTTCTCAATTTATCTTAAATTCTCAACAATTGGTTGAAGCTTTGTCTTGTGATTTGGATTTGTTGGGTTCTCAAGATAGAGAAGAGAATACTAAT,0.06419260755150034,0.09687854702312163,0.10650380214999465,0.15451758676551855,0.1897674300048497,0.14709822679937107,0.13891573522950096,0.10212606447614303,1499.4035738942057
GAAGATCCAACTTGGTTTGATTCTGGTTCTCAATTTATCTTAAATTCTCAACAATTGGTTGAAGCTTTGTCTTGTGATTTGTTGGATTTGGGTTCTCAAGATAGAGAAGAGAATACTAAT,0.04294118805276395,0.07920759572279656,0.0979618208386955,0.1431186094823658,0.11989115132665885,0.16400052020923295,0.13939003891979798,0.21348907544768841,2161.77454121555
GAAGATCCAACTTGGTTTGATTCTGGTTCTCAATTTATCTTAAATTCTCAACAATTGGTTGAAGCTTTGTCTTGTTTGGATGATTTGTTGGGTTCTCAAGATAGAGAAGAGAATACTAAT,0.08045564978677675,0.06461411242990885,0.21696735367878345,0.1449688599775957,0.10356148136962841,0.09535961141143243,0.13293075843688326,0.1611421729089912,1748.2677615104978
GAAGATCCAACTTGGTTTGATTCTGGTTCTCAATTTATCTTAAATTCTCAACAATTGGTTGAAGCTTTGTCTTGTTTGGATTTGTTGGATGGTTCTCAAGATAGAGAAGAGAATACTAAT,0.31442149453444523,0.24042363563812832,0.14084975200701702,0.1257521809611152,0.05576993479339446,0.046112070361018054,0.04665754133333614,0.030013390371545524,628.1513142668316
GAAGATCCAACTTGGTTTGATTCTGGTTCTCAATTTATCTTAAATTCTCAACAATTGGTTGAAGCTTTGTCTTGTTTGGATTTGTTGTCTGATGGTCAAGATAGAGAAGAGAATACTAAT,0.12010742386994637,0.1208429148364207,0.2615467085373505,0.16679409164279638,0.029588657767195582,0.11009111329546933,0.08354505602548294,0.10748403402533814,1286.2588279700678
GAAGATCCAACTTGGTTTGATTCTGGTTCTCAATTTATCTTAAATTCTCAACAATTGGTTGAAGCTTTGTCTTGTTTGTTGGATGATTTGGGTTCTCAAGATAGAGAAGAGAATACTAAT,0.12117259505654128,0.1676325869837494,0.15078070414357617,0.06730932118347906,0.11940425763433955,0.13883431869624105,0.12642896146511637,0.10843725483695713,1438.906148938586
GAAGATCCAACTTGGTTTGATTCTGGTTCTCAATTTATCTTAAATTCTCAACAATTGGTTGAAGCTTTGTCTTTGGATGATTGTTTGTTGGGTTCTCAAGATAGAGAAGAGAATACTAAT,0.004957598981300883,0.038511670947169,0.10372479706596706,0.29344642634940055,0.21574627544660224,0.28237211293840636,0.05848976867896186,0.00275134959219192,907.5890887893274
GAAGATCCAACTTGGTTTGATTCTGGTTCTCAATTTATCTTAAATTCTCAACAATTGGTTGAAGCTTTGTCTTTGGATGGTCAATCTGATTGTGATTTGTTGAGAGAAGAGAATACTAAT,0.008453247633926648,0.04181008419234205,0.16075108641153818,0.2772722786458948,0.2838013701273054,0.20494573737234392,0.011981251859829756,0.010984943756819283,798.9368255737696
GAAGATCCAACTTGGTTTGATTCTGGTTCTCAATTTATCTTAAATTCTCAACAATTGGTTGAAGCTTTGTCTTTGGATTGTGATTTGTTGGGTTCTCAAGATAGAGAAGAGAATACTAAT,0.12882118763864744,0.2592200765841069,0.17365638783818116,0.23852661541610584,0.09520592261634678,0.05903909810995426,0.019912495353037123,0.025618216443620577,621.8089868255239
GAAGATCCAACTTGGTTTGATTCTGGTTCTCAATTTATCTTAAATTCTCAACAATTGGTTGAAGCTTTGTCTTTGGATTGTTTGGATTTGGGTTCTCAAGATAGAGAAGAGAATACTAAT,0.014865055305311974,0.022434124649658514,0.01387296053836853,0.03715778734208387,0.07873365299887529,0.11581581469124397,0.37568397904011347,0.34143662543434444,3393.381934365057
GAAGATCCAACTTGGTTTGATTCTGGTTCTCAATTTATCTTAAATTCTCAACAATTGGTTGAAGCTTTGTCTTTGGATTTGGATTTGTGTGGTTCTCAAGATAGAGAAGAGAATACTAAT,0.1154152073845312,0.08039212964956936,0.07733197149415967,0.1084958599838032,0.1399764807930024,0.1383410338123847,0.18114735783111033,0.15889995905143914,1890.8838483455324
GAAGATCCAACTTGGTTTGATTCTGGTTCTCAATTTATCTTAAATTCTCAACAATTGGTTGAAGCTTTGTCTTTGGGTCAATTGGATGATTCTTTGTGTGATAGAGAAGAGAATACTAAT,0.03200911700083512,0.03220512833502564,0.011380124354610456,0.07112208617809788,0.06758997983529216,0.12993308774665985,0.30110893426620877,0.3546515422832702,3315.097503234313
GAAGATCCAACTTGGTTTGATTCTGGTTCTCAATTTATCTTAAATTCTCAACAATTGGTTGAAGCTTTGTCTTTGGGTGATTCTTGTTTGGATTTGCAAGATAGAGAAGAGAATACTAAT,0.034808362183509335,0.04085843416923513,0.03609472200696561,0.08378697063428903,0.18865211677833343,0.2552442619316446,0.2636441006609926,0.09691103163503012,1861.1580824894977
GAAGATCCAACTTGGTTTGATTCTGGTTCTCAATTTATCTTAAATTCTCAACAATTGGTTGAAGCTTTGTCTTTGTCTGATGGTTGTTTGGATTTGGATCAAAGAGAAGAGAATACTAAT,0.12446946491464123,0.15027800078071787,0.0619532611493431,0.13828135293407004,0.07359180868912439,0.045635753468767935,0.24242184735261232,0.16336851071072314,1927.3303131703542
GAAGATCCAACTTGGTTTGATTCTGGTTCTCAATTTATCTTAAATTCTCAACAATTGGTTGAAGCTTTGTCTTTGTCTGATTGTGATTTGTTGGGTCAAGATAGAGAAGAGAATACTAAT,0.08489514138738542,0.09965084043246668,0.12324547523238553,0.07859635170111458,0.18125514447953256,0.22047681090911442,0.14434904329752074,0.06753119256048014,1359.6011035289062
GAAGATCCAACTTGGTTTGATTCTGGTTCTCAATTTATCTTAAATTCTCAACAATTGGTTGAAGCTTTGTCTTTGTGTAGAGATGAAGATTCTGATTTGCAAGGTTTGGAGAATACTAAT,0.37758208563009427,0.27699692441603263,0.19924658049750757,0.09710662149679333,0.025241371897783214,0.012919797045839497,0.006065174805306831,0.004841444210642683,317.3362736218354
GAAGATCCAACTTGGTTTGATTCTGGTTCTCAATTTATCTTAAATTCTCAACAATTGGTTGAAGCTTTGTCTTTGTGTAGAGATTCTTTGGATGGTGAAGATTTGCAAGAGAATACTAAT,0.025912708692448532,0.07821416400771067,0.3224439041758261,0.2303051222167968,0.12767275237742323,0.07125518614590827,0.14419616238388636,0.0,810.3089012987689
GAAGATCCAACTTGGTTTGATTCTGGTTCTCAATTTATCTTAAATTCTCAACAATTGGTTGAAGCTTTGTCTTTGTGTCAATTGGGTAGAGAATTGGATGATGATTCTGAGAATACTAAT,0.10516224370751331,0.1698468207841438,0.1894001395168707,0.2428869244202025,0.14726020835701473,0.1040021973331177,0.028233100310489017,0.013208365570648242,648.8919095669954
GAAGATCCAACTTGGTTTGATTCTGGTTCTCAATTTATCTTAAATTCTCAACAATTGGTTGAAGCTTTGTCTTTGTGTGAAGGTTTGCAAGATTCTGATTTGAGAGATGAGAATACTAAT,0.0477784639017412,0.04807104055903261,0.11890593622495958,0.1592407575779794,0.18832482742271772,0.19707299106536025,0.15509216779490573,0.0855138154533034,1495.1974927969964
GAAGATCCAACTTGGTTTGATTCTGGTTCTCAATTTATCTTAAATTCTCAACAATTGGTTGAAGCTTTGTCTTTGTGTGATCAAGGTTTGTCTGATGATAGATTGGAAGAGAATACTAAT,0.010460012688989625,0.024556153352421756,0.013015881007257979,0.046482876979762236,0.05840839627601817,0.07670163291571516,0.3169032342001689,0.4534718125796663,3888.185894814746
GAAGATCCAACTTGGTTTGATTCTGGTTCTCAATTTATCTTAAATTCTCAACAATTGGTTGAAGCTTTGTCTTTGTGTGATGATAGAAATGGTGAATCTTTGCAATTGGAAGATACTAAT,0.016037704487576465,0.08231793907068796,0.17867164102572708,0.2518752406963791,0.29242160234452913,0.16052368188817964,0.018021568157481873,0.00013062232943884965,696.0626471780735
GAAGATCCAACTTGGTTTGATTCTGGTTCTCAATTTATCTTAAATTCTCAACAATTGGTTGAAGCTTTGTCTTTGTGTGATGATAGAGGTGATTCTTTGCAAGAATTGGAGAATACTAAT,0.013969090222497461,0.05388947269039429,0.11693981218043971,0.2584257800843345,0.31537976691030917,0.21054553335386145,0.02634774750888314,0.00450279704928019,807.1744708149333
GAAGATCCAACTTGGTTTGATTCTGGTTCTCAATTTATCTTAAATTCTCAACAATTGGTTGAAGCTTTGTCTTTGTGTGATGATAGATTAAATTCTGATCAAGAAGGTTTGGAAACTAAT,0.2720578761100743,0.25851697163110776,0.12224849269549075,0.08395751968982496,0.09680940674824365,0.06926936620733044,0.07008877050302029,0.027051596414907786,705.2493119778695
GAAGATCCAACTTGGTTTGATTCTGGTTCTCAATTTATCTTAAATTCTCAACAATTGGTTGAAGCTTTGTCTTTGTGTGATGATAGATTGGAAGGTTCTTTGCAAGATGAGAATACTAAT,0.031793318851932754,0.06397601744504045,0.053948055753772046,0.14449622181750163,0.17943168428393433,0.18544863108923584,0.20640658319537133,0.13449948756321142,1889.6626481709968
GAAGATCCAACTTGGTTTGATTCTGGTTCTCAATTTATCTTAAATTCTCAACAATTGGTTGAAGCTTTGTCTTTGTGTGATGATCAAGGTTTGGAAAGATTGTCTGAAGATAATACTAAT,0.143136310292499,0.1377513941602511,0.10067153542665648,0.12445010990782006,0.20850491789352088,0.19394710905007176,0.06926165537547803,0.02227696789370275,894.4612316935622
GAAGATCCAACTTGGTTTGATTCTGGTTCTCAATTTATCTTAAATTCTCAACAATTGGTTGAAGCTTTGTCTTTGTGTGATGATCAATCTTTGGGTGATTTGAGAGAAGAGAATACTAAT,0.07241968664286716,0.03643157826339023,0.07885079066910093,0.1206837225688808,0.09812388693824411,0.1327605516817224,0.20149651313735925,0.2592332700984351,2531.051796836258
GAAGATCCAACTTGGTTTGATTCTGGTTCTCAATTTATCTTAAATTCTCAACAATTGGTTGAAGCTTTGTCTTTGTGTGATGATCAATTGGATGGTTCTTTGAGAGAAGAGAATACTAAT,0.07664390000108856,0.15422647463643124,0.04768578738897827,0.0,0.11328809097750486,0.10537831892343748,0.31987459458971984,0.18290283348283967,2287.001526751823
GAAGATCCAACTTGGTTTGATTCTGGTTCTCAATTTATCTTAAATTCTCAACAATTGGTTGAAGCTTTGTCTTTGTGTGATGATCAATTGGATTTGGGTTCTAGAGAAGAGAATACTAAT,0.05424378521661306,0.21830381190871495,0.13499613714730463,0.14061367873675243,0.14253913661019896,0.18230720362897507,0.0838471637202096,0.0431490830312314,1023.1656892413579
GAAGATCCAACTTGGTTTGATTCTGGTTCTCAATTTATCTTAAATTCTCAACAATTGGTTGAAGCTTTGTCTTTGTGTGATGATGAACAATTGGATTTGGGTAGATCTGAGAATACTAAT,0.21542458221649238,0.2667615486067889,0.13746812407322198,0.13500632969078705,0.06531716135660848,0.06581977844851435,0.061475424670027465,0.05272705093755942,840.3789409035817
GAAGATCCAACTTGGTTTGATTCTGGTTCTCAATTTATCTTAAATTCTCAACAATTGGTTGAAGCTTTGTCTTTGTGTGATGATGAATCTGATGGTTTGAGAGAGAATCAATTGACTAAT,0.048796547714482975,0.08837164569513825,0.13965557961091796,0.20058184368401252,0.19714617619780797,0.14759969114518282,0.09051253577954657,0.08733598017291097,1315.2901334979622
GAAGATCCAACTTGGTTTGATTCTGGTTCTCAATTTATCTTAAATTCTCAACAATTGGTTGAAGCTTTGTCTTTGTGTGATGATGAATTGCAATCTAGAGATGGTTTGGAGAATACTAAT,0.11465150371496233,0.1961174269660936,0.2319356706628989,0.2496104155663279,0.1125057729421016,0.07730339338812435,0.012370539710488427,0.005505277049002746,520.3592809558735
GAAGATCCAACTTGGTTTGATTCTGGTTCTCAATTTATCTTAAATTCTCAACAATTGGTTGAAGCTTTGTCTTTGTGTGATGATGATCAAGAGAATAGATCTTTGGGTTTGGAAACTAAT,0.20878839919301742,0.30634761766273894,0.16237820643687798,0.1498054516911051,0.047149079267776846,0.05980517942220256,0.02420505181392072,0.04152101451236035,674.0412449660964
GAAGATCCAACTTGGTTTGATTCTGGTTCTCAATTTATCTTAAATTCTCAACAATTGGTTGAAGCTTTGTCTTTGTGTGATGATGATTCTGGTAGAGAATTGCAATTGGAGAATACTAAT,0.06830163744213737,0.16034641000159694,0.0566606059336504,0.1011744027831852,0.17947966557251596,0.041737099804091536,0.14780786362419018,0.24449231483863249,2249.1572879053883
GAAGATCCAACTTGGTTTGATTCTGGTTCTCAATTTATCTTAAATTCTCAACAATTGGTTGAAGCTTTGTCTTTGTGTGATGATGATTTGCAATTGGGTTCTAGAGAAGAGAATACTAAT,0.11008195497184417,0.22151210776268904,0.0,0.2445946349584315,0.05423773463882863,0.2018034287325101,0.10209530545451058,0.06567483348118607,1186.183850699435
GAAGATCCAACTTGGTTTGATTCTGGTTCTCAATTTATCTTAAATTCTCAACAATTGGTTGAAGCTTTGTCTTTGTGTGATGATGCTGCTGCTGCTCAAGATAGAGAAGAGAATACTAAT,0.0017045279816948304,0.006145294279717136,0.011842381560433246,0.18084574878110488,0.11421639584417356,0.39254786254514284,0.24371612058950273,0.04898166841823082,1660.1294791767355
GAAGATCCAACTTGGTTTGATTCTGGTTCTCAATTTATCTTAAATTCTCAACAATTGGTTGAAGCTTTGTCTTTGTGTGATGATGCTGCTGCTGCTCAAGATAGAGAAGCTGCTGCTGCT,0.09608302069819889,0.1591741519171446,0.2950774080134936,0.25268507245705946,0.131875646963228,0.05091012283330721,0.008663221292617368,0.005531355824951042,500.86471523330033
GAAGATCCAACTTGGTTTGATTCTGGTTCTCAATTTATCTTAAATTCTCAACAATTGGTTGAAGCTTTGTCTTTGTGTGATGATGCTGCTGCTGCTGCTGCTGCTGCTGAGAATACTAAT,0.07985441834726166,0.054349957628782954,0.0438381936614421,0.023483527874642366,0.03008699333635207,0.047361464808980513,0.20257815959993344,0.5184472847426048,3959.193194722336
GAAGATCCAACTTGGTTTGATTCTGGTTCTCAATTTATCTTAAATTCTCAACAATTGGTTGAAGCTTTGTCTTTGTGTGATGATGCTTTGGGTTCTCAAGATAGAGAAGAGAATACTAAT,0.12295919631479893,0.18556822563332795,0.03825096382689206,0.11952805878563903,0.1363103843074985,0.1549694620621151,0.11403827911133455,0.12837542995839388,1561.1498657346572
GAAGATCCAACTTGGTTTGATTCTGGTTCTCAATTTATCTTAAATTCTCAACAATTGGTTGAAGCTTTGTCTTTGTGTGATGATGGTTCTCAATTGGATTTGAGAGAAGAGAATACTAAT,0.341421519250917,0.19183151697253253,0.14345472970910475,0.06403896660467136,0.06554005904829673,0.06502832378405346,0.0863592971723518,0.04232558745807234,806.190724941523
GAAGATCCAACTTGGTTTGATTCTGGTTCTCAATTTATCTTAAATTCTCAACAATTGGTTGAAGCTTTGTCTTTGTGTGATGATGGTTCTTTGTTGCAAGATAGAGAAGAGAATACTAAT,0.007180168453128674,0.01935814180189622,0.05453347889064603,0.12257724621001434,0.2533656760753144,0.29012388065788464,0.20586202076095106,0.046999387150164613,1507.6017754112272
GAAGATCCAACTTGGTTTGATTCTGGTTCTCAATTTATCTTAAATTCTCAACAATTGGTTGAAGCTTTGTCTTTGTGTGATGATGGTTTGGAAAGACAATCTTTGGATGAGAATACTAAT,0.0800483575777657,0.137771282134731,0.17635927720852443,0.27547167685340407,0.1933069388460578,0.1211175763390186,0.01563698264032407,0.0002879084001743386,593.3384461230912
GAAGATCCAACTTGGTTTGATTCTGGTTCTCAATTTATCTTAAATTCTCAACAATTGGTTGAAGCTTTGTCTTTGTGTGATGATGGTTTGTCTTTGCAAGATAGAGAAGAGAATACTAAT,0.18526398155508741,0.18639846583970898,0.1383195610110553,0.0823287993949642,0.0365120647513491,0.16981396591301298,0.068729094760075,0.132634066774747,1438.0337503710584
GAAGATCCAACTTGGTTTGATTCTGGTTCTCAATTTATCTTAAATTCTCAACAATTGGTTGAAGCTTTGTCTTTGTGTGATGATGGTTTGTTGCAATCTGATAGAGAAGAGAATACTAAT,0.014408088244576013,0.04430044752612839,0.11068729018416373,0.2286691366291605,0.3204990803270214,0.23812409855449118,0.03839514577103657,0.004916712763422325,863.9717906279404
GAAGATCCAACTTGGTTTGATTCTGGTTCTCAATTTATCTTAAATTCTCAACAATTGGTTGAAGCTTTGTCTTTGTGTGATGATGGTTTGTTGTCTCAAGATAGAGAAGAGAATACTAAT,0.14615163214241877,0.08577718780814014,0.12124218899432414,0.17590029726063466,0.10801407155968057,0.1562906044419015,0.09036537387120339,0.11625864392169674,1437.0408924107812
GAAGATCCAACTTGGTTTGATTCTGGTTCTCAATTTATCTTAAATTCTCAACAATTGGTTGAAGCTTTGTCTTTGTGTGATGATTCTCAATTGTTGGATGGTAGAGAAGAGAATACTAAT,0.016617735402751105,0.06426898553004637,0.17116493874624483,0.25280159071163943,0.29558302973149225,0.17833758681016001,0.019808984990752766,0.001417148076913232,729.3953008798163
GAAGATCCAACTTGGTTTGATTCTGGTTCTCAATTTATCTTAAATTCTCAACAATTGGTTGAAGCTTTGTCTTTGTGTGATGATTCTGGTCAAGATTTGTTGAGAGAAGAGAATACTAAT,0.2946386312272279,0.3104113959789212,0.20731056475217954,0.108825543244155,0.028881871134393063,0.021209478567183252,0.018598987925244764,0.010123527170695434,401.6731750183502
GAAGATCCAACTTGGTTTGATTCTGGTTCTCAATTTATCTTAAATTCTCAACAATTGGTTGAAGCTTTGTCTTTGTGTGATGATTCTGGTTTGTTGCAAGATAGAGAAGAGAATACTAAT,0.09236131139533504,0.14071787108995282,0.11492948187925225,0.219879179213103,0.16382417880104377,0.11126595233037834,0.10034495490496988,0.056677070385964805,1090.3627702595052
GAAGATCCAACTTGGTTTGATTCTGGTTCTCAATTTATCTTAAATTCTCAACAATTGGTTGAAGCTTTGTCTTTGTGTGATGATTCTTTGCAATTGGGTGATAGAGAAGAGAATACTAAT,0.0423935060213894,0.09952391703155858,0.03516814279685025,0.1255939920103098,0.20887417293650037,0.3367703433708676,0.11795333615709523,0.033722589675428925,1243.6298300648195
GAAGATCCAACTTGGTTTGATTCTGGTTCTCAATTTATCTTAAATTCTCAACAATTGGTTGAAGCTTTGTCTTTGTGTGATGATTCTTTGGAACAAGGTTTGAATGAAGATAGAACTAAT,0.0796718725554188,0.12469294754647482,0.14320138743105512,0.1770254951334362,0.17446483931780646,0.14605533721975958,0.04926102052335341,0.10562710027269566,1307.8475322591628
GAAGATCCAACTTGGTTTGATTCTGGTTCTCAATTTATCTTAAATTCTCAACAATTGGTTGAAGCTTTGTCTTTGTGTGATGATTCTTTGGGTGATTTGCAAAGAGAAGAGAATACTAAT,0.0770174711611648,0.06887919651752096,0.053242459318367276,0.12359215218625237,0.10119135122461118,0.10197002105076695,0.19841586423154361,0.27569148430977275,2589.3634670134525
GAAGATCCAACTTGGTTTGATTCTGGTTCTCAATTTATCTTAAATTCTCAACAATTGGTTGAAGCTTTGTCTTTGTGTGATGATTCTTTGGGTTTGCAAGATAGAGAAGAGAATACTAAT,0.03778503774114753,0.012672139519559334,0.04701768245570203,0.05597052678040577,0.0744672403700191,0.1962591612453949,0.4030021284048103,0.17282608348296102,2519.8375338964215
GAAGATCCAACTTGGTTTGATTCTGGTTCTCAATTTATCTTAAATTCTCAACAATTGGTTGAAGCTTTGTCTTTGTGTGATGATTTGAATGAAGGTAGACAATCTGATTTGGAAACTAAT,0.017622171049635635,0.049585130289746794,0.18090672816607412,0.31859336737294713,0.2443834494690922,0.15872599139443822,0.027239416556273204,0.0029437457017926967,723.5470045062065
GAAGATCCAACTTGGTTTGATTCTGGTTCTCAATTTATCTTAAATTCTCAACAATTGGTTGAAGCTTTGTCTTTGTGTGATGATTTGAGAAATGAAGGTGATTTGGAACAATCTACTAAT,0.009972150947068754,0.06675350548239038,0.14275896311402506,0.3299949801594144,0.21597272178638413,0.21133578538181827,0.013228723406590768,0.009983169722308161,777.5260114069685
GAAGATCCAACTTGGTTTGATTCTGGTTCTCAATTTATCTTAAATTCTCAACAATTGGTTGAAGCTTTGTCTTTGTGTGATGATTTGAGATTGGGTGAACAAGATTCTGAGAATACTAAT,0.023282489669164293,0.0340728182472527,0.01580262893104462,0.05878649129898942,0.13557059256850987,0.24444980228982813,0.35923402358598205,0.1288011534092289,2233.6548784037072
GAAGATCCAACTTGGTTTGATTCTGGTTCTCAATTTATCTTAAATTCTCAACAATTGGTTGAAGCTTTGTCTTTGTGTGATGATTTGCAAAGAGATGAATCTGGTTTGGAGAATACTAAT,0.03623905941403913,0.054691459895908706,0.0,0.12078109683209579,0.2678265236880274,0.24912688161509114,0.18485416730323673,0.08648081125160115,1653.133016120994
GAAGATCCAACTTGGTTTGATTCTGGTTCTCAATTTATCTTAAATTCTCAACAATTGGTTGAAGCTTTGTCTTTGTGTGATGATTTGCAATCTGATGGTTTGAGAGAAGAGAATACTAAT,0.22649923188971843,0.16573543617935882,0.1793549827864999,0.18300579106671663,0.10145172986860863,0.056621023374212376,0.03819387155011822,0.04913793328476698,787.4324578275987
GAAGATCCAACTTGGTTTGATTCTGGTTCTCAATTTATCTTAAATTCTCAACAATTGGTTGAAGCTTTGTCTTTGTGTGATGATTTGCAGAATAGATTGTCTGGTGAAGAAGATACTAAT,0.07021947787811532,0.1589613177209619,0.06553302531473436,0.05850859331223574,0.0518960452047445,0.06436355260603216,0.1953747744938599,0.3351432134693161,2862.8569983650964
GAAGATCCAACTTGGTTTGATTCTGGTTCTCAATTTATCTTAAATTCTCAACAATTGGTTGAAGCTTTGTCTTTGTGTGATGATTTGGATGGTGAATTGCAATCTAGAGAGAATACTAAT,0.06409845751491987,0.02579638857630875,0.03190427853462064,0.07121121177976164,0.0631630339476013,0.03525179537268693,0.24968158244877275,0.45889325182532803,3721.8844771668605
GAAGATCCAACTTGGTTTGATTCTGGTTCTCAATTTATCTTAAATTCTCAACAATTGGTTGAAGCTTTGTCTTTGTGTGATGATTTGGCTGGTTCTCAAGATAGAGAAGAGAATACTAAT,0.010164087658913959,0.052708389510013484,0.1580863102700797,0.296824250604068,0.2551003168871169,0.19813547123632438,0.01793973116495432,0.011041442668529456,794.5733897473883
GAAGATCCAACTTGGTTTGATTCTGGTTCTCAATTTATCTTAAATTCTCAACAATTGGTTGAAGCTTTGTCTTTGTGTGATGATTTGGGTTCTTTGCAAGATAGAGAAGAGAATACTAAT,0.007502568518623456,0.03519537406022777,0.08603423774212465,0.2114233148966044,0.3156859708158097,0.2796183917872685,0.05359608914364925,0.010944053035692498,974.8956804028347
GAAGATCCAACTTGGTTTGATTCTGGTTCTCAATTTATCTTAAATTCTCAACAATTGGTTGAAGCTTTGTCTTTGTGTGATGATTTGGGTTTGTCTCAAGATAGAGAAGAGAATACTAAT,0.040339230420269635,0.0368965928331396,0.09126542432440093,0.2118551689169072,0.2312758582957417,0.27563298432456407,0.09523193174419207,0.01750280914078482,1060.7089036261723
GAAGATCCAACTTGGTTTGATTCTGGTTCTCAATTTATCTTAAATTCTCAACAATTGGTTGAAGCTTTGTCTTTGTGTGATGATTTGTCTCAAGGTGAATTGGATAGAGAGAATACTAAT,0.021809154757029377,0.058513881347012575,0.11458328782203801,0.2099866692437015,0.2602784589183747,0.24876928557023278,0.06292800959209296,0.023131252749518057,1007.8547202174182
GAAGATCCAACTTGGTTTGATTCTGGTTCTCAATTTATCTTAAATTCTCAACAATTGGTTGAAGCTTTGTCTTTGTGTGATGATTTGTCTGGTCAATTGGATAGAGAAGAGAATACTAAT,0.17798293007723556,0.14651413203728936,0.08053543643131558,0.10785436216517416,0.06377655585944197,0.10381643669788816,0.16506993917914928,0.154450207552506,1740.2577222351404
GAAGATCCAACTTGGTTTGATTCTGGTTCTCAATTTATCTTAAATTCTCAACAATTGGTTGAAGCTTTGTCTTTGTGTGATGATTTGTCTGGTTTGCAAGATAGAGAAGAGAATACTAAT,0.04068333367535082,0.08186492505101967,0.2024966683470006,0.04519780354445767,0.1202688591424985,0.22374338001322233,0.1886584127051107,0.09708661752133971,1618.8955286359405
GAAGATCCAACTTGGTTTGATTCTGGTTCTCAATTTATCTTAAATTCTCAACAATTGGTTGAAGCTTTGTCTTTGTGTGATGATTTGTCTTTGGGTCAAGATAGAGAAGAGAATACTAAT,0.23222971338092607,0.28232925527497715,0.14448712470958447,0.08599977774958237,0.028605082397082017,0.05321575232950945,0.08076788174309538,0.09236541241524296,1081.4818089050948
GAAGATCCAACTTGGTTTGATTCTGGTTCTCAATTTATCTTAAATTCTCAACAATTGGTTGAAGCTTTGTCTTTGTGTGATGATTTGTTAAATTCTGAAACTAGAGATGAACAAGGTAAT,0.17962903539702632,0.20926517349343685,0.10587826217827717,0.13654225990019758,0.13353205774183666,0.10110022867123042,0.09645067271759425,0.03760230990040086,907.3769180347916
GAAGATCCAACTTGGTTTGATTCTGGTTCTCAATTTATCTTAAATTCTCAACAATTGGTTGAAGCTTTGTCTTTGTGTGATGATTTGTTGAATACTAATGAAGAAAGAGATCAATCTGGT,0.1272373829117756,0.09144038211674912,0.06785460092760834,0.10096886852012064,0.23284957196416367,0.08330462303911611,0.10114806458982166,0.19519650593064483,1908.8346101565178
GAAGATCCAACTTGGTTTGATTCTGGTTCTCAATTTATCTTAAATTCTCAACAATTGGTTGAAGCTTTGTCTTTGTGTGATGATTTGTTGAGAAATGATCAATCTGAAGAAGGTACTAAT,0.05290484901385682,0.02129152706076786,0.026332787156028773,0.05877549247460673,0.0521327798485189,0.07758859246497049,0.3827187337607937,0.3282552382204568,3274.8862998433974
GAAGATCCAACTTGGTTTGATTCTGGTTCTCAATTTATCTTAAATTCTCAACAATTGGTTGAAGCTTTGTCTTTGTGTGATGATTTGTTGAGACAATCTGGTGAAGAAGATAATACTAAT,0.180829077783942,0.22392172855326464,0.12116140849543892,0.14680786331370654,0.0822416035119241,0.08924941262894542,0.06450368984750782,0.09128521586527048,1123.532483707489
GAAGATCCAACTTGGTTTGATTCTGGTTCTCAATTTATCTTAAATTCTCAACAATTGGTTGAAGCTTTGTCTTTGTGTGATGATTTGTTGAGAGAACAAGGTGATTCTGAGAATACTAAT,0.0005098108275029918,0.0006497147659356573,0.0003383367249117746,0.0007174178766398902,0.0008707761945963653,0.07479841021607471,0.40602896418269396,0.5160865692116446,4436.577066572406
GAAGATCCAACTTGGTTTGATTCTGGTTCTCAATTTATCTTAAATTCTCAACAATTGGTTGAAGCTTTGTCTTTGTGTGATGATTTGTTGAGAGATCAAGGTTCTGAAGAGAATACTAAT,0.021536930686006414,0.08667525776075513,0.2143952481936806,0.1435607961527247,0.12733578342948923,0.13818606875874898,0.13982070560538187,0.12848920941321304,1630.5106585604926
GAAGATCCAACTTGGTTTGATTCTGGTTCTCAATTTATCTTAAATTCTCAACAATTGGTTGAAGCTTTGTCTTTGTGTGATGATTTGTTGCAAACTAGAGGTTCTGAGAATGATGAGAAT,0.1930470960194848,0.24972330993181854,0.1715839239599178,0.0765959909349037,0.027175693572716098,0.11375229256691831,0.10230924114807574,0.06581245186616493,1040.961217767704
GAAGATCCAACTTGGTTTGATTCTGGTTCTCAATTTATCTTAAATTCTCAACAATTGGTTGAAGCTTTGTCTTTGTGTGATGATTTGTTGCAAGATGGTTCTAGAGAAGAGAATACTAAT,0.15267543561993327,0.12069385457942615,0.12213074316322517,0.23019481147686802,0.19343232019727075,0.09995937766552647,0.0809134572977502,0.0,698.6801799908177
GAAGATCCAACTTGGTTTGATTCTGGTTCTCAATTTATCTTAAATTCTCAACAATTGGTTGAAGCTTTGTCTTTGTGTGATGATTTGTTGCAAGGTGATTCTAGAGAAGAGAATACTAAT,0.006032351715609851,0.007551470390619855,0.03282111382516088,0.13999892367106698,0.27983481490987533,0.3509742967187432,0.1587108339354679,0.0240761948334558,1341.4652998537497
GAAGATCCAACTTGGTTTGATTCTGGTTCTCAATTTATCTTAAATTCTCAACAATTGGTTGAAGCTTTGTCTTTGTGTGATGATTTGTTGCAATCTGATGAAAGAGGTGAGAATACTAAT,0.046133367770725825,0.056730508390914494,0.04464903206516807,0.09681047900826248,0.15658485262852498,0.23022428965011965,0.22819363508589394,0.14067383540039066,2002.9961436631534
GAAGATCCAACTTGGTTTGATTCTGGTTCTCAATTTATCTTAAATTCTCAACAATTGGTTGAAGCTTTGTCTTTGTGTGATGATTTGTTGCAATCTGATGGTGAAAGAGAGAATACTAAT,0.20397770317001027,0.13339740893623098,0.12690947857975757,0.12463676958957029,0.11055052023342692,0.0747868256795016,0.10404830886231989,0.12169298494918256,1394.6944835234367
GAAGATCCAACTTGGTTTGATTCTGGTTCTCAATTTATCTTAAATTCTCAACAATTGGTTGAAGCTTTGTCTTTGTGTGATGATTTGTTGGAAACTAATTCTCAGAATAGAGATGAAGGT,0.21942735126032975,0.22336834501898126,0.14776481176281595,0.10898236521708096,0.09412152668565218,0.08281753326245005,0.05267252706190364,0.07084553973078621,959.4170324379589
GAAGATCCAACTTGGTTTGATTCTGGTTCTCAATTTATCTTAAATTCTCAACAATTGGTTGAAGCTTTGTCTTTGTGTGATGATTTGTTGGAACAAAGAGATTCTGGTGAGAATACTAAT,0.12807965820771733,0.11168210562117001,0.10625032303174327,0.2181813046523354,0.20193683562480552,0.12522507342856812,0.047514896807822025,0.061129802625838274,1024.9894686208736
GAAGATCCAACTTGGTTTGATTCTGGTTCTCAATTTATCTTAAATTCTCAACAATTGGTTGAAGCTTTGTCTTTGTGTGATGATTTGTTGGAACAAGGTGATTCTAGAGAGAATACTAAT,0.0027053579077876834,0.010726227757830083,0.043663386220379866,0.1914898857980455,0.36094395186068196,0.31633569090875374,0.05408341448518403,0.020052085061337075,1089.1089980364904
GAAGATCCAACTTGGTTTGATTCTGGTTCTCAATTTATCTTAAATTCTCAACAATTGGTTGAAGCTTTGTCTTTGTGTGATGATTTGTTGGAACAATCTAATAGAGGTGAGAATGATACT,0.08575106031652319,0.1355768328002439,0.09146060448180518,0.29940905950949204,0.08449964856883858,0.15719976987825798,0.10225242286170903,0.04385060158313006,1043.3281677313025
GAAGATCCAACTTGGTTTGATTCTGGTTCTCAATTTATCTTAAATTCTCAACAATTGGTTGAAGCTTTGTCTTTGTGTGATGATTTGTTGGAAGAACAAGATAGAGAAGAGAATACTAAT,0.06422739529068978,0.12924139756227077,0.07992113961675223,0.11892409545744989,0.1054834834407564,0.23548470939736865,0.13899101748630283,0.12772676174840955,1699.1817147809666
GAAGATCCAACTTGGTTTGATTCTGGTTCTCAATTTATCTTAAATTCTCAACAATTGGTTGAAGCTTTGTCTTTGTGTGATGATTTGTTGGAAGAAGATAGAGGTCAATCTAATACTAAT,0.2582632805493282,0.28871642670842956,0.1547332365067493,0.07438711860547506,0.06598000483790661,0.04383805880833917,0.07984193389404488,0.034239940089727215,728.8870994328286
GAAGATCCAACTTGGTTTGATTCTGGTTCTCAATTTATCTTAAATTCTCAACAATTGGTTGAAGCTTTGTCTTTGTGTGATGATTTGTTGGAAGATCAAAGATCTGAGAATGGTACTAAT,0.11902522835138307,0.17963113856258583,0.14810863572986316,0.2314077339109272,0.1759323429248546,0.0,0.11038972780266704,0.0355051927177192,869.1043397649385
GAAGATCCAACTTGGTTTGATTCTGGTTCTCAATTTATCTTAAATTCTCAACAATTGGTTGAAGCTTTGTCTTTGTGTGATGATTTGTTGGAAGATGAATCTAGACAGAATGGTACTAAT,0.06461223218509152,0.13001578453282903,0.17688002219761753,0.14356399601736766,0.16554020814567913,0.2132061153294881,0.05992449518835219,0.046257146403574936,1036.7891383033073
GAAGATCCAACTTGGTTTGATTCTGGTTCTCAATTTATCTTAAATTCTCAACAATTGGTTGAAGCTTTGTCTTTGTGTGATGATTTGTTGGAAGGTTCTGATAGACAAGAGAATACTAAT,0.0022381755675931806,0.006192673522332269,0.03342079333247029,0.04973074252436336,0.39010005124343,0.4764664051820733,0.03918057001508194,0.0026705886126556807,1108.0274542129707
GAAGATCCAACTTGGTTTGATTCTGGTTCTCAATTTATCTTAAATTCTCAACAATTGGTTGAAGCTTTGTCTTTGTGTGATGATTTGTTGGAATCTAATAGAGATACTGGTCAGAATGAA,0.028685409938855193,0.07215267047194311,0.09518557794270247,0.1434083278449142,0.16488959776488163,0.14023040880137505,0.21283384297049152,0.14261416426483683,1899.5530700827571
GAAGATCCAACTTGGTTTGATTCTGGTTCTCAATTTATCTTAAATTCTCAACAATTGGTTGAAGCTTTGTCTTTGTGTGATGATTTGTTGGAGAATAGAGAACAATCTGATGGTACTAAT,0.05273951278130156,0.0884374482747227,0.03281311615734233,0.10741831747022883,0.07795478468596345,0.104739531448578,0.25271801165094593,0.2831792775309171,2749.97722016884
GAAGATCCAACTTGGTTTGATTCTGGTTCTCAATTTATCTTAAATTCTCAACAATTGGTTGAAGCTTTGTCTTTGTGTGATGATTTGTTGGAGAATAGAGATGGTGAACAATCTACTAAT,0.02122390017971954,0.03702389519363149,0.04730347702296859,0.26446871120960547,0.26608543500057397,0.2785761273606781,0.08255665048478286,0.0027618035480399352,973.2729494878292
GAAGATCCAACTTGGTTTGATTCTGGTTCTCAATTTATCTTAAATTCTCAACAATTGGTTGAAGCTTTGTCTTTGTGTGATGATTTGTTGGAGAATAGATCTGATGGTGAAACTCAGAAT,0.01648825479686452,0.02681924293046347,0.07591328277385252,0.05251128959916104,0.1517799692623007,0.3863947444884172,0.26123835730485945,0.028854858844080938,1564.6375426851666
GAAGATCCAACTTGGTTTGATTCTGGTTCTCAATTTATCTTAAATTCTCAACAATTGGTTGAAGCTTTGTCTTTGTGTGATGATTTGTTGGAGAATCAAAGAGGTTCTGAAGATACTAAT,0.08201198606753617,0.05500946363180274,0.10205133431124548,0.12148337905478802,0.10775352087868344,0.07517262929162524,0.22818559419582682,0.22833209256849193,2346.582827756204
GAAGATCCAACTTGGTTTGATTCTGGTTCTCAATTTATCTTAAATTCTCAACAATTGGTTGAAGCTTTGTCTTTGTGTGATGATTTGTTGGATGATCAAGATAGAGAAGAGAATACTAAT,0.20406550727996,0.2294698453276579,0.14936953876668538,0.10668699093275365,0.08280072237125002,0.12103076500710629,0.0779306611774952,0.02864596913709155,798.5870749641635
GAAGATCCAACTTGGTTTGATTCTGGTTCTCAATTTATCTTAAATTCTCAACAATTGGTTGAAGCTTTGTCTTTGTGTGATGATTTGTTGGATGGTCAATCTAGAGAAGAGAATACTAAT,0.23547045019420676,0.23691237928908943,0.18031190719178652,0.14086136718088618,0.08924388544590364,0.03320515172014873,0.0839948589779787,0.0,550.5059577719426
GAAGATCCAACTTGGTTTGATTCTGGTTCTCAATTTATCTTAAATTCTCAACAATTGGTTGAAGCTTTGTCTTTGTGTGATGATTTGTTGGATTCTCAAGGTAGAGAAGAGAATACTAAT,0.24337657982159863,0.23197919017952992,0.11157440535783683,0.21346036082409267,0.11360124632254517,0.046964271008480676,0.023759911435473114,0.015284035050443012,541.504665236258
GAAGATCCAACTTGGTTTGATTCTGGTTCTCAATTTATCTTAAATTCTCAACAATTGGTTGAAGCTTTGTCTTTGTGTGATGATTTGTTGGATTCTCAAGGTGAGAATACTGAGAATAGA,0.22926572603980386,0.2883370747833373,0.07132150547766064,0.12735322193253318,0.0564799817277307,0.052536550628931894,0.10631603670315787,0.06838990270684459,1012.7418067525598
GAAGATCCAACTTGGTTTGATTCTGGTTCTCAATTTATCTTAAATTCTCAACAATTGGTTGAAGCTTTGTCTTTGTGTGATGATTTGTTGGGTACTCAAGATAGAGAAGAGAATACTAAT,0.09709391877862288,0.1154500265759477,0.1537689817835026,0.16670516800169335,0.09567697454330022,0.15372176317043088,0.12279487543474107,0.09478829171176131,1377.72880230392
GAAGATCCAACTTGGTTTGATTCTGGTTCTCAATTTATCTTAAATTCTCAACAATTGGTTGAAGCTTTGTCTTTGTGTGATGATTTGTTGGGTAGAACTAATTCTCAAGAAGAGAATGAT,0.09914355964816975,0.11400077268083243,0.24673789858302939,0.17308520641675315,0.2233067517522268,0.06491108724684824,0.07881472367214037,0.0,672.8760680868813
GAAGATCCAACTTGGTTTGATTCTGGTTCTCAATTTATCTTAAATTCTCAACAATTGGTTGAAGCTTTGTCTTTGTGTGATGATTTGTTGGGTAGAGAAGAGAATCAAGATAATTCTACT,0.08954060670705553,0.09008891842038459,0.13927443456205024,0.18237372342858457,0.22793755446990013,0.17782570785226254,0.048442490841437556,0.044516563718324874,996.5988880984323
GAAGATCCAACTTGGTTTGATTCTGGTTCTCAATTTATCTTAAATTCTCAACAATTGGTTGAAGCTTTGTCTTTGTGTGATGATTTGTTGGGTCAAGATTCTAGAGAAGAGAATACTAAT,0.05152212415267778,0.10367525104718268,0.0641113789391782,0.22895732824931117,0.2538511692072021,0.2125145574728077,0.02389204935712786,0.061476141574512616,1103.4909082183092
GAAGATCCAACTTGGTTTGATTCTGGTTCTCAATTTATCTTAAATTCTCAACAATTGGTTGAAGCTTTGTCTTTGTGTGATGATTTGTTGGGTCAATCTGATAGAGAAGAGAATACTAAT,0.00039766691059472936,0.0030616506033379048,0.02388118958328953,0.1388387070676536,0.33429367608653987,0.39692861340552266,0.07903875242951162,0.02355974391354996,1231.2076995117025
GAAGATCCAACTTGGTTTGATTCTGGTTCTCAATTTATCTTAAATTCTCAACAATTGGTTGAAGCTTTGTCTTTGTGTGATGATTTGTTGGGTGAACAAGATAGAGAAGAGAATACTAAT,0.011620553209177306,0.027634957857362995,0.04732362207327808,0.12792676388346738,0.2696182505818768,0.38442094030851887,0.0911185302938956,0.040336381792422986,1311.8703662512712
GAAGATCCAACTTGGTTTGATTCTGGTTCTCAATTTATCTTAAATTCTCAACAATTGGTTGAAGCTTTGTCTTTGTGTGATGATTTGTTGGGTGAAGAATCTGATAATACTCAGAATAGA,0.0011889161114238386,0.017195325686051106,0.03969786917946992,0.1028608406802988,0.2866918686849016,0.45506850628400125,0.09694202002644141,0.00035465334741207575,1163.785234595747
GAAGATCCAACTTGGTTTGATTCTGGTTCTCAATTTATCTTAAATTCTCAACAATTGGTTGAAGCTTTGTCTTTGTGTGATGATTTGTTGGGTGATTCTCAAAGAGAAGAGAATACTAAT,0.11057876684925261,0.06675354482442263,0.0,0.14741911034500232,0.17434404945566717,0.0202714189631712,0.3486906472172788,0.13194246234520524,2008.674108939035
GAAGATCCAACTTGGTTTGATTCTGGTTCTCAATTTATCTTAAATTCTCAACAATTGGTTGAAGCTTTGTCTTTGTGTGATGATTTGTTGGGTGATTCTCAAGAAAGAGAGAATACTAAT,0.11122011210728708,0.16785177097001774,0.08649772876985469,0.21623310002889412,0.12329664375207622,0.14017431359609483,0.1547263307757754,0.0,877.0169502918303
GAAGATCCAACTTGGTTTGATTCTGGTTCTCAATTTATCTTAAATTCTCAACAATTGGTTGAAGCTTTGTCTTTGTGTGATGATTTGTTGGGTTATCAAGATAGAGAAGAGAATACTAAT,0.08896889187169103,0.15148472752193987,0.19586824105771594,0.08363504822431964,0.15510938253326118,0.13173359239188198,0.09520850093962552,0.09799161545956474,1323.882089498717
GAAGATCCAACTTGGTTTGATTCTGGTTCTCAATTTATCTTAAATTCTCAACAATTGGTTGAAGCTTTGTCTTTGTGTGATGATTTGTTGGGTTCTAATAGACAAGATGAAGAAACTAAT,0.04325597135450139,0.038987431738157406,0.04821860540068162,0.07108271016326967,0.13764230399708954,0.24202200997607554,0.32094136477128704,0.09784960259893781,1956.6870912539175
GAAGATCCAACTTGGTTTGATTCTGGTTCTCAATTTATCTTAAATTCTCAACAATTGGTTGAAGCTTTGTCTTTGTGTGATGATTTGTTGGGTTCTAATCAAGAAACTGAAGATAGAAAT,0.001010715617066142,0.058065266641488,0.11407162321615813,0.3144038134613738,0.21194150004487852,0.273759294464565,0.018185294781156942,0.00856249177331342,842.9661078207209
GAAGATCCAACTTGGTTTGATTCTGGTTCTCAATTTATCTTAAATTCTCAACAATTGGTTGAAGCTTTGTCTTTGTGTGATGATTTGTTGGGTTCTAATCAAGAAGAAGATAGAACTAAT,0.21408779915544252,0.21984000139383264,0.15654398937404113,0.11279213373327322,0.06307156178045338,0.05259881290828002,0.09416026110565823,0.08690544054901884,1106.8631551875162
GAAGATCCAACTTGGTTTGATTCTGGTTCTCAATTTATCTTAAATTCTCAACAATTGGTTGAAGCTTTGTCTTTGTGTGATGATTTGTTGGGTTCTAATGAAGATAATAGACAAACTGAA,0.27239254217894315,0.32247793471739106,0.18642290042331205,0.13718722266804204,0.029525910702592147,0.0191418630888764,0.01768409714660501,0.015167529074238356,435.4427603623003
GAAGATCCAACTTGGTTTGATTCTGGTTCTCAATTTATCTTAAATTCTCAACAATTGGTTGAAGCTTTGTCTTTGTGTGATGATTTGTTGGGTTCTAGAAATGAAGAGAATCAAACTGAT,0.01030569530354557,0.02585886648579851,0.0734234126564056,0.19056648200893386,0.30124883026674953,0.3013207734291005,0.08105589769481578,0.016220042154650605,1081.9582653174043
GAAGATCCAACTTGGTTTGATTCTGGTTCTCAATTTATCTTAAATTCTCAACAATTGGTTGAAGCTTTGTCTTTGTGTGATGATTTGTTGGGTTCTAGAGAAGAAGATCAGAATACTAAT,0.1166930880675455,0.1956794516245534,0.26016190552754376,0.1836595879296679,0.13415514294140427,0.044567297775701564,0.03607559620385671,0.0290079299297268,681.0399336047839
GAAGATCCAACTTGGTTTGATTCTGGTTCTCAATTTATCTTAAATTCTCAACAATTGGTTGAAGCTTTGTCTTTGTGTGATGATTTGTTGGGTTCTAGAGATCAAGAAGAGAATACTAAT,0.09922601218543173,0.12252309570834628,0.08418514692558932,0.1503228181743248,0.18666700147629559,0.17776805632812576,0.1254913382781171,0.053816530923769416,1198.7106341489705
GAAGATCCAACTTGGTTTGATTCTGGTTCTCAATTTATCTTAAATTCTCAACAATTGGTTGAAGCTTTGTCTTTGTGTGATGATTTGTTGGGTTCTCAAAGAGATGAAGAGAATACTAAT,0.20267107837838064,0.14953558174657647,0.15131583784190236,0.21014997969279403,0.15977071149746055,0.0495385079624037,0.012531127776045398,0.0644871751044367,850.5961451516332
GAAGATCCAACTTGGTTTGATTCTGGTTCTCAATTTATCTTAAATTCTCAACAATTGGTTGAAGCTTTGTCTTTGTGTGATGATTTGTTGGGTTCTCAAGAAAGAGATGAGAATACTAAT,0.023544997282221352,0.008397750807910902,0.021392290379345605,0.08797658020900238,0.41611103868432836,0.34305785536430894,0.08723151822206028,0.012287969050822259,1150.0531681248042
GAAGATCCAACTTGGTTTGATTCTGGTTCTCAATTTATCTTAAATTCTCAACAATTGGTTGAAGCTTTGTCTTTGTGTGATGATTTGTTGGGTTCTCAAGAAGATGAAAGAAATACTAAT,0.01669664199098105,0.038683584755004656,0.10352681346130208,0.1961356724207508,0.3192886865108971,0.25380637783387705,0.058906862691533037,0.012955360335654295,969.6103582006054
GAAGATCCAACTTGGTTTGATTCTGGTTCTCAATTTATCTTAAATTCTCAACAATTGGTTGAAGCTTTGTCTTTGTGTGATGATTTGTTGGGTTCTCAAGAAGATGAGAATAGAACTAAT,0.1090509204885821,0.09143225478790502,0.022616189976923773,0.10769055390739642,0.10745948124000018,0.09440351466960224,0.1854216364563337,0.2819254484732565,2582.059284286587
GAAGATCCAACTTGGTTTGATTCTGGTTCTCAATTTATCTTAAATTCTCAACAATTGGTTGAAGCTTTGTCTTTGTGTGATGATTTGTTGGGTTCTCAAGAGAATGAGAATGATACTAGA,0.15488760630604947,0.14228511426601592,0.09217706494050332,0.10474122892701121,0.0995395091951132,0.12345288376372403,0.16238720960430603,0.1205293829972769,1570.1811122659599
GAAGATCCAACTTGGTTTGATTCTGGTTCTCAATTTATCTTAAATTCTCAACAATTGGTTGAAGCTTTGTCTTTGTGTGATGATTTGTTGGGTTCTCAAGATAATAATACTAGAGAAGAA,0.3311341976065308,0.3351497738400634,0.19176351473785108,0.09087222434801484,0.015964645394659617,0.01919633396531746,0.010261425260710463,0.005657884846852229,336.2782495911184
GAAGATCCAACTTGGTTTGATTCTGGTTCTCAATTTATCTTAAATTCTCAACAATTGGTTGAAGCTTTGTCTTTGTGTGATGATTTGTTGGGTTCTCAAGATAATACTAGAGAGAATGAA,0.3537090455823374,0.25171647874062275,0.09661536019309568,0.08625923784388495,0.042505753362718245,0.09489120620440665,0.06400913167983348,0.010293786393100631,578.7065615064091
GAAGATCCAACTTGGTTTGATTCTGGTTCTCAATTTATCTTAAATTCTCAACAATTGGTTGAAGCTTTGTCTTTGTGTGATGATTTGTTGGGTTCTCAAGATAATAGAGAAGAAACTAAT,0.0006020540531365611,0.00027533672594506333,0.003813925316600671,0.14903453196076116,0.2829348795073942,0.41619221675369134,0.13989804699234665,0.007249008690124347,1269.3405791097052
GAAGATCCAACTTGGTTTGATTCTGGTTCTCAATTTATCTTAAATTCTCAACAATTGGTTGAAGCTTTGTCTTTGTGTGATGATTTGTTGGGTTCTCAAGATAATGAAAGAGAAACTAAT,0.1772648966426199,0.17835039765457092,0.11028948386902446,0.19693528651601191,0.17467797383033223,0.16248196148744062,0.0,0.0,556.9507848630435
GAAGATCCAACTTGGTTTGATTCTGGTTCTCAATTTATCTTAAATTCTCAACAATTGGTTGAAGCTTTGTCTTTGTGTGATGATTTGTTGGGTTCTCAAGATAATGAAGAGAATACTAAT,0.0007570137300641084,0.0013709688958123713,0.027506033404624854,0.09907175225896575,0.2868986074356065,0.3859376538663081,0.12511261321497077,0.07334535719364753,1596.9922054078047
GAAGATCCAACTTGGTTTGATTCTGGTTCTCAATTTATCTTAAATTCTCAACAATTGGTTGAAGCTTTGTCTTTGTGTGATGATTTGTTGGGTTCTCAAGATAATGAGAATAGAACTGAA,0.07987100822888869,0.1560616572603392,0.16420496533675416,0.258485943324788,0.15627015646671702,0.1315661519274647,0.030059914874116505,0.023480202580931538,755.7491539323825
GAAGATCCAACTTGGTTTGATTCTGGTTCTCAATTTATCTTAAATTCTCAACAATTGGTTGAAGCTTTGTCTTTGTGTGATGATTTGTTGGGTTCTCAAGATACTAATAATGAAAGAGAA,0.21762987935509484,0.11592135516717104,0.12743858630267296,0.056889273633098196,0.050459738458810834,0.08213912107524965,0.1662215297056877,0.18330051630221472,1876.189120112434
GAAGATCCAACTTGGTTTGATTCTGGTTCTCAATTTATCTTAAATTCTCAACAATTGGTTGAAGCTTTGTCTTTGTGTGATGATTTGTTGGGTTCTCAAGATACTAATGAAGAAAGAAAT,0.003267211121381709,0.0032872182465694304,0.0020327714911023667,0.17023577761702402,0.12910319056778727,0.5845739032268297,0.08332964500355036,0.024170282725755176,1351.336618519563
GAAGATCCAACTTGGTTTGATTCTGGTTCTCAATTTATCTTAAATTCTCAACAATTGGTTGAAGCTTTGTCTTTGTGTGATGATTTGTTGGGTTCTCAAGATACTGAAAGAAATAATGAA,0.12485916141229048,0.10767750014066085,0.04439087725060248,0.13871429252263145,0.035153435407743454,0.1307960932411587,0.2481437104832284,0.17026492954168426,2056.688980484276
GAAGATCCAACTTGGTTTGATTCTGGTTCTCAATTTATCTTAAATTCTCAACAATTGGTTGAAGCTTTGTCTTTGTGTGATGATTTGTTGGGTTCTCAAGATACTGAAGAGAATAATAGA,0.21804563344170547,0.2592682888102427,0.07399754674598606,0.08808774604602532,0.11719831375178298,0.07267702001896972,0.14707346857214126,0.02365198261314642,881.9682470316884
GAAGATCCAACTTGGTTTGATTCTGGTTCTCAATTTATCTTAAATTCTCAACAATTGGTTGAAGCTTTGTCTTTGTGTGATGATTTGTTGGGTTCTCAAGATAGAAATGAAGAAACTAAT,0.026293867481895713,0.03255985336568149,0.07550465550770454,0.17077547706715776,0.33284573207095464,0.25213459423953344,0.08816548776917052,0.021720332497901878,1087.8331589131474
GAAGATCCAACTTGGTTTGATTCTGGTTCTCAATTTATCTTAAATTCTCAACAATTGGTTGAAGCTTTGTCTTTGTGTGATGATTTGTTGGGTTCTCAAGATAGAGAAACTAATGAGAAT,0.02772529614456603,0.027895075032499172,0.057499795688348204,0.06673737079741902,0.15481721984777008,0.22871840545645528,0.3042796662099555,0.1323271708229867,2123.9323958702116
GAAGATCCAACTTGGTTTGATTCTGGTTCTCAATTTATCTTAAATTCTCAACAATTGGTTGAAGCTTTGTCTTTGTGTGATGATTTGTTGGGTTCTCAAGATAGAGAAACTGAGAATAAT,0.005782097392663028,0.01097032594783961,0.038224653371606604,0.12341745783667467,0.29257831940701706,0.3542730582944623,0.1476924763529944,0.027061611396742395,1340.8259355996272
GAAGATCCAACTTGGTTTGATTCTGGTTCTCAATTTATCTTAAATTCTCAACAATTGGTTGAAGCTTTGTCTTTGTGTGATGATTTGTTGGGTTCTCAAGATAGAGAAGAAACTAATAAT,0.24105977020624203,0.14013186842169092,0.15997968022577214,0.1547342199432574,0.14252511251516847,0.08347252623254516,0.03974585561706918,0.03835096683825473,767.3702486965669
GAAGATCCAACTTGGTTTGATTCTGGTTCTCAATTTATCTTAAATTCTCAACAATTGGTTGAAGCTTTGTCTTTGTGTGATGATTTGTTGGGTTCTCAAGATAGAGAAGAGAATAATACT,0.08726783850833905,0.07525905657998339,0.10859143631639943,0.16620275665669573,0.20884327958438162,0.25139768349237623,0.05781171096663266,0.04462623789519188,1085.3029720839138
GAAGATCCAACTTGGTTTGATTCTGGTTCTCAATTTATCTTAAATTCTCAACAATTGGTTGAAGCTTTGTCTTTGTGTGATGATTTGTTGGGTTCTCAAGATAGAGAAGAGAATACTAAT,0.0271581424991478,0.024709347780406225,0.031057438213683324,0.12346364365193681,0.29953524124571135,0.36365598847550956,0.09586804842919927,0.034552149704405795,1276.3382688481056
GAAGATCCAACTTGGTTTGATTCTGGTTCTCAATTTATCTTAAATTCTCAACAATTGGTTGAAGCTTTGTCTTTGTGTGATGATTTGTTGGGTTCTCAAGATAGAGAAGCTAATACTAAT,0.037893966039946755,0.04629587401152823,0.0505213146553756,0.1082543418769196,0.17870316013435839,0.19847893656245144,0.26358516516540403,0.11626724155401601,1917.2365678630988
GAAGATCCAACTTGGTTTGATTCTGGTTCTCAATTTATCTTAAATTCTCAACAATTGGTTGAAGCTTTGTCTTTGTGTGATGATTTGTTGGGTTCTCAAGATAGAGAAGCTGCTGCTGCT,0.0037206901367673674,0.004148174102852725,0.056558980425857865,0.16891739200930916,0.4450207260109226,0.2487751947823505,0.06229997616820325,0.010558866363736489,1015.104161653657
GAAGATCCAACTTGGTTTGATTCTGGTTCTCAATTTATCTTAAATTCTCAACAATTGGTTGAAGCTTTGTCTTTGTGTGATGATTTGTTGGGTTCTCAAGATAGAGAGAATAATACTGAA,0.1381802093927042,0.13902637104099594,0.1375552566896289,0.18421622989998346,0.17701277181505395,0.10132538087847788,0.08970848566894797,0.03297529461420771,905.3488626771673
GAAGATCCAACTTGGTTTGATTCTGGTTCTCAATTTATCTTAAATTCTCAACAATTGGTTGAAGCTTTGTCTTTGTGTGATGATTTGTTGGGTTCTCAAGATAGAGAGAATAATGAAACT,0.00161855808187127,0.0019541633994963575,0.06636285564556846,0.1075301545701822,0.34123689644535843,0.3799446018772016,0.07663262004418525,0.024720149936136398,1213.4246289823634
GAAGATCCAACTTGGTTTGATTCTGGTTCTCAATTTATCTTAAATTCTCAACAATTGGTTGAAGCTTTGTCTTTGTGTGATGATTTGTTGGGTTCTCAAGATAGAGAGAATACTAATGAA,0.147885974017079,0.17854988397384547,0.11961391381567624,0.057503705052299285,0.0947230659454854,0.08810950353635312,0.13715657296941405,0.1764573806898474,1802.2100379009078
GAAGATCCAACTTGGTTTGATTCTGGTTCTCAATTTATCTTAAATTCTCAACAATTGGTTGAAGCTTTGTCTTTGTGTGATGATTTGTTGGGTTCTCAAGATAGAGAGAATACTGAGAAT,0.1862812861586504,0.09371100000972303,0.19316540099039545,0.2069521893902413,0.07648449261761964,0.11383095520403425,0.129574675629336,0.0,763.7771783855892
GAAGATCCAACTTGGTTTGATTCTGGTTCTCAATTTATCTTAAATTCTCAACAATTGGTTGAAGCTTTGTCTTTGTGTGATGATTTGTTGGGTTCTCAAGATAGAGAGAATGAAACTAAT,0.0077122030249846645,0.0038797147724962864,0.011515984142085585,0.38470301711241284,0.16035271336741985,0.1201737979519922,0.13590070008770816,0.17576186954090045,1949.592407337534
GAAGATCCAACTTGGTTTGATTCTGGTTCTCAATTTATCTTAAATTCTCAACAATTGGTTGAAGCTTTGTCTTTGTGTGATGATTTGTTGGGTTCTCAAGATAGAGAGAATGAGAATACT,0.0006466921803814383,0.00474593421043761,0.04709915625877956,0.08811615637755513,0.2990223733685419,0.4376672299122337,0.1212953633253959,0.0014070943666748604,1211.7310716808781
GAAGATCCAACTTGGTTTGATTCTGGTTCTCAATTTATCTTAAATTCTCAACAATTGGTTGAAGCTTTGTCTTTGTGTGATGATTTGTTGGGTTCTCAAGATAGAGCTGAGAATACTAAT,0.5927944400037305,0.08968789198360964,0.13310828274571596,0.05942025676562305,0.02196028079392555,0.028597820251504168,0.03720357111902351,0.03722745633686767,569.6980452404027
GAAGATCCAACTTGGTTTGATTCTGGTTCTCAATTTATCTTAAATTCTCAACAATTGGTTGAAGCTTTGTCTTTGTGTGATGATTTGTTGGGTTCTCAAGATAGAGCTGCTAATACTAAT,0.004522744245190006,0.03977965084879045,0.017791303558744313,0.048220099631429654,0.3358370282066737,0.4604259258026547,0.09133426702282398,0.002088980683693179,1177.915894523483
GAAGATCCAACTTGGTTTGATTCTGGTTCTCAATTTATCTTAAATTCTCAACAATTGGTTGAAGCTTTGTCTTTGTGTGATGATTTGTTGGGTTCTCAAGATCAAGAAGAGAATACTAAT,0.0010630754432504829,0.0013986884720751185,0.0014245907751079577,0.029253470958001307,0.20677250532017927,0.4330175643737027,0.31701999498981615,0.010050109667867131,1651.7834603082963
GAAGATCCAACTTGGTTTGATTCTGGTTCTCAATTTATCTTAAATTCTCAACAATTGGTTGAAGCTTTGTCTTTGTGTGATGATTTGTTGGGTTCTCAAGATGAAACTAATAGAAATGAA,0.28620046174281877,0.13437808608948135,0.047484342068889615,0.10598633457957775,0.11280951325028732,0.03497771849425023,0.14156591396693433,0.1365976298077607,1511.0813626430058
GAAGATCCAACTTGGTTTGATTCTGGTTCTCAATTTATCTTAAATTCTCAACAATTGGTTGAAGCTTTGTCTTTGTGTGATGATTTGTTGGGTTCTCAAGATGAAACTAATAGAGAGAAT,0.006501847289468667,0.0024691567592808983,0.01015284885673618,0.10647332656371013,0.35533515446924546,0.36926324587324016,0.14105765886800295,0.00874676132031559,1256.9614302964076
GAAGATCCAACTTGGTTTGATTCTGGTTCTCAATTTATCTTAAATTCTCAACAATTGGTTGAAGCTTTGTCTTTGTGTGATGATTTGTTGGGTTCTCAAGATGAAAGAAATGAAACTAAT,0.30258404011635637,0.30468148091930247,0.23708061732688696,0.09933851952615454,0.02637449852320141,0.013767133338132474,0.005883520440967815,0.010290189808997855,362.7507724271999
GAAGATCCAACTTGGTTTGATTCTGGTTCTCAATTTATCTTAAATTCTCAACAATTGGTTGAAGCTTTGTCTTTGTGTGATGATTTGTTGGGTTCTCAAGATGAAAGAGAGAATACTAAT,0.16170203659917126,0.12201917754968346,0.12575836005088709,0.06736705386476381,0.11950667328537923,0.07410847996633267,0.11247769098553466,0.2170605276982479,1991.9084413720782
GAAGATCCAACTTGGTTTGATTCTGGTTCTCAATTTATCTTAAATTCTCAACAATTGGTTGAAGCTTTGTCTTTGTGTGATGATTTGTTGGGTTCTCAAGATGAAGAAAGAAATACTAAT,0.031532895262125375,0.059486232000626624,0.14714193881123686,0.2627398266975745,0.26800219803972736,0.15535481864719974,0.04752332871924558,0.028218761822263874,916.7501729918915
GAAGATCCAACTTGGTTTGATTCTGGTTCTCAATTTATCTTAAATTCTCAACAATTGGTTGAAGCTTTGTCTTTGTGTGATGATTTGTTGGGTTCTCAAGATGAAGAAGAGAATACTAAT,0.10351946821039766,0.16273965783338787,0.14491585815922423,0.21563740747026883,0.16576422272477714,0.14826016181795776,0.03600335221880459,0.023159871565181917,777.2110481691984
GAAGATCCAACTTGGTTTGATTCTGGTTCTCAATTTATCTTAAATTCTCAACAATTGGTTGAAGCTTTGTCTTTGTGTGATGATTTGTTGGGTTCTCAAGATGAAGAGAATAGAACTAAT,0.0014334980035791253,0.023316798334311217,0.0011891788913008187,0.20145980785441955,0.26521155507194316,0.3264075787137892,0.1623091899209456,0.018672393209711216,1293.864005331121
GAAGATCCAACTTGGTTTGATTCTGGTTCTCAATTTATCTTAAATTCTCAACAATTGGTTGAAGCTTTGTCTTTGTGTGATGATTTGTTGGGTTCTCAAGATGAGAATACTGAAAGAAAT,0.021415068376262083,0.026599256055822328,0.08891754923937055,0.1034011474903262,0.28454784780256687,0.26473596480179773,0.14875529313531496,0.06162787309853923,1448.0561816828176
GAAGATCCAACTTGGTTTGATTCTGGTTCTCAATTTATCTTAAATTCTCAACAATTGGTTGAAGCTTTGTCTTTGTGTGATGATTTGTTGGGTTCTCAAGATGAGAATAGAGAAACTAAT,0.006493774030462015,0.014043205133574446,0.034629204847360755,0.09098911298066524,0.20887276186088097,0.387147792205025,0.17835968554328818,0.07946446339874345,1717.305089524955
GAAGATCCAACTTGGTTTGATTCTGGTTCTCAATTTATCTTAAATTCTCAACAATTGGTTGAAGCTTTGTCTTTGTGTGATGATTTGTTGGGTTCTCAAGATGAGAATGAAAGAACTAAT,0.0030573064854611228,0.004348867506942846,0.027811102058933855,0.037010832991772165,0.4083752632242988,0.4382285648234483,0.08066489398249484,0.0005031689266481511,1155.483772213124
GAAGATCCAACTTGGTTTGATTCTGGTTCTCAATTTATCTTAAATTCTCAACAATTGGTTGAAGCTTTGTCTTTGTGTGATGATTTGTTGGGTTCTCAAGATGATGAAGAGAATACTAAT,0.15126896803537662,0.15219528013094186,0.23956675642349617,0.0993050451171905,0.15583693690948522,0.11344414332178811,0.06377005659643008,0.024612813465291376,782.839400321462
GAAGATCCAACTTGGTTTGATTCTGGTTCTCAATTTATCTTAAATTCTCAACAATTGGTTGAAGCTTTGTCTTTGTGTGATGATTTGTTGGGTTCTCAAGATGCTGAAGAGAATACTAAT,0.13006740548509427,0.13440956407986931,0.19013086056659645,0.2008611651273432,0.17831987120680054,0.12832533697545964,0.03231051080464393,0.005575285754192715,643.3970807278472
GAAGATCCAACTTGGTTTGATTCTGGTTCTCAATTTATCTTAAATTCTCAACAATTGGTTGAAGCTTTGTCTTTGTGTGATGATTTGTTGGGTTCTCAAGCTAGAGAAGAGAATACTAAT,0.11710173456244945,0.13924042347233925,0.07948098698924469,0.11826914041876345,0.10490255037826833,0.16588303619773123,0.14809880051884383,0.12702332746235978,1632.5572592150706
GAAGATCCAACTTGGTTTGATTCTGGTTCTCAATTTATCTTAAATTCTCAACAATTGGTTGAAGCTTTGTCTTTGTGTGATGATTTGTTGGGTTCTCAAGCTAGAGAAGCTAATACTAAT,0.002251319226986652,0.002265105426879604,0.03387173121449906,0.13437939254297987,0.3751221797753018,0.3397388848982352,0.11237138691511778,0.0,1122.7475976143812
GAAGATCCAACTTGGTTTGATTCTGGTTCTCAATTTATCTTAAATTCTCAACAATTGGTTGAAGCTTTGTCTTTGTGTGATGATTTGTTGGGTTCTCAAGCTAGAGCTGAGAATACTAAT,0.20053564072898158,0.10088182134569582,0.11229112734113268,0.0668364881230616,0.15808729225810575,0.11947783326588146,0.07439456357757444,0.16749523335956665,1665.8789927455052
GAAGATCCAACTTGGTTTGATTCTGGTTCTCAATTTATCTTAAATTCTCAACAATTGGTTGAAGCTTTGTCTTTGTGTGATGATTTGTTGGGTTCTGAAGAACAGAATAATGATAGAACT,0.15029433932406083,0.10080978878263523,0.0623394156671075,0.0,0.19746801665023564,0.18368080401212794,0.18585360922291638,0.11955402634091636,1711.98253821674
GAAGATCCAACTTGGTTTGATTCTGGTTCTCAATTTATCTTAAATTCTCAACAATTGGTTGAAGCTTTGTCTTTGTGTGATGATTTGTTGGGTTCTGAAGATAGACAAGAGAATACTAAT,0.037727652045380096,0.05422668779330939,0.02816776485688951,0.047901876027540306,0.05311010278547889,0.06619862179215905,0.2599289908962663,0.4527383038029764,3734.121800059252
GAAGATCCAACTTGGTTTGATTCTGGTTCTCAATTTATCTTAAATTCTCAACAATTGGTTGAAGCTTTGTCTTTGTGTGATGATTTGTTGGGTTCTGAAGATCAAAGAGAGAATACTAAT,0.0913524234763859,0.20220602610596505,0.12504148321343442,0.1826809980858419,0.1620346823947326,0.1507214243855564,0.04236231806210616,0.04360064427597749,909.1792955133541
GAAGATCCAACTTGGTTTGATTCTGGTTCTCAATTTATCTTAAATTCTCAACAATTGGTTGAAGCTTTGTCTTTGTGTGATGATTTGTTGGGTTCTGAGAATCAAACTGATAGAGAGAAT,0.04827794443448546,0.06071697464441443,0.030037247502372435,0.06704394806644681,0.14272019459404423,0.12169251756204648,0.21268262862721682,0.31682854456897325,2905.854954903859
GAAGATCCAACTTGGTTTGATTCTGGTTCTCAATTTATCTTAAATTCTCAACAATTGGTTGAAGCTTTGTCTTTGTGTGATGATTTGTTGGGTTCTGAGAATGATAGACAAGAAACTAAT,0.12288681199273442,0.18545898427024368,0.14017096878035556,0.13652307922881696,0.09082009355454712,0.1314118347003286,0.09497595533814017,0.09775227213483352,1291.543497083976
GAAGATCCAACTTGGTTTGATTCTGGTTCTCAATTTATCTTAAATTCTCAACAATTGGTTGAAGCTTTGTCTTTGTGTGATGATTTGTTGGGTTCTGATAGACAAGAAGAGAATACTAAT,0.08624386248123751,0.05784799081345256,0.10731725524995887,0.19162801084336578,0.169970518008384,0.13175265010737033,0.1866356582570864,0.06860405423914437,1385.8632541916988
GAAGATCCAACTTGGTTTGATTCTGGTTCTCAATTTATCTTAAATTCTCAACAATTGGTTGAAGCTTTGTCTTTGTGTGATGATTTGTTGGGTTCTGATAGAGAACAAGAGAATACTAAT,0.04381133903535848,0.059231992827062895,0.04259100769999465,0.053235996825005495,0.045870224919524825,0.06149149334508865,0.24125692536378865,0.4525110199841765,3681.6652438569545
GAAGATCCAACTTGGTTTGATTCTGGTTCTCAATTTATCTTAAATTCTCAACAATTGGTTGAAGCTTTGTCTTTGTGTGATGATTTGTTGGGTTCTGATCAAAGAAATGAAGAAACTAAT,0.08573282367820272,0.19716072689155462,0.13716173039605337,0.13606608378333765,0.1448257338303008,0.1010355031773864,0.12494860508319601,0.07306879315996845,1208.9268340385938
GAAGATCCAACTTGGTTTGATTCTGGTTCTCAATTTATCTTAAATTCTCAACAATTGGTTGAAGCTTTGTCTTTGTGTGATGATTTGTTGGGTTCTGATCAAAGAGAAGAGAATACTAAT,0.004805032625331638,0.0098267394461641,0.03366890709389437,0.13870352235849676,0.30956480124209995,0.347822270489661,0.14359315865377775,0.012015568090574412,1244.3969778534129
GAAGATCCAACTTGGTTTGATTCTGGTTCTCAATTTATCTTAAATTCTCAACAATTGGTTGAAGCTTTGTCTTTGTGTGATGATTTGTTGGGTTCTGATCAAGAGAATAGAGAAACTAAT,0.08867506243637381,0.12267485160500728,0.05517125529866353,0.20934434545011535,0.22937507024073708,0.1625600821434054,0.09252171290425691,0.03967761992144059,1053.1694195412092
GAAGATCCAACTTGGTTTGATTCTGGTTCTCAATTTATCTTAAATTCTCAACAATTGGTTGAAGCTTTGTCTTTGTGTGATGATTTGTTGGGTTCTGATCAAGAGAATGAAAGAACTAAT,0.050684779528759195,0.09179127599066385,0.1639805232542039,0.1914508400121138,0.1798023925509207,0.12079065079187945,0.14102251497641186,0.06047702289504723,1230.1707168062915
GAAGATCCAACTTGGTTTGATTCTGGTTCTCAATTTATCTTAAATTCTCAACAATTGGTTGAAGCTTTGTCTTTGTGTGATGATTTGTTGGGTTCTGATGAAAGACAAGAGAATACTAAT,0.11573029478521409,0.11643898192227319,0.07200429820916104,0.0964293235453346,0.11404137980360758,0.132598766425057,0.21466769552664752,0.13808925978270495,1818.514367108952
GAAGATCCAACTTGGTTTGATTCTGGTTCTCAATTTATCTTAAATTCTCAACAATTGGTTGAAGCTTTGTCTTTGTGTGATGATTTGTTGGGTTCTGATGAACAAAGAGAGAATACTAAT,0.0033601781548559784,0.011511296701006844,0.037424109375371245,0.14639661111515923,0.29421557861357855,0.34445198825231105,0.1372644165441733,0.0253758212435438,1301.5629710086116
GAAGATCCAACTTGGTTTGATTCTGGTTCTCAATTTATCTTAAATTCTCAACAATTGGTTGAAGCTTTGTCTTTGTGTGATGATTTGTTGGGTTCTGATGAAGAAACTAATCAAAGAAAT,0.08588704860708077,0.12961948103576817,0.12468546431397451,0.15902932885381557,0.16926730461698244,0.19681133135146633,0.06637982026186068,0.06832022095905149,1167.5116037280409
GAAGATCCAACTTGGTTTGATTCTGGTTCTCAATTTATCTTAAATTCTCAACAATTGGTTGAAGCTTTGTCTTTGTGTGATGATTTGTTGGGTTCTGATGAGAATCAAACTAGAGAGAAT,0.03149649190041237,0.04753404617797227,0.01959627597552328,0.05248730098967849,0.06983290463759315,0.12991434550188524,0.2921136313522584,0.35702500346467675,3305.8617712409
GAAGATCCAACTTGGTTTGATTCTGGTTCTCAATTTATCTTAAATTCTCAACAATTGGTTGAAGCTTTGTCTTTGTGTGATGATTTGTTGGGTTCTGCTGCTGCTGCTGAGAATACTAAT,0.26564647112052464,0.261891847061803,0.199664865663365,0.10695777008066876,0.04216425471788494,0.031049441666577957,0.04795185580787201,0.04467349388130363,701.9539369725233
GAAGATCCAACTTGGTTTGATTCTGGTTCTCAATTTATCTTAAATTCTCAACAATTGGTTGAAGCTTTGTCTTTGTGTGATGATTTGTTGGGTTCTGCTGCTGCTGCTGCTGCTGCTGCT,0.061758154731563306,0.07988957685895856,0.042345118601967276,0.04620755281200563,0.03229140808744913,0.018484198569477934,0.2513195828983097,0.4677044074402684,3739.172859066665
GAAGATCCAACTTGGTTTGATTCTGGTTCTCAATTTATCTTAAATTCTCAACAATTGGTTGAAGCTTTGTCTTTGTGTGATGATTTGTTGTCTAATAGAGATGAAGGTCAAGAAACTAAT,0.047047746192799875,0.08790943240886623,0.05854370203104495,0.18667303550257083,0.2450518082212221,0.16633627026424627,0.11220260182531089,0.09623540355393892,1456.8850280887636
GAAGATCCAACTTGGTTTGATTCTGGTTCTCAATTTATCTTAAATTCTCAACAATTGGTTGAAGCTTTGTCTTTGTGTGATGATTTGTTGTCTAGAGATCAAGAAGGTGAGAATACTAAT,0.2082741073907184,0.13234705054824814,0.06820136133003593,0.08524727756622913,0.04320729480880986,0.06028584363407415,0.19316343553091525,0.2092736291909692,2072.3141934753476
GAAGATCCAACTTGGTTTGATTCTGGTTCTCAATTTATCTTAAATTCTCAACAATTGGTTGAAGCTTTGTCTTTGTGTGATGATTTGTTGTCTCAAGATGGTAGAGAAGAGAATACTAAT,0.09193598258788072,0.15328399524492947,0.2002003945072052,0.23126906577799006,0.14948061300784055,0.09871513547854312,0.03045209176514696,0.04466272163046401,841.2173934304707
GAAGATCCAACTTGGTTTGATTCTGGTTCTCAATTTATCTTAAATTCTCAACAATTGGTTGAAGCTTTGTCTTTGTGTGATGATTTGTTGTCTGAGAATCAAAGAGATGGTGAAACTAAT,0.18854782013924182,0.11382144802148444,0.2815426019924614,0.08378809270050024,0.14863699160222818,0.10369437005512383,0.034973665383798064,0.04499501010516213,821.6303611071057
GAAGATCCAACTTGGTTTGATTCTGGTTCTCAATTTATCTTAAATTCTCAACAATTGGTTGAAGCTTTGTCTTTGTGTGATGATTTGTTGTCTGATGGTAGACAAGAAGAGAATACTAAT,0.07506224595753395,0.07552189784287304,0.0,0.12508741319482566,0.0739668218770372,0.1032036899676318,0.2784653645039693,0.2686925666561291,2717.303956191394
GAAGATCCAACTTGGTTTGATTCTGGTTCTCAATTTATCTTAAATTCTCAACAATTGGTTGAAGCTTTGTCTTTGTGTGATGATTTGTTGTCTGGTCAAGATAGAGAAGAGAATACTAAT,0.11356203826486641,0.12464448855885302,0.09848915994528497,0.22938831264921844,0.23398269218384268,0.17348596250829762,0.022341221692669565,0.004106124196967212,691.7317684700804
GAAGATCCAACTTGGTTTGATTCTGGTTCTCAATTTATCTTAAATTCTCAACAATTGGTTGAAGCTTTGTCTTTGTGTGATGATTTGTTGTCTGGTGATCAAGAAAGAGAGAATACTAAT,0.20397586946245982,0.0684083126807858,0.08460555846393253,0.0,0.06699971297723224,0.06232179447083709,0.18917704271736135,0.32451170922739103,2764.264222108907
GAAGATCCAACTTGGTTTGATTCTGGTTCTCAATTTATCTTAAATTCTCAACAATTGGTTGAAGCTTTGTCTTTGTGTGATGCTTTGTTGGGTTCTCAAGATAGAGAAGAGAATACTAAT,0.15828438362156624,0.1592536553829328,0.10942257293892464,0.0781549246477109,0.155974453733727,0.11284336058969167,0.16311173190774123,0.06295491717770553,1232.7648741273829
GAAGATCCAACTTGGTTTGATTCTGGTTCTCAATTTATCTTAAATTCTCAACAATTGGTTGAAGCTTTGTCTTTGTGTGATGCTTTGTTGGGTTCTCAAGATAGAGAAGCTAATACTAAT,0.10787211940292178,0.06104963595501753,0.058725757458865005,0.10486198198883366,0.07972341227860862,0.09269640670381767,0.1813330080502435,0.3137376781616923,2753.0534997859736
GAAGATCCAACTTGGTTTGATTCTGGTTCTCAATTTATCTTAAATTCTCAACAATTGGTTGAAGCTTTGTCTTTGTGTGATGCTTTGTTGGGTTCTCAAGATAGAGCTGAGAATACTAAT,0.0795652599152008,0.14915217406091108,0.22297953028274542,0.25241647222429897,0.16692479948190486,0.11117432492129088,0.012675494162643,0.0051119449510049556,589.2159123216885
GAAGATCCAACTTGGTTTGATTCTGGTTCTCAATTTATCTTAAATTCTCAACAATTGGTTGAAGCTTTGTCTTTGTGTGATGCTTTGTTGGGTTCTCAAGCTAGAGAAGAGAATACTAAT,0.0025782492889197574,0.004041872353895708,0.010594638766540982,0.05925202548059097,0.23243750795251025,0.49776370948308774,0.17644776524600414,0.016884231428450403,1457.4667744972876
GAAGATCCAACTTGGTTTGATTCTGGTTCTCAATTTATCTTAAATTCTCAACAATTGGTTGAAGCTTTGTCTTTGTGTGATGCTTTGTTGGGTTCTCAAGCTAGAGCTGCTAATACTAAT,0.060316124597978485,0.10525137416129864,0.0837004983313743,0.18390254510054183,0.24062409505374094,0.24673758290322703,0.07626576333310679,0.0032020165187318364,891.5909625094749
GAAGATCCAACTTGGTTTGATTCTGGTTCTCAATTTATCTTAAATTCTCAACAATTGGTTGAAGCTTTGTCTTTGTGTGATTCTAGAGATTTGGAAGGTTTGCAAGATGAGAATACTAAT,0.1633891885973807,0.21497117255771014,0.2345916668063917,0.15359371551330367,0.04953992662181621,0.08064183753488764,0.05828269255630362,0.044989799812206285,812.1459417054866
GAAGATCCAACTTGGTTTGATTCTGGTTCTCAATTTATCTTAAATTCTCAACAATTGGTTGAAGCTTTGTCTTTGTGTGATTTGGATTTGGATGGTTCTCAAAGAGAAGAGAATACTAAT,0.007823201120259264,0.01490486285285815,0.038524848524475096,0.32564678192219004,0.5027273583840542,0.09016884977858759,0.01543747532713196,0.004766622090443714,758.1358542706006
GAAGATCCAACTTGGTTTGATTCTGGTTCTCAATTTATCTTAAATTCTCAACAATTGGTTGAAGCTTTGTCTTTGTGTGATTTGGATTTGGGTTCTCAAGATAGAGAAGAGAATACTAAT,0.18326360010559228,0.2301164486337235,0.22216136117238172,0.18016952496319996,0.0813367730867175,0.07799090254169007,0.01585014262069253,0.009111246876002416,510.3520680926333
GAAGATCCAACTTGGTTTGATTCTGGTTCTCAATTTATCTTAAATTCTCAACAATTGGTTGAAGCTTTGTCTTTGTGTGATTTGGGTTCTGATTTGCAAGATAGAGAAGAGAATACTAAT,0.11172480348224441,0.006842284677233699,0.23150581042515134,0.15164527421725463,0.26326908062881377,0.18255260371612728,0.04144758490629055,0.011012557946884124,798.5440624567757
GAAGATCCAACTTGGTTTGATTCTGGTTCTCAATTTATCTTAAATTCTCAACAATTGGTTGAAGCTTTGTCTTTGTGTGATTTGTCTGATGGTTTGCAAGATAGAGAAGAGAATACTAAT,0.0006118798893986562,0.029319226489345717,0.0008089775626659535,0.0007222639117517423,0.0007913723923815404,0.058503917096858926,0.5353883951084006,0.37385396754919675,3852.3844559122676
GAAGATCCAACTTGGTTTGATTCTGGTTCTCAATTTATCTTAAATTCTCAACAATTGGTTGAAGCTTTGTCTTTGTGTGATTTGTCTTTGGGTGATCAAGATAGAGAAGAGAATACTAAT,0.0340795586268719,0.05143237280572928,0.08481356439159031,0.07572246699303464,0.050373325706800406,0.07809376866481407,0.4424983302774222,0.18298661253373733,2537.623498449063
GAAGATCCAACTTGGTTTGATTCTGGTTCTCAATTTATCTTAAATTCTCAACAATTGGTTGAAGCTTTGTCTTTGTGTGATTTGTTGGATGGTTCTCAAGATAGAGAAGAGAATACTAAT,0.3019719926079941,0.31417869042719015,0.18787890799824133,0.06099647990652549,0.04057706611146661,0.05347063300093479,0.028642844230253078,0.012283385717394341,466.94696086034594
GAAGATCCAACTTGGTTTGATTCTGGTTCTCAATTTATCTTAAATTCTCAACAATTGGTTGAAGCTTTGTCTTTGTGTGCTGATTTGTTGGGTTCTCAAGATAGAGAAGAGAATACTAAT,0.1651624061840649,0.2292052362344859,0.14173743112891463,0.11389023942803264,0.0897942629413959,0.07830452761037833,0.10035902732094781,0.08154686915177974,1135.371197354697
GAAGATCCAACTTGGTTTGATTCTGGTTCTCAATTTATCTTAAATTCTCAACAATTGGTTGAAGCTTTGTCTTTGTGTGCTGATTTGTTGGGTTCTCAAGATAGAGAAGCTAATACTAAT,0.15517586352173887,0.21158951610354299,0.20180786584258018,0.19485820265671128,0.11891861587050458,0.08426845411970822,0.02326013389235029,0.010121347992863499,565.572000442198
GAAGATCCAACTTGGTTTGATTCTGGTTCTCAATTTATCTTAAATTCTCAACAATTGGTTGAAGCTTTGTCTTTGTGTGCTGATTTGTTGGGTTCTCAAGATAGAGCTGAGAATACTAAT,0.014833978319872102,0.048505651385776005,0.02768791526595414,0.041200116688725495,0.05116124309111341,0.027193809262013684,0.30267040640154325,0.486746879585002,3998.291043913564
GAAGATCCAACTTGGTTTGATTCTGGTTCTCAATTTATCTTAAATTCTCAACAATTGGTTGAAGCTTTGTCTTTGTGTGCTGCTTTGTTGGGTTCTCAAGATAGAGAAGAGAATACTAAT,0.13514536222703852,0.10877835172502257,0.13453413533859282,0.2402270602748814,0.15980773515906305,0.04954998751918793,0.07520418968318124,0.09675317807303259,1207.658359282499
GAAGATCCAACTTGGTTTGATTCTGGTTCTCAATTTATCTTAAATTCTCAACAATTGGTTGAAGCTTTGTCTTTGTGTGCTGCTTTGTTGGGTTCTCAAGCTAGAGCTGAGAATACTAAT,0.23679346650026722,0.17868262292281611,0.25782149750108496,0.09865106555268582,0.08750167911399348,0.05426154251783696,0.06862926948994673,0.017658856401368706,641.9654717247842
GAAGATCCAACTTGGTTTGATTCTGGTTCTCAATTTATCTTAAATTCTCAACAATTGGTTGAAGCTTTGTCTTTGTGTGGTCAAGATGATTCTTTGTTGGATAGAGAAGAGAATACTAAT,0.060105382109530994,0.07055235133419895,0.062326605513021605,0.04451669364543894,0.12339214928762053,0.1744609063943803,0.297304668932145,0.16734124278366364,2235.7469289267515
GAAGATCCAACTTGGTTTGATTCTGGTTCTCAATTTATCTTAAATTCTCAACAATTGGTTGAAGCTTTGTCTTTGTGTGGTGAAGATTTGTCTGATCAAAGAGATTTGGAGAATACTAAT,0.14696380518900143,0.12451684559856432,0.17324896570452702,0.13749204367638715,0.08384262679403434,0.10634827692325412,0.10760629673376174,0.11998113938046992,1426.4778249993944
GAAGATCCAACTTGGTTTGATTCTGGTTCTCAATTTATCTTAAATTCTCAACAATTGGTTGAAGCTTTGTCTTTGTGTGGTTCTGATTTGGATTTGCAAGATAGAGAAGAGAATACTAAT,0.1322399970131124,0.2660995662404295,0.2194031838775371,0.04897138349423282,0.13031014698950752,0.12121189535400521,0.08176382703117552,0.0,657.0338078456033
GAAGATCCAACTTGGTTTGATTCTGGTTCTCAATTTATCTTAAATTCTCAACAATTGGTTGAAGCTTTGTCTTTGTGTGGTTTGTCTGATGATTTGCAAGATAGAGAAGAGAATACTAAT,0.17331944517203807,0.2781263165600748,0.19109952036486047,0.19011465639072814,0.10160930028180765,0.046251992473119355,0.014243210014285277,0.005235558743086278,458.4372783361903
GAAGATCCAACTTGGTTTGATTCTGGTTCTCAATTTATCTTAAATTCTCAACAATTGGTTGAAGCTTTGTCTTTGTGTTCTGATAGAGATGGTTTGGAACAATTGGATGAGAATACTAAT,0.013469992068037506,0.047228531235212194,0.11252167506212546,0.23300519602857897,0.32392756953121227,0.23278284682468514,0.03257515739718716,0.004489031852961278,844.8011453599212
GAAGATCCAACTTGGTTTGATTCTGGTTCTCAATTTATCTTAAATTCTCAACAATTGGTTGAAGCTTTGTCTTTGTGTTCTGATGATGGTTTGTTGCAAGATAGAGAAGAGAATACTAAT,0.017025031091105584,0.03425857146778225,0.06355511759367738,0.03782846394715654,0.08388287787706632,0.12484188346187894,0.2526373373457679,0.3859707172155651,3393.7420980013335
GAAGATCCAACTTGGTTTGATTCTGGTTCTCAATTTATCTTAAATTCTCAACAATTGGTTGAAGCTTTGTCTTTGTGTTCTGATGATTTGTTGGATCAAGGTAGAGAAGAGAATACTAAT,0.11344956293858431,0.053714957065577544,0.06643321202213788,0.09638247081813968,0.15782672740832943,0.14069029919479642,0.14854388785721573,0.222958882695219,2214.586690788041
GAAGATCCAACTTGGTTTGATTCTGGTTCTCAATTTATCTTAAATTCTCAACAATTGGTTGAAGCTTTGTCTTTGTGTTCTGGTTTGTTGGATGATCAAGATAGAGAAGAGAATACTAAT,0.10285764972957061,0.10348750981457916,0.1990964337894107,0.279329989735511,0.12388027940609676,0.08380433526237165,0.05299729829147898,0.05454650397098126,934.9223943451667
GAAGATCCAACTTGGTTTGATTCTGGTTCTCAATTTATCTTAAATTCTCAACAATTGGTTGAAGCTTTGTCTTTGTGTTCTTTGGATGGTCAAGATGATTTGAGAGAAGAGAATACTAAT,0.08330600644398807,0.12572420984951466,0.103661544140015,0.1388252205451633,0.41045138347018206,0.0,0.03863100076788136,0.09940063478325548,1193.8555301891809
GAAGATCCAACTTGGTTTGATTCTGGTTCTCAATTTATCTTAAATTCTCAACAATTGGTTGAAGCTTTGTCTTTGTGTTTGCAAGGTGATGATTCTGATTTGAGAGAAGAGAATACTAAT,0.09655126089835601,0.05714264889444895,0.09187423563124285,0.10095545918867214,0.08394903173285358,0.08849940711317729,0.18962743398741308,0.2914005225538361,2636.6162213583934
GAAGATCCAACTTGGTTTGATTCTGGTTCTCAATTTATCTTAAATTCTCAACAATTGGTTGAAGCTTTGTCTTTGTGTTTGGATGATTTGGGTTCTCAAGATAGAGAAGAGAATACTAAT,0.06940171964764418,0.046551139120052105,0.02878659747655527,0.025700985365925362,0.10258335404808383,0.09542098649417076,0.39692672825343744,0.23462848959413107,2773.2335070386534
GAAGATCCAACTTGGTTTGATTCTGGTTCTCAATTTATCTTAAATTCTCAACAATTGGTTGAAGCTTTGTCTTTGTGTTTGGATTTGGATGATTCTAGAGGTGAACAAGAGAATACTAAT,0.10299673191849563,0.2590686092213073,0.12816363102491438,0.11442587503083217,0.25373411182108624,0.14161104098336427,0.0,0.0,564.1817734291606
GAAGATCCAACTTGGTTTGATTCTGGTTCTCAATTTATCTTAAATTCTCAACAATTGGTTGAAGCTTTGTCTTTGTGTTTGGATTTGGATGGTTCTCAAGATAGAGAAGAGAATACTAAT,0.10664429304271672,0.15779020743064287,0.1014783527068438,0.10453958090957431,0.0370898735344147,0.0517503890534567,0.13381542364457152,0.3068918796777795,2534.178828000583
GAAGATCCAACTTGGTTTGATTCTGGTTCTCAATTTATCTTAAATTCTCAACAATTGGTTGAAGCTTTGTCTTTGTGTTTGGATTTGGGTCAAGATTCTGATAGAGAAGAGAATACTAAT,0.01797260357317334,0.03616532155969729,0.02422782675563943,0.16139953557846168,0.25532377449488075,0.3624232807065091,0.12640398929730773,0.016083668034330808,1219.5301895164137
GAAGATCCAACTTGGTTTGATTCTGGTTCTCAATTTATCTTAAATTCTCAACAATTGGTTGAAGCTTTGTCTTTGTGTTTGGATTTGGGTGATTCTCAAGATAGAGAAGAGAATACTAAT,0.10875458531196643,0.12765731524928225,0.1353283961982434,0.14095976395395465,0.17861245107232396,0.09968504016825709,0.10086423891948285,0.10813820912648932,1382.4585778190237
GAAGATCCAACTTGGTTTGATTCTGGTTCTCAATTTATCTTAAATTCTCAACAATTGGTTGAAGCTTTGTCTTTGTGTTTGGGTGATCAATCTTTGGATGATAGAGAAGAGAATACTAAT,0.18342664976804524,0.14353879785016332,0.10144281073828859,0.1584961662689142,0.12049987009954752,0.1494487623782016,0.09451039274105645,0.04863655015578313,1022.4397030251299
GAAGATCCAACTTGGTTTGATTCTGGTTCTCAATTTATCTTAAATTCTCAACAATTGGTTGAAGCTTTGTCTTTGTGTTTGTTGGATGATGGTTCTCAAGATAGAGAAGAGAATACTAAT,0.059419121915119964,0.11956596283371684,0.07393798109031369,0.26405051469328616,0.21956994911623617,0.19062360803069936,0.0551081546772547,0.017724707643373087,874.9353806093897
GAAGATCCAACTTGGTTTGATTCTGGTTCTCAATTTATCTTAAATTCTCAACAATTGGTTGAAGCTTTGTCTTTGTGTTTGTTGGGTGATCAATCTGATGATAGAGAAGAGAATACTAAT,0.00015679483011794845,0.020801120991679415,0.07355538065224115,0.18048959640073445,0.34768408046197613,0.31975421695641226,0.03510831955409923,0.022450490152739578,1056.1421923299022
GAAGATCCAACTTGGTTTGATTCTGGTTCTCAATTTATCTTAAATTCTCAACAATTGGTTGAAGCTTTGTCTTTGTGTTTGTTGTCTGATGATGGTCAAGATAGAGAAGAGAATACTAAT,0.2709785250981884,0.0,0.0,0.1003493161752655,0.207685324358749,0.16558691958695587,0.11169712520534116,0.1437027895755001,1678.0935362596842
GAAGATCCAACTTGGTTTGATTCTGGTTCTCAATTTATCTTAAATTCTCAACAATTGGTTGAAGCTTTGTCTTTGTTGGATTTGTGTGATGGTTCTCAAGATAGAGAAGAGAATACTAAT,0.0776795315255827,0.11723281596868751,0.09666025932270568,0.21574831068022834,0.26791069191871447,0.14240295612670734,0.03602186889166394,0.04634356556570991,965.437428435842
GAAGATCCAACTTGGTTTGATTCTGGTTCTCAATTTATCTTAAATTCTCAACAATTGGTTGAAGCTTTGTCTTTGTTGTGTGATGATTTGGGTTCTCAAGATAGAGAAGAGAATACTAAT,0.14001503860345715,0.08452346161764339,0.0,0.12444156633905235,0.1379717231795531,0.23100937282924744,0.18179936387704762,0.10023947355399884,1631.1886588597533
GAAGATCCAACTTGGTTTGATTCTGGTTCTCAATTTATCTTAAATTCTCAACAATTGGTTGAAGCTTTGTCTTTGTTGTTGGATTCTGATTGTGGTCAAGATAGAGAAGAGAATACTAAT,0.08439156185028043,0.11321112376454606,0.08751029274691412,0.1562602704323096,0.13859998333552256,0.1031383484049631,0.1826271950737045,0.13426122439175964,1718.6944092625656
GAAGATCCAACTTGGTTTGATTCTGGTTCTCAATTTATCTTAAATTCTCAACAATTGGTTGAAGCTTTGTGTGGTTTGGATTTGGATTCTTTGTCTCAAGATAGAGAAGAGAATACTAAT,0.03162031036554731,0.042418587732956384,0.08306509729520554,0.24200041229530359,0.16271848077472553,0.11593338891893189,0.13359712577846614,0.18864659683886353,1988.963366638475
GAAGATCCAACTTGGTTTGATTCTGGTTCTCAATTTATCTTAAATTCTCAACAATTGGTTGAAGCTTTGTGTTCTTTGGATGATTTGTTGGGTTCTCAAGATAGAGAAGAGAATACTAAT,0.00503539076881879,0.0031087170725560306,0.007985163276681972,0.0495087972712301,0.21184926072167343,0.3373383592608591,0.3182281073280376,0.06694620430014309,1902.9765944071426
GAAGATCCAACTTGGTTTGATTCTGGTTCTCAATTTATCTTAAATTCTCAACAATTGGTTGAAGCTTTGTGTTTGTCTGATGATTTGTTGGGTTCTCAAGATAGAGAAGAGAATACTAAT,0.08524316340486587,0.25729547776019335,0.21214407755506356,0.22097194629119063,0.1119988848964987,0.0520895625915178,0.026352871391605463,0.03390401610906464,692.1694409225258
GAAGATCCAACTTGGTTTGATTCTGGTTCTCAATTTATCTTAAATTCTCAACAATTGGTTGAAGCTTTGTTGTCTTGTGATGATTTGTTGGGTTCTCAAGATAGAGAAGAGAATACTAAT,0.16015969012069,0.15106916768139605,0.16192650704512715,0.12232823787161537,0.12823069420497057,0.08257682071230042,0.07426990412985429,0.11943897823404617,1335.7918985150877
GAAGATCCAACTTGGTTTGATTCTGGTTCTCAATTTATCTTAAATTCTCAACAATTGGTTGAAGCTTTGTTGTGTTCTGATGATTTGTTGGGTTCTCAAGATAGAGAAGAGAATACTAAT,0.16702297593339582,0.2067124972913612,0.20431454020691792,0.18201496122680988,0.12376757917237231,0.08424323176890865,0.021514902833704552,0.010409311566529744,561.8075867693115
GAAGATCCAACTTGGTTTGATTCTGGTTCTCAATTTATCTTAAATTCTCAACAATTGGTTGAAGCTTTGTTGTGTTTGTCTGATGATTTGGGTTCTCAAGATAGAGAAGAGAATACTAAT,0.116895754166249,0.0,0.07272941590611712,0.0,0.1151898310035717,0.16072091925321882,0.3252442527294617,0.20921982694138155,2522.7944024344865
GAAGATCCAACTTGGTTTGATTCTGGTTCTCAATTTATCTTAAATTCTCAACAATTGGTTGAAGCTTTGTTGTGTTTGTTGTCTGATGGTGATTCTCAAGATAGAGAAGAGAATACTAAT,0.03909155970171865,0.09832735287397334,0.09728689717580817,0.11943084081545777,0.15408430144701116,0.14332613886310752,0.12689388150050124,0.22155902762242213,2171.3239602038375
GAAGATCCAACTTGGTTTGATTCTGGTTCTCAATTTATCTTAAATTCTCAACAATTGGTTGAATCTTTGGCTTTGTGTGATGATTTGTTGGGTTCTCAAGATAGAGAAGAGAATACTAAT,0.25937598370176745,0.29575954107628577,0.16137680901459753,0.15368422327830097,0.05111815384928362,0.03169939030441588,0.016037185077469002,0.03094871369787963,556.8241209432767
GAAGATCCAACTTGGTTTGATTCTGGTTCTCAATTTATCTTAAATTCTCAACAATTGGTTGAATGTGCTTTGGATTTGTCTGATTTGTTGGGTTCTCAAGATAGAGAAGAGAATACTAAT,7.736897296238368e-05,7.784275034321277e-05,0.00014441072525545165,9.669859227447237e-05,0.001248428126097134,0.002863266543195508,0.31743829519725375,0.6780536890926181,5138.185888475837
GAAGATCCAACTTGGTTTGATTCTGGTTCTCAATTTATCTTAAATTCTCAACAATTGGTTGAATGTTCTGCTTTGTTGGATGATTTGTTGGGTTCTCAAGATAGAGAAGAGAATACTAAT,0.22897386214059812,0.19198000722242248,0.18994856137739521,0.12719109648721835,0.0752107741133166,0.03497977974827664,0.10618069238651591,0.04553522652425665,873.9994889726175
GAAGATCCAACTTGGTTTGATTCTGGTTCTCAATTTATCTTAAATTCTCAACAATTGGTTGATGAATTGTCTGCTGATTGTTTGTTGTTGGGTTCTCAAGATAGAGAAGAGAATACTAAT,0.12369749649690301,0.18045970891622234,0.24627609058167133,0.21987795553718437,0.07313538709085371,0.06802907595096963,0.051625356412119135,0.03689892901407657,766.4713595510084
GAAGATCCAACTTGGTTTGATTCTGGTTCTCAATTTATCTTAAATTCTCAACAATTGGTTGATGCTGATTCTTTGTTGGAATGTTTGTTGGGTTCTCAAGATAGAGAAGAGAATACTAAT,6.725981268634574e-05,0.047708538289400804,0.08670752047141135,0.16611005179292174,0.3144240357796019,0.35029932006703624,0.03468327378694164,0.0,931.9484577914197
GAAGATCCAACTTGGTTTGATTCTGGTTCTCAATTTATCTTAAATTCTCAACAATTGGTTGATTCTTTGGAAGATTGTTTGGCTTTGTTGGGTTCTCAAGATAGAGAAGAGAATACTAAT,0.10227793444948782,0.12005495201522381,0.02121153297554388,0.2083167449508471,0.11758289323769049,0.0781237558450001,0.18971496212158773,0.16271722440461905,1874.9633127677441
GAAGATCCAACTTGGTTTGATTCTGGTTCTCAATTTATCTTAAATTCTCAACAATTGGTTGATTTGGAAGATTTGTGTTTGTCTGCTTTGGGTTCTCAAGATAGAGAAGAGAATACTAAT,0.11471459084532032,0.17312558731206693,0.1427447086953009,0.17842162628357644,0.16956074787357273,0.16823682147835195,0.05319591751181078,0.0,690.1432215664667
GAAGATCCAACTTGGTTTGATTCTGGTTCTCAATTTATCTTAAATTCTCAACAATTGGTTGCTGAAGATTTGGATTTGTCTTGTTTGTTGGGTTCTCAAGATAGAGAAGAGAATACTAAT,0.3062759155664058,0.28444747355485955,0.14658207223332498,0.026174011683346127,0.0,0.06478480571270538,0.08740154805882133,0.08433417319053686,1024.3146749903217
GAAGATCCAACTTGGTTTGATTCTGGTTCTCAATTTATCTTAAATTCTCAACAATTGGTTGCTGAATCTTTGTTGTGTGATGATTTGTTGGGTTCTCAAGATAGAGAAGAGAATACTAAT,0.18032957208509587,0.15551471997670227,0.12822427779488824,0.11448002112256316,0.05077083565752218,0.11806504253368871,0.19113866053412407,0.0614768702954155,1247.599951369803
GAAGATCCAACTTGGTTTGATTCTGGTTCTCAATTTATCTTAAATTCTCAACAATTGGTTGCTGAATTGTCTTTGTGTGATGATTTGTTGGGTTCTCAAGATAGAGAAGAGAATACTAAT,0.2848952933067297,0.2690005035597375,0.1922526776652388,0.14851576429925242,0.03671184807117368,0.04117922744265407,0.018292542413323714,0.009152143241890249,430.9678874892156
GAAGATCCAACTTGGTTTGATTCTGGTTCTCAATTTATCTTAAATTCTCAACAATTGGTTGCTGATGAAGATTTGTTGTCTTGTTTGTTGGGTTCTCAAGATAGAGAAGAGAATACTAAT,0.13667448855162515,0.13751142975341185,0.22676057637907518,0.3036814402866072,0.04489330786235085,0.041758858081439844,0.0,0.10871989908548985,1057.2092584307281
GAAGATCCAACTTGGTTTGATTCTGGTTCTCAATTTATCTTAAATTCTCAACAATTGGTTGCTGATTGTGATTCTTTGTTGGAATTGTTGGGTTCTCAAGATAGAGAAGAGAATACTAAT,0.2709671913536164,0.14540079393666902,0.16858854880941115,0.1103796309440259,0.08010384603484813,0.04139499846815954,0.07539240607547552,0.1077725843777943,1182.288167373381
GAAGATCCAACTTGGTTTGATTCTGGTTCTCAATTTATCTTAAATTCTCAACAATTGGTTGCTGCTGCTGCTGCTGCTGCTGCTTTGTTGGGTTCTCAAGATAGAGAAGAGAATACTAAT,0.12873860385120173,0.18960542500806374,0.20863850720098523,0.2416621286712151,0.12293122597020391,0.09028197889457285,0.012016025058198798,0.0061261053455586075,538.1429151185525
GAAGATCCAACTTGGTTTGATTCTGGTTCTCAATTTATCTTAAATTCTCAACAATTGGTTGCTGCTGCTGCTTTGTGTGATGATGCTGCTGCTGCTCAAGATAGAGAAGAGAATACTAAT,0.20095013056753133,0.19916304875306637,0.2164625856390313,0.14994320903243363,0.06502069012378921,0.04123700928414758,0.030598195441126495,0.09662513115887422,1020.8718649865222
GAAGATCCAACTTGGTTTGATTCTGGTTCTCAATTTATCTTAAATTCTCAACAATTGGTTGCTGCTGCTGCTTTGTGTGATGATTTGTTGGGTTCTCAAGATAGAGAAGAGAATACTAAT,0.21040235035173957,0.19475551041600592,0.15708806694135147,0.09349994936380375,0.05805291371562297,0.13114203273892416,0.054638435747626175,0.10042074072492593,1177.9566927656692
GAAGATCCAACTTGGTTTGATTCTGGTTCTCAATTTATCTTAAATTCTCAACAATTGGTTGCTGCTGCTGCTTTGTGTGATGATTTGTTGGGTTCTCAAGATAGAGAAGCTGCTGCTGCT,0.0030601336615758493,0.006437642970988693,0.0027693577116212702,0.20398228103832175,0.2471319215361321,0.4243101731459004,0.11197654919894959,0.00033194073651030676,1164.2994101114903
GAAGATCCAACTTGGTTTGATTCTGGTTCTCAATTTATCTTAAATTCTCAACAATTGGTTGCTGCTGCTGCTTTGTGTGATGATTTGTTGGGTTCTGCTGCTGCTGCTGAGAATACTAAT,0.1509169384280563,0.3036821896635205,0.10243253239993752,0.10669501740898059,0.08111701399917526,0.1006045677889699,0.08907031337539725,0.06548142693596255,1026.752530222126
GAAGATCCAACTTGGTTTGATTCTGGTTCTCAATTTATCTTAAATTCTCAACAATTGGTTGCTGCTTTGTCTTTGTGTGATGATTTGTTGGGTTCTCAAGATAGAGAAGAGAATACTAAT,0.07987479391865855,0.09643669916231719,0.16896627517211849,0.15972873537102525,0.14954736165793633,0.2342837357670216,0.04444783789674142,0.06671456105418132,1142.5190625623302
GAAGATCCAACTTGGTTTGATTCTGGTTCTCAATTTATCTTAAATTCTCAACAATTGGTTGCTGCTTTGTCTTTGTGTGATGATTTGTTGGGTTCTCAAGATAGAGAAGCTAATACTAAT,0.1523864648072189,0.08517756667593092,0.04213812804209165,0.07524275232870502,0.20021680859809377,0.2327970942072831,0.14133054482549226,0.07071064051518436,1381.4652708343042
GAAGATCCAACTTGGTTTGATTCTGGTTCTCAATTTATCTTAAATTCTCAACAATTGGTTGCTGCTTTGTCTTTGTGTGATGATTTGTTGGGTTCTCAAGATAGAGCTGAGAATACTAAT,0.04467256136495366,0.13483835606353387,0.0555881489157,0.06203712521794389,0.04402063043972763,0.11260455518820729,0.18644167971222736,0.35979694309770616,3045.0811167018587
GAAGATCCAACTTGGTTTGATTCTGGTTCTCAATTTATCTTAAATTCTCAACAATTGGTTGCTGCTTTGTCTTTGTGTGATGATTTGTTGGGTTCTCAAGCTAGAGAAGAGAATACTAAT,0.033882711988594,0.08601712129445864,0.1619178122286835,0.2565822876536561,0.2830463289918842,0.15327516391104812,0.01799378166886377,0.007284792262811697,724.5175558542921
GAAGATCCAACTTGGTTTGATTCTGGTTCTCAATTTATCTTAAATTCTCAACAATTGGTTGCTGCTTTGTCTTTGTGTGATGCTTTGTTGGGTTCTCAAGATAGAGAAGAGAATACTAAT,0.09015323198718934,0.04837615742854799,0.12713944793076884,0.10015718231870696,0.21321018470376904,0.2313778299393369,0.08918661140950974,0.10039935428217128,1465.5474528183079
GAAGATCCAACTTGGTTTGATTCTGGTTCTCAATTTATCTTAAATTCTCAACAATTGGTTGCTGCTTTGTCTTTGTGTGCTGATTTGTTGGGTTCTCAAGATAGAGAAGAGAATACTAAT,0.019014379064997946,0.005465947342289182,0.1892838203513242,0.0754440360163928,0.16863202723496512,0.5054317933125952,0.007557793149263878,0.029170203528171623,1128.45614568001
GAAGATCCAACTTGGTTTGATTCTGGTTCTCAATTTATCTTAAATTCTCAACAATTGGTTGCTGCTTTGTCTTTGTGTGCTGCTTTGTTGGGTTCTCAAGCTAGAGAAGAGAATACTAAT,0.14818366851415207,0.13155095950600545,0.10846578882313615,0.06778760002678826,0.16320010194111192,0.12783618893852067,0.16976976781046688,0.08320592443981868,1391.4511205664887
GAAGATCCAACTTGGTTTGATTCTGGTTCTCAATTTATCTTAAATTCTCAACAATTGGTTGCTTCTTTGGAATTGTGTGATGATTTGTTGGGTTCTCAAGATAGAGAAGAGAATACTAAT,0.11049520154647573,0.0980927920735079,0.056615310728629374,0.22384994309033243,0.20495564258036164,0.19660332043921555,0.07836596546657751,0.031021824074899822,993.7823073659715
GAAGATCCAACTTGGTTTGATTCTGGTTCTCAATTTATCTTAAATTCTCAACAATTGGTTGCTTCTTTGTGTTTGGATGAAGATTTGTTGGGTTCTCAAGATAGAGAAGAGAATACTAAT,0.012191776965257826,0.03586048705298488,0.09342343389474395,0.2230707969150409,0.3376707002247456,0.24632974848159206,0.043686905574895345,0.007766150890739465,909.5774071634637
GAAGATCCAACTTGGTTTGATTCTGGTTCTCAATTTATCTTAAATTCTCAACAATTGGTTGCTTCTTTGTTGTGTGATGAATTGTTGGATGGTTCTCAAGATAGAGAAGAGAATACTAAT,0.08618039183795045,0.19936708753410415,0.3356196126295848,0.3117190413288782,0.055735245209575617,0.006804938734826328,0.004117064837614579,0.0004566178874659039,387.5893643828157
GAAGATCCAACTTGGTTTGATTCTGGTTCTCAATTTATCTTAAATTCTCAACAATTGGTTGCTTTGTCTGAATTGTGTGATGATTTGTTGGGTTCTCAAGATAGAGAAGAGAATACTAAT,0.19647604700027851,0.2216403034862094,0.11112922589402675,0.1256753404180476,0.10560478115332167,0.098231457624476,0.07730602568253843,0.0639368187411015,1001.4598116621969
GAAGATCCAACTTGGTTTGATTCTGGTTCTCAATTTATCTTAAATTCTCAACAATTGGTTGCTTTGTGTTCTTTGGAAGATGATTTGTTGGGTTCTCAAGATAGAGAAGAGAATACTAAT,0.25052823712755923,0.17534773859487873,0.1084326799466161,0.08470863506602383,0.10733571419058163,0.04992076847731503,0.17173839780593064,0.05198782879109473,1081.9570216197399
GAAGATCCAACTTGGTTTGATTCTGGTTCTCAATTTATCTTAAATTCTCAACAATTGGTTGCTTTGTTGGAATCTTGTGATGATTTGTTGGGTTCTCAAGATAGAGAAGAGAATACTAAT,0.23177396947147336,0.029149157845217856,0.2163053595333597,0.16093313576644314,0.11419578309266962,0.15933395399222308,0.05373958478400664,0.03456905551460681,855.0710591246905
GAAGATCCAACTTGGTTTGATTCTGGTTCTCAATTTATCTTAAATTCTCAACAATTGGTTGCTTTGTTGGATGAATTGTGTGATTTGTCTGGTTCTCAAGATAGAGAAGAGAATACTAAT,0.19444250628521448,0.1956331962714243,0.23872781596740908,0.14113243168162296,0.11751767279466575,0.06891445981449733,0.031258126064214825,0.012373791120951303,566.8138352113724
GAAGATCCAACTTGGTTTGATTCTGGTTCTCAATTTATCTTAAATTCTCAACAATTGGTTGCTTTGTTGTCTGAATGTGATGATTTGTTGGGTTCTCAAGATAGAGAAGAGAATACTAAT,0.14155055129265276,0.18988980213166878,0.1761379442757541,0.05241928680991447,0.09298988486598563,0.25949199936665895,0.08752053125736531,0.0,802.2508934896147
GAAGATCCAACTTGGTTTGATTCTGGTTCTCAATTTATCTTAAATTCTCAACAATTGGTTTCTGCTGAATTGTTGTGTGATGATTTGTTGGGTTCTCAAGATAGAGAAGAGAATACTAAT,0.0007570271435102181,0.0015233257642944895,0.0006728600973854613,0.0008410314745403361,0.07662274489318184,0.21490924621365393,0.5620839407761157,0.14258982363731795,2717.0610342901828
GAAGATCCAACTTGGTTTGATTCTGGTTCTCAATTTATCTTAAATTCTCAACAATTGGTTTCTTTGTTGTTGGATTTGGATGCTTGTGAAGGTTCTCAAGATAGAGAAGAGAATACTAAT,0.17093229933212836,0.1474105902778151,0.10634951096884813,0.2170285551261246,0.06015635412434346,0.10072122981224119,0.12455994943884541,0.07284151091965373,1169.8968679810534
GAAGATCCAACTTGGTTTGATTCTGGTTCTCAATTTATCTTAAATTCTCAACAATTGGTTTGTGCTGAATCTTTGTTGGATGATTTGTTGGGTTCTCAAGATAGAGAAGAGAATACTAAT,0.22310732533707187,0.2709163504100969,0.1627444217267342,0.15384703630721658,0.03032433090909019,0.0846212603488697,0.02854075531992096,0.045898519640999634,729.6669737227221
GAAGATCCAACTTGGTTTGATTCTGGTTCTCAATTTATCTTAAATTCTCAACAATTGGTTTGTTTGGAATCTTTGGCTGATGATTTGTTGGGTTCTCAAGATAGAGAAGAGAATACTAAT,0.19892795454974707,0.057184603334209945,0.10608656560216992,0.22100220893863962,0.2520320026886563,0.0781450445764022,0.052712960963342645,0.0339086593468323,838.810969659559
GAAGATCCAACTTGGTTTGATTCTGGTTCTCAATTTATCTTAAATTCTCAACAATTGGTTTGTTTGGATGATGAATTGTTGGCTTCTTTGGGTTCTCAAGATAGAGAAGAGAATACTAAT,0.00039602103591172545,0.000398446114104746,0.0002463937106512228,0.00021998296800657198,0.00019512084303615408,0.00027224626501328337,0.3337738578491677,0.6644979312141086,5090.218004844864
GAAGATCCAACTTGGTTTGATTCTGGTTCTCAATTTATCTTAAATTCTCAACAATTGGTTTGTTTGGCTGAATCTTTGGATGATTTGTTGGGTTCTCAAGATAGAGAAGAGAATACTAAT,0.22808865793222202,0.13324957769821752,0.07324421709356484,0.20435383962031906,0.21025938888738205,0.10790570091983881,0.03411941996255849,0.008779197885897254,642.419393702035
GAAGATCCAACTTGGTTTGATTCTGGTTCTCAATTTATCTTAAATTCTCAACAATTGGTTTGTTTGGCTTCTTTGGAAGATGATTTGTTGGGTTCTCAAGATAGAGAAGAGAATACTAAT,0.0795825629180451,0.10535512560452809,0.14593642725922654,0.21870714719482245,0.22288122397790314,0.1420523608325143,0.050500689971171686,0.03498446224178879,910.5379933309417
GAAGATCCAACTTGGTTTGATTCTGGTTCTCAATTTATCTTAAATTCTCAACAATTGTCTGCTGAAGTCTTGTTGTGTGATGATTTGTTGGGTTCTCAAGATAGAGAAGAGAATACTAAT,0.007724792596504722,0.00827897204992415,0.004806159620995875,0.00783572316462916,0.005626305592156587,0.14499809965979937,0.45524737537402366,0.36548257194196654,3713.9827570980174
GAAGATCCAACTTGGTTTGATTCTGGTTCTCAATTTATCTTAAATTCTCAACAATTGTGTTCTGATGAAGCTTTGGATTTGGTCTTGTTGGGTTCTCAAGATAGAGAAGAGAATACTAAT,0.1532250084089017,0.2620776075043256,0.13346551053613565,0.12767083967530277,0.07549445636425975,0.1404468701177811,0.07105412526865981,0.03656558212463355,857.0982709988377
GAAGATCCAACTTGGTTTGATTCTGGTTCTCAATTTATCTTAAATTCTCAACAATTGTGTTTGGATGTCTTGGATGCTGAATCTTTGTTGGGTTCTCAAGATAGAGAAGAGAATACTAAT,0.04032945629890384,0.12172925442655476,0.15055146295180477,0.044804657784399925,0.1589636266490835,0.22179718452815492,0.2618243573610983,0.0,1210.7469861217048
GAAGATCCAACTTGGTTTGATTCTGGTTCTCAATTTATCTTAAATTCTCAACAATTGTTGGAAGTTGCTTCTTTGTGTGATGATTTGTTGGGTTCTCAAGATAGAGAAGAGAATACTAAT,0.11643479168504663,0.2928694822151037,0.21732785208846045,0.04311836784988844,0.0764903970653027,0.07114983920179535,0.08998936009128845,0.09261990980311433,1157.6133543527142
GAAGATCCAACTTGGTTTGATTCTGGTTCTCAATTTATCTTAAATTCTCAACAATTGTTGGATTCTGATTTGGTTGCTTGTGAATTGTTGGGTTCTCAAGATAGAGAAGAGAATACTAAT,0.12071823925585302,0.10931172355552578,0.15021532805727944,0.13411386848626622,0.023791306498872563,0.04426039599063004,0.2015278337402056,0.2160613044153673,2132.7251046772876
GAAGATCCAACTTGGTTTGATTCTGGTTCTCAATTTATCTTAAATTCTCAACAATTGTTGGTTGCTTCTGAATTGTGTGATGATTTGTTGGGTTCTCAAGATAGAGAAGAGAATACTAAT,0.5584867332352033,0.2625629191418106,0.10188299374461339,0.052934546536400215,0.006858405334853143,0.0037858978485093386,0.011936490270438431,0.0015520138881714865,254.34875406879246
GAAGATCCAACTTGGTTTGATTCTGGTTCTCAATTTATCTTAAATTCTCAACCAGAAGACTTTAAGAGAGATTTGGAAGAATGTCAGAAAGGTTCTCAAGATAGAGAAGAGAATACTAAT,0.3525804505307738,0.2128437093244743,0.13161968324640472,0.1305683064542103,0.05790584212043934,0.06463542897594976,0.021800005764453873,0.028046573583294,576.4466538784577
GAAGATCCAACTTGGTTTGATTCTGGTTCTCAATTTATCTTAAATTCTCAACCATTGGTTGAACCAGGTTCTCCATGTGATGGTTTGTTGGGTTCTCAAGATAGAGAAGAGAATACTAAT,0.08603696687705253,0.09111981438747216,0.061981992607325495,0.03521521368263664,0.04015960235043665,0.041506288650735024,0.29818066459363574,0.3457994568507057,3130.5916399058
GAAGATCCAACTTGGTTTGATTCTGGTTCTCAATTTATCTTAAATTCTCAACCATTGGTTGAACCATTGTCTTTGTGTGATGATTTGTTGGGTTCTCAAGATAGAGAAGAGAATACTAAT,0.07113494991706056,0.10735582886235755,0.13277479737940226,0.15805703225564954,0.2278147267449568,0.097804018830674,0.09896096651986916,0.10609767949003017,1397.277722017079
GAAGATCCAACTTGGTTTGATTCTGGTTCTCAATTTATCTTAAATTCTCAAGAACAAGTCTTGGCTTTGTCTTTGTGTGATGATTTGTTGGGTTCTCAAGATAGAGAAGAGAATACTAAT,0.24897673180158691,0.20040109447308196,0.12392533780065489,0.03688062701026009,0.09813731170854442,0.07607113894526114,0.07697100307629991,0.13863675518431065,1403.4165719787234
GAAGATCCAACTTGGTTTGATTCTGGTTCTCAATTTATCTTAAATTCTCAAGAATTGCAAGCTGTCTTGTCTTTGTGTGATGATTTGTTGGGTTCTCAAGATAGAGAAGAGAATACTAAT,0.17964459773387578,0.14788200363228685,0.1422528167774752,0.19957905369781204,0.16092995150222703,0.10478567804599755,0.045439377210743,0.019486521399582492,714.222500907246
GAAGATCCAACTTGGTTTGATTCTGGTTCTCAATTTATCTTAAATTCTCAAGAATTGGAAGAAGCTTTGTCTTTGTGTGATGATTTGTTGGGTTCTCAAGATAGAGAAGAGAATACTAAT,0.308272437150797,0.1772343869642519,0.16439903683300813,0.09785149132354662,0.13018870723772308,0.04036631150768516,0.08168762898298812,0.0,556.5110970724036
GAAGATCCAACTTGGTTTGATTCTGGTTCTCAATTTATCTTAAATTCTCAAGAATTGGATGAAGCTTTGTCTTTGTGTGATGATTTGTTGGGTTCTCAAGATAGAGAAGAGAATACTAAT,0.05768483516973361,0.08969520616385991,0.026101791749618977,0.02330396179429485,0.018086411977781533,0.026437115706428375,0.2674984682209439,0.49119220921733897,3915.5354415530214
GAAGATCCAACTTGGTTTGATTCTGGTTCTCAATTTATCTTAAATTCTCAAGAATTGGTTGAAGAATTGTCTTTGTGTGATGATTTGTTGGGTTCTCAAGATAGAGAAGAGAATACTAAT,0.05744659286949278,0.07706449783140286,0.07148347132014214,0.10636869303505968,0.3019106323836443,0.21062342893582056,0.1065574725272981,0.06854521109713946,1335.2004798213286
GAAGATCCAACTTGGTTTGATTCTGGTTCTCAATTTATCTTAAATTCTCAAGAATTGGTTGAAGATTTGTCTTTGTGTGATGATTTGTTGGGTTCTCAAGATAGAGAAGAGAATACTAAT,0.03068804471795087,0.21613176424916059,0.1527462538605555,0.13637350639884746,0.1814411845889668,0.16877296501764696,0.11384628116687183,0.0,838.2253405839995
GAAGATCCAACTTGGTTTGATTCTGGTTCTCAATTTATCTTAAATTCTCAAGAATTGGTTGAAGCTTTGTCTTTGTGTGATGATTTGTTGGGTTCTCAAGATAGAGAAGAGAATACTAAT,0.00013694949345271828,6.889405933857027e-05,0.008520631684611358,0.0006846580856653484,0.0006747545759620967,0.003075451807931141,0.4812543572643599,0.505584303028679,4469.316575660588
GAAGATCCAACTTGGTTTGATTCTGGTTCTCAATTTATCTTAAATTCTCAAGATCCAGAAATTATTTGGCATTTGTTGGCTAAATCTTTGGGTTCTCAAGATAGAGAAGAGAATACTAAT,0.06286875970811294,0.10843498876242086,0.02235157887922314,0.13969011846699422,0.08850183112580744,0.03292905407872183,0.19158183455812852,0.35364183442059105,2968.020538386029
GAAGATCCAACTTGGTTTGATTCTGGTTCTCAATTTATCTTAAATTCTCAAGATTCTAATAGAATTGCTACTAAGATTATGTCTGCTTTGGGTTCTCAAGATAGAGAAGAGAATACTAAT,0.11674024592413673,0.15269165288991088,0.10168572796419416,0.20751112455497403,0.2185695251374553,0.11770521378845486,0.04330821003136389,0.041788299709510236,895.1808115248032
GAAGATCCAACTTGGTTTGATTCTGGTTCTCAATTTATCTTAAATTCTCAAGATTTGGAAGAAGCTTTGTCTTTGTGTGATGATTTGTTGGGTTCTCAAGATAGAGAAGAGAATACTAAT,0.09835666450460502,0.14294072334180394,0.2493125128011662,0.21044769305305183,0.15435613223849115,0.10017138867531922,0.027028357483235475,0.017386527902327125,669.4034951733342
GAAGATCCAACTTGGTTTGATTCTGGTTCTCAATTTATCTTAAATTCTCAAGATTTGGATGAAGCTTTGTCTTTGTGTGATGATTTGTTGGGTTCTCAAGATAGAGAAGAGAATACTAAT,0.07664815961251019,0.12852920502305729,0.063584583473905,0.0,0.0,0.023418705666151937,0.18956585016237712,0.5182534960619986,3880.5338226393915
GAAGATCCAACTTGGTTTGATTCTGGTTCTCAATTTATCTTAAATTCTCAAGATTTGGTTGAAGAATTGTCTTTGTGTGATGATTTGTTGGGTTCTCAAGATAGAGAAGAGAATACTAAT,0.11580653063085092,0.18582293202289918,0.13296852150864824,0.3209327175340274,0.15153503534839546,0.07230161564351523,0.020424648981042157,0.00020799833062131983,530.4443982645598
GAAGATCCAACTTGGTTTGATTCTGGTTCTCAATTTATCTTAAATTCTCAAGATTTGGTTGAAGATTTGTCTTTGTGTGATGATTTGTTGGGTTCTCAAGATAGAGAAGAGAATACTAAT,0.31340452403264657,0.17517982831415183,0.12999461578853594,0.0386868660059745,0.034314537974989776,0.06383739535617905,0.16148135884619635,0.083100873681326,1209.5228787820622
GAAGATCCAACTTGGTTTGATTCTGGTTCTCAATTTATCTTAAATTCTCAAGATTTGGTTGAAGCTTTGTCTTTGTGTGATGATTTGTTGGGTTCTCAAGATAGAGAAGAGAATACTAAT,0.044145539734430195,0.05181851474641032,0.1281754864894647,0.14713259106564264,0.19575584964807977,0.23604023394637025,0.1705945797683818,0.02633720460122035,1215.6895431482067
GAAGATCCAACTTGGTTTGATTCTGGTTCTCAATTTATCTTAAATTCTCAAGCTGTTGAACAATTGTTGTCTTTGTGTGATGATTTGTTGGGTTCTCAAGATAGAGAAGAGAATACTAAT,0.19615092143063426,0.19118482080024565,0.19831477906214204,0.09533869596704696,0.08456366826772714,0.028092655280010773,0.09664489860759563,0.10970956058459759,1237.5066612850494
GAAGATCCAACTTGGTTTGATTCTGGTTCTCAATTTATCTTAAATTCTCAAGCTTTGGAAGTTCAATTGTCTTTGTGTGATGATTTGTTGGGTTCTCAAGATAGAGAAGAGAATACTAAT,0.055123682272310605,0.15251840499191882,0.06859296546490093,0.1531013523788814,0.21727692987759065,0.2273699917662051,0.07668653569254456,0.04933013755564789,1131.9498956731672
GAAGATCCAACTTGGTTTGATTCTGGTTCTCAATTTATCTTAAATTCTCAAGCTTTGTCTCAAGTTGAATTGTTGTGTGATGATTTGTTGGGTTCTCAAGATAGAGAAGAGAATACTAAT,0.1117925373616593,0.16006358133702106,0.10165632951301042,0.1767429042263049,0.19490038683409672,0.17735130592243306,0.051840890963431016,0.02565206384204355,863.8634877243298
GAAGATCCAACTTGGTTTGATTCTGGTTCTCAATTTATCTTAAATTCTCAAGTCTTGCAAGAAGCTTTGTCTTTGTGTGATGATTTGTTGGGTTCTCAAGATAGAGAAGAGAATACTAAT,0.11258072502513879,0.11397880191536534,0.13956355686639776,0.05613303110431219,0.0342414816824394,0.013127670761029026,0.15399524845615337,0.37637948418916417,2953.035150946255
GAAGATCCAACTTGGTTTGATTCTGGTTCTCAATTTATCTTAAATTCTCAAGTCTTGTCTTTGGCTCAAGAATTGTGTGATGATTTGTTGGGTTCTCAAGATAGAGAAGAGAATACTAAT,0.0264047622168576,0.02922310013769838,0.045999345752405635,0.09093786465488335,0.2588932607986772,0.3134255818454013,0.20203464485668682,0.03308143973738976,1432.3159179846703
GAAGATCCAACTTGGTTTGATTCTGGTTCTCAATTTATCTTAAATTCTCAAGTTCAATTGGAAGCTTTGTCTTTGTGTGATGATTTGTTGGGTTCTCAAGATAGAGAAGAGAATACTAAT,0.09812988532885075,0.11518592683579158,0.08140505807994174,0.14535863143456487,0.19339564534318796,0.16490170178293279,0.04550519028948745,0.15611796090524296,1624.1715938486657
GAAGATCCAACTTGGTTTGATTCTGGTTCTCAATTTATCTTAAATTCTCAAGTTGAATTGCAAGCTTTGTCTTTGTGTGATGATTTGTTGGGTTCTCAAGATAGAGAAGAGAATACTAAT,0.07526358278018402,0.22717340272083233,0.031217993922000732,0.16723057435245697,0.14833044096439693,0.13797401279454943,0.09307076078616874,0.11973923167941092,1461.6567863150651
GAAGATCCAACTTGGTTTGATTCTGGTTCTCAATTTATCTTAAATTCTCAATCTTTGGAAGCTGTCTTGCAATTGTGTGATGATTTGTTGGGTTCTCAAGATAGAGAAGAGAATACTAAT,0.00012786356868012996,0.00019675355508662513,0.00011231053714106439,0.00011698407170772178,7.411622720566598e-05,0.002019984011226229,0.3017197744752548,0.6956322135536978,5207.163386152352
GAAGATCCAACTTGGTTTGATTCTGGTTCTCAATTTATCTTAAATTCTCAATCTTTGGCTGTCTTGCAAGAATTGTGTGATGATTTGTTGGGTTCTCAAGATAGAGAAGAGAATACTAAT,0.11981097178003476,0.12054464738966356,0.05590738982901902,0.11646768446196275,0.2361250105301195,0.17845649852716478,0.08333884806878449,0.08934894941325103,1331.4739587165204
GAAGATCCAACTTGGTTTGATTCTGGTTCTCAATTTATCTTAAATTCTCAATTGCAAGTTGAAGCTTTGTCTTTGTGTGATGATTTGTTGGGTTCTCAAGATAGAGAAGAGAATACTAAT,0.048054996115551564,0.12087316537036301,0.05979707002675548,0.21354988173708425,0.09470740696972062,0.15416614127238887,0.22284258615716895,0.08600875235096728,1566.741579202037
GAAGATCCAACTTGGTTTGATTCTGGTTCTCAATTTATCTTAAATTCTCAATTGGTTCAAGAAGCTTTGTCTTTGTGTGATGATTTGTTGGGTTCTCAAGATAGAGAAGAGAATACTAAT,0.26313286607384856,0.17289416424651388,0.1109247509626123,0.07875057704382929,0.04974188895346774,0.0698955894800874,0.11753863915293151,0.13712152408670947,1464.4249078363405
GAAGATCCAACTTGGTTTGATTCTGGTTCTCAATTTATCTTAAATTCTCATGATGAAGTTGAAAGAAGAATGGCTGAAAGATTTGCTAAGATGTCTCAAGATAGAGAAGAGAATACTAAT,0.05581872397551617,0.33696321627653203,0.12502410881515433,0.11162287566855059,0.13200991452463554,0.09209473886753249,0.09318415008594355,0.05328227178613522,991.6122811773482
GAAGATCCAACTTGGTTTGATTCTGGTTCTCAATTTATCTTAAATTCTGAACAAGTTCAAGCTTTGTTGTCTTTGTGTGATGATTTGTTGGGTTCTCAAGATAGAGAAGAGAATACTAAT,0.08141051727169356,0.02730301449726869,0.033767632890893996,0.2713329685906293,0.1069632658981818,0.2238639592363305,0.12584005601688825,0.12951858559811394,1698.4686688520085
GAAGATCCAACTTGGTTTGATTCTGGTTCTCAATTTATCTTAAATTCTGAACAATTGGAAGAAGCTTTGTCTTTGTGTGATGATTTGTTGGGTTCTCAAGATAGAGAAGAGAATACTAAT,0.18071538728638348,0.1909131186435414,0.08994902958678205,0.11042276551045353,0.04451952739801443,0.12423352488304072,0.1676041515619207,0.0916424951298636,1375.7411637874734
GAAGATCCAACTTGGTTTGATTCTGGTTCTCAATTTATCTTAAATTCTGAACAATTGGATGAAGCTTTGTCTTTGTGTGATGATTTGTTGGGTTCTCAAGATAGAGAAGAGAATACTAAT,0.23166270814199172,0.17758576770386494,0.13727080875702338,0.1715796064425062,0.13588210032904993,0.07583688901936439,0.03069359286026645,0.039488526745933006,743.6925536403146
GAAGATCCAACTTGGTTTGATTCTGGTTCTCAATTTATCTTAAATTCTGAACAATTGGTTGAAGAATTGTCTTTGTGTGATGATTTGTTGGGTTCTCAAGATAGAGAAGAGAATACTAAT,0.11245463627412848,0.11104801891753029,0.07774030108646483,0.04858516674418264,0.05130255775666307,0.07253533371653033,0.2703966334692857,0.2559373520352148,2558.5462334253043
GAAGATCCAACTTGGTTTGATTCTGGTTCTCAATTTATCTTAAATTCTGAACAATTGGTTGAAGATTTGTCTTTGTGTGATGATTTGTTGGGTTCTCAAGATAGAGAAGAGAATACTAAT,0.06558170569501438,0.10557328392571236,0.06528509690836891,0.0291436200756539,0.05169970902581048,0.036067527347507566,0.3649417896079072,0.2817072674140253,2896.3388320157605
GAAGATCCAACTTGGTTTGATTCTGGTTCTCAATTTATCTTAAATTCTGAACAATTGGTTGAAGCTTTGTCTTTGTGTGATGATTTGTTGGGTTCTCAAGATAGAGAAGAGAATACTAAT,0.003255334610786003,0.026202152070881234,0.0364568803818561,0.12657982107455384,0.3400297411416779,0.33419201569040213,0.11774700839628001,0.01553704663356276,1203.5607096197443
GAAGATCCAACTTGGTTTGATTCTGGTTCTCAATTTATCTTAAATTCTGAAGAATTGGTTGAAGCTTTGTCTTTGTGTGATGATTTGTTGGGTTCTCAAGATAGAGAAGAGAATACTAAT,0.065576009538641,0.0812031648198884,0.10670675487899865,0.25218249906684526,0.21373984614450584,0.23580565746353124,0.032748341613954034,0.012037726473635576,834.8518964138533
GAAGATCCAACTTGGTTTGATTCTGGTTCTCAATTTATCTTAAATTCTGAAGATTTGGTTGAAGCTTTGTCTTTGTGTGATGATTTGTTGGGTTCTCAAGATAGAGAAGAGAATACTAAT,0.025311636430184133,0.07215546585732373,0.08923993657862525,0.21090277038678582,0.24110841653961737,0.26680900029031085,0.07433822951504404,0.020134544402108948,1023.9083987292629
GAAGATCCAACTTGGTTTGATTCTGGTTCTCAATTTATCTTAAATTCTGAATTGCAAGCTCAAGTCTTGTCTTTGTGTGATGATTTGTTGGGTTCTCAAGATAGAGAAGAGAATACTAAT,0.07495852939454023,0.1960856200163766,0.14923902340659623,0.14989748978450715,0.13295631403101416,0.09619034994340102,0.11123223902648012,0.08944043439708453,1270.4793835787532
GAAGATCCAACTTGGTTTGATTCTGGTTCTCAATTTATCTTAAATTCTGATCAATTGGAAGAAGCTTTGTCTTTGTGTGATGATTTGTTGGGTTCTCAAGATAGAGAAGAGAATACTAAT,0.08845741473747877,0.09602533762240423,0.10427843503681612,0.1267206883508426,0.13074976153708315,0.1557599924510304,0.18135083980469632,0.11665753045964841,1656.9667846005648
GAAGATCCAACTTGGTTTGATTCTGGTTCTCAATTTATCTTAAATTCTGATCAATTGGATGAAGCTTTGTCTTTGTGTGATGATTTGTTGGGTTCTCAAGATAGAGAAGAGAATACTAAT,0.07061285533678562,0.08525431306953389,0.052720118988790726,0.15689697352205617,0.18091414543188272,0.10355859921420026,0.13097952405493188,0.21906347038181861,2137.4750604240076
GAAGATCCAACTTGGTTTGATTCTGGTTCTCAATTTATCTTAAATTCTGATCAATTGGTTGAAGAATTGTCTTTGTGTGATGATTTGTTGGGTTCTCAAGATAGAGAAGAGAATACTAAT,0.0001806160880171848,0.00025960301488086137,0.00012842800643486692,0.0002006583464450766,0.00015255450810083103,0.008372286183654805,0.38824508670028224,0.6024607671521841,4847.939865681198
GAAGATCCAACTTGGTTTGATTCTGGTTCTCAATTTATCTTAAATTCTGATCAATTGGTTGAAGATTTGTCTTTGTGTGATGATTTGTTGGGTTCTCAAGATAGAGAAGAGAATACTAAT,0.2376495745013012,0.41299928239535977,0.16130096458019844,0.16801311869138297,0.0,0.0,0.020037059831757808,0.0,319.0546824927901
GAAGATCCAACTTGGTTTGATTCTGGTTCTCAATTTATCTTAAATTCTGATCAATTGGTTGAAGCTTTGTCTTTGTGTGATGATTTGTTGGGTTCTCAAGATAGAGAAGAGAATACTAAT,0.001710127410614497,0.00029536177786845607,0.0002957153974318324,0.00028990201119863303,0.0002204037833430188,0.020723619392841622,0.43594890453204016,0.5405159656946619,4595.035188466987
GAAGATCCAACTTGGTTTGATTCTGGTTCTCAATTTATCTTAAATTCTGATGAATTGGTTGAAGCTTTGTCTTTGTGTGATGATTTGTTGGGTTCTCAAGATAGAGAAGAGAATACTAAT,0.027875526131835575,0.0779061804709771,0.11562271861250449,0.28904179606694613,0.21974978764037156,0.22711873581686037,0.03159823960701872,0.011087015653485917,833.110485381672
GAAGATCCAACTTGGTTTGATTCTGGTTCTCAATTTATCTTAAATTCTGATGATTTGGTTGAAGCTTTGTCTTTGTGTGATGATTTGTTGGGTTCTCAAGATAGAGAAGAGAATACTAAT,0.03957305465312402,0.17253333321497846,0.06565679357807515,0.14654773738872756,0.220974747044543,0.15718246088260082,0.13457383982607396,0.06295803341187714,1274.0959133633237
GAAGATCCAACTTGGTTTGATTCTGGTTCTCAATTTATCTTAAATTCTGATTATGCTCATTTGGAAGACTTTAAGAGAGATTTGGAAGAATGTTCTCAAGATAGAGAAGAGAATACTAAT,0.26739261858083124,0.28758382150644046,0.17783796201260726,0.12804488277401915,0.07722994864474371,0.033806002496943835,0.017102950989481426,0.011001812994932908,448.21793354352883
GAAGATCCAACTTGGTTTGATTCTGGTTCTCAATTTATCTTAAATTCTGCTCAACAAGTTGAATTGTTGTCTTTGTGTGATGATTTGTTGGGTTCTCAAGATAGAGAAGAGAATACTAAT,0.1687599425815214,0.2745594799095745,0.1787198785075886,0.19546472304286386,0.06722650226354172,0.06911514400084406,0.03330129712585102,0.012853032568214769,557.7398017311932
GAAGATCCAACTTGGTTTGATTCTGGTTCTCAATTTATCTTAAATTCTGCTGAATTGGTTCAACAATTGTCTTTGTGTGATGATTTGTTGGGTTCTCAAGATAGAGAAGAGAATACTAAT,0.03529471837977668,0.05681735912625845,0.12297281381679098,0.26663639635504827,0.19476600306917122,0.24587010387519312,0.05237443400907452,0.025268171368686858,970.9976622189205
GAAGATCCAACTTGGTTTGATTCTGGTTCTCAATTTATCTTAAATTCTGCTGATCAAGCTTGGCAAGAATTGAAGACTATGTTGGGTTTGGGTTCTCAAGATAGAGAAGAGAATACTAAT,0.0018600910348840238,0.0016022035915429832,0.001065714148437877,0.000669010155789834,0.000461533094262567,0.00274757672726347,0.29331069125352444,0.6982831799942949,5204.680510120672
GAAGATCCAACTTGGTTTGATTCTGGTTCTCAATTTATCTTAAATTCTGCTGCTGCTGCTGAAGCTTTGTCTGCTGCTGCTGCTTTGTTGGGTTCTCAAGATAGAGAAGAGAATACTAAT,0.02013705763683449,0.030390553672590047,0.031321848480311304,0.055928969728487855,0.03968637325864271,0.01845773576939455,0.2754721334752345,0.5286053279785045,4177.864613026546
GAAGATCCAACTTGGTTTGATTCTGGTTCTCAATTTATCTTAAATTCTGCTGCTGCTGCTGAAGCTTTGTCTTTGTGTGATGATGCTGCTGCTGCTCAAGATAGAGAAGAGAATACTAAT,0.07324068867449116,0.14211485881896196,0.1757638293537149,0.2615397443062329,0.15465395907367932,0.11988001917220119,0.029111546226108516,0.043695354374610036,865.6322000720866
GAAGATCCAACTTGGTTTGATTCTGGTTCTCAATTTATCTTAAATTCTGCTGCTGCTGCTGAAGCTTTGTCTTTGTGTGATGATTTGTTGGGTTCTCAAGATAGAGAAGAGAATACTAAT,0.10632667109400128,0.15635213139347767,0.11195227107027111,0.17264470502050788,0.13701344623177117,0.15743473989181694,0.0606845996125473,0.09759143568560662,1271.76940170656
GAAGATCCAACTTGGTTTGATTCTGGTTCTCAATTTATCTTAAATTCTGCTGCTGCTGCTGAAGCTTTGTCTTTGTGTGATGATTTGTTGGGTTCTCAAGATAGAGAAGCTGCTGCTGCT,0.09801618710531917,0.16905668565192128,0.1881762795633713,0.22089653623370364,0.13246050337086954,0.0718737331080278,0.04934839131619373,0.07017168365059358,998.173719186779
GAAGATCCAACTTGGTTTGATTCTGGTTCTCAATTTATCTTAAATTCTGCTGCTGCTGCTGAAGCTTTGTCTTTGTGTGATGATTTGTTGGGTTCTGCTGCTGCTGCTGAGAATACTAAT,0.08996109668441181,0.126716776639848,0.10447993072022263,0.17323579262677782,0.11819766078912432,0.2363819707562623,0.07230968564331323,0.0787170861400399,1263.3995557502994
GAAGATCCAACTTGGTTTGATTCTGGTTCTCAATTTATCTTAAATTCTGCTGCTGCTGCTGCTGCTGCTGCTTTGTGTGATGATTTGTTGGGTTCTCAAGATAGAGAAGAGAATACTAAT,0.24439395461124686,0.0312241940016376,0.08252690739738237,0.0365029479803325,0.06383376364782037,0.30211099563524774,0.2290901664758013,0.010317070250531286,1209.0307072997555
GAAGATCCAACTTGGTTTGATTCTGGTTCTCAATTTATCTTAAATTCTGCTGTCTTGCAATTGCAATCTTGTTTGGAAGATGATTTGTTGGGTTCTCAAGATAGAGAAGAGAATACTAAT,0.10217024770475476,0.17989282221429265,0.15891899777604557,0.19863843843825466,0.050339610923618064,0.11706225095284097,0.07106820539148259,0.12190942659871058,1364.0194706983582
GAAGATCCAACTTGGTTTGATTCTGGTTCTCAATTTATCTTAAATTCTGCTTGTGTCTTGCAATTGCAAGAATTGTCTGATGATTTGTTGGGTTCTCAAGATAGAGAAGAGAATACTAAT,0.08115812628925091,0.10329862929375018,0.09977210384337515,0.10102704854364829,0.14453085852964326,0.15236501273934527,0.2303441967633488,0.08750402399763817,1591.448554558645
GAAGATCCAACTTGGTTTGATTCTGGTTCTCAATTTATCTTAAATTCTGTCTTGCAACAAGAAGCTTTGTCTTTGTGTGATGATTTGTTGGGTTCTCAAGATAGAGAAGAGAATACTAAT,0.34093568390833007,0.17151172045719099,0.10606053799413667,0.12625599289667147,0.05599337074956922,0.02604195740935389,0.10540005640302659,0.06780068018172103,969.690525963992
GAAGATCCAACTTGGTTTGATTCTGGTTCTCAATTTATCTTAAATTCTGTTCAACAATTGGAAGCTTTGTCTTTGTGTGATGATTTGTTGGGTTCTCAAGATAGAGAAGAGAATACTAAT,0.07710716761043578,0.1676402420534361,0.3747429699360994,0.22782199771210335,0.044419377559508755,0.07430381335041768,0.03332639996703713,0.0006380318109617883,511.32416711457563
GAAGATCCAACTTGGTTTGATTCTGGTTCTCAATTTATCTTAAATTCTGTTCAATTGCAAGAAGCTTTGTCTTTGTGTGATGATTTGTTGGGTTCTCAAGATAGAGAAGAGAATACTAAT,0.0007021468697854491,0.00043171733186682837,0.0010678727344611463,0.0044636844044131825,0.007726217331785236,0.042369781150730035,0.3883351381329886,0.5549034420439695,4600.58804114636
GAAGATCCAACTTGGTTTGATTCTGGTTCTCAATTTATCTTAAATTCTTATGCTCATTTGGGTCCAGAAGACTTTAAGAGAGATTTGGAAGAATCTCAAGATAGAGAAGAGAATACTAAT,0.24827937495825858,0.27061638598259036,0.15447279544960243,0.18388664185441125,0.06116402483370009,0.05689355394687096,0.0,0.024687222974566426,522.3353828350807
GAAGATCCAACTTGGTTTGATTCTGGTTCTCAATTTATCTTAAATTCTTCTGAAGCTTTGCAACAAGTCTTGTTGTGTGATGATTTGTTGGGTTCTCAAGATAGAGAAGAGAATACTAAT,0.055379717152677296,0.03277578877463643,0.044589833971568855,0.0796205714347223,0.06099171099900068,0.07464904086891001,0.2477452311036681,0.40424810569481623,3430.1809780945123
GAAGATCCAACTTGGTTTGATTCTGGTTCTCAATTTATCTTAAATTCTTCTGAATTGCAATTGCAAGTTGCTTTGTGTGATGATTTGTTGGGTTCTCAAGATAGAGAAGAGAATACTAAT,0.17713618141451443,0.2502676386984683,0.13600309021582818,0.15073451867045795,0.10027405743322135,0.10018203046839848,0.06291751545905501,0.022484967640056225,723.4772057221097
GAAGATCCAACTTGGTTTGATTCTGGTTCTCAATTTATCTTAAATTCTTCTGAATTGGTTGCTTTGCAACAATTGTGTGATGATTTGTTGGGTTCTCAAGATAGAGAAGAGAATACTAAT,0.024041250389517533,0.031099460939645385,0.04059980756616992,0.11065162773479428,0.24028837712918194,0.32897107465466724,0.2038584063117249,0.020489995274298817,1371.6000828997933
GAAGATCCAACTTGGTTTGATTCTGGTTCTCAATTTATCTTAAATTCTTCTGTTCAATTGTTGGCTGAATGTCAATTGGATGATTTGTTGGGTTCTCAAGATAGAGAAGAGAATACTAAT,0.018126009252720676,0.07294802342351417,0.1578852632490075,0.20137381360806753,0.16075337908839318,0.21598717349193902,0.151298403686691,0.02162793419966686,1118.4640198891714
GAAGATCCAACTTGGTTTGATTCTGGTTCTCAATTTATCTTAAATTCTTCTTTGCAATGTTTGCAAGTCTTGGCTGAAGATGATTTGTTGGGTTCTCAAGATAGAGAAGAGAATACTAAT,0.08837536178931613,0.11114567249719005,0.027492394780599033,0.09818202884253775,0.04354282609320836,0.10125666730029458,0.266381588755694,0.2636234599411601,2633.984969953043
GAAGATCCAACTTGGTTTGATTCTGGTTCTCAATTTATCTTAAATTCTTCTTTGGCTGTCTTGCAAGAACAATTGTGTGATGATTTGTTGGGTTCTCAAGATAGAGAAGAGAATACTAAT,0.0011080984571439692,0.0009910080172674798,0.003064130054427565,0.021064800919681367,0.2746803974839003,0.37027507842639923,0.328522668451421,0.0002938181897591276,1583.1909314465543
GAAGATCCAACTTGGTTTGATTCTGGTTCTCAATTTATCTTAAATTCTTGTTCTTTGGCTCAACAAGTCTTGTTGGAAGATGATTTGTTGGGTTCTCAAGATAGAGAAGAGAATACTAAT,0.16449500447785043,0.2837182416965717,0.21930942440023826,0.11748109470132187,0.04631269703721861,0.08615829106982889,0.05448592412094469,0.028039322496025615,693.5243325019227
GAAGATCCAACTTGGTTTGATTCTGGTTCTCAATTTATCTTAAATTCTTTGCAACAAGTTGAAGCTTTGTCTTTGTGTGATGATTTGTTGGGTTCTCAAGATAGAGAAGAGAATACTAAT,0.053846122044592534,0.09029309111860809,0.04466882517726694,0.05982121487937281,0.08843386061871114,0.0658075283112312,0.23305093587547163,0.3640784219747455,3149.8407230733515
GAAGATCCAACTTGGTTTGATTCTGGTTCTCAATTTATCTTAAATTCTTTGCAAGTCTTGGCTTCTTGTTTGGAACAAGATGATTTGTTGGGTTCTCAAGATAGAGAAGAGAATACTAAT,0.00025080778333611963,0.00016058231144488135,0.010327401620564251,0.07771493308859256,0.2506975476652108,0.4465334115501841,0.18319190472398675,0.03112341125668049,1517.327171308323
GAAGATCCAACTTGGTTTGATTCTGGTTCTCAATTTATCTTAAATTCTTTGCAAGTTCAAGAAGCTTTGTCTTTGTGTGATGATTTGTTGGGTTCTCAAGATAGAGAAGAGAATACTAAT,0.001240424668610547,0.00012383083228036083,0.0016426156645997217,0.008697389475817094,0.015535861384346214,0.08854507859654896,0.4531304803494607,0.4310843190283364,4052.7035315795515
GAAGATCCAACTTGGTTTGATTCTGGTTCTCAATTTATCTTAAATTCTTTGGAACAACAATGTGTTGCTTTGTCTTTGGATGATTTGTTGGGTTCTCAAGATAGAGAAGAGAATACTAAT,0.1469265188442394,0.19710165263535556,0.09141375555405715,0.16323037800160628,0.09652156029289204,0.02244560676186132,0.13626672804463938,0.14609379986534887,1564.700772335198
GAAGATCCAACTTGGTTTGATTCTGGTTCTCAATTTATCTTAAATTCTTTGGCTTGTCAAGTTCAAGAATTGTTGTCTGATGATTTGTTGGGTTCTCAAGATAGAGAAGAGAATACTAAT,0.05698887291479828,0.1529009347215388,0.14182781812063197,0.1477296437851984,0.1591120762231457,0.18282708028133124,0.07928133710787709,0.07933223684547862,1245.515686783967
GAAGATCCAACTTGGTTTGATTCTGGTTCTCAATTTATCTTAAATTCTTTGGTTCAACAAGAAGCTTTGTCTTTGTGTGATGATTTGTTGGGTTCTCAAGATAGAGAAGAGAATACTAAT,0.1817354607698128,0.290895082817335,0.10279177223478513,0.1193056868538895,0.1139620978298088,0.02271541427827228,0.09959785539758959,0.06899662981850682,1003.3118651985387
GAAGATCCAACTTGGTTTGATTCTGGTTCTCAATTTATCTTAAATTCTTTGTTGGTTCAATGTGAAGCTCAATTGTCTGATGATTTGTTGGGTTCTCAAGATAGAGAAGAGAATACTAAT,0.011414846355256147,0.05500442715103875,0.12797379437120668,0.2658203549190116,0.3635122769694265,0.15663964007086736,0.009279364366942065,0.01035529579625067,771.0758979662329
GAAGATCCAACTTGGTTTGATTCTGGTTCTCAATTTATCTTGAATACTCAACAATTGGTTGAAGCTTTGTCTTTGTGTGATGATTTGTTGGGTTCTCAAGATAGAGAAGAGAATACTAAT,0.041544299356387045,0.20899350212101456,0.12062284916896818,0.2153867669711723,0.09552204866376579,0.11423918738388665,0.15412073427543369,0.04957061205937187,1144.1035846887723
GAAGATCCAACTTGGTTTGATTCTGGTTCTCAATTTATCTTGAATCAACAATCTTTGGTTGAAGCTTTGTCTTTGTGTGATGATTTGTTGGGTTCTCAAGATAGAGAAGAGAATACTAAT,0.3359029131299076,0.21725990447966673,0.12937465074697543,0.0799664445193496,0.07092876421575144,0.07330724381903385,0.07417441315779622,0.019085665931519065,650.5986836110021
GAAGATCCAACTTGGTTTGATTCTGGTTCTCAATTTATCTTGAATCAAGAATCTTTGTTGCAAGCTGTTTCTTTGTGTGATGATTTGTTGGGTTCTCAAGATAGAGAAGAGAATACTAAT,0.07643431637770105,0.1538047405731056,0.10567864457016833,0.08491593248631356,0.033475052857396465,0.10898238887617372,0.2441727582501851,0.19253616600895612,2155.0819765984397
GAAGATCCAACTTGGTTTGATTCTGGTTCTCAATTTATCTTGAATCAATCTCAATTGGTTGAAGCTTTGTCTTTGTGTGATGATTTGTTGGGTTCTCAAGATAGAGAAGAGAATACTAAT,0.07457218617939869,0.22508651139001756,0.1855872895419781,0.08284716900816066,0.14696782761425523,0.13670653707895034,0.10374275413727413,0.044489725049965345,1017.9147695217573
GAAGATCCAACTTGGTTTGATTCTGGTTCTCAATTTATCTTGAATGAACAACAATTGGTTGAAGCTTTGTCTTTGTGTGATGATTTGTTGGGTGAACAAGATAGAGAAGAGAATACTAAT,0.0021663871452599465,0.001291008837658696,0.0013358930794770223,0.0002565967654844223,0.0003582539190383273,0.0032010703656146625,0.3171500086194594,0.6742407812680076,5114.034112347004
GAAGATCCAACTTGGTTTGATTCTGGTTCTCAATTTATCTTGAATGAACAACAATTGGTTGAAGCTTTGTCTTTGTGTGATGATTTGTTGGGTTCTCAAGATAGAGAAGAGAATACTAAT,0.18238641906247152,0.16545377910308337,0.15626197539227202,0.1660861673594143,0.1591006028708191,0.10414266082875959,0.041595232841988024,0.02497316254119204,729.8651905189652
GAAGATCCAACTTGGTTTGATTCTGGTTCTCAATTTATCTTGAATGTCTTGCAATCTCAAGAAGCTTTGTCTTTGTGTGATGATTTGTTGGGTTCTCAAGATAGAGAAGAGAATACTAAT,0.09039321911974375,0.07795435877020794,0.08034320927764088,0.14346257125927075,0.12724865975718155,0.16570982553134234,0.19162291158504202,0.12326524469957083,1732.6155265890732
GAAGATCCAACTTGGTTTGATTCTGGTTCTCAATTTATCTTGAATTATCAACAATTGGTTGAAGCTTTGTCTTTGTGTGATGATTTGTTGGGTTCTCAAGATAGAGAAGAGAATACTAAT,0.20161430828417076,0.10142445779275541,0.18815855611363083,0.05599666420097699,0.09933602064847714,0.04620019092103403,0.18698681717214274,0.12028298486681212,1532.210733737083
GAAGATCCAACTTGGTTTGATTCTGGTTCTCAATTTATCTTGCAAAATTCTCAATTGGTTGAAGCTTTGTCTTTGTGTGATGATTTGTTGGGTTCTCAAGATAGAGAAGAGAATACTAAT,0.23380559799264022,0.19759935903346884,0.18619852546871532,0.18702006306551203,0.06451019289378464,0.04286149473257238,0.043368513849774006,0.04463625296353267,737.6159042772417
GAAGATCCAACTTGGTTTGATTCTGGTTCTCAATTTATCTTGCAACAAAATTCTTTGGTTGAAGCTTTGTCTTTGTGTGATGATTTGTTGGGTTCTCAAGATAGAGAAGAGAATACTAAT,0.34138810667592934,0.19082146341242026,0.18880227675543637,0.09481765125913053,0.06541228649163128,0.05215303034401613,0.04397496775941306,0.022630217302022942,583.0979050957411
GAAGATCCAACTTGGTTTGATTCTGGTTCTCAATTTATCTTGCAACAAGCTTTGTTGGTTTCTGAAAATTCTTTGTGTGATGATTTGTTGGGTTCTCAAGATAGAGAAGAGAATACTAAT,0.26344071807182684,0.13252696308294196,0.12292933362662728,0.14633685031857968,0.06489904618562045,0.06036779618903801,0.09162285244972035,0.11787644007564538,1300.7718401758736
GAAGATCCAACTTGGTTTGATTCTGGTTCTCAATTTATCTTGCAACAATCTAATGTCTTGGAAGCTTTGTCTTTGTGTGATGATTTGTTGGGTTCTCAAGATAGAGAAGAGAATACTAAT,0.20859643602717312,0.17989182784505175,0.07416178902579039,0.1324248936342696,0.05872922144617984,0.10925749695808015,0.16582489596719316,0.07111343909626204,1238.085583027093
GAAGATCCAACTTGGTTTGATTCTGGTTCTCAATTTATCTTGCAACAATCTAATTTGGTTGAAGCTTTGTCTTTGTGTGATGATTTGTTGGGTTCTCAAGATAGAGAAGAGAATACTAAT,0.09493603282063032,0.09551738401677363,0.050628569004447954,0.11300433406039057,0.16705460676046413,0.2361941037663026,0.11320489025973797,0.12946007931125283,1676.0453626136605
GAAGATCCAACTTGGTTTGATTCTGGTTCTCAATTTATCTTGCAACAATCTGTCTTGAATGAAGCTTTGTCTTTGTGTGATGATTTGTTGGGTTCTCAAGATAGAGAAGAGAATACTAAT,0.0045168433306921425,0.013347490493360698,0.030578765241925317,0.03503868963913821,0.021818877876391654,0.05975731752909328,0.4077964712141195,0.42714554467527915,3901.681183993499
GAAGATCCAACTTGGTTTGATTCTGGTTCTCAATTTATCTTGCAAGAATTGTTGCAAGTTTCTAATGCTTCTTTGTGTGATGATTTGTTGGGTTCTCAAGATAGAGAAGAGAATACTAAT,0.15128231738006784,0.17014556541448325,0.2363345375408675,0.27277306977273996,0.08966970042848008,0.05514936407217116,0.018607855600489387,0.006037589790700763,503.8077821098782
GAAGATCCAACTTGGTTTGATTCTGGTTCTCAATTTATCTTGCAAGAGAATGCTTCTCAAGTCTTGTTGTCTTTGTGTGATGATTTGTTGGGTTCTCAAGATAGAGAAGAGAATACTAAT,0.2150268186316507,0.07211451963643067,0.0,0.13271527821383833,0.07062960520131241,0.0218994158995296,0.2880601028887226,0.19955425952851577,2212.4841274848595
GAAGATCCAACTTGGTTTGATTCTGGTTCTCAATTTATCTTGCAATCTAATCAATTGGTTGAAGCTTTGTCTTTGTGTGATGATTTGTTGGGTTCTCAAGATAGAGAAGAGAATACTAAT,0.14621988561865454,0.1681317475485386,0.10397040826923103,0.11603238032877411,0.12350230242497146,0.09573281195771419,0.09686525883360775,0.1495452050185084,1579.8041336967096
GAAGATCCAACTTGGTTTGATTCTGGTTCTCAATTTATCTTGCAATCTAATTTGCAAGTTGAAGCTTTGTCTTTGTGTGATGATTTGTTGGGTTCTCAAGATAGAGAAGAGAATACTAAT,0.05236186902021311,0.11707225035735011,0.03619795144024577,0.09695376687014694,0.18919165414056527,0.18131509383068575,0.21583519350166827,0.11107222083912487,1753.8585885654202
GAAGATCCAACTTGGTTTGATTCTGGTTCTCAATTTATCTTGCAATCTGCTAATGAATTGGTTCAATTGTCTTTGTGTGATGATTTGTTGGGTTCTCAAGATAGAGAAGAGAATACTAAT,0.03819252670893406,0.05443740400887563,0.10297026991073908,0.22806448308714183,0.2650142688849842,0.2581801371213267,0.039849286757340834,0.013291623520657716,908.3090600052379
GAAGATCCAACTTGGTTTGATTCTGGTTCTCAATTTATCTTGCAATCTTTAAATTCTCAATTGGAAGTTGCTTTGTGTGATGATTTGTTGGGTTCTCAAGATAGAGAAGAGAATACTAAT,0.18975430161334877,0.19250725188858336,0.19381526195623414,0.12209446771578912,0.26801199693136346,0.01956710447167513,0.009532644112864374,0.004716971310141494,485.81406662459966
GAAGATCCAACTTGGTTTGATTCTGGTTCTCAATTTATCTTGCAATCTTTGGAAGCTCAAGTTAATTTGTCTTTGTGTGATGATTTGTTGGGTTCTCAAGATAGAGAAGAGAATACTAAT,0.04999629336502007,0.06706993485862392,0.16590057764857796,0.18514728606851025,0.1313777875474957,0.12220499327139896,0.13910690932044045,0.1391962179199326,1681.6065040001947
GAAGATCCAACTTGGTTTGATTCTGGTTCTCAATTTATCTTGCAATTGGAATCTAATGCTTCTGTCTTGCAATTGTGTGATGATTTGTTGGGTTCTCAAGATAGAGAAGAGAATACTAAT,0.0841972792177726,0.15639299165523707,0.12088914965440428,0.1942760509871081,0.19146586763231654,0.1780977249084129,0.03604089730185755,0.03864003864289089,913.763124467492
GAAGATCCAACTTGGTTTGATTCTGGTTCTCAATTTATCTTGCAATTGTCTGCTCAAGAGAATGTCTTGTCTTTGTGTGATGATTTGTTGGGTTCTCAAGATAGAGAAGAGAATACTAAT,0.16445546108542117,0.25338946623501507,0.21946854624945838,0.20123967102551016,0.07045890144174609,0.05971373247431729,0.01326294896456553,0.01801127252396623,538.9075124948331
GAAGATCCAACTTGGTTTGATTCTGGTTCTCAATTTATCTTGCAGAATCAATCTTTGGTTGAAGCTTTGTCTTTGTGTGATGATTTGTTGGGTTCTCAAGATAGAGAAGAGAATACTAAT,0.0009386972915085539,0.0007555564057574029,0.0009344518108259294,0.04724159631772208,0.12764977542440853,0.4202266890927046,0.34109836331459287,0.06115487034248007,1968.5770093739286
GAAGATCCAACTTGGTTTGATTCTGGTTCTCAATTTATCTTGGAACAAGTTTCTTTGTCTTTGGCTCAGAATTTGTGTGATGATTTGTTGGGTTCTCAAGATAGAGAAGAGAATACTAAT,0.07555921987838908,0.043858797137290594,0.09763808203850455,0.14205861993728636,0.2147784899648961,0.21043773567983506,0.14284979651827182,0.07281925884552647,1409.2425803446638
GAAGATCCAACTTGGTTTGATTCTGGTTCTCAATTTATCTTGGAAGAACAACAATTGGTTGAAGCTTTGTCTTTGTGTGATGATTTGTTGGAAGAACAAGATAGAGAAGAGAATACTAAT,0.0818769667444975,0.12356752397857643,0.10188332347850511,0.1364437986055225,0.2420462752386304,0.037524434925513966,0.22780992393184704,0.04884775309690704,1280.8850032174355
GAAGATCCAACTTGGTTTGATTCTGGTTCTCAATTTATCTTGGAAGAACAACAATTGGTTGAAGCTTTGTCTTTGTGTGATGATTTGTTGGGTTCTCAAGATAGAGAAGAGAATACTAAT,0.07439651441498385,0.12724855235450794,0.12960506749664427,0.20663000909375812,0.14662161143216423,0.08183069622190871,0.14489771024117384,0.0887698387448591,1349.0015397105153
GAAGATCCAACTTGGTTTGATTCTGGTTCTCAATTTATCTTGGAAGCTAATGTTTCTTTGTCTCAACAATTGTTGTGTGATGATTTGTTGGGTTCTCAAGATAGAGAAGAGAATACTAAT,0.0488603432435725,0.04915954490752124,0.0675546677450277,0.06634489127733265,0.058846697244253884,0.13435696338408354,0.32224309287243946,0.2526337993257691,2743.3646939239084
GAAGATCCAACTTGGTTTGATTCTGGTTCTCAATTTATCTTGGAATCTCAACAATTGGAAGAAGCTTTGTCTTTGTGTGATGATTTGTTGGGTTCTCAAGATAGAGAAGAGAATACTAAT,0.10872009703714795,0.2210270914045379,0.23849296105338574,0.2689630653103175,0.08725304503401937,0.04212155205363131,0.018711139700934916,0.014711048406025315,544.2864542533316
GAAGATCCAACTTGGTTTGATTCTGGTTCTCAATTTATCTTGGAATCTCAACAATTGGATGAAGCTTTGTCTTTGTGTGATGATTTGTTGGGTTCTCAAGATAGAGAAGAGAATACTAAT,0.08246837557312485,0.15557508694579222,0.1282740512890976,0.1603342432106355,0.12189730473739611,0.08503982817405374,0.1434096418770846,0.1230014681928153,1533.0365880400159
GAAGATCCAACTTGGTTTGATTCTGGTTCTCAATTTATCTTGGAATCTCAACAATTGGTTGAAGAATTGTCTTTGTGTGATGATTTGTTGGGTTCTCAAGATAGAGAAGAGAATACTAAT,0.2892601434690341,0.18709165262747338,0.12854995357354695,0.1836332607644865,0.061079745697813666,0.018938386392807847,0.05748723960935689,0.07395961786548055,910.2156597408874
GAAGATCCAACTTGGTTTGATTCTGGTTCTCAATTTATCTTGGAATCTCAACAATTGGTTGAAGATTTGTCTTTGTGTGATGATTTGTTGGGTTCTCAAGATAGAGAAGAGAATACTAAT,0.3239421525817076,0.29397015129953225,0.20859921689772562,0.11675541681404156,0.027390723037800463,0.02227304388320498,0.005089654613778424,0.0019796408722092635,319.81828196682045
GAAGATCCAACTTGGTTTGATTCTGGTTCTCAATTTATCTTGGAATCTCAAGATTTGGTTGAAGCTTTGTCTTTGTGTGATGATTTGTTGGGTTCTCAAGATAGAGAAGAGAATACTAAT,0.192726729063159,0.1443987644784297,0.12756321596686857,0.09566744710105402,0.0888959913513388,0.030068827332342306,0.11028888084637421,0.2103901438604334,1884.1075045039825
GAAGATCCAACTTGGTTTGATTCTGGTTCTCAATTTATCTTGGAATCTGAACAATTGGTTGAAGCTTTGTCTTTGTGTGATGATTTGTTGGGTTCTCAAGATAGAGAAGAGAATACTAAT,0.40787486786863797,0.20891692655277797,0.09227958119048664,0.14829877347705223,0.04384609403216102,0.04078476069815274,0.013755737873302122,0.0442432583074293,617.8001394544613
GAAGATCCAACTTGGTTTGATTCTGGTTCTCAATTTATCTTGGAATCTGATCAATTGGTTGAAGCTTTGTCTTTGTGTGATGATTTGTTGGGTTCTCAAGATAGAGAAGAGAATACTAAT,0.0011324061398201466,0.0013231051581595247,0.0009545554784458562,0.000730489241514403,0.0005399420915959005,0.005625125480527355,0.42738316955566297,0.5623112068542738,4691.628875065329
GAAGATCCAACTTGGTTTGATTCTGGTTCTCAATTTATCTTGGAATTGCAATCTAATCAAGCTGTCTTGTCTTTGTGTGATGATTTGTTGGGTTCTCAAGATAGAGAAGAGAATACTAAT,0.0012279301024139657,0.001342879855328174,0.0009632858271376679,0.0006524380675295736,0.006444619821566113,0.021849911627217437,0.44018699773456615,0.527331936964241,4529.1496413668
GAAGATCCAACTTGGTTTGATTCTGGTTCTCAATTTATCTTGGATGATCAACAATTGGTTGAAGCTTTGTCTTTGTGTGATGATTTGTTGGATGATCAAGATAGAGAAGAGAATACTAAT,0.014516155110098,0.032861354345988567,0.027094691930175746,0.12901564697184115,0.2789341031644915,0.30935487823610425,0.16492151967165963,0.043301650569641185,1422.3484897722035
GAAGATCCAACTTGGTTTGATTCTGGTTCTCAATTTATCTTGGATGATCAACAATTGGTTGAAGCTTTGTCTTTGTGTGATGATTTGTTGGGTTCTCAAGATAGAGAAGAGAATACTAAT,0.24133128459816858,0.28893757269041187,0.26575458512489175,0.12873126547013214,0.03187367288886506,0.019661327321623966,0.010203444535118159,0.013506847370788633,417.7169187769572
GAAGATCCAACTTGGTTTGATTCTGGTTCTCAATTTATCTTGGATTCTCAACAATTGGAAGAAGCTTTGTCTTTGTGTGATGATTTGTTGGGTTCTCAAGATAGAGAAGAGAATACTAAT,0.21277270204238685,0.2140756389901809,0.15129313366848993,0.1097493678006183,0.05241689864025949,0.013930614832706365,0.09162012266497839,0.15414152136037967,1461.9215940430406
GAAGATCCAACTTGGTTTGATTCTGGTTCTCAATTTATCTTGGATTCTCAACAATTGGATGAAGCTTTGTCTTTGTGTGATGATTTGTTGGGTTCTCAAGATAGAGAAGAGAATACTAAT,0.1702541819302133,0.2997693161096875,0.052963802217092744,0.11033552851226712,0.08388478514070365,0.0910326098059069,0.15790192601066,0.03385785027346884,980.5047367376051
GAAGATCCAACTTGGTTTGATTCTGGTTCTCAATTTATCTTGGATTCTCAACAATTGGTTGAAGAATTGTCTTTGTGTGATGATTTGTTGGGTTCTCAAGATAGAGAAGAGAATACTAAT,0.2728894468774021,0.2013443778846875,0.11318968323468975,0.0808455780786942,0.0,0.08337731353405933,0.11810904587084384,0.13024455451962336,1411.904611804393
GAAGATCCAACTTGGTTTGATTCTGGTTCTCAATTTATCTTGGATTCTCAACAATTGGTTGAAGATTTGTCTTTGTGTGATGATTTGTTGGGTTCTCAAGATAGAGAAGAGAATACTAAT,0.0011838773501205433,0.0023073402606813816,0.0010006327227657587,0.0024340352103922277,0.013599332168383082,0.04856550827231829,0.3933323586281047,0.5375769153872342,4515.916893899557
GAAGATCCAACTTGGTTTGATTCTGGTTCTCAATTTATCTTGGATTCTCAAGAATTGGTTGAAGCTTTGTCTTTGTGTGATGATTTGTTGGGTTCTCAAGATAGAGAAGAGAATACTAAT,0.00019346211689432434,0.002025378899813588,0.00016265805631740632,0.0001742674449164018,0.0001854864187385399,0.0039683225031533,0.3528438156211928,0.6404466089389738,4992.093263731288
GAAGATCCAACTTGGTTTGATTCTGGTTCTCAATTTATCTTGGATTCTCAAGATTTGGTTGAAGCTTTGTCTTTGTGTGATGATTTGTTGGGTTCTCAAGATAGAGAAGAGAATACTAAT,0.07709725572560622,0.10282451268190286,0.06470082526195013,0.10158777246985025,0.1766793805661943,0.256376062875549,0.14799604507283604,0.07273814534611127,1438.9107639818287
GAAGATCCAACTTGGTTTGATTCTGGTTCTCAATTTATCTTGGATTCTGAACAATTGGTTGAAGCTTTGTCTTTGTGTGATGATTTGTTGGGTTCTCAAGATAGAGAAGAGAATACTAAT,0.1365773071409351,0.13741365324170837,0.163655078819901,0.16297221821827285,0.15452255453036515,0.09736805340772572,0.07506273825156018,0.07242839638953166,1093.1021957096723
GAAGATCCAACTTGGTTTGATTCTGGTTCTCAATTTATCTTGGATTCTGATCAATTGGTTGAAGCTTTGTCTTTGTGTGATGATTTGTTGGGTTCTCAAGATAGAGAAGAGAATACTAAT,0.05649870710379532,0.10232042962596893,0.11248635665629646,0.13808992316253663,0.11134838163498567,0.12428884805415313,0.12575909127389168,0.22920826248837214,2175.4099921143707
GAAGATCCAACTTGGTTTGATTCTGGTTCTCAATTTATCTTGGCTAATTCTCAATTGCAAGTTGAATTGTCTTTGTGTGATGATTTGTTGGGTTCTCAAGATAGAGAAGAGAATACTAAT,0.28265267347405554,0.26789752645355874,0.18656340110067227,0.12105603381695672,0.05812753453690932,0.0548200306608413,0.015196852117251788,0.013685947839754253,471.2548539218817
GAAGATCCAACTTGGTTTGATTCTGGTTCTCAATTTATCTTGGCTTCTGAATTGTCTCAAGTTAATTTGCAATTGTGTGATGATTTGTTGGGTTCTCAAGATAGAGAAGAGAATACTAAT,0.04066419492850613,0.030522550940972434,0.028111306584769468,0.023305358476105435,0.23374610157172152,0.25499479211260295,0.23346720023512088,0.15518849515020125,2154.612265596599
GAAGATCCAACTTGGTTTGATTCTGGTTCTCAATTTATCTTGGTTCAGAATGAATCTCAAGCTTTGTTGTCTTTGTGTGATGATTTGTTGGGTTCTCAAGATAGAGAAGAGAATACTAAT,0.14055843600047532,0.09427944065327167,0.09716856055879174,0.10410376933154851,0.09233812698902318,0.2004125222542,0.15932969725936305,0.11180944695332651,1594.0829696997691
GAAGATCCAACTTGGTTTGATTCTGGTTCTCAATTTATCTTGGTTGAATTGGCTAATCAACAATCTTTGTCTTTGTGTGATGATTTGTTGGGTTCTCAAGATAGAGAAGAGAATACTAAT,0.21016853326244228,0.16740228927715195,0.14165801834548106,0.11674505527773435,0.06903380994299947,0.08026733853823464,0.08933852459601586,0.12538643075994035,1365.3374965622352
GAAGATCCAACTTGGTTTGATTCTGGTTCTCAATTTATCTTGGTTTCTCAAGCTTTGCAGAATGAATTGTCTTTGTGTGATGATTTGTTGGGTTCTCAAGATAGAGAAGAGAATACTAAT,0.07119004044579977,0.0758392734245628,0.20843549011117077,0.21400747720417565,0.18982069269504437,0.14969846143332785,0.0660250712888582,0.024983493397060578,882.1720236553707
GAAGATCCAACTTGGTTTGATTCTGGTTCTCAATTTATCTTGTCTAATCAACAATTGGTTGAAGCTTTGTCTTTGTGTGATGATTTGTTGGGTTCTCAAGATAGAGAAGAGAATACTAAT,0.04967274518836112,0.02893400729108894,0.026025309705855013,0.07551595284664955,0.12365771082375392,0.1581579066883865,0.3758252010754269,0.16221116638047817,2376.199237453457
GAAGATCCAACTTGGTTTGATTCTGGTTCTCAATTTATCTTGTCTCAACAGAATTTGGTTGAAGCTTTGTCTTTGTGTGATGATTTGTTGGGTTCTCAAGATAGAGAAGAGAATACTAAT,0.17000272750582224,0.20732576706615244,0.153848954484052,0.16025101100633732,0.13198686127770687,0.07555171783814257,0.07644543760970834,0.024587523212078237,762.2056540870827
GAAGATCCAACTTGGTTTGATTCTGGTTCTCAATTTATCTTGTCTCAATTGCAGAATGTTGAAGCTTTGTCTTTGTGTGATGATTTGTTGGGTTCTCAAGATAGAGAAGAGAATACTAAT,0.0016147778411593195,0.05798808270074792,0.14544554069465127,0.3505128490628104,0.3696509066387008,0.07195631570923187,0.0014976227209673259,0.001333904631731106,628.7781012478396
GAAGATCCAACTTGGTTTGATTCTGGTTCTCAATTTATCTTGTCTCAGAATCAATTGGTTGAAGCTTTGTCTTTGTGTGATGATTTGTTGGGTTCTCAAGATAGAGAAGAGAATACTAAT,0.00012133329981102415,0.00029298311415145074,0.0001509806765550678,0.0003774321037125299,0.00035868785141144835,0.06397072868814317,0.4947284061522421,0.43999944811397307,4167.2663620803205
GAAGATCCAACTTGGTTTGATTCTGGTTCTCAATTTATCTTGTCTTTGCAAGTTCAGAATGAAGCTTTGTCTTTGTGTGATGATTTGTTGGGTTCTCAAGATAGAGAAGAGAATACTAAT,0.17718624780691566,0.05942375573470206,0.18373425110698952,0.1968479103276807,0.0873002363798793,0.16240987153993292,0.027388509613606424,0.10570921749029337,1228.1027608091351
GAAGATCCAACTTGGTTTGATTCTGGTTCTCAATTTATCTTGTCTTTGGTTAATCAACAAGAAGCTTTGTCTTTGTGTGATGATTTGTTGGGTTCTCAAGATAGAGAAGAGAATACTAAT,0.0001416561492798739,0.013207186583684815,0.03278609812720445,0.17523725871113643,0.2743852167828057,0.3167514895438025,0.14672814891295544,0.04076294518913072,1383.0639439666
GAAGATCCAACTTGGTTTGATTCTGGTTCTCAATTTATCTTGTCTTTGTCTCAATTGAATGCTGTTCAAGAATTGTGTGATGATTTGTTGGGTTCTCAAGATAGAGAAGAGAATACTAAT,0.2961652434501866,0.3122397959802507,0.19184716093917847,0.11161035551478699,0.03528582086051901,0.028035599794971167,0.013837677936761269,0.010978345523345624,405.9291279876536
GAAGATCCAACTTGGTTTGATTCTGGTTCTCAATTTATCTTGTTGCAACAAAATTCTGTTGAAGCTTTGTCTTTGTGTGATGATTTGTTGGGTTCTCAAGATAGAGAAGAGAATACTAAT,0.07682103076844872,0.10305527035364317,0.047795993421190404,0.2133638976381858,0.22709981936091753,0.19950795296154883,0.07124752284460392,0.0611085126514618,1176.0139077498452
GAAGATCCAACTTGGTTTGATTCTGGTTCTCAATTTATCTTGTTGGAACAAGTTCAAGCTAATTCTTTGTCTTTGTGTGATGATTTGTTGGGTTCTCAAGATAGAGAAGAGAATACTAAT,0.07138227637680691,0.059849494637766225,0.0592161942802555,0.15860657486826665,0.10551083413346977,0.1417636566428504,0.17654229372634012,0.22712867533424447,2297.510327935188
GAAGATCCAACTTGGTTTGATTCTGGTTCTCAATTTATCTTGTTGGTTCAACAATCTAATGAAGCTTTGTCTTTGTGTGATGATTTGTTGGGTTCTCAAGATAGAGAAGAGAATACTAAT,0.03037263905407634,0.05268452241528067,0.14228655247756283,0.3388929461152305,0.2947711076592778,0.13243075477671032,0.008180498796596063,0.0003809787052655951,660.7064425272291
GAAGATCCAACTTGGTTTGATTCTGGTTCTCAATTTATCTTGTTGTCTCAAGCTAATGAACAAGTCTTGTCTTTGTGTGATGATTTGTTGGGTTCTCAAGATAGAGAAGAGAATACTAAT,0.020594142525517656,0.0012685869191710727,0.0013946258939785828,0.0007782106699410212,0.0011734395153535071,0.08102856542590496,0.4925720928554664,0.4011903361946667,3942.6922810087713
GAAGATCCAACTTGGTTTGATTCTGGTTCTCAATTTATCTTGTTGTCTCAAGCTGTTCAATCTAATTTGGAATTGTGTGATGATTTGTTGGGTTCTCAAGATAGAGAAGAGAATACTAAT,0.6552329738168529,0.28272769364027606,0.037976719168995,0.004959044523105028,0.0010229258611080486,0.0013321072795514943,0.0007702086301545426,0.01597832707995709,283.8173809337789
GAAGATCCAACTTGGTTTGATTCTGGTTCTCAATTTATTAATCAACAATCTTTGTTGGTTGAAGCTTTGTCTTTGTGTGATGATTTGTTGGGTTCTCAAGATAGAGAAGAGAATACTAAT,0.15975915367352958,0.3817514588332773,0.12424734772452273,0.15530112495973833,0.11807077624963594,0.0,0.037042082868225086,0.023828055691070948,569.0471988244876
GAAGATCCAACTTGGTTTGATTCTGGTTCTCAATTTATTAATTTGTCTCAAGTCTTGCAAGAAGCTTTGTCTTTGTGTGATGATTTGTTGGGTTCTCAAGATAGAGAAGAGAATACTAAT,0.054687216444823744,0.1178765265560965,0.19155669718183801,0.25491424264164875,0.19887200805994656,0.14877431548303804,0.026352510408614416,0.006966483223993957,692.2944017652844
GAAGATCCAACTTGGTTTGATTCTGGTTCTCAATTTATTGCTAATTCTCAACAAGCTGTTGAAGCTGCTTCTTTGTGTGATGATTTGTTGGGTTCTCAAGATAGAGAAGAGAATACTAAT,0.1847089215264294,0.13008800478811547,0.12641305305046918,0.2052053456258023,0.14561069121618808,0.11004837668073503,0.04282698687590839,0.05509862023635214,923.1246231757395
GAAGATCCAACTTGGTTTGATTCTGGTTCTCAATTTATTGCTAATTCTCAACAAGCTGTTGAAGCTTTGTCTTTGTGTGATGATTTGTTGGGTTCTCAAGATAGAGAAGAGAATACTAAT,0.21024987412003915,0.18693999455066815,0.2433708945348247,0.13037049906351444,0.12527258545391967,0.044817713944435934,0.018139149463095056,0.040839288869502936,683.5009003529633
GAAGATCCAACTTGGTTTGATTCTGGTTCTCAATTTATTGCTAATTCTCAACAATTGGTTGAAGCTGCTTCTTTGTGTGATGATTTGTTGGGTTCTCAAGATAGAGAAGAGAATACTAAT,0.0015188754950708524,0.0012007101036389724,0.16132564243405947,0.1939326720425595,0.3425327104119133,0.2198696544101691,0.07858412335321585,0.0010356117493728946,923.5556158764871
GAAGATCCAACTTGGTTTGATTCTGGTTCTCAATTTATTGCTAATTCTCAACAATTGGTTGAAGCTTTGTCTGCTTGTGATGATTTGTTGGGTTCTCAAGATAGAGAAGAGAATACTAAT,0.3114808311093446,0.25071696298541646,0.2725100963939758,0.09569045956183063,0.0434233094094836,0.015132260332926485,0.010894552907747398,0.00015152729927500882,324.85428681852164
GAAGATCCAACTTGGTTTGATTCTGGTTCTCAATTTATTGCTAATTCTCAACAATTGGTTGAAGCTTTGTCTTTGTGTGATGATGCTTTGGGTTCTCAAGATAGAGAAGAGAATACTAAT,0.1252501724190145,0.24249974057186757,0.31237225681296726,0.17923163398630196,0.08250657038460461,0.04179166554077682,0.015848436723315987,0.0004995235611512342,431.006609590331
GAAGATCCAACTTGGTTTGATTCTGGTTCTCAATTTATTGCTAATTCTCAACAATTGGTTGAAGCTTTGTCTTTGTGTGATGATTTGGCTGGTTCTCAAGATAGAGAAGAGAATACTAAT,0.152011780954856,0.1914522526675687,0.16350223573044032,0.26213553368357617,0.15278312558238225,0.059589285557831266,0.01827825216388937,0.0002475336594559979,497.0888987323393
GAAGATCCAACTTGGTTTGATTCTGGTTCTCAATTTATTGCTAATTCTCAACAATTGGTTGAAGCTTTGTCTTTGTGTGATGATTTGTTGGGTTCTCAAGATAGAGAAGAGAATACTAAT,0.07753761144912204,0.1337355797249093,0.22053408356811707,0.23381306596471185,0.10915151859569978,0.07107139335490593,0.06163895508943587,0.09251779225309822,1158.4910520994958
GAAGATCCAACTTGGTTTGATTCTGGTTCTCAATTTATTTCTAATTTGCAACAATTGGTTGAAGCTTTGTCTTTGTGTGATGATTTGTTGGGTTCTCAAGATAGAGAAGAGAATACTAAT,0.13301128166455084,0.1338257908177018,0.14712189628951997,0.09851401437657717,0.13107017586556483,0.16255847870723508,0.12336106706963548,0.07053729520921474,1239.0136690803579
GAAGATCCAACTTGGTTTGATTCTGGTTCTCAATTTATTTCTTTGAATCAACAATTGGTTGAAGCTTTGTCTTTGTGTGATGATTTGTTGGGTTCTCAAGATAGAGAAGAGAATACTAAT,0.0253035069489698,0.05091691149096831,0.03148633231208147,0.14055668903532825,0.3490793480100173,0.2551266421831608,0.11733845350430752,0.03019211651516668,1209.023347000956
GAAGATCCAACTTGGTTTGATTCTGGTTCTCAATTTCAAAATTCTTTGCAAATCTTGGTTGAAGCTTTGTCTTTGTGTGATGATTTGTTGGGTTCTCAAGATAGAGAAGAGAATACTAAT,0.013921486762290321,0.031061443107189033,0.07684302402481659,0.1920167374023128,0.30223207753685305,0.283379085922744,0.08405491107518462,0.016491234168609623,1071.3394946851804
GAAGATCCAACTTGGTTTGATTCTGGTTCTCAATTTCAATCTTTGAATCAAATCTTGGTTGAAGCTTTGTCTTTGTGTGATGATTTGTTGGGTTCTCAAGATAGAGAAGAGAATACTAAT,0.35087397878530185,0.20592984651671864,0.10915220880228658,0.0866242415877578,0.0768341076544882,0.09827063389701432,0.07231498275643261,0.0,559.1067118076439
GAAGATCCAACTTGGTTTGATTCTGGTTCTCAATTTCAATTAAATTCTATTCAATTGGTTGAAGCTTTGTCTTTGTGTGATGATTTGTTGGGTTCTCAAGATAGAGAAGAGAATACTAAT,0.23056530980274575,0.23197720173313882,0.1912687696802396,0.17076682489182574,0.03786675752381987,0.0,0.0,0.13755513636823025,1138.2540769601896
GAAGATCCAACTTGGTTTGATTCTGGTTCTCAATTTCAATTGGTCTTGATTTCTAATCAAGAAGCTTTGTCTTTGTGTGATGATTTGTTGGGTTCTCAAGATAGAGAAGAGAATACTAAT,0.22694794908563282,0.1957180197526575,0.08068625831043452,0.1440751270278922,0.09584398908572596,0.08915216384726248,0.09020676662517502,0.07736972626521936,1097.4487850817504
GAAGATCCAACTTGGTTTGATTCTGGTTCTCAATTTCAGAATCAAGTCTTGATCTTGTCTGAAGCTTTGTCTTTGTGTGATGATTTGTTGGGTTCTCAAGATAGAGAAGAGAATACTAAT,0.21661459826231003,0.1275752555019178,0.13477181716925618,0.19662985970740848,0.11193289302334943,0.11864579772536864,0.04654972388769064,0.04728005472269873,871.3517458945659
GAAGATCCAACTTGGTTTGATTCTGGTTCTCAATTTCAGAATTTGATTCAATCTTTGGTTGAAGCTTTGTCTTTGTGTGATGATTTGTTGGGTTCTCAAGATAGAGAAGAGAATACTAAT,0.055438951004010396,0.0936388466254937,0.1956168966512134,0.27265102757837784,0.21738898843985768,0.13731197285734686,0.017735232576416744,0.010218084267283422,693.6396031406792
GAAGATCCAACTTGGTTTGATTCTGGTTCTCAATTTCAGAATTTGTTGTCTCAAGTTATTGAAGCTTTGTCTTTGTGTGATGATTTGTTGGGTTCTCAAGATAGAGAAGAGAATACTAAT,0.0980101174999379,0.09203627364432303,0.13821969502260967,0.20688323960406363,0.16096633779931474,0.18266775933566545,0.09392927886524405,0.027287298228841576,972.7961453155165
GAAGATCCAACTTGGTTTGATTCTGGTTCTCAATTTGAACAAGCTTTGTCTAATATTCAATTGGTCTTGTCTTTGTGTGATGATTTGTTGGGTTCTCAAGATAGAGAAGAGAATACTAAT,0.04722201912048188,0.07126678249080452,0.17628167385732588,0.14427066844086098,0.186131530300055,0.18395682032376165,0.12043892921117712,0.07043157625553288,1307.0830143518688
GAAGATCCAACTTGGTTTGATTCTGGTTCTCAATTTGAACAATTGATCTTGGTTGCTCAAAATTCTTTGTCTTTGTGTGATGATTTGTTGGGTTCTCAAGATAGAGAAGAGAATACTAAT,0.2101972474748751,0.2114844133445131,0.14489196683170685,0.16800144681392895,0.10430993345291016,0.0845521140843887,0.03506241874884698,0.041500459248830134,760.888344738793
GAAGATCCAACTTGGTTTGATTCTGGTTCTCAATTTGAATTAAATTCTCAACAATTGGAAGAAGCTTTGTCTTTGTGTGATGATTTGTTGGGTTCTCAAGATAGAGAAGAGAATACTAAT,0.2304386433347906,0.2668459497388817,0.2137065798604452,0.11351365296114227,0.08140450597286095,0.05778696075866821,0.01814602868331859,0.01815767868989245,526.9046852176051
GAAGATCCAACTTGGTTTGATTCTGGTTCTCAATTTGAATTAAATTCTCAACAATTGGATGAAGCTTTGTCTTTGTGTGATGATTTGTTGGGTTCTCAAGATAGAGAAGAGAATACTAAT,0.00012516632943228097,0.00019939359867176068,7.787514692600185e-05,0.00010429165932919935,6.166985463876099e-05,0.0025813830026662817,0.35551117195171666,0.641339048456619,5002.187831072484
GAAGATCCAACTTGGTTTGATTCTGGTTCTCAATTTGAATTAAATTCTCAACAATTGGTTGAAGAATTGTCTTTGTGTGATGATTTGTTGGGTTCTCAAGATAGAGAAGAGAATACTAAT,0.4869132982878456,0.2940739169194504,0.12405691602976676,0.05103246754930072,0.01844123896522311,0.010915973129591066,0.007258209129255264,0.007307979989566976,300.9662765345825
GAAGATCCAACTTGGTTTGATTCTGGTTCTCAATTTGAATTAAATTCTCAACAATTGGTTGAAGATTTGTCTTTGTGTGATGATTTGTTGGGTTCTCAAGATAGAGAAGAGAATACTAAT,0.3064145881099353,0.30347390528877616,0.1608550078409181,0.1249965779814233,0.05897322534756382,0.03291342961999411,0.006660554127775327,0.005712711683613726,374.5132055211694
GAAGATCCAACTTGGTTTGATTCTGGTTCTCAATTTGAATTAAATTCTCAACAATTGGTTGAAGCTTTGTCTTTGTGTGATGATTTGTTGGGTTCTCAAGATAGAGAAGAGAATACTAAT,0.0027710163658155665,0.00292974693661075,0.008591040612255296,0.07571035612264025,0.2538511381662045,0.45171983771649166,0.19658123165700397,0.007845632422977946,1413.0582344933719
GAAGATCCAACTTGGTTTGATTCTGGTTCTCAATTTGAATTAAATTCTCAAGATTTGGTTGAAGCTTTGTCTTTGTGTGATGATTTGTTGGGTTCTCAAGATAGAGAAGAGAATACTAAT,0.11616841427155881,0.16140541638843928,0.15373178597557655,0.1987101464470572,0.1744352084946059,0.13690362320622068,0.041043878426774774,0.01760152678976673,742.4527965893986
GAAGATCCAACTTGGTTTGATTCTGGTTCTCAATTTGAATTAAATTCTGAACAATTGGTTGAAGCTTTGTCTTTGTGTGATGATTTGTTGGGTTCTCAAGATAGAGAAGAGAATACTAAT,0.09217291744716068,0.08271168911676587,0.10849532183786234,0.052584289259559394,0.05400571181599389,0.03881798096403328,0.24721511854324002,0.3239969710153846,2889.656569921689
GAAGATCCAACTTGGTTTGATTCTGGTTCTCAATTTGAATTAAATTCTGATCAATTGGTTGAAGCTTTGTCTTTGTGTGATGATTTGTTGGGTTCTCAAGATAGAGAAGAGAATACTAAT,0.1094532228638957,0.1564912492059731,0.1290294411594084,0.21759788383430448,0.19868194426035882,0.11088598513371037,0.06411296148905296,0.013747312053296186,759.8752508865261
GAAGATCCAACTTGGTTTGATTCTGGTTCTCAATTTGAATTGGAATCTCAACAATTGGTTGAAGCTTTGTCTTTGTGTGATGATTTGTTGGGTTCTCAAGATAGAGAAGAGAATACTAAT,0.0009047540112757035,0.0007702490836355575,0.008487007751632514,0.016469012752147558,0.08798917085223243,0.3400139890750835,0.462157309635388,0.08320850683860476,2270.0052780712276
GAAGATCCAACTTGGTTTGATTCTGGTTCTCAATTTGAATTGGATTCTCAACAATTGGTTGAAGCTTTGTCTTTGTGTGATGATTTGTTGGGTTCTCAAGATAGAGAAGAGAATACTAAT,0.21405845517791072,0.2668993352535319,0.13563264560834182,0.08024320552857078,0.02846969845445554,0.05296388945213008,0.12301435543879083,0.0987184150862683,1218.9009560918394
GAAGATCCAACTTGGTTTGATTCTGGTTCTCAATTTGATTTAAATTCTCAACAATTGGAAGAAGCTTTGTCTTTGTGTGATGATTTGTTGGGTTCTCAAGATAGAGAAGAGAATACTAAT,0.43143929252352425,0.2398870111605813,0.12715105446859268,0.06306768652052917,0.055939876953828106,0.020813662383449866,0.021059872292675686,0.04064154369681885,577.1367122425011
GAAGATCCAACTTGGTTTGATTCTGGTTCTCAATTTGATTTAAATTCTCAACAATTGGATGAAGCTTTGTCTTTGTGTGATGATTTGTTGGGTTCTCAAGATAGAGAAGAGAATACTAAT,0.18436392115393424,0.1659673260495613,0.181115222055712,0.09702097669704579,0.1338646093660523,0.12451818524453986,0.08999367239290289,0.023156087040251624,827.250244706227
GAAGATCCAACTTGGTTTGATTCTGGTTCTCAATTTGATTTAAATTCTCAACAATTGGTTGAAGAATTGTCTTTGTGTGATGATTTGTTGGGTTCTCAAGATAGAGAAGAGAATACTAAT,0.00037722860241679544,0.00018976930154240585,0.0007041046814540975,0.0012048785172914713,0.005854645136895326,0.14608772951403412,0.5513793116595704,0.29420233258679523,3504.1413374330687
GAAGATCCAACTTGGTTTGATTCTGGTTCTCAATTTGATTTAAATTCTCAACAATTGGTTGAAGATTTGTCTTTGTGTGATGATTTGTTGGGTTCTCAAGATAGAGAAGAGAATACTAAT,0.03604763679104344,0.1813418922177168,0.17942301410741301,0.12014310471150173,0.035521574069602234,0.13216583415505953,0.10029694212923856,0.2150600018184246,2000.6041654965245
GAAGATCCAACTTGGTTTGATTCTGGTTCTCAATTTGATTTAAATTCTCAACAATTGGTTGAAGCTTTGTCTTTGTGTGATGATTTGTTGGGTTCTCAAGATAGAGAAGAGAATACTAAT,0.11695707139964982,0.1344837381002136,0.1039536655013276,0.16705972104996875,0.11525025340131767,0.07657391657813728,0.046487836913349935,0.23923379705603545,1999.233626918796
GAAGATCCAACTTGGTTTGATTCTGGTTCTCAATTTGATTTAAATTCTCAAGAATTGGTTGAAGCTTTGTCTTTGTGTGATGATTTGTTGGGTTCTCAAGATAGAGAAGAGAATACTAAT,0.11254293373479042,0.1981561797553065,0.17505301824844718,0.13545066318002408,0.12014224477916344,0.09456100572378057,0.0521888678273338,0.11190508675115413,1255.625277924878
GAAGATCCAACTTGGTTTGATTCTGGTTCTCAATTTGATTTAAATTCTCAAGATTTGGTTGAAGCTTTGTCTTTGTGTGATGATTTGTTGGGTTCTCAAGATAGAGAAGAGAATACTAAT,0.0004998790490777932,0.0004572182847190038,0.00028273762940975,0.0006058349075905559,0.0008956073507341427,0.0012079602941595818,0.28963099735572617,0.7064197651285831,5244.344188704193
GAAGATCCAACTTGGTTTGATTCTGGTTCTCAATTTGATTTAAATTCTGAACAATTGGTTGAAGCTTTGTCTTTGTGTGATGATTTGTTGGGTTCTCAAGATAGAGAAGAGAATACTAAT,0.0003571109188452702,0.0003592977266742721,0.0003703081251975341,0.00026449207731024855,0.0008210986127283338,0.04386219274456096,0.5212565287816777,0.43270897101300565,4162.680668176999
GAAGATCCAACTTGGTTTGATTCTGGTTCTCAATTTGATTTAAATTCTGATCAATTGGTTGAAGCTTTGTCTTTGTGTGATGATTTGTTGGGTTCTCAAGATAGAGAAGAGAATACTAAT,0.0013921107851172728,0.0021552414907595263,0.0001074274910535373,8.991789856743492e-05,0.00011697476378681859,0.014990718190427915,0.392692781716785,0.5884548276635025,4779.998170947719
GAAGATCCAACTTGGTTTGATTCTGGTTCTCAATTTGATTTGGAATCTCAACAATTGGTTGAAGCTTTGTCTTTGTGTGATGATTTGTTGGGTTCTCAAGATAGAGAAGAGAATACTAAT,0.25429316740475405,0.23962570252827237,0.17982419043689835,0.07579565619294965,0.03972643512425863,0.03752123992098336,0.06442560363490997,0.10878800475697362,1130.6123986865166
GAAGATCCAACTTGGTTTGATTCTGGTTCTCAATTTGATTTGGATTCTCAACAATTGGTTGAAGCTTTGTCTTTGTGTGATGATTTGTTGGGTTCTCAAGATAGAGAAGAGAATACTAAT,0.27376552326275144,0.09181398547745351,0.17032959617862004,0.15207210446931005,0.02248085953745853,0.06273373923694348,0.06347583200074297,0.16332835983671998,1497.3813110965316
GAAGATCCAACTTGGTTTGATTCTGGTTCTCAATTTGCTAATTTGGTTCAATTGATTGAATCTCAATTGTCTTTGTGTGATGATTTGTTGGGTTCTCAAGATAGAGAAGAGAATACTAAT,0.1949986685200919,0.23850885062849866,0.22837263633783553,0.21238912299945367,0.06028327753828615,0.035046437755320924,0.021276606389862958,0.00912439983065029,470.90763019338374
GAAGATCCAACTTGGTTTGATTCTGGTTCTCAATTTGCTGAATCTAATTTGATCTTGGTTCAACAATTGTCTTTGTGTGATGATTTGTTGGGTTCTCAAGATAGAGAAGAGAATACTAAT,0.049124822371426825,0.04942564360228566,0.07641038083565398,0.09550801944432151,0.060509896482182815,0.13508423237439401,0.18224290245180313,0.3516941024379322,3029.611896030035
GAAGATCCAACTTGGTTTGATTCTGGTTCTCAATTTGCTGCTGCTGCTCAACAATTGGTTGAAGCTTTGTCTGCTGCTGCTGCTTTGTTGGGTTCTCAAGATAGAGAAGAGAATACTAAT,0.1865842866418549,0.16630835561495014,0.15270604592426978,0.15442320942225268,0.14807626382419847,0.14577227459740943,0.03716451036992337,0.008965053605141165,658.8503174075036
GAAGATCCAACTTGGTTTGATTCTGGTTCTCAATTTGCTGCTGCTGCTCAACAATTGGTTGAAGCTTTGTCTTTGTGTGATGATGCTGCTGCTGCTCAAGATAGAGAAGAGAATACTAAT,0.16625145680069928,0.23696514739378943,0.1379162876974937,0.20009137251891787,0.13652104924283198,0.06349457627337943,0.0256982676659193,0.03306184240696904,692.0588550002301
GAAGATCCAACTTGGTTTGATTCTGGTTCTCAATTTGCTGCTGCTGCTCAACAATTGGTTGAAGCTTTGTCTTTGTGTGATGATTTGTTGGGTTCTCAAGATAGAGAAGAGAATACTAAT,0.03482809678045656,0.023542206752046133,0.2645457387079854,0.36402149584216603,0.17787717529174749,0.11551962398643112,0.010958075053804424,0.008707587585362804,653.4103470977916
GAAGATCCAACTTGGTTTGATTCTGGTTCTCAATTTGCTGCTGCTGCTCAACAATTGGTTGAAGCTTTGTCTTTGTGTGATGATTTGTTGGGTTCTCAAGATAGAGAAGCTGCTGCTGCT,0.011814503054730975,0.012427844916612071,0.004014524242014516,0.015514985846704231,0.1331554570571715,0.33477539778222737,0.36783967098271714,0.12045761611782232,2292.644632478815
GAAGATCCAACTTGGTTTGATTCTGGTTCTCAATTTGCTGCTGCTGCTCAACAATTGGTTGAAGCTTTGTCTTTGTGTGATGATTTGTTGGGTTCTGCTGCTGCTGCTGAGAATACTAAT,0.02984313696926712,0.02835777998261601,0.20556988702674198,0.12551426971211915,0.23386059618852698,0.0030393756108914017,0.12059683514109533,0.253218119368742,2247.661029218563
GAAGATCCAACTTGGTTTGATTCTGGTTCTCAATTTGCTGCTGCTGCTCAACAATTGGTTGCTGCTGCTGCTTTGTGTGATGATTTGTTGGGTTCTCAAGATAGAGAAGAGAATACTAAT,0.05748025347356521,0.17845993494168338,0.24549032590545267,0.23994635034144354,0.13325526441813215,0.1367954087553507,0.008487156971719634,8.5305192652615e-05,560.3745253891004
GAAGATCCAACTTGGTTTGATTCTGGTTCTCAATTTGCTGCTGCTGCTGCTGCTGCTGCTGAAGCTTTGTCTTTGTGTGATGATTTGTTGGGTTCTCAAGATAGAGAAGAGAATACTAAT,0.06912099826866734,0.14902343201354423,0.14744653327207854,0.08776123905041631,0.05838195260497314,0.09956049755811837,0.16484436501432637,0.22386098221787565,2168.0694720757465
GAAGATCCAACTTGGTTTGATTCTGGTTCTCAATTTGTTAATCAATTGGCTCAATTGTCTATTGAATTGTCTTTGTGTGATGATTTGTTGGGTTCTCAAGATAGAGAAGAGAATACTAAT,0.10550396262385904,0.07076668513049955,0.08752232998415788,0.16930524474861847,0.20792857211161855,0.2471362825287562,0.09784945492200961,0.013987467950480774,983.9101896042455
GAAGATCCAACTTGGTTTGATTCTGGTTCTCAATTTGTTATTGAAAATTCTTTGCAATTGCAAGCTTTGTCTTTGTGTGATGATTTGTTGGGTTCTCAAGATAGAGAAGAGAATACTAAT,0.2340881712222194,0.2060814313078536,0.1820542594227811,0.1300320084314232,0.08650199832538491,0.13410405113186286,0.02713808015847491,0.0,526.4689723748498
GAAGATCCAACTTGGTTTGATTCTGGTTCTCAATTTGTTCAATTGGAGAATCAAATTGCTTCTTTGTTGTCTTTGTGTGATGATTTGTTGGGTTCTCAAGATAGAGAAGAGAATACTAAT,0.016279465802689234,0.029508260451953067,0.0920685237336078,0.1773008172129228,0.2768020019100145,0.2952269311505972,0.10012521113952215,0.012688788598693244,1083.1562997710914
GAAGATCCAACTTGGTTTGATTCTGGTTCTCAATTTGTTCAATTGTTGTCTATTCAGAATGAAGCTTTGTCTTTGTGTGATGATTTGTTGGGTTCTCAAGATAGAGAAGAGAATACTAAT,0.039655087590982026,0.03491067988065937,0.04317658851551185,0.05506932128454723,0.07326821134272085,0.02271754213881775,0.3585858667231739,0.37261670252358703,3440.9752108672783
GAAGATCCAACTTGGTTTGATTCTGGTTCTCAGAATATCTTGTTCTCTCAACAATTGGTTGAAGCTTTGTCTTTGTGTGATGATTTGTTGGGTTCTCAAGATAGAGAAGAGAATACTAAT,0.14017452879961165,0.07692703793522544,0.11099816979600678,0.028314390203834562,0.12557171440794843,0.17520645004872304,0.23637201340168176,0.10643569540696844,1714.8266565526058
GAAGATCCAACTTGGTTTGATTCTGGTTCTCCATTTATCTTAAATTCTCCACAATTGGTTGAAGCTTTGTCTTTGTGTGATGATTTGTTGGGTTCTCCAGATAGAGAAGAGAATACTAAT,0.00033370460619723996,0.0165188056790168,0.013453911599290559,0.12308385289276398,0.3325176221734632,0.40773196689821684,0.10572305460359481,0.0006370815474565725,1160.1305860904763
GAAGATCCAACTTGGTTTGATTCTGGTTCTGAATTTATCTTAAATTCTGAACAATTGGTTGAAGCTTTGTCTTTGTGTGATGATTTGTTGGGTTCTGAAGATAGAGAAGAGAATACTAAT,0.03468039498494127,0.024923402987482635,0.04007197151525195,0.08806569670206735,0.17331244619381453,0.23387060311225832,0.2986682043411039,0.10640728016307996,1970.8387647948427
GAAGATCCAACTTGGTTTGATTCTGGTTCTGAATTTATCTTGGAATCTGAAGAATTGGTTGAAGCTTTGTCTTTGTGTGATGATTTGTTGGGTTCTGAAGATAGAGAAGAAGAAACTGAA,0.0024854510738608893,0.0025843754745768725,0.0002329277227808091,0.004413381577938377,0.0004508949776797511,0.03189449025920918,0.41607060099247684,0.5418678779214773,4570.147212158215
GAAGATCCAACTTGGTTTGATTCTGGTTCTGACTTTATCTTGGATTCTGATGATTTGGTTGAAGCTTTGTCTTTGTGTGATGATTTGTTGGGTTCTGATGATAGAGAAGAAGATACTGAT,0.06413091843759237,0.07742835736975211,0.05320072598308981,0.09024654803392441,0.11796403948077928,0.156753989719523,0.22601678624646543,0.21425863472887352,2342.1423453261095
GAAGATCCAACTTGGTTTGATTCTGGTTCTGCATTTATCTTGGCTTCTGCTGCTTTGGTTGAAGCTTTGTCTTTGTGTGATGATTTGTTGGGTTCTGCTGATAGAGAAGAAGCTACTGCT,0.4064952478011559,0.3096175786971726,0.11175219524411105,0.09942405110827451,0.04671685416939614,0.023601944782075213,0.0021322444613030927,0.0002598837365114594,293.36365571619893
GAAGATCCAACTTGGTTTGATTCTGGTTCTGGATTTATCTTAAATTCTGGTCAATTGGTTGAAGCTTTGTCTTTGTGTGATGATTTGTTGGGTTCTGGTGATAGAGAAGAGAATACTAAT,0.2606962744922605,0.20608710310998493,0.16219825867890456,0.06206243934098928,0.11009648242160482,0.08534129033971906,0.06908065068935712,0.04443750092717971,833.954711700789
GAAGATCCAACTTGGTTTGATTCTGGTTCTGTCTTGCAACAATCTAATTTGATCTTTCAAGAAGCTTTGTCTTTGTGTGATGATTTGTTGGGTTCTCAAGATAGAGAAGAGAATACTAAT,0.045689408241035685,0.03575381626223276,0.03790230589830485,0.05639931395275872,0.19009558231898266,0.24196847026495036,0.3013301840657794,0.0908609189959556,1891.1407044255745
GAAGATCCAACTTGGTTTGATTCTGGTTCTGTTCAATTGCAAATTAATTCTTTGTTTCAAGAAGCTTTGTCTTTGTGTGATGATTTGTTGGGTTCTCAAGATAGAGAAGAGAATACTAAT,0.00014169470596827732,0.0001710748668255874,0.0023979155880839817,0.030602061413042184,0.17731682691540698,0.3902231787802693,0.34432349326023853,0.05482375447016513,1926.4991131326854
GAAGATCCAACTTGGTTTGATTCTGGTTCTTCATTTATCTTAAATTCTTCTCAATTGGTTGAAGCTTTGTCTTTGTGTGATGATTTGTTGGGTTCTTCTGATAGAGAAGAGAATACTAAT,0.02230518609269605,0.019726877078887563,0.09261156444843104,0.20833009910308928,0.35671980322846886,0.27366654644801613,0.017641913164529663,0.008998010435881209,892.2336206601964
GAAGATCCAACTTGGTTTGATTCTGGTTCTTCTATCTTTCAGAATTTGCAACAATTGGTTGAAGCTTTGTCTTTGTGTGATGATTTGTTGGGTTCTCAAGATAGAGAAGAGAATACTAAT,0.27137795057674935,0.2583602060230818,0.20939090620202458,0.1404800020382537,0.05271672820749116,0.03209632192657647,0.021650664785639036,0.013927220240183951,467.35420693711166
GAAGATCCAACTTGGTTTGATTCTGGTTCTTCTCAAATTCAATTGTTGAATCAATTTGTTGAAGCTTTGTCTTTGTGTGATGATTTGTTGGGTTCTCAAGATAGAGAAGAGAATACTAAT,0.2259169791241491,0.23838823119940908,0.22626652840678013,0.1489592298717513,0.07239676425231888,0.04377231543294712,0.028958917338898882,0.015341034373745406,524.7932152437506
GAAGATCCAACTTGGTTTGATTCTGGTTCTTCTCAAGTTATTCAATTGAATTTGTTTCAAGAAGCTTTGTCTTTGTGTGATGATTTGTTGGGTTCTCAAGATAGAGAAGAGAATACTAAT,0.021044664089935477,0.07603789492983257,0.1833850105495933,0.38116126272466216,0.1447968784957407,0.1883010513583131,0.005051674882000908,0.00022156296992184726,649.6022593028015
GAAGATCCAACTTGGTTTGATTCTGGTTCTTCTCAAGTTCAATTGAATATCTTTCAATTGGAAGCTTTGTCTTTGTGTGATGATTTGTTGGGTTCTCAAGATAGAGAAGAGAATACTAAT,0.21963764411329953,0.23649017151642676,0.15343458307467273,0.13698805416099177,0.06834705878138389,0.06357506862017588,0.08934321343788346,0.03218420629516599,780.9936637090485
GAAGATCCAACTTGGTTTGATTCTGGTTCTTCTTTGAATCAATTTATTCAACAATTGGTTGAAGCTTTGTCTTTGTGTGATGATTTGTTGGGTTCTCAAGATAGAGAAGAGAATACTAAT,0.11682084229355805,0.1828341005831536,0.2035118616716005,0.20188621083412486,0.13046481400854695,0.08328336712508995,0.04093043685657203,0.040268366627354016,802.1778982708283
GAAGATCCAACTTGGTTTGATTCTGGTTCTTCTTTGATTCAGAACTTTCAACAATTGGTTGAAGCTTTGTCTTTGTGTGATGATTTGTTGGGTTCTCAAGATAGAGAAGAGAATACTAAT,0.3022528280864295,0.1824622238325526,0.060177163626139785,0.12760120250656828,0.03574102662936227,0.05540931487593981,0.10652305393767082,0.12983318650533696,1373.6931464958952
GAAGATCCAACTTGGTTTGATTCTGGTTCTTCTTTGTTGAATCAACAAGTTATTCAATTTGAAGCTTTGTCTTTGTGTGATGATTTGTTGGGTTCTCAAGATAGAGAAGAGAATACTAAT,0.09652670524292634,0.13800950113626148,0.12011267546425444,0.18061119139002002,0.1852298647637641,0.15832708289850334,0.08481175027071244,0.03637122883355778,984.5341262816621
GAAGATCCAACTTGGTTTGATTCTGGTTCTTTGATCTTTCAAAATTCTCAACAATTGGTTGAAGCTTTGTCTTTGTGTGATGATTTGTTGGGTTCTCAAGATAGAGAAGAGAATACTAAT,0.05835680598575727,0.052533722355375755,0.08025989104477117,0.14672602966970735,0.24818022227668307,0.20269956691494992,0.14527728939170734,0.06596647236104809,1383.3829427996184
GAAGATCCAACTTGGTTTGATTCTGGTTCTTTGATTCAATTTAATTCTCAACAATTGGTTGAAGCTTTGTCTTTGTGTGATGATTTGTTGGGTTCTCAAGATAGAGAAGAGAATACTAAT,0.025560974302011992,0.0005629406622502779,0.007548597294940312,0.13004558389936915,0.3621493147641836,0.3627496849574954,0.10179037408128204,0.009592530038467387,1169.814723525318
GAAGATCCAACTTGGTTTGATTCTGGTTCTTTGCAAATTCAACAATCATTCTTGGTTAATGAAGCTTTGTCTTTGTGTGATGATTTGTTGGGTTCTCAAGATAGAGAAGAGAATACTAAT,0.027160930713268513,0.023827211308553684,0.02214326252291859,0.018134652496541743,0.006064874875349279,0.06904614183669652,0.3896439137617362,0.4439790124849355,3956.91788922086
GAAGATCCAACTTGGTTTGATTCTGGTTCTTTGCAACAAATCTTTCAAAATTCTTTGGTTGAAGCTTTGTCTTTGTGTGATGATTTGTTGGGTTCTCAAGATAGAGAAGAGAATACTAAT,0.09257794102076211,0.11339373309291598,0.27547597529098033,0.33985531898317983,0.09519328789462611,0.06456544397858853,0.009332743489475505,0.009605556249471573,542.9136102178786
GAAGATCCAACTTGGTTTGATTCTGGTTCTTTGCAATTTATTAATTCTCAACAATTGGTTGAAGCTTTGTCTTTGTGTGATGATTTGTTGGGTTCTCAAGATAGAGAAGAGAATACTAAT,0.3163624906889273,0.18608294307806533,0.1678752332549379,0.22591957156805095,0.08378164107758485,0.011292473534780374,0.008322682014855358,0.0003629647827979051,359.2736827092356
GAAGATCCAACTTGGTTTGATTCTGGTTCTTTGTCTATCTTTAATCAACAACAATTGGTTGAAGCTTTGTCTTTGTGTGATGATTTGTTGGGTTCTCAAGATAGAGAAGAGAATACTAAT,0.007844213151880889,0.00947069766043327,0.033187127325278655,0.11241904562175564,0.2620381281481238,0.35375036816899,0.18478756472946628,0.0365028551940714,1465.5482565186076
GAAGATCCAACTTGGTTTGATTCTGGTTCTTTGTCTCAACAGAATATCTTTCAATTGGTTGAAGCTTTGTCTTTGTGTGATGATTTGTTGGGTTCTCAAGATAGAGAAGAGAATACTAAT,0.05047774113913818,0.050786847116268005,0.16749814535726135,0.14954415457237122,0.2569956423918939,0.1619385953721689,0.13264388159216872,0.030114992458729756,1102.6447564753728
GAAGATCCAACTTGGTTTGATTCTGGTTCTTTGTTGATTTCTCAATTTCAGAATGTTCAAGAAGCTTTGTCTTTGTGTGATGATTTGTTGGGTTCTCAAGATAGAGAAGAGAATACTAAT,0.051237369246545254,0.08248180302335911,0.10201127223334426,0.07969217063056495,0.12117512284355442,0.07514311893048155,0.2376000165172189,0.2506591265749316,2505.1123127475785
GAAGATCCAACTTGGTTTGATTCTGGTTCTTTGTTTCAAATTCAAAATTCTCAATTGGTTGAAGCTTTGTCTTTGTGTGATGATTTGTTGGGTTCTCAAGATAGAGAAGAGAATACTAAT,0.1935183960110928,0.27487542650373636,0.0920721000879546,0.13278940680334902,0.09534713853206898,0.04695353120566684,0.08973913915715262,0.07470486169897882,1033.5489610952986
GAAGATCCAACTTGGTTTGATTCTGGTTCTTTGTTTCAATCTATTAATCAACAATTGGTTGAAGCTTTGTCTTTGTGTGATGATTTGTTGGGTTCTCAAGATAGAGAAGAGAATACTAAT,0.24619625045946944,0.25802485434079825,0.17870618619888023,0.15955081457745673,0.04043389583367121,0.04231215236682892,0.03805570949214408,0.03672013673075114,654.4721213148986
GAAGATCCAACTTGGTTTGATTCTTCATTTGGTCAAATCTTAAATTCTCAACAATTGGTTGAAGCTTTGTCTTTGTGTGATGATTTGTTGGGTTCTCAAGATAGAGAAGAGAATACTAAT,0.4476350404557213,0.2633077055359207,0.029334860832946084,0.08340420974268632,0.10771749714965359,0.013505326961177436,0.01457609043308069,0.040519268888813915,575.1249768518835
GAAGATCCAACTTGGTTTGATTCTTCTAATATTCAATTGTTTGGTTCTCAACAATTGGTTGAAGCTTTGTCTTTGTGTGATGATTTGTTGGGTTCTCAAGATAGAGAAGAGAATACTAAT,0.21650408010085628,0.21987521741055457,0.21501896218405517,0.1196997227470782,0.09214880615372195,0.0754664484684696,0.04430716666278626,0.01697959627247785,609.9334435711519
GAAGATCCAACTTGGTTTGATTCTTCTAATTCTATCTTGCAATTTGGTCAACAATTGGTTGAAGCTTTGTCTTTGTGTGATGATTTGTTGGGTTCTCAAGATAGAGAAGAGAATACTAAT,0.08671465492945976,0.10228801706882562,0.08929910418404445,0.12291277499401916,0.5274277029372058,0.030148770021103343,0.030505407204575116,0.010703568660766816,723.3468947108529
GAAGATCCAACTTGGTTTGATTCTTCTATCTTTGGTCAATTAAATTCTCAACAATTGGTTGAAGCTTTGTCTTTGTGTGATGATTTGTTGGGTTCTCAAGATAGAGAAGAGAATACTAAT,0.12130766655264294,0.20654701241588228,0.15094877989768904,0.19696964170157996,0.16551326486605178,0.06842539213520087,0.0346174064274587,0.0556708360034944,877.1612946899053
GAAGATCCAACTTGGTTTGATTCTTCTCAACAATCTATTCAAGGTTTGAACTTCTTGGTTGAAGCTTTGTCTTTGTGTGATGATTTGTTGGGTTCTCAAGATAGAGAAGAGAATACTAAT,0.24122777918393645,0.26901381784402184,0.20234679306867936,0.18479771789131513,0.04689465937674029,0.03982494568429708,0.012417383353290021,0.003476903597719786,400.20963224929005
GAAGATCCAACTTGGTTTGATTCTTCTCAATTGTTTAATTCTATTGGTCAACAATTGGTTGAAGCTTTGTCTTTGTGTGATGATTTGTTGGGTTCTCAAGATAGAGAAGAGAATACTAAT,0.171492948937036,0.0862715523974802,0.16004749826674253,0.047630712106638995,0.0844951296446014,0.13754244267064702,0.1590508181790529,0.1534688977978009,1762.503300764507
GAAGATCCAACTTGGTTTGATTCTTCTGGTCAATTTATCTTAAATTCTCAACAATTGGTTGAAGCTTTGTCTTTGTGTGATGATTTGTTGGGTTCTCAAGATAGAGAAGAGAATACTAAT,0.03761559206725608,0.047307419082052014,0.0819119582943303,0.20894823345000138,0.3057998404211061,0.2585899110888758,0.02616488344711697,0.0336621621492613,1016.5656472858259
GAAGATCCAACTTGGTTTGATTCTTCTGGTTTGCAATTTATTAATTCTCAACAATTGGTTGAAGCTTTGTCTTTGTGTGATGATTTGTTGGGTTCTCAAGATAGAGAAGAGAATACTAAT,0.3397694448778534,0.2413059249116145,0.19067042682070454,0.08141559987462312,0.045954451670215626,0.05495903080928082,0.006178794960355898,0.03974632607535211,588.5390930915177
GAAGATCCAACTTGGTTTGATTCTTTAAATTCTTCTCAATTTATTGGTCAACAATTGGTTGAAGCTTTGTCTTTGTGTGATGATTTGTTGGGTTCTCAAGATAGAGAAGAGAATACTAAT,0.04304801961661955,0.0318467859412974,0.03466077737843967,0.07173733410600919,0.19463200751888757,0.31218278550486406,0.24542013187217238,0.06647215806171006,1695.498796691833
GAAGATCCAACTTGGTTTGATTCTTTGTCTCAAGGTATTAATTCATTTCAACAATTGGTTGAAGCTTTGTCTTTGTGTGATGATTTGTTGGGTTCTCAAGATAGAGAAGAGAATACTAAT,0.1360563026967164,0.1478406150392818,0.060948430138973095,0.07860004704773209,0.10189377703282952,0.059860772040732584,0.11609035289639093,0.29870970310734346,2473.5636404599477
GAAGATCCAACTTGGTTTGATTCTTTGTCTCAAGGTCAACAATTCTCTATTAATTTGGTTGAAGCTTTGTCTTTGTGTGATGATTTGTTGGGTTCTCAAGATAGAGAAGAGAATACTAAT,0.020813489306445318,0.0255944858743385,0.030215726588072873,0.04110769871752618,0.10938531607774717,0.23211270640071077,0.35175143021893046,0.1890191468162286,2553.780246817311
GAAGATCCAACTTGGTTTGATTCTTTGTTTCAAGGTATTTCTAATTCTCAACAATTGGTTGAAGCTTTGTCTTTGTGTGATGATTTGTTGGGTTCTCAAGATAGAGAAGAGAATACTAAT,0.06325362963953801,0.0754029363349599,0.07923799738721278,0.09173400249775279,0.044841587881952125,0.14300828293354426,0.39734253552423077,0.10517902780080941,2026.036128106641
GAAGATCCAACTTGGTTTGCTTCTGGTTCTCAATTTATCTTAAATTCTCAACAATTGGTTGAAGCTTTGTCTTTGTGTGATGATTTGTTGGGTTCTCAAGATAGAGAAGAGAATACTAAT,0.16615920219468333,0.146279609236407,0.0,0.06922396377803433,0.06140038155258787,0.15230242198606442,0.23115606694779683,0.17347835430442612,2049.708308929969
GAAGATCCAACTTGGTTTGCTTCTGGTTCTCAATTTATCTTAAATTCTCAACAATTGGTTGAAGCTTTGTCTTTGTGTGATGATTTGTTGGGTTCTCAAGATAGAGAAGCTAATACTAAT,0.08971091014857496,0.15795546328394522,0.02790786603862747,0.0996657777616308,0.1326025652457949,0.10278688084781382,0.22880609847045089,0.16056443820316182,1964.7837489977035
GAAGATCCAACTTGGTTTGCTTCTGGTTCTCAATTTATCTTAAATTCTCAACAATTGGTTGAAGCTTTGTCTTTGTGTGATGATTTGTTGGGTTCTCAAGATAGAGCTGAGAATACTAAT,0.04203938307620163,0.06344522376510987,0.07846734377975637,0.1401129852758047,0.062138819325572754,0.1541341021559225,0.23393608829249615,0.22572605432913598,2414.58303800256
GAAGATCCAACTTGGTTTGCTTCTGGTTCTCAATTTATCTTAAATTCTCAACAATTGGTTGAAGCTTTGTCTTTGTGTGATGATTTGTTGGGTTCTCAAGCTAGAGAAGAGAATACTAAT,0.02343597149680182,0.03405925500669971,0.07128604012630715,0.141754654942971,0.2463355482612793,0.2840336694743353,0.1618098269870121,0.0372850337045935,1338.5672143185657
GAAGATCCAACTTGGTTTGCTTCTGGTTCTCAATTTATCTTAAATTCTCAACAATTGGTTGAAGCTTTGTCTTTGTGTGATGCTTTGTTGGGTTCTCAAGATAGAGAAGAGAATACTAAT,0.1267802348613084,0.06074123215086627,0.08263543176515638,0.18109097993918405,0.226063921911514,0.17707801582189617,0.09518550486196027,0.05042467868811447,1131.9553855413449
GAAGATCCAACTTGGTTTGCTTCTGGTTCTCAATTTATCTTAAATTCTCAACAATTGGTTGAAGCTTTGTCTTTGTGTGCTGATTTGTTGGGTTCTCAAGATAGAGAAGAGAATACTAAT,0.00637256540295584,0.004007242815776961,0.0059472599696139185,0.007964666972410722,0.7464835388433089,0.10806086541000413,0.11451058984196666,0.0066532707439628915,1073.4681258451903
GAAGATCCAACTTGGTTTGCTTCTGGTTCTCAATTTATCTTAAATTCTCAACAATTGGTTGCTGCTTTGTCTTTGTGTGATGATTTGTTGGGTTCTCAAGATAGAGAAGAGAATACTAAT,0.10437785312954527,0.15929638813922353,0.230016449142279,0.23537920466373988,0.15446029337142345,0.09563765087168762,0.015089627146131036,0.005742533535970162,568.7445537607307
GAAGATCCAACTTGGTTTGCTTCTGGTTCTCAATTTATCTTAAATTCTCAACAATTGGTTGCTGCTTTGTCTTTGTGTGCTGCTTTGTTGGGTTCTCAAGATAGAGAAGAGAATACTAAT,0.010991167737739022,0.044233893429355575,0.03647152526709288,0.11396760185849679,0.18412305028209047,0.1712675829062644,0.23785389090072895,0.20109128761823195,2350.549640500366
GAAGATCCAACTTGGTTTGCTTCTGGTTCTCAATTTATCTTAAATTCTCAACAATTGGTTGCTGCTTTGTCTTTGTGTGCTGCTTTGTTGGGTTCTCAAGCTAGAGCTGCTAATACTAAT,0.1705335130638878,0.21186127571289537,0.1522324388934166,0.1153216203513276,0.11543948846747303,0.10873874013907278,0.07632986964376212,0.04954305372816466,931.8911944217243
GAAGATCCAACTTGGTTTGGTCAATTCTCTGATTCTATCTTAAATTCTCAACAATTGGTTGAAGCTTTGTCTTTGTGTGATGATTTGTTGGGTTCTCAAGATAGAGAAGAGAATACTAAT,0.0022490593419449566,0.0039402542095249215,0.012113383530482878,0.03448770495844282,0.17212411148246295,0.3079156134106912,0.3553097393256648,0.1118601337407855,2207.5522160799696
GAAGATCCAACTTGGTTTGGTGATTCTTCTCAATTTATCTTAAATTCTCAACAATTGGTTGAAGCTTTGTCTTTGTGTGATGATTTGTTGGGTTCTCAAGATAGAGAAGAGAATACTAAT,0.002800693232836257,0.0029459273839331666,0.004593907193688322,0.07566541888431094,0.45850665795036666,0.2502952277350466,0.1421539681385463,0.0630381994812718,1505.5748433218644
GAAGATCCAACTTGGTTTGGTTCTCAATCTGACTTTATCTTAAATTCTCAACAATTGGTTGAAGCTTTGTCTTTGTGTGATGATTTGTTGGGTTCTCAAGATAGAGAAGAGAATACTAAT,0.1820354209508507,0.11446883424434999,0.08494318250312947,0.15167638288797858,0.06726707973340172,0.1251409873717836,0.08441420717078935,0.1900539051377167,1804.9480321135482
GAAGATCCAACTTGGTTTGGTTCTGATTCTCAATTTATCTTAAATTCTCAACAATTGGTTGAAGCTTTGTCTTTGTGTGATGATTTGTTGGGTTCTCAAGATAGAGAAGAGAATACTAAT,0.11064840039287076,0.06850828799566426,0.11650265720557697,0.10401483156773053,0.06709762969435581,0.031206437322447784,0.197347411946443,0.3046743438749109,2664.165310823219
GAAGATCCAACTTGGTTTGGTTCTTCTGATCAATTTATCTTAAATTCTCAACAATTGGTTGAAGCTTTGTCTTTGTGTGATGATTTGTTGGGTTCTCAAGATAGAGAAGAGAATACTAAT,0.07007377281238146,0.07863782460936843,0.08048867029495738,0.2095950348278077,0.23371157861446978,0.20998268758685046,0.07248861296893869,0.04502181828522615,1098.6148414804543
GAAGATCCAACTTGGTTTGGTTCTTCTTTGGATCAAATCTTTAATTCTCAACAATTGGTTGAAGCTTTGTCTTTGTGTGATGATTTGTTGGGTTCTCAAGATAGAGAAGAGAATACTAAT,0.2613125392659585,0.2278576865274493,0.08671023048554716,0.15483166196352702,0.05149981272091541,0.12774425843765075,0.048470766207368864,0.041573044391583054,799.7617738461147
GAAGATCCAACTTTGCAAGGATTCTCTGATTGGTTCTCTATTAATTCTCAACAATTGGTTGAAGCTTTGTCTTTGTGTGATGATTTGTTGGGTTCTCAAGATAGAGAAGAGAATACTAAT,0.3409580729462741,0.2765314904609555,0.28065139917346243,0.05619551710665421,0.017861037034392128,0.018981143167294687,0.00718549531822119,0.0016358447927457287,304.1302030095247
GAAGATCCAACTTTGTGGTCTTCTCAATTTATTGACTTTGGTAATTCTCAACAATTGGTTGAAGCTTTGTCTTTGTGTGATGATTTGTTGGGTTCTCAAGATAGAGAAGAGAATACTAAT,0.207530069017698,0.23603580240544572,0.08982237615649497,0.21051026922002494,0.08002231439653723,0.07443515814159418,0.058578854331732044,0.043065156330473024,806.8760026852603
GAAGATCCAACTTTGTTGGATTCTGGTTCTCAATTGATCTTAAATTCTCAACAATTGGTTGAAGCTTTGTCTTTGTGTGATGATTTGTTGGGTTCTCAAGATAGAGAAGAGAATACTAAT,0.030276225012369786,0.08021578609006087,0.16344726040068383,0.26908110256666845,0.24525237860902796,0.18436254028755542,0.021169276025157665,0.0061954310084760475,743.5401550183999
GAAGATCCAGAATATAATGATGGATTTGATGCTGATCCATTTGTTGGTAATGGTGATATGGATCATTCTTTGGCTGGTGATCCATGGTATCCATTGTTTCCACCAGAAGATCAATTTGAA,0.06508507619259213,0.0982254476789846,0.12148258786953635,0.07230731165993788,0.25654101745446983,0.1491433307386887,0.12072606697641512,0.11648916142937536,1563.8679178222515
GAAGATCCAGAATATAATGATGGATTTGATGCTTCTCCATTTGTTGGTAATGGTGATATGGATCATTCTTTGGCTGGTGATCCATGGTATCCATTGTTTCCACCAGAAGATCAATTTGAA,0.0034174835544311067,0.003988556631614967,0.007994763863991262,0.013212544856004734,0.14049670433416847,0.22641593486766992,0.551626532613342,0.052847479278777656,2194.0963425568593
GAAGATCCAGAATGGTTTGATGAAGGTGAACAATTTATCTTGAATGAACAACAATTGGTTGAAGCTTTGGAATTGTGTGATGATTTGTTGGGTGAACAAGATAGAGAAGAGAATGAGAAT,0.08023763078955606,0.14351817726367785,0.2773428371969999,0.21790092077521928,0.15813335902057127,0.09806166088315534,0.024805414070820302,0.0,563.5383512695581
GAAGATCCAGAATGGTTTGATGAAGGTGAACAATTTATCTTGAATGAACAACAATTGGTTGAAGCTTTGTCTTTGTGTGATGATTTGTTGGGTGAACAAGATAGAGAAGAGAATGAGAAT,0.14604698807525965,0.19448116253540793,0.14966252823899173,0.16702540354197862,0.08888907493945004,0.09449467617803498,0.08764477043904405,0.07175539605183295,1078.8194206771186
GAAGATCCAGAATGGTTTGATGAAGGTGAACAATTTATCTTGAATGAACAACAATTGGTTGAAGCTTTGTCTTTGTGTGATGATTTGTTGGGTGCTCAAGATAGAGAAGAGAATGAGAAT,0.13269150527578064,0.13350405624318706,0.11557995446917883,0.17689891301430238,0.19613259922069734,0.08513802518598805,0.04922579641982052,0.1108291501710451,1275.173896321563
GAAGATCCAGAATGGTTTGATGAAGGTGAACAATTTATCTTGAATGCTCAACAATTGGTTGAAGCTTTGTCTTTGTGTGATGATTTGTTGGGTGAACAAGATAGAGAAGAGAATGAGAAT,0.0757402731568458,0.1676489694352221,0.16964486964991457,0.25243462203940137,0.10448893596058945,0.0694239433706358,0.07024517619744355,0.09037321018994733,1161.2249268804333
GAAGATCCAGAATGGTTTGATGAAGGTGAACAATTTATCTTGAATGCTCAACAATTGGTTGAAGCTTTGTCTTTGTGTGATGATTTGTTGGGTGCTCAAGATAGAGAAGAGAATGAGAAT,0.1417618574735367,0.21015672324556878,0.2519783194556135,0.21821315949224845,0.0934881686445206,0.06382892034121054,0.013563363450788726,0.007009487896512751,498.63117321103533
GAAGATCCAGAATGGTTTGATGAAGGTGCTCAATTTATCTTGAATGAACAACAATTGGTTGAAGCTTTGTCTTTGTGTGATGATTTGTTGGGTGAACAAGATAGAGAAGAGAATGAGAAT,0.0007067714791780025,0.0008126851105709173,0.0008794686723456724,0.0012338843571596215,0.0004974694139438926,0.0005552833323069521,0.1918724289123015,0.8034420087221935,5607.140493200376
GAAGATCCAGAATGGTTTGATGAAGGTGCTCAATTTATCTTGAATGAACAACAATTGGTTGAAGCTTTGTCTTTGTGTGATGATTTGTTGGGTGCTCAAGATAGAGAAGAGAATGAGAAT,0.020125281672923906,0.011044647839860646,0.018212963930066096,0.03658664486452292,0.12980672193888784,0.1911773974300371,0.3987555894283733,0.19429075289532813,2659.4325034658023
GAAGATCCAGAATGGTTTGATGAAGGTGCTCAATTTATCTTGAATGCTCAACAATTGGTTGAAGCTTTGTCTTTGTGTGATGATTTGTTGGGTGAACAAGATAGAGAAGAGAATGAGAAT,0.28011919505390787,0.10776026362273933,0.10251922415162214,0.3752741127307712,0.04871139946958956,0.05286209905141816,0.02292317904260389,0.009830526877347964,513.4413331318754
GAAGATCCAGAATGGTTTGATGAAGGTGCTCAATTTATCTTGAATGCTCAACAATTGGTTGAAGCTTTGTCTTTGTGTGATGATTTGTTGGGTGCTCAAGATAGAGAAGAGAATGAGAAT,0.2698943530273165,0.07542974462831836,0.09328947636597933,0.0666318822522761,0.10342719267285523,0.17866811545972844,0.06953139398081276,0.1431278416127134,1534.3953141553793
GAAGATCCAGATTGGTTTGATGATGGTGATCAATTTATCTTGAATGATCAACAATTGGTTGAAGCTTTGTCTTTGTGTGATGATTTGTTGGGTGCTCAAGATAGAGAAGAGAATGATAAT,0.40503947092851744,0.23010814853019917,0.15858918984795897,0.08340241288310792,0.03784839320614779,0.03040502568454287,0.027526305318061467,0.02708105360146446,520.7930305100483
GAAGATCCAGATTGGTTTGATGATGGTGATCAATTTATCTTGAATGCTCAACAATTGGTTGAAGCTTTGTCTTTGTGTGATGATTTGTTGGGTGATCAAGATAGAGAAGAGAATGATAAT,0.23770740170622928,0.17622538980327368,0.14011123838605125,0.11119362490499575,0.0986266983681232,0.08027301137444615,0.08122258048341281,0.07464005497346794,1047.5965022951311
GAAGATCCAGATTGGTTTGATGATGGTGATCAATTTATCTTGAATGCTCAACAATTGGTTGAAGCTTTGTCTTTGTGTGATGATTTGTTGGGTGCTCAAGATAGAGAAGAGAATGATAAT,0.2999213253880599,0.25576261947698414,0.32492488674657083,0.09660736156650332,0.0015412654541188415,0.015795349499492867,0.003842852993733556,0.0016043388745364871,301.51608336732835
GAAGATCCAGATTGGTTTGATGATGGTGCTCAATTTATCTTGAATGATCAACAATTGGTTGAAGCTTTGTCTTTGTGTGATGATTTGTTGGGTGATCAAGATAGAGAAGAGAATGATAAT,0.12027802814203896,0.06406653378836183,0.14966755286370748,0.1336248088728376,0.1952139339626337,0.11024749009252706,0.1509227998212123,0.07597885245668103,1322.8781547449614
GAAGATCCAGATTGGTTTGATGATGGTGCTCAATTTATCTTGAATGATCAACAATTGGTTGAAGCTTTGTCTTTGTGTGATGATTTGTTGGGTGCTCAAGATAGAGAAGAGAATGATAAT,0.32563936272226923,0.22682315840538442,0.12467945447240437,0.06261478005721496,0.05553815725825717,0.09184086101952442,0.0755034061069448,0.03736081995800064,774.388379262778
GAAGATCCAGATTGGTTTGATGATGGTGCTCAATTTATCTTGAATGCTCAACAATTGGTTGAAGCTTTGTCTTTGTGTGATGATTTGTTGGGTGATCAAGATAGAGAAGAGAATGATAAT,0.11454091205029861,0.195911936982225,0.15678145128893195,0.1145259607722396,0.056434677188122895,0.08399105480207446,0.12747690833584288,0.1503370985802646,1614.8349919830187
GAAGATCCAGATTGGTTTGATGATGGTGCTCAATTTATCTTGAATGCTCAACAATTGGTTGAAGCTTTGTCTTTGTGTGATGATTTGTTGGGTGCTCAAGATAGAGAAGAGAATGATAAT,0.06100564473848173,0.03305034895427711,0.017518192001142525,0.01564043116333983,0.04855471083025033,0.045164621973561074,0.28072172427375813,0.4983443260651893,4024.9811967284545
GAAGATCCAGCTTGGTTTGATGAAGAAGCTCAATTTATCTTGAATGCTCAACAATTGGTTGAAGCTTTGTCTTTGTGTGATGATTTGTTGGGTGCTCAAGATAGAGAAGAGAATGCTAAT,0.07779264076426476,0.16170954810624155,0.18868201250771038,0.32675672461199706,0.13850925149107884,0.05884713839161907,0.019160185405500307,0.028542498721588157,688.818673447847
GAAGATCCAGCTTGGTTTGATGAAGAAGCTCAATTTATCTTGGAAGCTCAACAATTGGTTGAAGCTTTGTCTTTGTGTGATGATTTGTTGGGTGCTCAAGATAGAGAAGAGAATGCTAAT,0.08567550919713718,0.1470882360178779,0.22032168122540172,0.25969775342306106,0.16359817227190154,0.10204499873684324,0.01487752604244219,0.0066961230853353135,593.000389583502
GAAGATCCAGCTTGGTTTGATGAAGAAGCTGAATTTGAATTGAATGCTGAAGAATTGGAAGAAGAATTGTCTTTGTGTGATGATTTGTTGGGTGCTCAAGATAGAGAAGAGAATGCTAAT,0.010707833611509439,0.02448500955352569,0.023014624214930952,0.03244374513440704,0.05755400937845789,0.0838724238514082,0.3439723581090488,0.423949996146712,3776.3448356208337
GAAGATCCAGCTTGGTTTGATGAAGAAGCTGAATTTGAATTGGAAGCTGAAGAATTGGAAGAAGAATTGTCTTTGTGTGATGATTTGTTGGGTGCTCAAGATAGAGAAGAGAATGCTAAT,0.00025909198486791815,0.0005213571260356933,0.023212816203730766,0.0496048412277655,0.49938814966495915,0.3504488642254604,0.07264900148198011,0.00391587808520044,1110.540873317555
GAAGATCCAGCTTGGTTTGATGATGATGCTCAATTTATCTTGAATGCTCAACAATTGGTTGAAGCTTTGTCTTTGTGTGATGATTTGTTGGGTGCTCAAGATAGAGAAGAGAATGCTAAT,0.3780314395863915,0.3190801370769995,0.14585093933157448,0.09774117988034041,0.03000234150454242,0.022939061775192917,0.0014200463988915148,0.004934854446067249,315.92256071628196
GAAGATCCAGCTTGGTTTGATGATGATGCTCAATTTATCTTGGATGCTCAACAATTGGTTGAAGCTTTGTCTTTGTGTGATGATTTGTTGGGTGCTCAAGATAGAGAAGAGAATGCTAAT,0.04710301695649164,0.051340745560461774,0.08303434385709224,0.07413395966919652,0.09283123414833519,0.1115351058842181,0.24027083256993445,0.2997507613542701,2834.8043775859433
GAAGATCCAGCTTGGTTTGATGATGATGCTGACTTTGATTTGAATGCTGATGATTTGGATGAAGATTTGTCTTTGTGTGATGATTTGTTGGGTGCTCAAGATAGAGAAGAGAATGCTAAT,0.15962848094808121,0.15115857264626573,0.0993165771001692,0.11475059393408682,0.06477015008417564,0.12910264202271313,0.11321251828476846,0.16806046497973984,1735.5935272805318
GAAGATCCAGCTTGGTTTGATGATGATGCTGACTTTGATTTGGATGCTGATGATTTGGATGAAGATTTGTCTTTGTGTGATGATTTGTTGGGTGCTCAAGATAGAGAAGAGAATGCTAAT,0.05184376145687357,0.09852677232820761,0.143359127151948,0.1407918360342962,0.1702905910598361,0.1478408453076694,0.14424720191072435,0.10309986475044473,1509.469361339617
GAAGATCCAGCTTGGTTTGATGCTGAAGAACAATTTATCTTGAATGCTCAACAATTGGTTGAAGCTTTGTCTTTGTGTGATGATTTGTTGGAAGAACAAGATAGAGAAGAGAATGCTAAT,0.2547190111839132,0.21494351886169127,0.17381607785571215,0.11867078523080075,0.07287147826117862,0.04518906215337099,0.06096481951409693,0.05882524693923604,853.140755520925
GAAGATCCAGCTTGGTTTGATGCTGAAGAACAATTTATCTTGAATGCTCAACAATTGGTTGAAGCTTTGTCTTTGTGTGATGATTTGTTGGGTGCTCAAGATAGAGAAGAGAATGCTAAT,0.11470430437207849,0.10771292816149336,0.11418552700600884,0.12743259085117675,0.1507071496336333,0.15420325768767318,0.14893521279426505,0.08211902949367111,1376.9728768883926
GAAGATCCAGCTTGGTTTGATGCTGAAGAACAATTTATCTTGGAAGAACAACAATTGGTTGAAGCTTTGTCTTTGTGTGATGATTTGTTGGAAGAACAAGATAGAGAAGAGAATGCTAAT,0.2079474795730177,0.21918376725401836,0.20947135678052442,0.18701829139693857,0.058546511194600775,0.07714995965878789,0.02295958394830317,0.017723050193808952,564.81304803358
GAAGATCCAGCTTGGTTTGATGCTGAAGAACAATTTATCTTGGAAGAACAACAATTGGTTGAAGCTTTGTCTTTGTGTGATGATTTGTTGGGTGCTCAAGATAGAGAAGAGAATGCTAAT,0.012514848224224414,0.026262238616500573,0.0035594991031344956,0.0031779592719907417,0.000880872303865803,0.27104753603322035,0.458139851822994,0.22441719462406964,2995.27546513188
GAAGATCCAGCTTGGTTTGATGCTGAAGCTCAATTTGAATTGAATGCTCAAGAATTGGAAGAAGCTTTGTCTTTGTGTGATGATTTGTTGGGTGCTCAAGATAGAGAAGAGAATGCTAAT,0.00044022333627741217,0.002976416298902478,0.0003505858576335405,0.00027388098761562844,0.0003643910913608051,0.0013557972530723664,0.3307756236277081,0.6634630815474296,5078.155312485948
GAAGATCCAGCTTGGTTTGATGCTGAAGCTCAATTTGAATTGGAAGCTCAAGAATTGGAAGAAGCTTTGTCTTTGTGTGATGATTTGTTGGGTGCTCAAGATAGAGAAGAGAATGCTAAT,0.05018333501554997,0.03029438289871989,0.06244546125620948,0.1449551551473081,0.28681569780721683,0.2483909056638142,0.09308488241236361,0.08383017979881806,1440.7479682889978
GAAGATCCAGCTTGGTTTGATGCTGATGATCAATTTATCTTGAATGCTCAACAATTGGTTGAAGCTTTGTCTTTGTGTGATGATTTGTTGGATGATCAAGATAGAGAAGAGAATGCTAAT,0.2566760769026567,0.16140491310970284,0.13973487422988487,0.17822400861653867,0.06323256591301724,0.10293092168259385,0.059513438149206156,0.03828320139639976,795.1535024498826
GAAGATCCAGCTTGGTTTGATGCTGATGATCAATTTATCTTGAATGCTCAACAATTGGTTGAAGCTTTGTCTTTGTGTGATGATTTGTTGGGTGCTCAAGATAGAGAAGAGAATGCTAAT,0.20182122770917865,0.08339003961127182,0.14100882631052253,0.32396948626923155,0.1542326758487032,0.08766657713379065,0.006514340749768131,0.001396826367533452,517.4070861211266
GAAGATCCAGCTTGGTTTGATGCTGATGATCAATTTATCTTGGATGATCAACAATTGGTTGAAGCTTTGTCTTTGTGTGATGATTTGTTGGATGATCAAGATAGAGAAGAGAATGCTAAT,0.00036553118441103093,0.0009460387886282937,0.0004648222043034446,9.528930647564803e-05,0.0007053853794706358,0.001881705182075933,0.30270802565203087,0.6928332023026043,5192.551354081022
GAAGATCCAGCTTGGTTTGATGCTGATGATCAATTTATCTTGGATGATCAACAATTGGTTGAAGCTTTGTCTTTGTGTGATGATTTGTTGGGTGCTCAAGATAGAGAAGAGAATGCTAAT,0.08539904978599627,0.12716456032835077,0.23165991370852299,0.27324128787052515,0.14642582870700432,0.08767049780832263,0.030097212470012784,0.018341649321265065,679.080077090302
GAAGATCCAGCTTGGTTTGATGCTGATGCTCAATTTGATTTGAATGCTCAAGATTTGGATGAAGCTTTGTCTTTGTGTGATGATTTGTTGGGTGCTCAAGATAGAGAAGAGAATGCTAAT,0.12246806412018212,0.11226529866129371,0.07111660109927032,0.16629294555902924,0.16895314970110392,0.16214595062787027,0.10096247063660159,0.09579551959464878,1371.287863590868
GAAGATCCAGCTTGGTTTGATGCTGATGCTCAATTTGATTTGGATGCTCAAGATTTGGATGAAGCTTTGTCTTTGTGTGATGATTTGTTGGGTGCTCAAGATAGAGAAGAGAATGCTAAT,0.10675580998602374,0.17690983204153735,0.13284122695894623,0.16046164202836352,0.1299503032432185,0.1957059038223494,0.05241731211622692,0.04495796980333431,968.4351728503931
GAAGATCCAGCTTGGTTTGATGCTGGTGAACAATTTATCTTGAATGAACAACAATTGGTTGAAGCTTTGTCTTTGTGTGATGATTTGTTGGGTGAACAAGATAGAGAAGAGAATGCTAAT,0.0001082898521996795,0.00014857224132484083,7.350005843986811e-05,6.562164659773323e-05,9.700865421232486e-05,0.0017054511783118425,0.3084943400510536,0.6893072163178601,5184.051863382118
GAAGATCCAGCTTGGTTTGATGCTGGTGAACAATTTATCTTGAATGAACAACAATTGGTTGAAGCTTTGTCTTTGTGTGATGATTTGTTGGGTGCTCAAGATAGAGAAGAGAATGCTAAT,0.009352399194653464,0.1129160356268548,0.15128913727949422,0.28053535216033276,0.21196603485779755,0.12858689406717236,0.060717057298666145,0.04463708951502862,994.7165873813909
GAAGATCCAGCTTGGTTTGATGCTGGTGAACAATTTATCTTGAATGCTCAACAATTGGTTGAAGCTTTGTCTTTGTGTGATGATTTGTTGGGTGAACAAGATAGAGAAGAGAATGCTAAT,0.14987399219939224,0.14264085595315595,0.07560615790325338,0.11700345793472351,0.13970372946170437,0.18192946534252472,0.13524359035541808,0.05799875084982772,1213.0371243135423
GAAGATCCAGCTTGGTTTGATGCTGGTGAACAATTTATCTTGAATGCTCAACAATTGGTTGAAGCTTTGTCTTTGTGTGATGATTTGTTGGGTGCTCAAGATAGAGAAGAGAATGCTAAT,0.08689740912612678,0.0874295349295367,0.16219574067274847,0.09654007357279762,0.07706634127947791,0.06372050755860707,0.1773042508779448,0.24884614198276067,2321.929263211913
GAAGATCCAGCTTGGTTTGATGCTGGTGATCAATTTATCTTGAATGATCAACAATTGGTTGAAGCTTTGTCTTTGTGTGATGATTTGTTGGGTGATCAAGATAGAGAAGAGAATGCTAAT,0.000744490774546685,0.0006517927169149564,0.0006225269745079784,0.00012434820865223203,0.0001169790915088093,0.0016974611764925716,0.2940061908581016,0.7020362101992753,5227.843634901073
GAAGATCCAGCTTGGTTTGATGCTGGTGATCAATTTATCTTGAATGATCAACAATTGGTTGAAGCTTTGTCTTTGTGTGATGATTTGTTGGGTGCTCAAGATAGAGAAGAGAATGCTAAT,0.08590069144131024,0.10803339216849757,0.10689023154036702,0.19086550807657915,0.14813241807951794,0.18371975448426167,0.09958554666949462,0.07687245753997195,1278.0625730303852
GAAGATCCAGCTTGGTTTGATGCTGGTGATCAATTTATCTTGAATGCTCAACAATTGGTTGAAGCTTTGTCTTTGTGTGATGATTTGTTGGGTGATCAAGATAGAGAAGAGAATGCTAAT,0.011666612649927069,0.02515297377950155,0.006221704089015212,0.02777402328863785,0.009854018950090523,0.010693680154261146,0.2782331566841842,0.6304038304043823,4774.029207976253
GAAGATCCAGCTTGGTTTGATGCTGGTGATCAATTTATCTTGAATGCTCAACAATTGGTTGAAGCTTTGTCTTTGTGTGATGATTTGTTGGGTGCTCAAGATAGAGAAGAGAATGCTAAT,0.00679628964463605,0.06664849316745051,0.11582179240719598,0.2311120432967327,0.27400265340867325,0.2438099172921027,0.05955622042493364,0.0022525903582751605,880.6243078484481
GAAGATCCAGCTTGGTTTGATGCTGGTGCTCAATTTATCTTGAATGAACAACAATTGGTTGAAGCTTTGTCTTTGTGTGATGATTTGTTGGGTGAACAAGATAGAGAAGAGAATGCTAAT,0.10538546281839335,0.08835900186978714,0.07649602342006179,0.16586287153357507,0.06057771742300667,0.056348182506871194,0.19547910499338017,0.25149163543492475,2371.040707979666
GAAGATCCAGCTTGGTTTGATGCTGGTGCTCAATTTATCTTGAATGAACAACAATTGGTTGAAGCTTTGTCTTTGTGTGATGATTTGTTGGGTGCTCAAGATAGAGAAGAGAATGCTAAT,0.0006928803198400665,0.00020476557460543057,0.00016503837898716365,0.0004496655965007146,0.0006286880490196351,0.004342979307156675,0.33517125200287423,0.6583447307710162,5060.694530558234
GAAGATCCAGCTTGGTTTGATGCTGGTGCTCAATTTATCTTGAATGATCAACAATTGGTTGAAGCTTTGTCTTTGTGTGATGATTTGTTGGGTGATCAAGATAGAGAAGAGAATGCTAAT,0.0992362424016275,0.0958501693460921,0.18769610371326156,0.1808068819515989,0.22686823905481315,0.1600904371578879,0.025770211431729625,0.023681714942989335,798.4162755508938
GAAGATCCAGCTTGGTTTGATGCTGGTGCTCAATTTATCTTGAATGATCAACAATTGGTTGAAGCTTTGTCTTTGTGTGATGATTTGTTGGGTGCTCAAGATAGAGAAGAGAATGCTAAT,0.06952021311830507,0.13989185551697256,0.14706230693670544,0.1312988171505075,0.10960906708780342,0.08283938357653738,0.07092403232601166,0.24885432428715698,2119.2508596935513
GAAGATCCAGCTTGGTTTGATGCTGGTGCTCAATTTATCTTGAATGCTCAACAATTGGTTGAAGAATTGTCTTTGTGTGATGATTTGTTGGGTGCTCAAGATAGAGAAGAGAATGCTAAT,0.09777849957617947,0.09034646044487177,0.10677193230217596,0.1064116858044276,0.06488982941023008,0.06035922292870543,0.17581686548405295,0.29762550404935667,2602.833258172634
GAAGATCCAGCTTGGTTTGATGCTGGTGCTCAATTTATCTTGAATGCTCAACAATTGGTTGAAGATTTGTCTTTGTGTGATGATTTGTTGGGTGCTCAAGATAGAGAAGAGAATGCTAAT,0.0005330793202652479,0.0007904012271852253,0.022797791308562843,0.10105365876644727,0.28667545647774334,0.3982537746269137,0.15464418841521677,0.03525164985766563,1447.2309181141914
GAAGATCCAGCTTGGTTTGATGCTGGTGCTCAATTTATCTTGAATGCTCAACAATTGGTTGAAGCTTTGTCTTTGTGTGATGATTTGTTGGAAGAACAAGATAGAGAAGAGAATGCTAAT,0.01933394512809425,0.12319814483970408,0.09623251392534882,0.24343271424783974,0.2032191400229565,0.18903038407574604,0.07172492654217116,0.053828231218139344,1125.08425139486
GAAGATCCAGCTTGGTTTGATGCTGGTGCTCAATTTATCTTGAATGCTCAACAATTGGTTGAAGCTTTGTCTTTGTGTGATGATTTGTTGGATGATCAAGATAGAGAAGAGAATGCTAAT,0.13056478910622793,0.1272591819912683,0.13200512705240286,0.17678340630725894,0.18896847362885513,0.08975729305536402,0.07189841779343437,0.08276331106518839,1159.8585182676838
GAAGATCCAGCTTGGTTTGATGCTGGTGCTCAATTTATCTTGAATGCTCAACAATTGGTTGAAGCTTTGTCTTTGTGTGATGATTTGTTGGGTGAACAAGATAGAGAAGAGAATGCTAAT,0.20082939079227924,0.1919562319871099,0.14994081925334138,0.06693439202954611,0.11873914711912872,0.10124471723989636,0.07450353875864686,0.0958517628200514,1189.4566417488866
GAAGATCCAGCTTGGTTTGATGCTGGTGCTCAATTTATCTTGAATGCTCAACAATTGGTTGAAGCTTTGTCTTTGTGTGATGATTTGTTGGGTGATCAAGATAGAGAAGAGAATGCTAAT,0.1458324967866459,0.1580120963669401,0.20007808322153106,0.14539803798329948,0.11422648218500187,0.07540407151284242,0.10750806304254448,0.05354066890119475,1005.7033445923244
GAAGATCCAGCTTGGTTTGATGCTGGTGCTCAATTTATCTTGAATGCTCAACAATTGGTTGAAGCTTTGTCTTTGTGTGATGATTTGTTGGGTGCTCAAGATAGAGAAGAGAATGCTAAT,0.053519581519728465,0.051768131582927666,0.14199785788819763,0.3391037764711083,0.2280907393419759,0.17481135947595455,0.010395107194437874,0.0003134465256696328,675.249126549813
GAAGATCCAGCTTGGTTTGATGCTGGTGCTCAATTTATCTTGAATGCTCAAGAATTGGTTGAAGCTTTGTCTTTGTGTGATGATTTGTTGGGTGCTCAAGATAGAGAAGAGAATGCTAAT,0.046833194156576816,0.08376885751296023,0.14245421651688145,0.16765251192282632,0.19998217176064864,0.16694050590653414,0.1737414370611085,0.01862710516246392,1106.462702226197
GAAGATCCAGCTTGGTTTGATGCTGGTGCTCAATTTATCTTGAATGCTCAAGATTTGGTTGAAGCTTTGTCTTTGTGTGATGATTTGTTGGGTGCTCAAGATAGAGAAGAGAATGCTAAT,0.030108028870300008,0.016371039919455755,0.030444786912148535,0.07342945861836372,0.06466243374186668,0.26513978849426384,0.33001661719280584,0.18982784625079568,2527.786772126491
GAAGATCCAGCTTGGTTTGATGCTGGTGCTCAATTTATCTTGAATGCTGAACAATTGGTTGAAGCTTTGTCTTTGTGTGATGATTTGTTGGGTGCTCAAGATAGAGAAGAGAATGCTAAT,0.11473185598976264,0.04883764307124581,0.07138309625936297,0.08824375368259212,0.07392221923240262,0.14965623206531112,0.2742048379170216,0.17902036178230107,2204.8410326653684
GAAGATCCAGCTTGGTTTGATGCTGGTGCTCAATTTATCTTGAATGCTGAAGAATTGGTTGAAGCTTTGTCTTTGTGTGATGATTTGTTGGGTGCTCAAGATAGAGAAGAGAATGCTAAT,0.001501823915449304,0.0003912027181108979,0.0022498047767475393,0.005799166997875674,0.04258204853336218,0.10595655856357165,0.4504629750200464,0.39105641947483644,3834.9717697730216
GAAGATCCAGCTTGGTTTGATGCTGGTGCTCAATTTATCTTGAATGCTGATCAATTGGTTGAAGCTTTGTCTTTGTGTGATGATTTGTTGGGTGCTCAAGATAGAGAAGAGAATGCTAAT,0.17238269908381226,0.18364055656682385,0.17665020627642136,0.10138835152330955,0.06994524551796792,0.0836507185630548,0.1034491863747165,0.10889303609389374,1304.8828902099253
GAAGATCCAGCTTGGTTTGATGCTGGTGCTCAATTTATCTTGAATGCTGATGATTTGGTTGAAGCTTTGTCTTTGTGTGATGATTTGTTGGGTGCTCAAGATAGAGAAGAGAATGCTAAT,0.4682140716228356,0.2727453987400286,0.1620956607667286,0.049329473515727786,0.025883719205412725,0.014791920941842656,0.003355152617247626,0.003584602590176406,282.2255338979354
GAAGATCCAGCTTGGTTTGATGCTGGTGCTCAATTTATCTTGGAAGAACAACAATTGGTTGAAGCTTTGTCTTTGTGTGATGATTTGTTGGAAGAACAAGATAGAGAAGAGAATGCTAAT,0.18843768700164482,0.24646908756497538,0.1524131642804547,0.13607612042154726,0.09284385679890911,0.08636150073161808,0.05242985524329144,0.0449687279575593,813.7069078862736
GAAGATCCAGCTTGGTTTGATGCTGGTGCTCAATTTATCTTGGAAGAACAACAATTGGTTGAAGCTTTGTCTTTGTGTGATGATTTGTTGGGTGCTCAAGATAGAGAAGAGAATGCTAAT,0.11170271595853488,0.17595903702220556,0.20638932520224615,0.20306933664813828,0.17567138650451983,0.08997672928856654,0.0251147823594498,0.012116687016338888,625.5807944628755
GAAGATCCAGCTTGGTTTGATGCTGGTGCTCAATTTATCTTGGAAGCTCAACAATTGGTTGAAGAATTGTCTTTGTGTGATGATTTGTTGGGTGCTCAAGATAGAGAAGAGAATGCTAAT,0.11367865755302124,0.15405582782599708,0.09815289906105595,0.17010911661175424,0.12345026314775419,0.18713194859047494,0.09252113481967011,0.06090015239027225,1145.7620603878
GAAGATCCAGCTTGGTTTGATGCTGGTGCTCAATTTATCTTGGAAGCTCAACAATTGGTTGAAGCTTTGTCTTTGTGTGATGATTTGTTGGGTGCTCAAGATAGAGAAGAGAATGCTAAT,0.05322894819068058,0.1615255479778621,0.2448575268747627,0.2617173203960486,0.14763504362295835,0.1122073590190567,0.008139678421428896,0.01068857549720215,610.1712409108974
GAAGATCCAGCTTGGTTTGATGCTGGTGCTCAATTTATCTTGGAAGCTCAAGAATTGGTTGAAGCTTTGTCTTTGTGTGATGATTTGTTGGGTGCTCAAGATAGAGAAGAGAATGCTAAT,0.0397303187168209,0.07069713139301427,0.18380691744600192,0.2603108782848129,0.25272033380483133,0.15949252295746053,0.030107605009234414,0.0031342923878237977,720.7484797988483
GAAGATCCAGCTTGGTTTGATGCTGGTGCTCAATTTATCTTGGAAGCTGAACAATTGGTTGAAGCTTTGTCTTTGTGTGATGATTTGTTGGGTGCTCAAGATAGAGAAGAGAATGCTAAT,0.17489473681574766,0.16160117500503793,0.19098113675541778,0.19033676998066065,0.13717048404567903,0.0948770274601818,0.033103224500582,0.01703544543669313,648.9359718396972
GAAGATCCAGCTTGGTTTGATGCTGGTGCTCAATTTATCTTGGAAGCTGAAGAATTGGTTGAAGCTTTGTCTTTGTGTGATGATTTGTTGGGTGCTCAAGATAGAGAAGAGAATGCTAAT,0.17778962649330818,0.2671559634517854,0.26720218127978257,0.15134514767729082,0.054606248108139965,0.05925924789167493,0.017131497156145925,0.005510087941872105,453.45340946920805
GAAGATCCAGCTTGGTTTGATGCTGGTGCTCAATTTATCTTGGATGATCAACAATTGGTTGAAGCTTTGTCTTTGTGTGATGATTTGTTGGATGATCAAGATAGAGAAGAGAATGCTAAT,0.13895523630186415,0.2532312434274091,0.29096874414355345,0.17611120042389933,0.09744928031697694,0.039751392001698777,0.003374089941760888,0.00015881344283731258,401.27239171008
GAAGATCCAGCTTGGTTTGATGCTGGTGCTCAATTTATCTTGGATGATCAACAATTGGTTGAAGCTTTGTCTTTGTGTGATGATTTGTTGGGTGCTCAAGATAGAGAAGAGAATGCTAAT,0.0006086864727973548,0.0006124138310882322,0.0007195460836818598,0.0008452875272341632,0.0011996071617104366,0.0008368879617805319,0.30952913587738706,0.6856484350843204,5163.919486294917
GAAGATCCAGCTTGGTTTGATGCTGGTGCTCAATTTATCTTGGATGCTCAACAATTGGTTGAAGATTTGTCTTTGTGTGATGATTTGTTGGGTGCTCAAGATAGAGAAGAGAATGCTAAT,0.003342648847024063,0.0035499578080207747,0.021605843168181094,0.10702300905341952,0.3081596281044019,0.37757124791714264,0.15325208497469703,0.02549558012711297,1373.6168748841062
GAAGATCCAGCTTGGTTTGATGCTGGTGCTCAATTTATCTTGGATGCTCAACAATTGGTTGAAGCTTTGTCTTTGTGTGATGATTTGTTGGGTGCTCAAGATAGAGAAGAGAATGCTAAT,0.2502294153379298,0.255167944047868,0.22686920366210983,0.16326712996078938,0.06132404495311386,0.032989684140856776,0.005434132189722226,0.004718445707610033,387.6258456126841
GAAGATCCAGCTTGGTTTGATGCTGGTGCTCAATTTATCTTGGATGCTCAAGATTTGGTTGAAGCTTTGTCTTTGTGTGATGATTTGTTGGGTGCTCAAGATAGAGAAGAGAATGCTAAT,0.20509522391950188,0.15344059647902208,0.12433285295753596,0.10516330891653723,0.10364213232914782,0.09158554885369175,0.14144206133807316,0.07529827520649011,1208.895318393205
GAAGATCCAGCTTGGTTTGATGCTGGTGCTCAATTTATCTTGGATGCTGATCAATTGGTTGAAGCTTTGTCTTTGTGTGATGATTTGTTGGGTGCTCAAGATAGAGAAGAGAATGCTAAT,0.13741956269668043,0.16554943481824214,0.12599820413003765,0.10043978436977771,0.08908823977688612,0.09778435895413398,0.1693737030892433,0.1143467121649986,1517.945320943801
GAAGATCCAGCTTGGTTTGATGCTGGTGCTCAATTTATCTTGGATGCTGATGATTTGGTTGAAGCTTTGTCTTTGTGTGATGATTTGTTGGGTGCTCAAGATAGAGAAGAGAATGCTAAT,0.0002846339987349473,0.00163512021155546,0.00031990753528005094,0.00031621871647873577,0.0005157216219566888,0.00048812998370292415,0.3108360490708893,0.6856042188614019,5165.826770858276
GAAGATCCAGCTTGGTTTGATGCTGGTGCTCAATTTGAATTGAATGCTCAACAATTGGAAGAAGCTTTGTCTTTGTGTGATGATTTGTTGGGTGCTCAAGATAGAGAAGAGAATGCTAAT,0.15236762721639874,0.2229827884680795,0.1465076503118716,0.1000262928453716,0.04094837557225456,0.050785814504327884,0.15415971702189948,0.13222173405979679,1513.0626665049374
GAAGATCCAGCTTGGTTTGATGCTGGTGCTCAATTTGAATTGAATGCTCAACAATTGGTTGAAGAATTGTCTTTGTGTGATGATTTGTTGGGTGCTCAAGATAGAGAAGAGAATGCTAAT,0.163575953261611,0.19200723328418318,0.12721573616869453,0.15143944567721757,0.07387820028740168,0.13744005189250247,0.11378116139149506,0.0406622180368946,982.8496689901718
GAAGATCCAGCTTGGTTTGATGCTGGTGCTCAATTTGAATTGGAAGCTCAACAATTGGAAGAAGCTTTGTCTTTGTGTGATGATTTGTTGGGTGCTCAAGATAGAGAAGAGAATGCTAAT,0.0012968115925375372,0.00021825827425398151,0.0008055702505482847,0.0005527528083945176,0.0004436360231026052,0.009537409504077703,0.3520078787339187,0.6351376828131666,4964.102644502002
GAAGATCCAGCTTGGTTTGATGCTGGTGCTCAATTTGAATTGGAAGCTCAACAATTGGTTGAAGAATTGTCTTTGTGTGATGATTTGTTGGGTGCTCAAGATAGAGAAGAGAATGCTAAT,0.10026042056300637,0.13191264584016762,0.143952359250302,0.20563555558773408,0.15199579361407617,0.1272451055415788,0.09298634153977313,0.046011778063361805,1017.9000529501637
GAAGATCCAGCTTGGTTTGATGCTGGTGCTCAATTTGATTTGAATGCTCAACAATTGGATGAAGCTTTGTCTTTGTGTGATGATTTGTTGGGTGCTCAAGATAGAGAAGAGAATGCTAAT,0.463460167851376,0.3139489047134018,0.07566328974731386,0.13394530126343593,0.0008922537343272434,0.010853278588648985,0.0009043723853168163,0.00033243171617931426,251.7648668752258
GAAGATCCAGCTTGGTTTGATGCTGGTGCTCAATTTGATTTGAATGCTCAACAATTGGTTGATGATTTGTCTTTGTGTGATGATTTGTTGGGTGCTCAAGATAGAGAAGAGAATGCTAAT,0.17369020358766488,0.1783945190454419,0.15759538277558274,0.10854220713876878,0.14976101718426466,0.12603759133628153,0.06712027414133694,0.03885880479065848,881.3592250305506
GAAGATCCAGCTTGGTTTGATGCTGGTGCTCAATTTGATTTGGATGCTCAACAATTGGATGAAGCTTTGTCTTTGTGTGATGATTTGTTGGGTGCTCAAGATAGAGAAGAGAATGCTAAT,0.001795096887444408,0.002541903543516783,0.003143757833411543,0.0059090125744383215,0.007272144710149372,0.020536973469175712,0.36731728783234147,0.5914838231495224,4750.563842131668
GAAGATCCAGCTTGGTTTGATGCTGGTGCTCAATTTGATTTGGATGCTCAACAATTGGTTGATGATTTGTCTTTGTGTGATGATTTGTTGGGTGCTCAAGATAGAGAAGAGAATGCTAAT,0.2537154704032941,0.2586059761835566,0.17333096813259774,0.09948327543645254,0.07843540796537637,0.057759247507395806,0.05690453537482696,0.021765118996499806,629.261954855601
GAAGATCCAGCTTGGTTTGATGCTGGTGCTGAATTTATCTTGAATGCTCAACAATTGGTTGAAGCTTTGTCTTTGTGTGATGATTTGTTGGGTGCTCAAGATAGAGAAGAGAATGCTAAT,0.006895258594437227,0.018620755175450133,0.04919679298253472,0.12755897201276187,0.15415815109153927,0.1022556819079576,0.1689795191483668,0.3723348690869525,3147.346100478565
GAAGATCCAGCTTGGTTTGATGCTGGTGCTGAATTTATCTTGGAAGCTCAACAATTGGTTGAAGCTTTGTCTTTGTGTGATGATTTGTTGGGTGCTCAAGATAGAGAAGAGAATGCTAAT,0.0015762404228064635,0.004738455169221399,0.01185154672654695,0.016269772075390966,0.0249741761451418,0.02484164000495493,0.29366979614545885,0.6220783733104787,4782.142595254867
GAAGATCCAGCTTGGTTTGATGCTGGTGCTGACTTTATCTTGAATGCTCAACAATTGGTTGAAGCTTTGTCTTTGTGTGATGATTTGTTGGGTGCTCAAGATAGAGAAGAGAATGCTAAT,0.17711865470770188,0.17783917998016227,0.15709736878969174,0.1763780858050159,0.21311344845738042,0.06782994388368742,0.01657398909834217,0.014049329278018215,595.3644991793751
GAAGATCCAGCTTGGTTTGATGCTGGTGCTGACTTTATCTTGGATGCTCAACAATTGGTTGAAGCTTTGTCTTTGTGTGATGATTTGTTGGGTGCTCAAGATAGAGAAGAGAATGCTAAT,0.07253904808051329,0.07495576912746102,0.12197799504423107,0.23740913376673975,0.2260327629266403,0.1940779941445623,0.04727517173010484,0.02573212517974742,909.6387192082809
GAAGATCCATGGACATTTGATTCTGGTTCTCAATTTATCTTAAATTCTCAACAATTGGTTGAAGCTTTGTCTTTGTGTGATGATTTGTTGGGTTCTCAAGATAGAGAAGAGAATACTAAT,0.12227877097065491,0.23310484753063626,0.176181986730577,0.11439795055232037,0.1458615095806911,0.06488922102658036,0.08953201569860215,0.05375369790993783,962.1456683701917
GAAGATCCATTCTGGTCTTCTACTGATGGTCAATTTATCTTAAATTCTCAACAATTGGTTGAAGCTTTGTCTTTGTGTGATGATTTGTTGGGTTCTCAAGATAGAGAAGAGAATACTAAT,0.014024723038115468,0.05644241986355516,0.13961292908641257,0.23371487266771032,0.12438047381099612,0.25710273739591755,0.09105042402274535,0.08367142011454748,1389.629924317833
GAAGATGAACCAGCTCCAGAAACTATGATTCATGATAAAGAAGATGAGAATGATCAAGAGAATAAAGAAGGTGAAGAGAATCATCAAGCTGAAGAAGAAGAGAATTTGTTGGATTCTGGT,0.14773684330996914,0.14864152605287415,0.15319652965419575,0.1367755174941985,0.12131736616707961,0.11284699029348519,0.09134550798069391,0.08813971904750373,1218.7055686399308
GAAGATGAAGAATGGTTTGATGAAGAAGAAGAATTTATCTTGAATGCTCAACAATTGGTTGAAGCTTTGTCTTTGTGTGATGATTTGTTGGAAGAACAAGATAGAGAAGAAGAAGAGAAT,0.017968895200103852,0.0632762539435266,0.03353929990963982,0.039925665956785136,0.0885333268168636,0.23882060239224417,0.324971762808685,0.19296419297215187,2511.458883008037
GAAGATGAAGAATGGTTTGATGAAGAAGAAGAATTTATCTTGAATGCTCAACAATTGGTTGAAGCTTTGTCTTTGTGTGATGATTTGTTGGGTGCTCAAGATAGAGAAGAAGAAGAGAAT,0.16636903861810542,0.19877303345928654,0.11644916854415538,0.11551897368075903,0.16394112497354874,0.06671645714338638,0.13501132490519452,0.037220878675563965,970.5214680618935
GAAGATGAAGAATGGTTTGATGAAGAAGAAGAATTTATCTTGGAAGAACAACAATTGGTTGAAGCTTTGTCTTTGTGTGATGATTTGTTGGAAGAACAAGATAGAGAAGAAGAAGAGAAT,0.10661236038492171,0.04826934578336143,0.0928639081569756,0.1480533944975154,0.16283758796881956,0.19055685720275353,0.12359679546830497,0.12720975053734793,1644.5697822172413
GAAGATGAAGAATGGTTTGATGAAGAAGAAGAATTTATCTTGGAAGAACAACAATTGGTTGAAGCTTTGTCTTTGTGTGATGATTTGTTGGGTGCTCAAGATAGAGAAGAAGAAGAGAAT,0.11193886212219359,0.28156083001508053,0.208936110231105,0.12436027832828309,0.0,0.10260376548750498,0.10381749055527553,0.06678266326055737,1045.880719494065
GAAGATGAAGAATGGTTTGATGAAGAAGCTCAATTTATCTTGAATGCTCAACAATTGGTTGAAGCTTTGTCTTTGTGTGATGATTTGTTGGAAGAACAAGATAGAGAAGAAGAAGAGAAT,0.20820067416776888,0.16758049104164713,0.1295368983371822,0.13878233151615962,0.0820649155079045,0.171754075997288,0.07723813200966555,0.024842481422384263,836.1022809428616
GAAGATGAAGAATGGTTTGATGAAGAAGCTCAATTTATCTTGAATGCTCAACAATTGGTTGAAGCTTTGTCTTTGTGTGATGATTTGTTGGGTGCTCAAGATAGAGAAGAAGAAGAGAAT,0.026292689585995607,0.026453695750741534,0.0545286972376746,0.0486838102651704,0.06909062960451323,0.17673348919756035,0.2844929069183961,0.31372408143994807,3078.0999460010357
GAAGATGAAGAATGGTTTGATGAAGAAGCTCAATTTATCTTGGAAGAACAACAATTGGTTGAAGCTTTGTCTTTGTGTGATGATTTGTTGGAAGAACAAGATAGAGAAGAAGAAGAGAAT,0.2078391760517924,0.2875288652675602,0.09698398789889441,0.05772556842928051,0.05120151654798075,0.07143994166025992,0.0722850222245174,0.1549959219197144,1468.3203208332511
GAAGATGAAGAATGGTTTGATGAAGAAGCTCAATTTATCTTGGAAGAACAACAATTGGTTGAAGCTTTGTCTTTGTGTGATGATTTGTTGGGTGCTCAAGATAGAGAAGAAGAAGAGAAT,0.07785954311019595,0.22295723141455975,0.1937685122444479,0.15303724260173315,0.17115196923733797,0.10979458100594926,0.04999201559612505,0.021438904789650912,750.7028816621447
GAAGATGAAGATAATGAGAATCAAGGTGAAGAAGATCCAACTTGGTTTGATTCTGGTTCTCAATTTATCTTAAATTCTCAACAATTGGTTGAAGCTTTGTCTTTGTGTGATGATTTGTTG,0.0011165771095478117,0.0016851218876797382,0.011115271252854435,0.07244399048884187,0.24283230228271974,0.531585439843231,0.1213684962624183,0.017852800872707034,1380.8298003137238
GAAGATGAGAAAGATGGTGAATTTGTTATTTCTAAGATCTTCTATCAACAACAAGCTAAACAAGGTGATAAGATTGAAGGTGATCAACCATTGGATATTGCTGAAGCTATTGTTGCTAAA,0.1903499474348823,0.24582659952334945,0.25272663488517055,0.19543867751035063,0.05550139223383617,0.04476773703261083,0.01009818519492723,0.005290826184872968,428.04194556544434
GAAGATGAGAAAGATGGTGAATTTGTTATTTCTAAGATCTTCTATGATCATCAACAACAACAATTGGATCAAGGTGAGAAGAATGAACAGAATAATAGAGAAAGAGTTGATGCTACTACT,0.010746727965675069,0.0648752203893306,0.09360857926691177,0.16714950266861867,0.22238779780987683,0.31521628433048526,0.11960439560573836,0.0064114919633634455,1081.9624897899723
GAAGATGATCAAACATTCTTTCCAGGTTGGTCTTCTATCTTAAATTCTCAACAATTGGTTGAAGCTTTGTCTTTGTGTGATGATTTGTTGGGTTCTCAAGATAGAGAAGAGAATACTAAT,0.3730715698976767,0.17725149852413913,0.1934293049061992,0.09786093865305488,0.06637712142878224,0.056993235923807686,0.028833711434084988,0.006182619232255275,451.05629817406304
GAAGATGATGATTGGTTTGATGATGATGATGACTTTATCTTGAATGCTCAACAATTGGTTGAAGCTTTGTCTTTGTGTGATGATTTGTTGGATGATCAAGATAGAGAAGAAGATGATAAT,0.0009794963368730376,0.0007292658485886037,0.00034127321649783616,0.0005440936005857163,0.00017373636277208664,0.00021547479159046915,0.3303240675754442,0.666692592267648,5095.485120349273
GAAGATGATGATTGGTTTGATGATGATGATGACTTTATCTTGAATGCTCAACAATTGGTTGAAGCTTTGTCTTTGTGTGATGATTTGTTGGGTGCTCAAGATAGAGAAGAAGATGATAAT,0.5019949491776102,0.11784285766741301,0.22641636488959255,0.05766302380338256,0.007141145293578496,0.03913719051724994,0.04069006642130103,0.009114402229872212,426.3486408752526
GAAGATGATGATTGGTTTGATGATGATGATGACTTTATCTTGGATGATCAACAATTGGTTGAAGCTTTGTCTTTGTGTGATGATTTGTTGGATGATCAAGATAGAGAAGAAGATGATAAT,0.22649834887923168,0.15192355755261344,0.1073685507076979,0.19171960512155461,0.10628235027938257,0.08897554699997072,0.05001558918552574,0.0772164512740234,1021.5573394769067
GAAGATGATGATTGGTTTGATGATGATGATGACTTTATCTTGGATGATCAACAATTGGTTGAAGCTTTGTCTTTGTGTGATGATTTGTTGGGTGCTCAAGATAGAGAAGAAGATGATAAT,0.10586185106287438,0.12426179232112755,0.12075142954511786,0.1862141315698369,0.16951504640632356,0.10107660868215228,0.11863583162019488,0.0736833087923727,1220.1370635693734
GAAGATGATGATTGGTTTGATGATGATGCTCAATTTATCTTGAATGCTCAACAATTGGTTGAAGCTTTGTCTTTGTGTGATGATTTGTTGGATGATCAAGATAGAGAAGAAGATGATAAT,0.42912354874291414,0.27531969111836957,0.1470375359157935,0.041455800415358096,0.018385265911908148,0.028502678408065023,0.023071874856598323,0.03710360463099322,545.4099148640328
GAAGATGATGATTGGTTTGATGATGATGCTCAATTTATCTTGAATGCTCAACAATTGGTTGAAGCTTTGTCTTTGTGTGATGATTTGTTGGGTGCTCAAGATAGAGAAGAAGATGATAAT,0.21249942318989323,0.11661855637347239,0.19230758568335043,0.06438535914277756,0.114217256626422,0.17707101707817846,0.05374969005021215,0.06915111185569386,1062.4857260869226
GAAGATGATGATTGGTTTGATGATGATGCTCAATTTATCTTGGATGATCAACAATTGGTTGAAGCTTTGTCTTTGTGTGATGATTTGTTGGATGATCAAGATAGAGAAGAAGATGATAAT,0.3505933387728608,0.21028744807840827,0.08389608110955704,0.16478732160495393,0.04650651114909684,0.06797910043525304,0.04377115391164858,0.032179044938221595,655.2161970945286
GAAGATGATGATTGGTTTGATGATGATGCTCAATTTATCTTGGATGATCAACAATTGGTTGAAGCTTTGTCTTTGTGTGATGATTTGTTGGGTGCTCAAGATAGAGAAGAAGATGATAAT,0.2721460552310192,0.25674556881534294,0.20210761597964058,0.11782879381026473,0.030449846217530434,0.03683187706014728,0.04915362328677443,0.03473661959928054,646.4855954993742
GAAGATGATGGTATTTGTTATACTCATCCACAGAATTTGCCAGGTGTTAAACAAGATGGTTCTGTTTCTCACTTCTTTCATAGAGCTGTTAAAGCTTATAATACTGGTACTAGGAAGAGA,0.04540816683256808,0.04568622871611722,0.09417249510486561,0.15134079868109582,0.2386426710274575,0.20810685460695738,0.12634116093103984,0.09030162409989842,1492.2941061434608
GAAGATGATTCATTTACTCCATGGGGTTCTCAATTTATCTTAAATTCTCAACAATTGGTTGAAGCTTTGTCTTTGTGTGATGATTTGTTGGGTTCTCAAGATAGAGAAGAGAATACTAAT,0.07183743540422802,0.16297831525536832,0.18754512488050107,0.29106794868785457,0.15962241890947226,0.10716208314794251,0.013063822851996199,0.006722850862637063,598.4120520899212
GAAGATGATTCTACATTCTGGCCAGGTTCTCAATTTATCTTAAATTCTCAACAATTGGTTGAAGCTTTGTCTTTGTGTGATGATTTGTTGGGTTCTCAAGATAGAGAAGAGAATACTAAT,0.06846554629610646,0.03444240128423756,0.05679657888146805,0.17748009828171943,0.224887971442758,0.17780835343256593,0.13757952916682853,0.12253952121431605,1675.314909824859
GAAGATGATTTGAGATTTAAACAAGAATGTAAGATTGTCTTGGATCCATCTAATATTGAATTGGATACTCCACCAGAATTTAGATTGTCTCAATTGGAATTTGGTTCTCAAGATTCATTT,0.30001956178681805,0.22941114097224274,0.11946506092260915,0.11999215982849185,0.047302594167229255,0.05499991008598161,0.10017093148358143,0.028638640753045997,749.0980288974474
GAAGATGGATTCTCATTCTGGCAAACTGATTCTCCAATCTTAAATTCTCAACAATTGGTTGAAGCTTTGTCTTTGTGTGATGATTTGTTGGGTTCTCAAGATAGAGAAGAGAATACTAAT,0.22386593991192658,0.09428517523965482,0.10365276893557406,0.13881346864910632,0.18468748698838258,0.16224857672874912,0.06759852847779092,0.024848055068815503,854.1850060820258
GAAGATGGTACTCCACAATTCTGGTCTTCATTTGATATCTTAAATTCTCAACAATTGGTTGAAGCTTTGTCTTTGTGTGATGATTTGTTGGGTTCTCAAGATAGAGAAGAGAATACTAAT,0.31807184220174184,0.29357168997122146,0.21806700207331048,0.08858512227112135,0.02676675334536787,0.01847263489592086,0.01869115221772113,0.017773803023595013,438.3849781912194
GAAGATGGTATTTGTTATACTCATCCACAGAAATTGCCAGGTGTTAAACAAGATGGTTCTGTTTGTCACTTCTTTCATAGAACTGTTAAAGCTTATAATTCTGGTACTAGGAAGAGAAGA,0.16286813899162617,0.11917489445898163,0.1658163367672301,0.09869507845695093,0.20426167474967155,0.16285725347182411,0.06865988825164912,0.017666734852066327,825.4963457883898
GAAGATGGTCAAACTGATTGGTTCTCATTCTCTCCAATCTTAAATTCTCAACAATTGGTTGAAGCTTTGTCTTTGTGTGATGATTTGTTGGGTTCTCAAGATAGAGAAGAGAATACTAAT,0.017921124697906677,0.018030866668050365,0.01805245398122428,0.037923355373429064,0.06391090438830678,0.14001720672463977,0.41393990435758515,0.29020418380885804,3189.5207028648797
GAAGATGGTCCATGGTCTACTGACTTCTCTCAATTTATCTTAAATTCTCAACAATTGGTTGAAGCTTTGTCTTTGTGTGATGATTTGTTGGGTTCTCAAGATAGAGAAGAGAATACTAAT,0.08797211327405922,0.11120590223476906,0.0729785321412632,0.10525203599309758,0.1800449068753245,0.18608241709297388,0.19455975262544115,0.061904339763071366,1405.5483862201336
GAAGATGGTGATTCATTTACTTCTCCATGGCAATTTATCTTAAATTCTCAACAATTGGTTGAAGCTTTGTCTTTGTGTGATGATTTGTTGGGTTCTCAAGATAGAGAAGAGAATACTAAT,0.14760640804236252,0.1973623618041116,0.21025785545817274,0.2416631542841913,0.10526153842767684,0.06052752951542921,0.023416641714536283,0.013904510753519408,567.9734832608026
GAAGATGGTTCATTTCCAGATTCTTGGACTCAATTTATCTTAAATTCTCAACAATTGGTTGAAGCTTTGTCTTTGTGTGATGATTTGTTGGGTTCTCAAGATAGAGAAGAGAATACTAAT,0.09415495088170793,0.14209727855555934,0.2929034775958066,0.15690443438025856,0.06958567244958785,0.17260587282383924,0.04366191749038744,0.02808639582285313,801.3093714698323
GAAGATTCATTTCAATTTACTTCTTGGGGTGATCCAATCTTAAATTCTCAACAATTGGTTGAAGCTTTGTCTTTGTGTGATGATTTGTTGGGTTCTCAAGATAGAGAAGAGAATACTAAT,0.11469839460149191,0.09006888802711653,0.0278486936496972,0.04972722938401643,0.10751114656746218,0.18975254686821721,0.30356310292995947,0.11682999797203907,1943.1034450320803
GAAGATTCTTCATTTGATCCAGGTACTTGGCAATTTATCTTAAATTCTCAACAATTGGTTGAAGCTTTGTCTTTGTGTGATGATTTGTTGGGTTCTCAAGATAGAGAAGAGAATACTAAT,0.16160013403380605,0.1393626087051641,0.057453306849372,0.10258986667405377,0.09099532320070344,0.148123555490981,0.1070541037869153,0.19282110125900434,1901.0913862153886
GAAGATTCTTGGACATTTCCAGATGGTTCTCAATTTATCTTAAATTCTCAACAATTGGTTGAAGCTTTGTCTTTGTGTGATGATTTGTTGGGTTCTCAAGATAGAGAAGAGAATACTAAT,0.07704584745493864,0.2775217386717162,0.34208377511873395,0.16882613385561335,0.042155294463861584,0.0755627840456211,0.005461188194433218,0.011343238195081998,493.8386089584709
GAAGATTGGACATTTCCAGATTCTGGTTCTCAATTTATCTTAAATTCTCAACAATTGGTTGAAGCTTTGTCTTTGTGTGATGATTTGTTGGGTTCTCAAGATAGAGAAGAGAATACTAAT,0.09419667424888983,0.22745639496439377,0.14065597124105456,0.18836875709818768,0.07425760885991838,0.17268236055116684,0.034945012496186874,0.067437220540202,1017.6376438373816
GAAGATTGGCCAACATTTGATTCTGGTTCTCAATTTATCTTAAATTCTCAACAATTGGTTGAAGCTTTGTCTTTGTGTGATGATTTGTTGGGTTCTCAAGATAGAGAAGAGAATACTAAT,0.16434341157686805,0.1653497864596167,0.1258462535379264,0.18257995496513799,0.16194505900673395,0.09270034369265431,0.04689845937942174,0.06033673138164091,950.2573083409256
GAAGATTGGCCATTTACTGATTCTGGTTCTCAATTTATCTTAAATTCTCAACAATTGGTTGAAGCTTTGTCTTTGTGTGATGATTTGTTGGGTTCTCAAGATAGAGAAGAGAATACTAAT,0.10126418993294432,0.276543079079216,0.23401438975940078,0.12857266246949461,0.057020792381756565,0.0530396018948275,0.08050053050113057,0.06904475398122974,984.0536684455074
GAAGATTGGTCTGACTTTGGTTCTACTCCACAATTTATCTTAAATTCTCAACAATTGGTTGAAGCTTTGTCTTTGTGTGATGATTTGTTGGGTTCTCAAGATAGAGAAGAGAATACTAAT,0.09151920282698452,0.07027129710582145,0.05694080348148228,0.09632342802467664,0.21596602167360884,0.25386853904948675,0.15188930110670287,0.06322140673123669,1404.8495938563747
GAAGATTGGTCTTCTACTCCACAATTTGGTGACTTTATCTTAAATTCTCAACAATTGGTTGAAGCTTTGTCTTTGTGTGATGATTTGTTGGGTTCTCAAGATAGAGAAGAGAATACTAAT,0.11353986381162866,0.0966605010501173,0.14671690040372054,0.18920840533767616,0.1764307505416699,0.17211784031154528,0.06885152778334132,0.03647421076030077,961.445027100041
GAAGATTGGTTCTCTACTCCATTTGATGGTTCTCAAATCTTAAATTCTCAACAATTGGTTGAAGCTTTGTCTTTGTGTGATGATTTGTTGGGTTCTCAAGATAGAGAAGAGAATACTAAT,0.07041484730201793,0.08932761607156446,0.09143006020237916,0.15645701310351864,0.19307755194869064,0.23010850437163208,0.11073646407990284,0.058447942920294337,1259.5619682855518
GAAGATTGGTTCTCTGGTACTTCTGATCCACAATTTATCTTAAATTCTCAACAATTGGTTGAAGCTTTGTCTTTGTGTGATGATTTGTTGGGTTCTCAAGATAGAGAAGAGAATACTAAT,0.2264840829222727,0.17090323725960824,0.28182469381296693,0.15726008295489186,0.0,0.12974783338338375,0.0,0.03378006966687641,634.5272846637525
GAAGATTGGTTTACTCCAGATTCTGGTTCTCAATTTATCTTAAATTCTCAACAATTGGTTGAAGCTTTGTCTTTGTGTGATGATTTGTTGGGTTCTCAAGATAGAGAAGAGAATACTAAT,0.002038027346150401,0.002847926985899091,0.002113343630305681,0.07496949046258233,0.17126210815460374,0.3501587567755117,0.31744265897792084,0.07916768766702603,1974.4785940630802
GAAGATTGGTTTCCAACTGATTCTGGTTCTCAATTTATCTTAAATTCTCAACAATTGGTTGAAGCTTTGTCTTTGTGTGATGATTTGTTGGGTTCTCAAGATAGAGAAGAGAATACTAAT,0.0028758684866174032,0.0017360875093883977,0.02676775680797696,0.20665210362817107,0.2994864862122384,0.3078890730616641,0.15363180902634072,0.0009608152676030339,1166.1881837038527
GAAGATTGGTTTGATCCAACTTCTGGTTCTCAATTTATCTTAAATTCTCAACAATTGGTTGAAGCTTTGTCTTTGTGTGATGATTTGTTGGGTTCTCAAGATAGAGAAGAGAATACTAAT,0.3580725232145349,0.296347196712814,0.18445487413720493,0.09838223433701877,0.017073240803708856,0.021174916668303376,0.010712699971464706,0.013782314154950561,388.598967142755
GAAGATTGTGATGTTACTCAAGAACAAGAGAAAGATGATGTTATGGTCTTGATTAATAATCCAAATGATGCTTTGGCTTTGGGTAATTATGAAATTATTGATTTGACTAGAGTTGATAAA,0.1559054456525423,0.1578025099926411,0.18137872659058868,0.15730167322001362,0.19489056442486935,0.1312650375947347,0.016820627112047005,0.004635415412563306,599.521447125286
GAAGATTTGAAGAAAGATTTGGAAGATTGTCAAGATTTGGTCTTGGATCCAGCTAATATTGAATTGGATACTCCACCAGACTTTAGATTGGATCAATTGGAATTTGGTTCTCAAGATTCT,0.016247924429020275,0.026415789742482047,0.11618187759666039,0.18617343447072024,0.2835856042712668,0.2685339550300282,0.09074250811506977,0.012118906344752224,1035.59792171277
GAAGATTTGAAGAAAGATTTGGAAGATTGTCAAGATTTGGTCTTGGATCCAGCTAATATTGAATTGGATACTCCACCAGACTTTAGATTGGCTCAATTGGAATTTGGTTCTCAAGATTCT,0.00035143026150612883,0.03394389918793564,0.0449691239948285,0.17510655362165334,0.33937561604985667,0.3262030984972861,0.07599679179199041,0.004053486594943255,1038.605461381148
GAAGATTTGAAGAAAGATTTGGAAGATTGTCAAGATTTGGTCTTGGATCCAGCTAATATTGAATTGGATACTCCACCAGACTTTAGATTGTCTCAATTGGAATTTGGTGATCAAGATTCT,0.0754846912155115,0.30378771996264764,0.09392911729111994,0.0,0.29753240864866476,0.06918967558307441,0.07000813719885512,0.09006825010012658,1193.3938164845872
GAAGATTTGAAGAAAGATTTGGAAGATTGTCAAGATTTGGTCTTGGATCCAGCTAATATTGAATTGGATACTCCACCAGACTTTAGATTGTCTCAATTGGAATTTGGTGCTCAAGATTCT,0.002856323010116946,0.0031475105899897936,0.032326802448099635,0.11197137960136738,0.5508650885788412,0.24311124454748706,0.05474789080763175,0.0009737604164662871,973.1171053678968
GAAGATTTGAAGAAAGATTTGGAAGATTGTCAAGATTTGGTCTTGGATCCAGCTAATATTGAATTGGATACTCCACCAGACTTTAGATTGTCTCAATTGGAATTTGGTTCTCAAGATTCT,0.18692797234597308,0.0376145292520948,0.09304127317337746,0.04153412716114766,0.036840006205443344,0.034267837771487245,0.34673200416064,0.22304224992983648,2479.001885358563
GAAGATTTGAAGAAAGATTTGGAAGATTGTCAAGATTTGGTCTTGGATCCAGCTAATATTGAATTGGATGATCCACCAGACTTTAGATTGGATCAATTGGAATTTGGTGATCAAGATTCT,0.06761783083376492,0.06317247488281073,0.024040004710444894,0.04292635208194503,0.04283424459138746,0.3408837788200303,0.38971048515444806,0.028814828925168578,1745.0450425747565
GAAGATTTGAAGAAAGATTTGGAAGATTGTCAAGATTTGGTCTTGGATCCAGCTAATATTGAATTGGATGATCCACCAGACTTTAGATTGTCTCAATTGGAATTTGGTTCTCAAGATTCT,0.0006881186967702883,0.0010384987004783454,0.03938787473280263,0.11476703875232477,0.30538875200712223,0.4391480693703413,0.09876058527197956,0.0008210624681808801,1166.0030250895418
GAAGATTTGAAGAAAGATTTGGAAGATTGTCAAGATTTGGTCTTGGATCCAGCTAATATTGAATTGGATGCTCCACCAGACTTTAGATTGGCTCAATTGGAATTTGGTGCTCAAGATTCT,0.001094028706568356,0.0011007281111914701,0.06358309397203026,0.26875275165392376,0.32354571656102976,0.2826105554818004,0.055089792491709776,0.004223333021746256,957.466927793386
GAAGATTTGAAGAAAGATTTGGAAGATTGTCAAGATTTGGTCTTGGATCCAGCTAATATTGAATTGGATGCTCCACCAGACTTTAGATTGTCTCAATTGGAATTTGGTTCTCAAGATTCT,0.12724813860138887,0.14364044877484036,0.17765063791755645,0.14826438294588234,0.1682076234433254,0.12517069665925531,0.06908256626295954,0.04073550539479178,922.3146382925396
GAAGATTTGAAGAGAGATTTGGAAGAATGTCAGAAATTGTCTGTTGTTGATCCAGGTAATATTGAATTGGATACTCCACCAGACTTTAGATTGGATCAATTGGAATTTGAATCTCAAGAT,0.13029191603595486,0.27226337439282244,0.09977126154359872,0.13361529102008282,0.17777145518998144,0.08267972802283881,0.055771844514933985,0.04783512927978696,880.4838486708718
GAAGATTTGAAGAGAGATTTGGAAGAATGTCAGAAATTGTCTGTTGTTGATCCAGGTAATATTGAATTGGATACTCCACCAGACTTTAGATTGGCTCAATTGGAATTTGAATCTCAAGAT,0.08722086545135116,0.07521854740714248,0.04651413666583929,0.006921387326926521,0.018417429437118642,0.05139457474025148,0.23112237222427523,0.48319068674709525,3804.4067610522015
GAAGATTTGAAGAGAGATTTGGAAGAATGTCAGAAATTGTCTGTTGTTGATCCAGGTAATATTGAATTGGATACTCCACCAGACTTTAGATTGTCTCAATTGGAATTTGAAGATCAAGAT,0.009991771580248101,0.13299340456424372,0.10128614859143632,0.23599335969612936,0.31580496647003425,0.1679650821693207,0.032408376191978124,0.0035568907366093326,761.2714350113706
GAAGATTTGAAGAGAGATTTGGAAGAATGTCAGAAATTGTCTGTTGTTGATCCAGGTAATATTGAATTGGATACTCCACCAGACTTTAGATTGTCTCAATTGGAATTTGAAGCTCAAGAT,0.11221562719789961,0.20938335949210132,0.15063668767034133,0.14960130592587284,0.10052545787935259,0.07355866110514868,0.08641310355352697,0.11766579717575658,1338.4515182704279
GAAGATTTGAAGAGAGATTTGGAAGAATGTCAGAAATTGTCTGTTGTTGATCCAGGTAATATTGAATTGGATACTCCACCAGACTTTAGATTGTCTCAATTGGAATTTGAATCTCAAGAT,0.2416532987953899,0.01772845442381876,0.12215956012521953,0.01957583665276076,0.5779533959943226,0.0069218974561249215,0.01400755655236351,0.0,583.6138588327781
GAAGATTTGAAGAGAGATTTGGAAGAATGTCAGAAATTGTCTGTTGTTGATCCAGGTAATATTGAATTGGATGATCCACCAGACTTTAGATTGGATCAATTGGAATTTGAAGATCAAGAT,0.04571771918982261,0.09199535330227873,0.1706660624391971,0.05079083506114539,0.22525267854702435,0.2095255414181194,0.04240081407131904,0.16365099597109334,1720.3213342441668
GAAGATTTGAAGAGAGATTTGGAAGAATGTCAGAAATTGTCTGTTGTTGATCCAGGTAATATTGAATTGGATGATCCACCAGACTTTAGATTGTCTCAATTGGAATTTGAATCTCAAGAT,0.3646164753426324,0.3095290498519641,0.12760573044066797,0.08861049194602069,0.06736789299266907,0.0,0.042270359426045734,0.0,373.4710111953507
GAAGATTTGAAGAGAGATTTGGAAGAATGTCAGAAATTGTCTGTTGTTGATCCAGGTAATATTGAATTGGATGCTCCACCAGACTTTAGATTGGCTCAATTGGAATTTGAAGCTCAAGAT,0.021922334187396687,0.07161271272905126,0.13841374628879952,0.24055828168438434,0.2915833698848194,0.20137101942677693,0.029489327343447697,0.005049208455324108,791.6503939367507
GAAGATTTGAAGAGAGATTTGGAAGAATGTCAGAAATTGTCTGTTGTTGATCCAGGTAATATTGAATTGGATGCTCCACCAGACTTTAGATTGTCTCAATTGGAATTTGAATCTCAAGAT,0.06820744810088313,0.05718760323390133,0.06365527853692116,0.14523764177214654,0.2240401993486629,0.2292374892401888,0.11070302519017337,0.10173131457712282,1534.9147656387104
GAAGATTTGATGAAAGATGAAGAACAAGAGAAAGATAGAGATAATGAGAATCAAGGTGAAGAAGATCCAACTTGGTTTGATTCTGGTTCTCAATTTATCTTAAATTCTCAACAATTGGTT,0.014632255173644755,0.048784194099582436,0.36498496070589037,0.19124634239322016,0.21138030145674414,0.16786920171734027,0.0005321826661491582,0.0005705617874286478,624.8913524527563
GAAGCATTCTCATTCTGTGATGACTTCTTTGGTTCTCAAGATAGAGAAGAGAATACTAATTCTGGTTCATTTAAAGATAAACAACCATGTATTGCTGACTTTGCTCACTTTGGTCCAGAA,0.27265265079377243,0.18991541711555665,0.10439212101767753,0.06990181047217403,0.04133441272803928,0.05767266739228424,0.038903260998578465,0.22522765948191736,1796.4841138220872
GAAGCTATGTCTATGTGTGATGATATGATGGGTTCTCAAGATAGAGAAGAGAATACTAATTCTGGTTCTATGAAAGATAAACAACCATGTATTGCTGATATGGCTCATATGGGTCCAGAA,0.4308132027181351,0.23167226502114044,0.055456648453315084,0.09077254109040343,0.06587474150357399,0.04765861992971446,0.06888912202228979,0.00886285926142769,531.031299989145
GAAGCTATTTCTATTTGTGATGATATTATTGGTTCTCAAGATAGAGAAGAGAATACTAATTCTGGTTCTATTAAAGATAAACAACCATGTATTGCTGATATTGCTCATATTGGTCCAGAA,0.24701104471584925,0.2672291425515287,0.2344834189817057,0.14527685340920735,0.05341037617342132,0.03555679589013802,0.009803771831525063,0.007228596446624714,408.4891368960475
GAAGCTCAATTCTTGTTGGATGCTCAACAATTGGTTGAAGGTTTGTCTTTGTGTGATGAATTGTTGCAAGCTCAATCTTCTTCTGGTGATGGTGATGGTAAAGAACAGAAAGAGAAACCA,0.021181204279677016,0.026638637130305537,0.030749552268616927,0.03333643246811562,0.027829460631600134,0.019414806220582743,0.2995781479449748,0.5412717590561271,4301.134000435899
GAAGCTCAATTCTTGTTGGATTCTCAACAATTGGTTGAAGGTTTGTCTTTGTGTGATGAATTGTTGCAATCTCAATCTTCTTCTGGTGATGGTGATGGTAAAGAACAGAAAGAGAAACCA,0.04687074386877837,0.1650521670105612,0.025921533242066554,0.046286050100869496,0.0923734673472875,0.1766214607149002,0.2946312516954671,0.1522433260200695,2120.9851928690405
GAAGCTCCAACTTGGTTTGATTCTGGTTCTCAATTTATCTTAAATTCTCAACAATTGGTTGAAGCTTTGTCTTTGTGTGATGATTTGTTGGGTTCTCAAGATAGAGAAGAGAATACTAAT,0.1572679922135679,0.09493862399448805,0.0,0.13977552326704895,0.18596747409239003,0.25947484362922035,0.087514745031746,0.07506079777153876,1315.2073156497681
GAAGCTCCAACTTGGTTTGATTCTGGTTCTCAATTTATCTTAAATTCTCAACAATTGGTTGAAGCTTTGTCTTTGTGTGATGATTTGTTGGGTTCTCAAGATAGAGAAGCTAATACTAAT,0.1230651462050132,0.12381874910819128,0.0680603083071183,0.1215299577677587,0.107794835339638,0.2256043551187967,0.16486389420363087,0.0652627539498531,1362.115159776682
GAAGCTCCAACTTGGTTTGATTCTGGTTCTCAATTTATCTTAAATTCTCAACAATTGGTTGAAGCTTTGTCTTTGTGTGATGATTTGTTGGGTTCTCAAGATAGAGCTGAGAATACTAAT,0.24844327513436068,0.23746641250660075,0.10820233883293003,0.1380060251585031,0.03672264114400622,0.07970355665088417,0.09216730233197325,0.0592884482407418,948.030876149363
GAAGCTCCAACTTGGTTTGATTCTGGTTCTCAATTTATCTTAAATTCTCAACAATTGGTTGAAGCTTTGTCTTTGTGTGATGATTTGTTGGGTTCTCAAGCTAGAGAAGAGAATACTAAT,0.10984262259230876,0.041443220971412564,0.021356608072813945,0.06864267787021408,0.1352995370067336,0.21080365149970737,0.23239855021818942,0.1802131317686202,2206.6030591336084
GAAGCTCCAACTTGGTTTGATTCTGGTTCTCAATTTATCTTAAATTCTCAACAATTGGTTGAAGCTTTGTCTTTGTGTGATGCTTTGTTGGGTTCTCAAGATAGAGAAGAGAATACTAAT,0.16226135335541883,0.12244123389493691,0.05047733999342728,0.09013342945712778,0.11992003904290277,0.18591204086466825,0.07524449596903009,0.19361006742248807,1885.4060821817911
GAAGCTCCAACTTGGTTTGATTCTGGTTCTCAATTTATCTTAAATTCTCAACAATTGGTTGAAGCTTTGTCTTTGTGTGCTGATTTGTTGGGTTCTCAAGATAGAGAAGAGAATACTAAT,0.15614263471828083,0.18851854949476055,0.11657733202133638,0.10408150205036046,0.10770477237393951,0.17174541857765702,0.04344425929784491,0.11178553146582038,1297.4019812188492
GAAGCTCCAACTTGGTTTGATTCTGGTTCTCAATTTATCTTAAATTCTCAACAATTGGTTGCTGCTTTGTCTTTGTGTGATGATTTGTTGGGTTCTCAAGATAGAGAAGAGAATACTAAT,0.091312289509231,0.045935725158133475,0.05113086078772818,0.07608364192878445,0.1754604534670187,0.2636466135900222,0.2582966125494343,0.03813380300964775,1485.5837733908277
GAAGCTCCAACTTGGTTTGATTCTGGTTCTCAATTTATCTTAAATTCTCAACAATTGGTTGCTGCTTTGTCTTTGTGTGCTGCTTTGTTGGGTTCTCAAGCTAGAGCTGCTAATACTAAT,0.00564986546658925,0.009095140858644199,0.09491027534000142,0.3816299789028124,0.2839381096387084,0.192129665963063,0.0178158547284331,0.014831109101748181,841.583903158387
GAAGCTCCAACTTGGTTTGCTTCTGGTTCTCAATTTATCTTAAATTCTCAACAATTGGTTGAAGCTTTGTCTTTGTGTGATGATTTGTTGGGTTCTCAAGATAGAGAAGAGAATACTAAT,0.019176336771288143,0.0445760268806461,0.1003540875848164,0.23459047492574092,0.3234099416538816,0.2280146000974305,0.04105712819050923,0.008821403895687122,884.3644360100185
GAAGCTCCAACTTGGTTTGCTTCTGGTTCTCAATTTATCTTAAATTCTCAACAATTGGTTGAAGCTTTGTCTTTGTGTGCTGCTTTGTTGGGTTCTCAAGCTAGAGAAGAGAATACTAAT,0.15390413915005222,0.19742939970585396,0.24896311578600644,0.14106037889448936,0.09478633284143755,0.07053468251120207,0.042821432725982184,0.05050051838497614,821.5881766066758
GAAGCTCCAACTTGGTTTGCTTCTGGTTCTCAATTTATCTTAAATTCTCAACAATTGGTTGAAGCTTTGTCTTTGTGTGCTGCTTTGTTGGGTTCTCAAGCTAGAGCTGCTAATACTAAT,0.09005004907342683,0.12231199855740152,0.12886149109282616,0.15006382440294536,0.23071333961099832,0.20222388505786879,0.05428588840607738,0.021489523798455718,889.4540878535759
GAAGCTCCAACTTGGTTTGCTTCTGGTTCTCAATTTATCTTAAATTCTCAACAATTGGTTGCTGCTTTGTCTTTGTGTGATGCTTTGTTGGGTTCTCAAGCTAGAGCTGCTAATACTAAT,0.196778244050571,0.07569947304049789,0.08642129464680535,0.09644733242747833,0.14257834733274713,0.17506305988440687,0.17176622903231786,0.05524601958517554,1267.7037321998175
GAAGCTCCAACTTGGTTTGCTTCTGGTTCTCAATTTATCTTAAATTCTCAACAATTGGTTGCTGCTTTGTCTTTGTGTGCTGATTTGTTGGGTTCTCAAGATAGAGAAGAGAATACTAAT,0.04887117237118796,0.34419308243940094,0.12162535231685646,0.08144132184865381,0.04815796883757941,0.04479558049821044,0.13597643516867,0.17493908651944104,1731.3135503529106
GAAGCTCCAACTTGGTTTGCTTCTGGTTCTCAATTTATCTTAAATTCTCAACAATTGGTTGCTGCTTTGTCTTTGTGTGCTGATTTGTTGGGTTCTCAAGCTAGAGCTGCTAATACTAAT,0.03656021334536182,0.052908628092282216,0.10095834764684701,0.22756735758825197,0.29907071522733036,0.23641525784685444,0.03994606014954676,0.006573420103525306,861.0860890177792
GAAGCTCCAACTTGGTTTGCTTCTGGTTCTCAATTTATCTTAAATTCTCAACAATTGGTTGCTGCTTTGTCTTTGTGTGCTGCTTTGTTGGGTTCTCAAGATAGAGCTGCTAATACTAAT,0.21669917648594497,0.3025669126295194,0.21461849550017775,0.10808978652633357,0.06536839831613914,0.044589877320257355,0.01640630614485038,0.031661047076777374,581.933418515603
GAAGCTCCAACTTGGTTTGCTTCTGGTTCTCAATTTATCTTAAATTCTCAACAATTGGTTGCTGCTTTGTCTTTGTGTGCTGCTTTGTTGGGTTCTCAAGCTAGAGAAGCTAATACTAAT,0.06945088035340119,0.09316822723573584,0.09602329487300275,0.19718046171161754,0.14447884150410395,0.18390392789737792,0.11451038307399632,0.10128398335076445,1462.8763057439573
GAAGCTCCAACTTGGTTTGCTTCTGGTTCTCAATTTATCTTAAATTCTCAACAATTGGTTGCTGCTTTGTCTTTGTGTGCTGCTTTGTTGGGTTCTCAAGCTAGAGCTGAGAATACTAAT,0.46710605037333874,0.27174929362117456,0.12652883066678647,0.04236236535053151,0.04070585808541865,0.020388187053811794,0.023576415898482354,0.0075829989504557025,363.6565587103362
GAAGCTCCAACTTGGTTTGCTTCTGGTTCTCAATTTATCTTAAATTCTCAACAATTGGTTGCTGCTTTGTCTTTGTGTGCTGCTTTGTTGGGTTCTCAAGCTAGAGCTGCTAATACTAAT,0.48282381980478245,0.24005102865587225,0.16703428933979808,0.06718842154357203,0.019137975722617964,0.020134757211224725,0.002309274882421278,0.0013204328397112956,271.81923891410116
GAAGCTCCAGAATATAATGATGGATTTGATGCTGCTCCATTTGTTGGTAATGGTGATATGGATCATTCTTTGGCTGGTGATCCATGGTATCCATTGTTTCCACCAGAAGATCAATTTGAA,0.10358890825270212,0.16377938701045128,0.09207178830044944,0.23016752569749227,0.13124208742985433,0.10851446020713515,0.08234857824762536,0.08828726485429013,1220.1336132303757
GAAGCTCCAGAATATAATGATGGATTTGATGCTTCTCCATTTGTTGGTAATGGTGATATGGATCATTCTTTGGCTGGTGATCCATGGTATCCATTGTTTCCACCAGAAGATCAATTTGAA,0.0017782846716260978,0.0026366777575212823,0.0016304860142177893,0.002911431073080883,0.0014756490093470072,0.0012010418240897727,0.43288914068266093,0.5554772889674563,4658.8315375644825
GAAGCTGAAGAAGATCCAAGACAAGTTGTTTGGAAAGAGAATCCAGAAAGACATTGTCCTAAATGTCAACATGTTATTGATAATGAAGATGTTGTTGATGATTGGCCAGGTTTGCCAAGA,0.3338369873293176,0.2425809206089289,0.13077688007270813,0.05494541742395602,0.07919530740068488,0.09066571416153707,0.045869110548379215,0.02212966245448823,620.7522536780823
GAAGCTGAAGAAGATCCAAGACAAGTTGTTTGGAAAGAGAATCCAGAAAGACATTGTCCTAAATGTCAACATGTTATTGATAATTCTGATGTTGTTGATGATTGGCCAGGTTTGCCAAGA,0.11387700409185286,0.1994941491205993,0.2150543223814398,0.21135194516958733,0.12013620355297289,0.08841623453601866,0.026093121782552017,0.02557701936497735,681.224047791932
GAAGCTGATTTGCCAGATTTGCCAGAACCAGCTTTGGATGAACAAGGTGAAGAACATATTTCTTCTATTACTAATCAAGAAGTCTTGCATAATAATGAACATACTGCTGATAGAGAAGCT,0.3732221133492587,0.4327916443185937,0.10034738725083521,0.019145233743648318,0.05601070456433186,0.0005236184762502491,0.004326801980682997,0.013632496316398837,341.57955349151166
GAAGCTGCTTCTGCTTGTGATGATTTGTTGGGTTCTCAAGATAGAGAAGAGAATACTAATTCTGGTTCTTTGAAAGATAAACAACCATGTATTGCTGATTATGCTCATTTGGGTCCAGAA,0.13969573534606686,0.1104330680227835,0.07449853302758315,0.17736825467098735,0.18682032243349284,0.18292266481534517,0.09254325090596009,0.035718170777781055,1018.3076989192663
GAAGCTGCTTCTTTGTGTGATGATGCTTTGGGTTCTCAAGATAGAGAAGAGAATACTAATTCTGGTTCTTTGAAAGATAAACAACCATGTATTGCTGATTATGCTCATTTGGGTCCAGAA,0.008872840452552103,0.016366486148801047,0.022081777328696272,0.026286465958827054,0.03934509425029252,0.06777411226555054,0.3799100917525604,0.4393631318427201,3925.9137924924967
GAAGCTGCTTCTTTGTGTGATGATTTGGCTGGTTCTCAAGATAGAGAAGAGAATACTAATTCTGGTTCTTTGAAAGATAAACAACCATGTATTGCTGATTATGCTCATTTGGGTCCAGAA,0.1282632080201782,0.08603242788284682,0.10640258941923436,0.18999476376376156,0.25278278687193123,0.11756674908854742,0.11895747495350055,0.0,830.9611052237149
GAAGCTGCTTCTTTGTGTGATGATTTGTTGGGTTCTCAAGATAGAGAAGAGAATACTAATTCTGGTTCTGCTAAAGATAAACAACCATGTATTGCTGATTATGCTCATTTGGGTCCAGAA,0.40223771579648343,0.2632260864288178,0.23305909780015882,0.053947746039028584,0.027688185408807558,0.011118072791539898,0.007992133813504181,0.0007309619216598205,286.32403064410914
GAAGCTGCTTCTTTGTGTGATGATTTGTTGGGTTCTCAAGATAGAGAAGAGAATACTAATTCTGGTTCTTTGAAAGATAAACAACCATGTATTGCTGATGCTGCTCATTTGGGTCCAGAA,0.4814625960487415,0.28528611651954644,0.16413591587650433,0.04830898020091541,0.011584146355992687,0.005884317183311033,0.0016029795956019957,0.0017349482193864839,247.76806938314067
GAAGCTGCTTCTTTGTGTGATGATTTGTTGGGTTCTCAAGATAGAGAAGAGAATACTAATTCTGGTTCTTTGAAAGATAAACAACCATGTATTGCTGATTATGCTCATGCTGGTCCAGAA,0.12992991265485418,0.2054258685401138,0.046193669239839946,0.18558993230940057,0.07316215711178989,0.15312144800165595,0.20657701214234567,0.0,973.6648443814108
GAAGCTGCTTCTTTGTGTGATGATTTGTTGGGTTCTCAAGATAGAGAAGAGAATACTAATTCTGGTTCTTTGAAAGATAAACAACCATGTATTGCTGATTATGCTCATTTGGGTCCAGAA,0.19839968491726723,0.2569564474146664,0.22195205343556276,0.18729560021879857,0.07856795425071486,0.037745297866174275,0.010973899763204814,0.008109062133611017,446.24191158565645
GAAGCTGGTTTGGCTGCTCCAAGATTGTCATTCTTGCCAGCTGGTCATACTAGAAGATTGGATACTGCTCCACCAACTGATGTTTCTTTGGGTGATGAATTGCATTTGGATGGTGAAGAT,0.29067039378780896,0.19640447694130275,0.26496408022510326,0.11776657080061789,0.10502758245716434,0.017627496502363404,0.0031159305890317165,0.0044234686966075805,375.31189458640426
GAAGCTGGTTTGGCTGCTCCAAGATTGTCATTCTTGCCAGCTGGTCATACTAGAAGATTGGCTACTGCTCCACCAACTGATGTTTCTTTGGGTGATGAATTGCATTTGGATGGTGAAGAT,0.06019058442111398,0.07569896007251607,0.08113944347229354,0.16438800597525496,0.14580913514161617,0.20689130515364407,0.17910086473447567,0.08678170102908556,1544.2333854711687
GAAGCTGGTTTGGCTGCTCCAAGATTGTCATTCTTGCCAGCTGGTCATACTAGAAGATTGTCTACTGCTCCACCAACTGATGTTTCTTTGGGTGATGAATTGCATTTGGATGGTGAAGAT,0.2263816232582281,0.22215553170140148,0.23693574802084752,0.1877889719574945,0.051405136210189675,0.05501167629196981,0.00957127363726604,0.01075003892260282,462.90343491943753
GAAGCTGTTTCTGTTTGTGATGATGTTGTTGGTTCTCAAGATAGAGAAGAGAATACTAATTCTGGTTCTGTTAAAGATAAACAACCATGTATTGCTGATGTTGCTCATGTTGGTCCAGAA,0.023350467503395995,0.028714224793139162,0.0209849425926581,0.027382775974775342,0.04346276942870449,0.08561265842158444,0.27672000069864905,0.4937721605870935,4037.056978152224
GAAGCTTATTCTTATTGTGATGATTATTATGGTTCTCAAGATAGAGAAGAGAATACTAATTCTGGTTCTTATAAAGATAAACAACCATGTATTGCTGATTATGCTCATTATGGTCCAGAA,0.12169114027262294,0.20406054883327876,0.15142595410933452,0.09012981900703142,0.159886980584993,0.11154275630218101,0.11286222288129662,0.0484005780092617,1036.221922587203
GAAGCTTGGTCTTGGTGTGATGATTGGTGGGGTTCTCAAGATAGAGAAGAGAATACTAATTCTGGTTCTTGGAAAGATAAACAACCATGTATTGCTGATTGGGCTCATTGGGGTCCAGAA,0.0023794508479512144,0.00387268212271553,0.005103131918827359,0.029140580614934238,0.09723717603989032,0.24793037125819808,0.3463534824371668,0.2679831247603165,3031.979288170635
GAAGCTTTGGAATTGTGTGATGATTTGTTGGGTGAACAAGATAGAGAAGAGAATGAGAATGAAGGTGAATTGAAAGATAAACAACCATGTATTGCTGATGAAGCTCATTTGGGTCCAGAA,0.2446422760443181,0.27049524858952456,0.22487828619443503,0.16370685149865524,0.050944023570599774,0.029940197477293883,0.011353691409216389,0.004039425215957083,388.8086541027386
GAAGCTTTGGATGATAAAGAAGAACAAGAGAAAGATAGAGATAATGAGAATCAAGGTGAAGAAGATCCAACTTGGTTTGATTCTGGTTCTCAATTTATCTTAAATTCTCAACAATTGGTT,0.007700561033012701,0.008854532870865739,0.010951047747260972,0.03299809655050611,0.12574702541085309,0.18452611087042298,0.3877015730095884,0.24152105250749,2912.330798616499
GAAGCTTTGGATTTGTGTGATGATTTGTTGGGTGATCAAGATAGAGAAGAGAATGATAATGATGGTGATTTGAAAGATAAACAACCATGTATTGCTGATGATGCTCATTTGGGTCCAGAA,0.23386936483524134,0.11765074475427384,0.09700484803244022,0.21651744199154113,0.1920469852564175,0.142910615130086,0.0,0.0,542.6732225497775
GAAGCTTTGGCTTTGTGTGATGATTTGTTGGGTGCTCAAGATAGAGAAGAGAATGCTAATGCTGGTGCTTTGAAAGATAAACAACCATGTATTGCTGATGCTGCTCATTTGGGTCCAGAA,0.3587672803305814,0.303362372344487,0.18740601058274176,0.10220900810094384,0.014655570810607874,0.024629394493867668,0.008178720762149759,0.0007916425746207841,306.87417869057543
GAAGCTTTGTCTAGATTCTTTCATGCTGAATTGAGAGCTAGAGAAGAATCTTATAGAACTGTCTTGGCTAACTTCTGTTCTGCTTTGTATAGATATTTGAGAGCTTCTGTTAGACAATTG,0.10447090154922918,0.160432030326084,0.13684000943366645,0.20158419509658526,0.20047437563534082,0.10583844434163639,0.05099544438937485,0.03936459922808307,878.2870548928638
GAAGCTTTGTCTGCTGCTGCTGCTGCTGCTGCTGCTCAAGATAGAGAAGAGAATACTAATTCTGGTTCTTTGAAAGATAAACAACCATGTATTGCTGATTATGCTCATTTGGGTCCAGAA,0.16154162504551756,0.08126542144076877,0.06700458950445885,0.039881614484111996,0.10612277364423522,0.04935664194545636,0.2164088062481976,0.2784185276872536,2564.7982593246384
GAAGCTTTGTCTGCTGCTGCTGCTTTGTTGGGTTCTCAAGATAGAGAAGAGAATACTAATGCTGCTGCTGCTAAAGATAAACAACCATGTATTGCTGATTATGCTCATTTGGGTCCAGAA,0.07019225389835217,0.08631588026583428,0.058228994013482506,0.15596242566339094,0.1690770895102748,0.15012339757140283,0.15189924400379803,0.1582007150734645,1860.6855032332678
GAAGCTTTGTCTGCTGCTGCTGCTTTGTTGGGTTCTCAAGATAGAGAAGAGAATACTAATTCTGGTTCTTTGAAAGATAAACAACCATGTATTGCTGATTATGCTCATGCTGCTGCTGCT,0.06044804250091759,0.31473419902719857,0.026326410215508574,0.32570526401098127,0.16231705412070327,0.02354797592388704,0.04905462202440256,0.03786643217640123,775.391066463699
GAAGCTTTGTCTGCTGCTGCTGCTTTGTTGGGTTCTCAAGATAGAGAAGAGAATACTAATTCTGGTTCTTTGAAAGATAAACAACCATGTATTGCTGATTATGCTCATTTGGGTCCAGAA,0.2601099744679339,0.1682375055355847,0.2543097518721502,0.10320477053129548,0.0549244389615225,0.06811948776654687,0.0689252898685761,0.022168780996390212,666.9904152016626
GAAGCTTTGTCTGCTGCTGCTGCTTTGTTGGGTTCTCAAGATAGAGAAGAGAATACTAATTCTGGTTCTTTGAAAGATAAACAACCATGTATTGCTGCTGCTGCTGCTTTGGGTCCAGAA,0.025392660819178445,0.030657786671019382,0.06003481418843536,0.18336750076028427,0.2477187102355284,0.235078005266856,0.09655654280058468,0.12119397925811341,1652.992053693925
GAAGCTTTGTCTGCTGCTGCTGCTTTGTTGGGTTCTCAAGATAGAGAAGAGAATACTAATTCTGGTTCTTTGAAAGATAAACAAGCTGCTGCTGCTGATTATGCTCATTTGGGTCCAGAA,0.07416614271063222,0.13108972888169626,0.09478266667153161,0.169245978518467,0.21925138785300274,0.20945524072933905,0.06134900838687556,0.04065984624845563,1028.3426905423732
GAAGCTTTGTCTGCTGCTGCTGCTTTGTTGGGTTCTCAAGATAGAGAAGAGAATACTAATTCTGGTTCTTTGGCTGCTGCTGCTCCATGTATTGCTGATTATGCTCATTTGGGTCCAGAA,0.1848776153944626,0.15500811143631463,0.18404146261985996,0.1026963793951513,0.09716245122513427,0.056486606867939756,0.08001672108239016,0.1397106519787473,1422.2388792260556
GAAGCTTTGTCTGCTGCTGCTGCTTTGTTGGGTTCTCAAGATAGAGAAGCTGCTGCTGCTTCTGGTTCTTTGAAAGATAAACAACCATGTATTGCTGATTATGCTCATTTGGGTCCAGAA,0.1443856470915232,0.26585266166184235,0.24613110442654088,0.2284085501467989,0.1064906931215541,0.004059652263865076,0.003614753898474613,0.0010569373894008867,380.1406472148135
GAAGCTTTGTCTGCTGCTGCTGCTTTGTTGGGTTCTGCTGCTGCTGCTGAGAATACTAATTCTGGTTCTTTGAAAGATAAACAACCATGTATTGCTGATTATGCTCATTTGGGTCCAGAA,0.6353277403905856,0.16809168892395734,0.12202313856492146,0.010087368240117458,0.008947309934326561,0.025681193327847043,0.01900753346068719,0.010834027157557357,337.9691356758832
GAAGCTTTGTCTGCTTGTGATGATGCTGCTGGTTCTCAAGATAGAGAAGAGAATACTAATTCTGGTTCTTTGAAAGATAAACAACCATGTATTGCTGATTATGCTCATTTGGGTCCAGAA,0.4771231979849609,0.22855079552422092,0.2095435126725062,0.009256696734861165,0.010803315264067016,0.01607844484276249,0.029283553267433662,0.01936048370918772,426.94834908152063
GAAGCTTTGTCTGCTTGTGATGATGCTTTGGGTTCTCAAGATAGAGAAGAGAATACTAATTCTGGTTCTTTGAAAGATAAACAACCATGTATTGCTGATTATGCTCATTTGGGTCCAGAA,0.47993317390983475,0.3144337231394261,0.15328310932622877,0.01575468021208388,0.010121788744234837,0.013753753885306806,0.006042903114612431,0.00667686766827228,287.6599365096651
GAAGCTTTGTCTGCTTGTGATGATTTGGCTGGTTCTCAAGATAGAGAAGAGAATACTAATTCTGGTTCTTTGAAAGATAAACAACCATGTATTGCTGATTATGCTCATTTGGGTCCAGAA,0.16792917974523802,0.22271672098601053,0.15197243662037418,0.1865636217541787,0.08273924905737702,0.09095555948033779,0.04247607464622146,0.054647157710262344,863.4736363919505
GAAGCTTTGTCTGCTTGTGATGATTTGTTGGGTTCTCAAGATAGAGAAGAGAATACTAATTCTGGTTCTGCTAAAGATAAACAACCATGTATTGCTGATTATGCTCATTTGGGTCCAGAA,0.10802453918875836,0.0543430196436722,0.022403327633703052,0.06000579917068421,0.10644807847935091,0.21453439789058046,0.2838636171477243,0.1503772208455265,2132.0002970079463
GAAGCTTTGTCTGCTTGTGATGATTTGTTGGGTTCTCAAGATAGAGAAGAGAATACTAATTCTGGTTCTTTGAAAGATAAACAACCATGTATTGCTGATGCTGCTCATTTGGGTCCAGAA,0.1574545202594096,0.0704083156718115,0.13061866243614323,0.1554903381465227,0.15515670101785906,0.24855742050526547,0.04056413985478533,0.04174990210820311,987.9920411277185
GAAGCTTTGTCTGCTTGTGATGATTTGTTGGGTTCTCAAGATAGAGAAGAGAATACTAATTCTGGTTCTTTGAAAGATAAACAACCATGTATTGCTGATTATGCTCATGCTGGTCCAGAA,0.13322375408879475,0.19496663904015932,0.07535296484544478,0.04036556487822079,0.04773801729616153,0.044404949964302776,0.1460232377220663,0.31792487216484977,2607.249858450181
GAAGCTTTGTCTGCTTGTGATGATTTGTTGGGTTCTCAAGATAGAGAAGAGAATACTAATTCTGGTTCTTTGAAAGATAAACAACCATGTATTGCTGATTATGCTCATTTGGGTCCAGAA,0.4364942393288984,0.3726851963830338,0.07915252910611319,0.06640377113650878,0.003782499616221265,0.0371945732223229,0.003305738109353262,0.0009814530975483131,278.80324717584983
GAAGCTTTGTCTTTGTGTGAAGAATTGTTGGGTTCTCAAGAAAGAGAAGAGAATACTAATTCTGGTTCTTTGAAAGAGAAACAACCATGTATTGCTGAATATGCTCATTTGGGTCCAGAA,0.10427882883865419,0.14510322062086217,0.19111659474084522,0.23904457050225747,0.1844322447714001,0.11025345820440183,0.019264158411003946,0.006506923910575129,613.1346455436569
GAAGCTTTGTCTTTGTGTGATGATGCTGCTGCTGCTCAAGATAGAGAAGAGAATACTAATGCTGCTGCTGCTAAAGATAAACAACCATGTATTGCTGATTATGCTCATTTGGGTCCAGAA,0.3828413189716646,0.30865322518131394,0.20785221720915692,0.05534193800587408,0.014231902431215271,0.010939376773000043,0.008181273164129562,0.01195874826364549,347.7677758493159
GAAGCTTTGTCTTTGTGTGATGATGCTGCTGCTGCTCAAGATAGAGAAGAGAATACTAATTCTGGTTCTTTGAAAGATAAACAACCATGTATTGCTGATTATGCTCATGCTGCTGCTGCT,0.12342433753254739,0.16933655452249763,0.16754471148075106,0.16205120675329196,0.12162313921070393,0.10284674024530722,0.07284433766469157,0.08032897259020919,1126.0070607684981
GAAGCTTTGTCTTTGTGTGATGATGCTGCTGCTGCTCAAGATAGAGAAGAGAATACTAATTCTGGTTCTTTGAAAGATAAACAACCATGTATTGCTGATTATGCTCATTTGGGTCCAGAA,0.10912056559230754,0.1372359716607912,0.10183785188108767,0.030307311623343106,0.21505621994988158,0.17503587442162435,0.1012036666533136,0.130202538217651,1592.453287153999
GAAGCTTTGTCTTTGTGTGATGATGCTGCTGCTGCTCAAGATAGAGAAGAGAATACTAATTCTGGTTCTTTGAAAGATAAACAACCATGTATTGCTGCTGCTGCTGCTTTGGGTCCAGAA,0.4668494802991625,0.34997217576471346,0.09165942213182646,0.04558649842366476,0.0025067138897134117,0.026763805548033905,0.01600205522963081,0.0006598487132547489,287.58400341547883
GAAGCTTTGTCTTTGTGTGATGATGCTGCTGCTGCTCAAGATAGAGAAGAGAATACTAATTCTGGTTCTTTGAAAGATAAACAAGCTGCTGCTGCTGATTATGCTCATTTGGGTCCAGAA,0.12198831740999064,0.10739341045482699,0.07589787273180762,0.1694061027856562,0.10518206624529844,0.18169961951543892,0.18384898880965955,0.05458362204732148,1303.1921049142234
GAAGCTTTGTCTTTGTGTGATGATGCTGCTGCTGCTCAAGATAGAGAAGAGAATACTAATTCTGGTTCTTTGGCTGCTGCTGCTCCATGTATTGCTGATTATGCTCATTTGGGTCCAGAA,0.12665723422662156,0.08245653943629395,0.15760549613265812,0.20968830729302307,0.17864797105331756,0.1570693065444009,0.05527906707303164,0.03259607824065318,894.8509985789959
GAAGCTTTGTCTTTGTGTGATGATGCTGCTGCTGCTCAAGATAGAGAAGCTGCTGCTGCTTCTGGTTCTTTGAAAGATAAACAACCATGTATTGCTGATTATGCTCATTTGGGTCCAGAA,0.06229581280941547,0.11490836141208233,0.02583919385462017,0.21916035977592416,0.14323562450006697,0.24743627313826214,0.12518162870295632,0.06194274580667238,1317.6304351262095
GAAGCTTTGTCTTTGTGTGATGATGCTGCTGCTGCTGCTGCTGCTGCTGAGAATACTAATTCTGGTTCTTTGAAAGATAAACAACCATGTATTGCTGATTATGCTCATTTGGGTCCAGAA,0.16080436890109928,0.13624342911019863,0.08425110162194654,0.12223297799852587,0.1417779094481294,0.16290932685989185,0.14128836101218709,0.0504925250480214,1162.1211666113318
GAAGCTTTGTCTTTGTGTGATGATGCTGCTGGTTCTCAAGATAGAGAAGAGAATACTAATTCTGGTTCTGCTAAAGATAAACAACCATGTATTGCTGATTATGCTCATTTGGGTCCAGAA,0.5894671705858068,0.272424822562269,0.004946261314132903,0.011689611783716526,0.01635914228509779,0.027004723423059544,0.06527440350579494,0.012833864540122406,458.2154527701664
GAAGCTTTGTCTTTGTGTGATGATGCTGCTGGTTCTCAAGATAGAGAAGAGAATACTAATTCTGGTTCTTTGAAAGATAAACAACCATGTATTGCTGATTATGCTCATTTGGGTCCAGAA,0.19159836538751812,0.2491202718937445,0.18339597733685264,0.14736411971538277,0.10166275887878452,0.07294988617170532,0.03280570143970977,0.021102919176302425,616.4733850700483
GAAGCTTTGTCTTTGTGTGATGATGCTTTGGGTTCTCAAGATAGAGAAGAGAATACTAATTCTGGTTCTGCTAAAGATAAACAACCATGTATTGCTGATTATGCTCATTTGGGTCCAGAA,0.3624338836741775,0.29824417796098857,0.171647228590093,0.12443203144141973,0.01099969508996058,0.00746370139726083,0.0171545233949913,0.007624758451108478,352.16648725189793
GAAGCTTTGTCTTTGTGTGATGATGCTTTGGGTTCTCAAGATAGAGAAGAGAATACTAATTCTGGTTCTTTGAAAGATAAACAACCATGTATTGCTGATGCTGCTCATTTGGGTCCAGAA,0.29905878046191003,0.2876400551401906,0.207049078866818,0.12373680594853063,0.042080878707057366,0.021968048837430507,0.009557300553435809,0.008909051484626975,384.1579412069321
GAAGCTTTGTCTTTGTGTGATGATGCTTTGGGTTCTCAAGATAGAGAAGAGAATACTAATTCTGGTTCTTTGAAAGATAAACAACCATGTATTGCTGATTATGCTCATGCTGGTCCAGAA,0.06837115506422592,0.20636949996464005,0.02835913763857038,0.025319344602388858,0.20212013311021776,0.14622852984585213,0.10568450209581329,0.21754769767829168,2093.693759708837
GAAGCTTTGTCTTTGTGTGATGATGCTTTGGGTTCTCAAGATAGAGAAGAGAATACTAATTCTGGTTCTTTGAAAGATAAACAACCATGTATTGCTGATTATGCTCATTTGGGTCCAGAA,0.24788691168439891,0.2513710152754472,0.2199398443450023,0.13731881147711647,0.0821848969396978,0.04751866628334342,0.0076850888663183865,0.00609476512867543,422.1466072480191
GAAGCTTTGTCTTTGTGTGATGATTTGGCTGGTTCTCAAGATAGAGAAGAGAATACTAATTCTGGTTCTGCTAAAGATAAACAACCATGTATTGCTGATGCTGCTCATTTGGGTCCAGAA,0.3925662617590367,0.25615908382084857,0.14200342413080508,0.14616837280251965,0.006717209033873967,0.022161948720964303,0.011375733538989881,0.02284796619296195,445.7987092206763
GAAGCTTTGTCTTTGTGTGATGATTTGGCTGGTTCTCAAGATAGAGAAGAGAATACTAATTCTGGTTCTGCTAAAGATAAACAACCATGTATTGCTGATTATGCTCATTTGGGTCCAGAA,0.08304895222352417,0.08355751157953618,0.07381548542866316,0.18452913702330856,0.1987469363842448,0.08699784922261504,0.17605393617055937,0.1132501919675487,1594.644737993748
GAAGCTTTGTCTTTGTGTGATGATTTGGCTGGTTCTCAAGATAGAGAAGAGAATACTAATTCTGGTTCTTTGAAAGATAAACAACCATGTATTGCTGATGCTGCTCATTTGGGTCCAGAA,0.29085063625281504,0.3365222214757419,0.16659210370015412,0.0940362404145678,0.055302205823099776,0.031403387822038845,0.009462368239425041,0.015830836272157513,433.6932671943305
GAAGCTTTGTCTTTGTGTGATGATTTGGCTGGTTCTCAAGATAGAGAAGAGAATACTAATTCTGGTTCTTTGAAAGATAAACAACCATGTATTGCTGATTATGCTCATGCTGGTCCAGAA,0.23518098301489004,0.18929691162063392,0.17558799101537906,0.08958106069413226,0.06621395980903767,0.06159090257179758,0.11840700523756732,0.0641411860365621,1030.6355700455656
GAAGCTTTGTCTTTGTGTGATGATTTGGCTGGTTCTCAAGATAGAGAAGAGAATACTAATTCTGGTTCTTTGAAAGATAAACAACCATGTATTGCTGATTATGCTCATTTGGGTCCAGAA,0.012154812587472245,0.10915732530442326,0.06273990888460916,0.23751304625743247,0.38948830568883375,0.17631928134837815,0.011982737309267123,0.0006445826195836952,741.0298917101015
GAAGCTTTGTCTTTGTGTGATGATTTGTTGAATACTAATGAAGAAAGAGATCAATCTGGTTCTGGTTCTTTGAAAGATAAACAACCATGTATTGCTGATTATGCTCATTTGGGTCCAGAA,0.23283480344527271,0.29192557181346723,0.24486015821473664,0.12393994221972643,0.0378108224033779,0.04654097806163427,0.0191660251322301,0.0029216987095546727,405.16661438447716
GAAGCTTTGTCTTTGTGTGATGATTTGTTGGAAGAACAAGATAGAGAAGAAGAAGAAGAAGAAGAAGAATTGAAAGATAAACAACCATGTATTGCTGATTATGCTCATTTGGGTCCAGAA,0.11063862596407249,0.05565806685468537,0.02294546595644063,0.061457880033349586,0.16353602470210882,0.06760797466915815,0.18812124638311956,0.33003471543706553,2871.3854957990443
GAAGCTTTGTCTTTGTGTGATGATTTGTTGGAAGAACAAGATAGAGAAGAGAATGCTAATGCTGGTGCTTTGAAAGATAAACAACCATGTATTGCTGATTATGCTCATTTGGGTCCAGAA,0.38118328297103193,0.29436495885285374,0.17389139407459597,0.08502459051730811,0.029376953832779478,0.02085658577773047,0.010449037712433384,0.004853196261266871,333.2227567790101
GAAGCTTTGTCTTTGTGTGATGATTTGTTGGATGATCAAGATAGAGAAGAAGATGATGATGATGATGATTTGAAAGATAAACAACCATGTATTGCTGATTATGCTCATTTGGGTCCAGAA,0.2558762458561292,0.2813436043572456,0.2051200067528128,0.13359357165828364,0.05236726205216966,0.05866315066511446,0.01017175947940151,0.002864399178843044,401.6845024840078
GAAGCTTTGTCTTTGTGTGATGATTTGTTGGATGATCAAGATAGAGAAGAGAATGCTAATGCTGGTGCTTTGAAAGATAAACAACCATGTATTGCTGATTATGCTCATTTGGGTCCAGAA,0.2742005718776398,0.11823414390647004,0.1949717392073909,0.08703643805453667,0.07719971833254766,0.07180963567355121,0.03632954471941167,0.14021820822845207,1318.0176749637221
GAAGCTTTGTCTTTGTGTGATGATTTGTTGGGTAAGACTGATAGAGAAGAGAATACTAATTCTGGTTCTTTGAAAGATAAACAACCATGTATTGCTGATTATGCTCATTTGGGTCCAGAA,0.4691684249164664,0.2883360161631318,0.18807523406704357,0.026071734394368443,0.01786531077323778,0.006621875534363141,0.0003840883178008744,0.0034773158335881537,257.6763491199013
GAAGCTTTGTCTTTGTGTGATGATTTGTTGGGTACTCAAGATAGAGAAGAGAATACTAATTCTGGTTCTTTGAAAGATAAACAACCATGTATTGCTGATTATGCTCATTTGGGTCCAGAA,0.30301897413313167,0.25630858382879007,0.25745415219400875,0.11492113256135875,0.04958413567535371,0.00955360303650618,0.005945683755683928,0.003213734815167026,333.05946433483206
GAAGCTTTGTCTTTGTGTGATGATTTGTTGGGTACTCCAGATAGAGAAGAGAATACTAATTCTGGTTCTTTGAAAGATAAACAACCATGTATTGCTGATTATGCTCATTTGGGTCCAGAA,0.2561591143262115,0.3034051376847822,0.21299886316020294,0.10855901552720233,0.0654732568039995,0.04220865888862243,0.010420982077547488,0.0007749715314314244,372.56041410288344
GAAGCTTTGTCTTTGTGTGATGATTTGTTGGGTACTGATGATAGAGAAGAGAATACTAATTCTGGTTCTTTGAAAGATAAACAACCATGTATTGCTGATTATGCTCATTTGGGTCCAGAA,0.22607686680329758,0.28694872083996026,0.24816443246682696,0.1446192105262525,0.05374349887135876,0.030306352987084426,0.00811228553105383,0.00202863197416566,369.97345337787186
GAAGCTTTGTCTTTGTGTGATGATTTGTTGGGTCAATCTGATAGAGAAGAGAATACTAATTCTGGTTCTTTGAAAGATAAACAACCATGTATTGCTGATTATGCTCATTTGGGTCCAGAA,0.14942466473496646,0.2195356028486508,0.23500967784625387,0.1806585589219049,0.13571372301693344,0.0655561122790739,0.010238698457683035,0.0038629618945334905,484.7201676284865
GAAGCTTTGTCTTTGTGTGATGATTTGTTGGGTCCAACTGATAGAGAAGAGAATACTAATTCTGGTTCTTTGAAAGATAAACAACCATGTATTGCTGATTATGCTCATTTGGGTCCAGAA,0.0035852347747865484,0.00577150296424285,0.004461274627403214,0.013542452303340025,0.009892157795908083,0.01248773310794867,0.3025858615900715,0.6476737828362991,4936.183349984513
GAAGCTTTGTCTTTGTGTGATGATTTGTTGGGTGAACAAGATAGAGAAGAGAATACTAATTCTGGTTCTTTGAAAGATAAACAACCATGTATTGCTGATTATGCTCATTTGGGTCCAGAA,0.11691884608584997,0.17385898923747528,0.1864204470731063,0.17541864219957778,0.09593794855886251,0.06343743121698202,0.07658590228250885,0.1114217933456372,1272.5026074175294
GAAGCTTTGTCTTTGTGTGATGATTTGTTGGGTGAACAAGATAGAGAAGAGAATGAGAATGAAGGTGAATTGAAAGATAAACAACCATGTATTGCTGATTATGCTCATTTGGGTCCAGAA,0.11760087609588897,0.11832101794250499,0.138206456324741,0.07984202341565817,0.0321901840850907,0.047908265809106634,0.11512808799093589,0.35080308833607354,2748.315537554203
GAAGCTTTGTCTTTGTGTGATGATTTGTTGGGTGAACAAGATAGAGAAGAGAATGCTAATGCTGGTGCTTTGAAAGATAAACAACCATGTATTGCTGATTATGCTCATTTGGGTCCAGAA,0.12786089531821007,0.22298270022843147,0.10606884512960985,0.18939882274568284,0.15119394228183985,0.07031879225606857,0.07115061046947452,0.06102539157068267,983.7051381943556
GAAGCTTTGTCTTTGTGTGATGATTTGTTGGGTGATCAAGATAGAGAAGAGAATGCTAATGCTGGTGCTTTGAAAGATAAACAACCATGTATTGCTGATTATGCTCATTTGGGTCCAGAA,0.174164796991695,0.2362847585192223,0.2172116891825827,0.19130236670929784,0.07804580596998154,0.05164836257284101,0.016079791908145003,0.035262428146234516,642.5776487034543
GAAGCTTTGTCTTTGTGTGATGATTTGTTGGGTGCTCAAGATAGAGAAGAAGAAGAAGAAGAAGAAGAATTGAAAGATAAACAACCATGTATTGCTGATTATGCTCATTTGGGTCCAGAA,0.13212182314475396,0.14315633833978486,0.177051903171573,0.1354918738375036,0.11016389805090628,0.19562885442390665,0.0942585695470852,0.012126739484486499,850.9974308696054
GAAGCTTTGTCTTTGTGTGATGATTTGTTGGGTGCTCAAGATAGAGAAGAAGATGATGATGATGATGATTTGAAAGATAAACAACCATGTATTGCTGATTATGCTCATTTGGGTCCAGAA,0.2801897866192278,0.187937039646137,0.14303721127726643,0.15963146030083147,0.08495410001394309,0.039511303297098205,0.053304922905877225,0.05143417593961881,794.8473154288708
GAAGCTTTGTCTTTGTGTGATGATTTGTTGGGTGCTCAAGATAGAGAAGAGAATGAGAATGAAGGTGAATTGAAAGATAAACAACCATGTATTGCTGATTATGCTCATTTGGGTCCAGAA,0.09302931057212277,0.09359898574571755,0.14148530534080964,0.11483600895170873,0.15278613894937088,0.1042203169647835,0.11503981594455619,0.18500411753093077,1873.0356015938414
GAAGCTTTGTCTTTGTGTGATGATTTGTTGGGTGCTCAAGATAGAGAAGAGAATGATAATGATGGTGATTTGAAAGATAAACAACCATGTATTGCTGATTATGCTCATTTGGGTCCAGAA,0.7422171075041554,0.23087529320511074,0.003938487499780931,0.003516324208798519,0.0031189148424832017,0.0021758642068884764,0.006604809112265442,0.007553199420517231,236.60667677167802
GAAGCTTTGTCTTTGTGTGATGATTTGTTGGGTTATCAAGATAGAGAAGAGAATACTAATTCTGGTTCTTTGAAAGATAAACAACCATGTATTGCTGATTATGCTCATTTGGGTCCAGAA,0.182012258255057,0.1578679571171219,0.12495797568022297,0.17431848639201,0.12987852231035688,0.09204602415282896,0.06403021564015343,0.07488856045224888,1057.9148224110104
GAAGCTTTGTCTTTGTGTGATGATTTGTTGGGTTCTAAAGATAGAGAAGAGAAGACTAAATCTGGTTCTTTGAAAGATAAGAAACCATGTATTGCTGATTATGCTCATTTGGGTCCAGAA,0.015804407311621967,0.011925890498241259,0.008194233405616919,0.020484520424475943,0.34392064421367524,0.3754393317896328,0.2210880054683385,0.003142966888397197,1389.7618132922066
GAAGCTTTGTCTTTGTGTGATGATTTGTTGGGTTCTAGAGATAGAGAAGAAAGAACTAGATCTGGTTCTTTGAAAGATAAGAGACCATGTATTGCTGATTATGCTCATTTGGGTCCAGAA,0.20443863243277258,0.2825841926587305,0.2353725119455592,0.12311415268117908,0.06401378552085002,0.03502608494392623,0.03721243793398622,0.01823820188299629,544.0380971170882
GAAGCTTTGTCTTTGTGTGATGATTTGTTGGGTTCTCAAGATAATGAAGAGAATACTAATTCTGGTTCTTTGAATGATAATCAACCATGTATTGCTGATTATGCTCATTTGGGTCCAGAA,0.06216826128227587,0.06806798092007199,0.06370729915315364,0.13407090383158343,0.140539955206867,0.17765526422897052,0.21197734888457265,0.1418129864925051,1913.3832692861297
GAAGCTTTGTCTTTGTGTGATGATTTGTTGGGTTCTCAAGATAGAGAAGAGAATACTAATGCTGCTGCTGCTAAAGATAAACAACCATGTATTGCTGATTATGCTCATGCTGCTGCTGCT,0.41651154481340724,0.2866531559403444,0.1798755287309091,0.06761006443156801,0.029745357191554193,0.015782108963832475,0.0035227574954161105,0.0002994824329683689,276.58593569280936
GAAGCTTTGTCTTTGTGTGATGATTTGTTGGGTTCTCAAGATAGAGAAGAGAATACTAATGCTGCTGCTGCTAAAGATAAACAACCATGTATTGCTGATTATGCTCATTTGGGTCCAGAA,0.21812980463690892,0.23897359495718376,0.24730204721121285,0.15078610584735308,0.05254248219021675,0.0466524232589828,0.022478231522882683,0.023135310375259125,552.9119759007191
GAAGCTTTGTCTTTGTGTGATGATTTGTTGGGTTCTCAAGATAGAGAAGAGAATACTAATGCTGCTGCTGCTAAAGATAAACAACCATGTATTGCTGCTGCTGCTGCTTTGGGTCCAGAA,0.11332921231196767,0.21854445930185679,0.07051040882825789,0.11541283437011565,0.1768192845802119,0.10387816797929883,0.12262479631059357,0.07888083631769764,1245.614980641677
GAAGCTTTGTCTTTGTGTGATGATTTGTTGGGTTCTCAAGATAGAGAAGAGAATACTAATGCTGCTGCTGCTAAAGATAAACAAGCTGCTGCTGCTGATTATGCTCATTTGGGTCCAGAA,0.20264311479541866,0.19333829682477313,0.15651202759512708,0.16690644681460456,0.07918576170968683,0.11528923859247006,0.04860542634501821,0.03751968732290143,791.0289559778611
GAAGCTTTGTCTTTGTGTGATGATTTGTTGGGTTCTCAAGATAGAGAAGAGAATACTAATGCTGCTGCTGCTGCTGCTGCTGCTCCATGTATTGCTGATTATGCTCATTTGGGTCCAGAA,0.05126175735912531,0.07888042782246567,0.11256598660641305,0.2110502719656256,0.19908327472697201,0.2072947217966333,0.08949199437803472,0.05037156534473036,1154.7894129375318
GAAGCTTTGTCTTTGTGTGATGATTTGTTGGGTTCTCAAGATAGAGAAGAGAATACTAATTCTGGTTCTGCTAAAGATAAACAACCATGTATTGCTGATGCTGCTCATTTGGGTCCAGAA,0.14280438508352258,0.11973238614848589,0.14808179005352287,0.2115344363139952,0.07036018160653347,0.13089527050670344,0.1765915502872365,0.0,891.2781692290916
GAAGCTTTGTCTTTGTGTGATGATTTGTTGGGTTCTCAAGATAGAGAAGAGAATACTAATTCTGGTTCTGCTAAAGATAAACAACCATGTATTGCTGATTATGCTCATGCTGGTCCAGAA,0.017417460976111538,0.025612173493799916,0.010836678991425076,0.02307140215944906,0.01914365680875413,0.06201764681647943,0.36470291836522406,0.47719806238875684,4101.649057358977
GAAGCTTTGTCTTTGTGTGATGATTTGTTGGGTTCTCAAGATAGAGAAGAGAATACTAATTCTGGTTCTGCTAAAGATAAACAACCATGTATTGCTGATTATGCTCATTTGGGTCCAGAA,0.2949895870949095,0.2960929224474663,0.1943168474678298,0.12477711545853755,0.05113085046550835,0.01807407197943892,0.005974196149271846,0.01464440893703758,410.73892378708126
GAAGCTTTGTCTTTGTGTGATGATTTGTTGGGTTCTCAAGATAGAGAAGAGAATACTAATTCTGGTTCTTTGAAAGATAAACAACCATGTATTGCTGATGCTGCTCATGCTGGTCCAGAA,0.021261354785930036,0.03565258503483679,0.017637662730438573,0.03936773980437557,0.11639486833405267,0.19704808969729165,0.3133098882632055,0.25932781134986915,2856.1486444449683
GAAGCTTTGTCTTTGTGTGATGATTTGTTGGGTTCTCAAGATAGAGAAGAGAATACTAATTCTGGTTCTTTGAAAGATAAACAACCATGTATTGCTGATGCTGCTCATTTGGGTCCAGAA,0.1514380295098886,0.05669409371978115,0.043823579993406546,0.02347569953017831,0.052056283319340806,0.08393097222888898,0.30703224429775944,0.2815490974007563,2801.903531743339
GAAGCTTTGTCTTTGTGTGATGATTTGTTGGGTTCTCAAGATAGAGAAGAGAATACTAATTCTGGTTCTTTGAAAGATAAACAACCATGTATTGCTGATTATGCTCATGCTGCTGCTGCT,0.1617616984577612,0.1446686790554912,0.21619780989706508,0.17971175927358773,0.12397857284391453,0.08237313684134501,0.05556503256582841,0.03574331106500685,796.075063745404
GAAGCTTTGTCTTTGTGTGATGATTTGTTGGGTTCTCAAGATAGAGAAGAGAATACTAATTCTGGTTCTTTGAAAGATAAACAACCATGTATTGCTGATTATGCTCATGCTGGTCCAGAA,0.3247644886279108,0.1968148724823896,0.2118642236793001,0.18112513869622218,0.08388835458552359,0.0003258090667576867,0.00043955085599086736,0.0007775620059051747,323.29528436181624
GAAGCTTTGTCTTTGTGTGATGATTTGTTGGGTTCTCAAGATAGAGAAGAGAATACTAATTCTGGTTCTTTGAAAGATAAACAACCATGTATTGCTGATTATGCTCATTTGGGTCCAGAA,0.20339282714472717,0.20151407615836112,0.19706335271129807,0.12764295639886356,0.058138435115571346,0.07684940487393928,0.07055861647885843,0.06484033111838094,949.3496392312377
GAAGCTTTGTCTTTGTGTGATGATTTGTTGGGTTCTCAAGATAGAGAAGAGAATACTAATTCTGGTTCTTTGAAAGATAAACAACCATGTATTGCTGATTATGCTCATTTGGGTCCAGCT,0.028206234703760782,0.030152643588620177,0.02632374874793794,0.10184255207276756,0.17371628635846656,0.24561287690127265,0.21745350529727894,0.17669215232989538,2225.8587006831644
GAAGCTTTGTCTTTGTGTGATGATTTGTTGGGTTCTCAAGATAGAGAAGAGAATACTAATTCTGGTTCTTTGAAAGATAAACAACCATGTATTGCTGATTTGGCTCATTTGGGTCCAGAA,0.0581569678195705,0.039008732254966795,0.07236742395917489,0.12922083658266623,0.2101302559948114,0.1776899691639952,0.197771098054549,0.11565471617026593,1757.3731816894337
GAAGCTTTGTCTTTGTGTGATGATTTGTTGGGTTCTCAAGATAGAGAAGAGAATACTAATTCTGGTTCTTTGAAAGATAAACAACCATGTATTGCTGCTGCTGCTGCTGCTGCTGCTGCT,0.20522068504746369,0.2247592274266555,0.1502933296195398,0.17811970237716265,0.08742052304448801,0.07641822016549926,0.04460895577228048,0.03315935654691062,717.5022863880098
GAAGCTTTGTCTTTGTGTGATGATTTGTTGGGTTCTCAAGATAGAGAAGAGAATACTAATTCTGGTTCTTTGAAAGATAAACAACCATGTATTGCTGCTGCTGCTGCTTTGGGTCCAGAA,0.01650659985004275,0.02906343968908691,0.03851237073104805,0.12378333905348819,0.23788600995989154,0.3385346127277415,0.183708185866052,0.03200544212264904,1407.8239150872334
GAAGCTTTGTCTTTGTGTGATGATTTGTTGGGTTCTCAAGATAGAGAAGAGAATACTAATTCTGGTTCTTTGAAAGATAAACAACCATGTATTGCTGCTTATGCTCATTTGGGTCCAGAA,0.19125953577820057,0.1584723695848196,0.041998791012819586,0.12498991519533123,0.06651825233088546,0.06187394939637212,0.16694899065493443,0.18793819604663692,1903.2226995112874
GAAGCTTTGTCTTTGTGTGATGATTTGTTGGGTTCTCAAGATAGAGAAGAGAATACTAATTCTGGTTCTTTGAAAGATAAACAACCATGTATTGCTGCTTATGCTCATTTGGGTCCAGCT,0.019394781632589536,0.05854064310718548,0.04223420281078683,0.043093888864301814,0.06211316494997359,0.08888680787818382,0.2518271607470002,0.43390935000997866,3632.03880060327
GAAGCTTTGTCTTTGTGTGATGATTTGTTGGGTTCTCAAGATAGAGAAGAGAATACTAATTCTGGTTCTTTGAAAGATAAACAACCATGTGAACCAGGTTTGCATGCTTATGATGCTATT,0.38952889747481767,0.27755113448626534,0.16147287887665052,0.06557654994293013,0.03673833115191867,0.0474747439943341,0.02020988121556268,0.0014475828575208401,362.6226265533339
GAAGCTTTGTCTTTGTGTGATGATTTGTTGGGTTCTCAAGATAGAGAAGAGAATACTAATTCTGGTTCTTTGAAAGATAAACAAGCTGCTGCTGCTGATTATGCTCATGCTGCTGCTGCT,0.011708546810634908,0.025911120515726933,0.07437645140211005,0.1875883091522468,0.3224943448073601,0.2945006522889946,0.07392472747894994,0.009495847543976588,1027.006639886411
GAAGCTTTGTCTTTGTGTGATGATTTGTTGGGTTCTCAAGATAGAGAAGAGAATACTAATTCTGGTTCTTTGAAAGATAAACAAGCTGCTGCTGCTGATTATGCTCATTTGGGTCCAGAA,0.10211366272227469,0.1027389669213487,0.06353239344572846,0.05672240755583292,0.050311731320052865,0.11699741832721804,0.14205769132701185,0.3655257283805325,2978.1708483351613
GAAGCTTTGTCTTTGTGTGATGATTTGTTGGGTTCTCAAGATAGAGAAGAGAATACTAATTCTGGTTCTTTGAAAGATAAACAAGCTGCTGCTGCTGCTGCTGCTGCTTTGGGTCCAGAA,0.16127637019709978,0.15577340516735982,0.1565332856491161,0.18992293060303206,0.14620895449578458,0.13600064846514623,0.03888962249390061,0.015394782928560785,701.6395098808023
GAAGCTTTGTCTTTGTGTGATGATTTGTTGGGTTCTCAAGATAGAGAAGAGAATACTAATTCTGGTTCTTTGAAAGCTAAACAACCATGTATTGCTGATTATGCTCATTTGGGTCCAGAA,0.04000391873385818,0.1408711048927027,0.09955747885698052,0.17777198637356068,0.23652071906119965,0.18333903965672893,0.07420312082130616,0.04773263160366313,1087.4297752713856
GAAGCTTTGTCTTTGTGTGATGATTTGTTGGGTTCTCAAGATAGAGAAGAGAATACTAATTCTGGTTCTTTGAAAGCTAAACAACCATGTATTGCTGATTATGCTCATTTGGGTCCAGCT,0.262517585187884,0.2819313296154799,0.15782587574081341,0.09830835887193762,0.0348790818387725,0.035147477193347675,0.07659775912503833,0.052792532426726664,814.0194414490693
GAAGCTTTGTCTTTGTGTGATGATTTGTTGGGTTCTCAAGATAGAGAAGAGAATACTAATTCTGGTTCTTTGAAAGCTAAACAACCATGTATTGCTGCTTATGCTCATTTGGGTCCAGAA,0.10131254975171912,0.11649479799744583,0.07203881411831145,0.14471332171569704,0.1711440698499011,0.2255259590255194,0.13423162401299293,0.03453886352841314,1144.05941245712
GAAGCTTTGTCTTTGTGTGATGATTTGTTGGGTTCTCAAGATAGAGAAGAGAATACTAATTCTGGTTCTTTGGCTGCTGCTGCTCCATGTATTGCTGATTATGCTCATGCTGCTGCTGCT,0.31265748064865023,0.28768557101542636,0.18455138282040834,0.10168205988255884,0.025016236357291336,0.025719035201553442,0.03159968738859992,0.031088546685511417,558.0580595614141
GAAGCTTTGTCTTTGTGTGATGATTTGTTGGGTTCTCAAGATAGAGAAGAGAATACTAATTCTGGTTCTTTGGCTGCTGCTGCTCCATGTATTGCTGATTATGCTCATTTGGGTCCAGAA,0.39771671552401056,0.2666488922899428,0.12651679664465562,0.08066844001446707,0.015851661266564194,0.06557814027510457,0.009479125736475314,0.03754022824877985,567.0649415201245
GAAGCTTTGTCTTTGTGTGATGATTTGTTGGGTTCTCAAGATAGAGAAGAGAATACTAATTCTGGTTCTTTGGCTGCTGCTGCTCCATGTATTGCTGCTGCTGCTGCTTTGGGTCCAGAA,0.3390812712732533,0.27871566409389775,0.1877555949908395,0.10135910749426749,0.05709896889620809,0.01169023337278249,0.018907004419162876,0.005392155459588391,370.20419475285416
GAAGCTTTGTCTTTGTGTGATGATTTGTTGGGTTCTCAAGATAGAGAAGAGAATACTAATTCTGGTTCTTTGGCTGCTGCTGCTGCTGCTGCTGCTGATTATGCTCATTTGGGTCCAGAA,0.2116432956948666,0.2129393165991779,0.18320529460512455,0.09200681279493512,0.0816083492294777,0.07591045605691053,0.07680841943071465,0.06587805558879291,971.190945905775
GAAGCTTTGTCTTTGTGTGATGATTTGTTGGGTTCTCAAGATAGAGAAGAGAATACTAATTGTCCACAGAAAGATAAATTGTCTGGTTCTATTGCTGATTATGCTCATTTGGGTCCAGAA,0.26929791343583426,0.3068877853222736,0.17324578417848074,0.15734634844244538,0.05240835045943879,0.026703601903341433,0.008016897320455308,0.006093318937730502,382.0001606382441
GAAGCTTTGTCTTTGTGTGATGATTTGTTGGGTTCTCAAGATAGAGAAGCTAATACTAATTCTGGTTCTTTGAAAGATAAACAACCATGTATTGCTGATTATGCTCATTTGGGTCCAGAA,0.24507676419177016,0.25404956462094275,0.2043337582369592,0.13842783704041764,0.05041418859359734,0.04689427103981579,0.035204092957314075,0.025599523319183023,587.5564483864619
GAAGCTTTGTCTTTGTGTGATGATTTGTTGGGTTCTCAAGATAGAGAAGCTAATACTAATTCTGGTTCTTTGAAAGATAAACAACCATGTATTGCTGATTATGCTCATTTGGGTCCAGCT,0.3372164154886105,0.14474462335626728,0.03293899023875899,0.30878700830252037,0.07768676957851757,0.05538380661510926,0.024016695096882267,0.019225691323333714,563.8824420254089
GAAGCTTTGTCTTTGTGTGATGATTTGTTGGGTTCTCAAGATAGAGAAGCTAATACTAATTCTGGTTCTTTGAAAGATAAACAACCATGTATTGCTGCTTATGCTCATTTGGGTCCAGAA,0.5026322850646626,0.2719420993288798,0.1291492025302139,0.06106460885302145,0.01730151907936543,0.006833119995603636,0.010917850422044295,0.00015931472620886493,262.13536976193495
GAAGCTTTGTCTTTGTGTGATGATTTGTTGGGTTCTCAAGATAGAGAAGCTAATACTAATTCTGGTTCTTTGAAAGCTAAACAACCATGTATTGCTGATTATGCTCATTTGGGTCCAGAA,0.09357466844793597,0.07397317964160226,0.058219659288463045,0.11880946532054608,0.14050907815934244,0.19604810605626866,0.2231631080004008,0.0957027350854407,1671.1149483303489
GAAGCTTTGTCTTTGTGTGATGATTTGTTGGGTTCTCAAGATAGAGAAGCTAATACTAATTCTGGTTCTTTGAAAGCTAAACAACCATGTATTGCTGCTTATGCTCATTTGGGTCCAGCT,0.14200034072948556,0.14967322372144487,0.159869291725398,0.16526982605582366,0.11993833089816427,0.0929701993642708,0.08152730440337802,0.0887514831020348,1184.342113117589
GAAGCTTTGTCTTTGTGTGATGATTTGTTGGGTTCTCAAGATAGAGAAGCTGCTGCTGCTGCTGCTGCTGCTAAAGATAAACAACCATGTATTGCTGATTATGCTCATTTGGGTCCAGAA,0.004173444511136091,0.004461438621738165,0.10483795515049975,0.0808499325053697,0.4516082077232014,0.1929437020454881,0.09265376551710024,0.06847155392546647,1364.473971714651
GAAGCTTTGTCTTTGTGTGATGATTTGTTGGGTTCTCAAGATAGAGAAGCTGCTGCTGCTTCTGGTTCTTTGAAAGATAAACAACCATGTATTGCTGATTATGCTCATGCTGCTGCTGCT,0.11568749061800457,0.11639591563905707,0.08823068808988266,0.1409627687789782,0.17283749723029626,0.21207955721848049,0.10037194594876532,0.05343413647653531,1165.0088840919348
GAAGCTTTGTCTTTGTGTGATGATTTGTTGGGTTCTCAAGATAGAGAAGCTGCTGCTGCTTCTGGTTCTTTGAAAGATAAACAACCATGTATTGCTGATTATGCTCATTTGGGTCCAGAA,0.11100748603197728,0.09526265657167257,0.052815094456769726,0.054408331362654536,0.07721470133709199,0.10474270999068824,0.2513281195432117,0.25322090070593406,2546.500779190018
GAAGCTTTGTCTTTGTGTGATGATTTGTTGGGTTCTCAAGATAGAGAAGCTGCTGCTGCTTCTGGTTCTTTGAAAGATAAACAACCATGTATTGCTGCTGCTGCTGCTTTGGGTCCAGAA,0.16748248214482778,0.2394588497732274,0.1425937525466562,0.15015962053005102,0.11002554627652245,0.07541104791145659,0.07630310366401204,0.038565597153246554,832.1094576604733
GAAGCTTTGTCTTTGTGTGATGATTTGTTGGGTTCTCAAGATAGAGAAGCTGCTGCTGCTTCTGGTTCTTTGAAAGATAAACAAGCTGCTGCTGCTGATTATGCTCATTTGGGTCCAGAA,0.2314392811609377,0.4103309574806513,0.32612998376780744,0.00903398775210121,0.00801298083275073,0.0028667364172552377,0.006961554586433271,0.005224518002063126,304.73592471032146
GAAGCTTTGTCTTTGTGTGATGATTTGTTGGGTTCTCAAGATAGAGAAGCTGCTGCTGCTTCTGGTTCTTTGGCTGCTGCTGCTCCATGTATTGCTGATTATGCTCATTTGGGTCCAGAA,0.009393723541252796,0.014643726884505878,0.057880674443308,0.1952388492117817,0.34738294840412454,0.29232143829650187,0.06740233349399513,0.015736305724530154,1061.339068023979
GAAGCTTTGTCTTTGTGTGATGATTTGTTGGGTTCTCAAGATAGAGCTGAGAATACTAATTCTGGTTCTTTGAAAGATAAACAACCATGTATTGCTGATTATGCTCATTTGGGTCCAGAA,0.0915401168690201,0.10438076250876292,0.08353226293839346,0.11525769295584296,0.18642205937493753,0.20696854140847762,0.12451811095375331,0.08738045299081217,1426.6188343185706
GAAGCTTTGTCTTTGTGTGATGATTTGTTGGGTTCTCAAGATAGAGCTGAGAATACTAATTCTGGTTCTTTGAAAGATAAACAACCATGTATTGCTGATTATGCTCATTTGGGTCCAGCT,0.05720741248347527,0.04933519572020687,0.06101644116428996,0.13619034541347239,0.23354343665380745,0.06741851554358358,0.28802321951046794,0.10726543351069641,1807.6522103117961
GAAGCTTTGTCTTTGTGTGATGATTTGTTGGGTTCTCAAGATAGAGCTGAGAATACTAATTCTGGTTCTTTGAAAGATAAACAACCATGTATTGCTGCTTATGCTCATTTGGGTCCAGAA,0.07324268709959247,0.06140933059746075,0.0759494059492237,0.054246760422213096,0.08420278630016935,0.08951285667156263,0.22642931543305247,0.33500685752672554,2980.5681598900696
GAAGCTTTGTCTTTGTGTGATGATTTGTTGGGTTCTCAAGATAGAGCTGAGAATACTAATTCTGGTTCTTTGAAAGCTAAACAACCATGTATTGCTGATTATGCTCATTTGGGTCCAGAA,0.03894508864987595,0.0712428603022117,0.08811125061018409,0.08260001073650834,0.12559660966288774,0.12007266424296335,0.27910561679227547,0.1943258990030933,2311.6447517862553
GAAGCTTTGTCTTTGTGTGATGATTTGTTGGGTTCTCAAGATAGAGCTGCTAATACTAATTCTGGTTCTTTGAAAGATAAACAACCATGTATTGCTGATTATGCTCATTTGGGTCCAGAA,0.09901936263859161,0.09132357533947785,0.05647326903510749,0.13292530950261275,0.17482065551348785,0.19286857530389012,0.21810889607723358,0.034460356589598694,1302.1324017063143
GAAGCTTTGTCTTTGTGTGATGATTTGTTGGGTTCTCAAGATAGAGCTGCTAATACTAATTCTGGTTCTTTGAAAGCTAAACAACCATGTATTGCTGCTTATGCTCATTTGGGTCCAGAA,0.2828258950681098,0.35160684991943725,0.16929103883690838,0.12758377749335056,0.039814066190482035,0.02343453512579641,0.0026432768240553023,0.0028005605418602885,329.79666066311324
GAAGCTTTGTCTTTGTGTGATGATTTGTTGGGTTCTCAAGATAGAGCTGCTAATACTAATTCTGGTTCTTTGAAAGCTAAACAACCATGTATTGCTGCTTATGCTCATTTGGGTCCAGCT,0.37548824065058733,0.2984817201570251,0.13370937771892352,0.05696034785001333,0.048279946290097374,0.06516752108292032,0.018553855786425627,0.003358990464007322,393.1295365050495
GAAGCTTTGTCTTTGTGTGATGATTTGTTGGGTTCTCAAGATCAAGAAGAGAATACTAATTCTGGTTCTTTGCAAGATCAACAACCATGTATTGCTGATTATGCTCATTTGGGTCCAGAA,0.05501950504898398,0.10740798495431172,0.16451636710212436,0.25818387188274733,0.22172151796511463,0.1543043427381092,0.0319875373511133,0.006858872957495594,721.6868414420887
GAAGCTTTGTCTTTGTGTGATGATTTGTTGGGTTCTCAAGATGAAGAAGAGAATACTAATTCTGGTTCTTTGGAAGATGAACAACCATGTATTGCTGATTATGCTCATTTGGGTCCAGAA,0.0918969945689447,0.07925120218410997,0.09801575213545574,0.14584920484351283,0.09055589186822013,0.12033325923249778,0.17045939515277728,0.20363830001448172,2105.853239131877
GAAGCTTTGTCTTTGTGTGATGATTTGTTGGGTTCTCAAGATGATGAAGAGAATACTAATTCTGGTTCTTTGGATGATGATCAACCATGTATTGCTGATTATGCTCATTTGGGTCCAGAA,0.1474392637011335,0.1907255882349094,0.12730262196264963,0.18051430791259818,0.16307792120977418,0.13790165844469696,0.02790658618641559,0.025132052347822575,742.7983326511096
GAAGCTTTGTCTTTGTGTGATGATTTGTTGGGTTCTCAAGATGCTGAAGAGAATACTAATTCTGGTTCTTTGGCTGATGCTCAACCATGTATTGCTGATTATGCTCATTTGGGTCCAGAA,0.09932798638593235,0.19777447486228197,0.1732394642272475,0.23140939967001872,0.1358744359771728,0.10977554701251775,0.04701116893902699,0.005587522925801895,643.0326808271858
GAAGCTTTGTCTTTGTGTGATGATTTGTTGGGTTCTCAAGCTAGAGAAGAGAATACTAATTCTGGTTCTTTGAAAGATAAACAACCATGTATTGCTGATTATGCTCATTTGGGTCCAGAA,0.12281080971817629,0.1000270732280142,0.11643368453613052,0.14293572153157033,0.11525577613390404,0.1072086203449092,0.11390065823685594,0.1814276562704394,1833.4514551465804
GAAGCTTTGTCTTTGTGTGATGATTTGTTGGGTTCTCAAGCTAGAGAAGAGAATACTAATTCTGGTTCTTTGAAAGATAAACAACCATGTATTGCTGATTATGCTCATTTGGGTCCAGCT,0.1992625925568039,0.24173571450219417,0.22043780492179804,0.16790292693132758,0.08313800409184349,0.070575507628259,0.012408614964647518,0.004538834403126364,462.24231385651626
GAAGCTTTGTCTTTGTGTGATGATTTGTTGGGTTCTCAAGCTAGAGAAGAGAATACTAATTCTGGTTCTTTGAAAGATAAACAACCATGTATTGCTGCTTATGCTCATTTGGGTCCAGAA,0.21920864335217977,0.02450566572128542,0.12123178909876219,0.35177041781898444,0.12000534038192141,0.11162657012018005,0.022589405630694653,0.029062167875992077,736.5278650663614
GAAGCTTTGTCTTTGTGTGATGATTTGTTGGGTTCTCAAGCTAGAGAAGAGAATACTAATTCTGGTTCTTTGAAAGCTAAACAACCATGTATTGCTGATTATGCTCATTTGGGTCCAGAA,0.1638585912031219,0.24729299585280798,0.15292265806917313,0.0910206679886397,0.08073365693987128,0.1501936695279729,0.113977760418413,0.0,740.0560148182021
GAAGCTTTGTCTTTGTGTGATGATTTGTTGGGTTCTCAAGCTAGAGAAGCTAATACTAATTCTGGTTCTTTGAAAGATAAACAACCATGTATTGCTGATTATGCTCATTTGGGTCCAGAA,0.10178518782557971,0.06827232038176208,0.02814578895053837,0.11307989064484175,0.06686652090386216,0.020732633955046625,0.20977885359150455,0.3913388037468646,3206.6303175411776
GAAGCTTTGTCTTTGTGTGATGATTTGTTGGGTTCTCAAGCTAGAGCTGAGAATACTAATTCTGGTTCTTTGAAAGATAAACAACCATGTATTGCTGATTATGCTCATTTGGGTCCAGAA,0.07315106763412048,0.10303862269350753,0.036410112308250454,0.22755139264295435,0.11533365506530022,0.12069119449238067,0.14925640911761104,0.17456754604587524,1907.7794875382776
GAAGCTTTGTCTTTGTGTGATGATTTGTTGGGTTCTCAAGCTAGAGCTGCTAATACTAATTCTGGTTCTTTGAAAGCTAAACAACCATGTATTGCTGATTATGCTCATTTGGGTCCAGAA,0.318280561065704,0.335729721642875,0.1734206785254094,0.10330946074546576,0.0007825242518813225,0.06645621325665842,0.0008837985552315989,0.0011370419567745898,334.110115352843
GAAGCTTTGTCTTTGTGTGATGATTTGTTGGGTTCTCCAGATAGAGAAGAGAATACTAATTCTGGTTCTTTGAAAGATAAACAACCATGTATTGCTGATTATGCTCATTTGGGTCCAGAA,0.0953955687750463,0.09597973398994343,0.09892095805826043,0.14130832086059505,0.07833617456897546,0.24774693150471064,0.14745740625073678,0.0948549059917318,1521.587626519024
GAAGCTTTGTCTTTGTGTGATGATTTGTTGGGTTCTGAAGATAGAGAAGAAGAAACTGAATCTGGTTCTTTGAAAGATAAAGAACCATGTATTGCTGATTATGCTCATTTGGGTCCAGAA,0.0868255806229607,0.0349429066306654,0.1296493370755598,0.15433643926806187,0.1368935805079363,0.23875438816315553,0.17715769301075843,0.041440074720902,1292.9341335942665
GAAGCTTTGTCTTTGTGTGATGATTTGTTGGGTTCTGAAGATAGAGAAGAGAATACTAATTCTGGTTCTTTGAAAGATAAACAACCATGTATTGCTGATTATGCTCATTTGGGTCCAGAA,0.23568146417158484,0.22992644377290522,0.22398403852015517,0.1794709834450389,0.07009152537305537,0.05921018935420084,0.0007693175111856605,0.0008660378518739372,392.3784582793319
GAAGCTTTGTCTTTGTGTGATGATTTGTTGGGTTCTGATGATAGAGAAGAAGATACTGATTCTGGTTCTTTGAAAGATAAAGATCCATGTATTGCTGATTATGCTCATTTGGGTCCAGAA,0.08464333655513864,0.08516165929825201,0.07899423471675006,0.07052690656133122,0.14596415823727962,0.07758453935777075,0.25513249408690447,0.20199267118657319,2257.2171618335337
GAAGCTTTGTCTTTGTGTGATGATTTGTTGGGTTCTGCTGATAGAGAAGAAGCTACTGCTTCTGGTTCTTTGAAAGATAAAGCTCCATGTATTGCTGATTATGCTCATTTGGGTCCAGAA,0.12794805993149158,0.20128160295495123,0.2369499652682864,0.2193710693601016,0.12466005390266016,0.07511414570310096,0.010160471177067067,0.004514631702340948,504.9981732452863
GAAGCTTTGTCTTTGTGTGATGATTTGTTGGGTTCTGCTGCTGCTGCTGAGAATACTAATGCTGCTGCTGCTAAAGATAAACAACCATGTATTGCTGATTATGCTCATTTGGGTCCAGAA,0.16873166498466008,0.21946794683674456,0.2251289314546383,0.2045613295290234,0.07270329395035723,0.04410466405054408,0.03391605558074875,0.0313861136132835,653.9779831374358
GAAGCTTTGTCTTTGTGTGATGATTTGTTGGGTTCTGCTGCTGCTGCTGAGAATACTAATTCTGGTTCTTTGAAAGATAAACAACCATGTATTGCTGATTATGCTCATGCTGCTGCTGCT,0.16232746917669863,0.16792210482703582,0.13086781724800406,0.17526030257835268,0.11489979371459218,0.10268621839037474,0.09966006498459296,0.04637622908034887,973.8241415090765
GAAGCTTTGTCTTTGTGTGATGATTTGTTGGGTTCTGCTGCTGCTGCTGAGAATACTAATTCTGGTTCTTTGAAAGATAAACAACCATGTATTGCTGATTATGCTCATTTGGGTCCAGAA,0.09396568069149207,0.1779596985036829,0.11004788077608961,0.12895566784442447,0.07080747358314847,0.1215945181179032,0.1845493341735493,0.11211974630970999,1566.5054977140826
GAAGCTTTGTCTTTGTGTGATGATTTGTTGGGTTCTGCTGCTGCTGCTGAGAATACTAATTCTGGTTCTTTGAAAGATAAACAACCATGTATTGCTGCTGCTGCTGCTTTGGGTCCAGAA,0.034077599315826095,0.04770264657815826,0.053466346951310334,0.15143622707365773,0.23652201739382006,0.25395991565248843,0.1786381233104018,0.044197123724337255,1381.0554568403666
GAAGCTTTGTCTTTGTGTGATGATTTGTTGGGTTCTGCTGCTGCTGCTGAGAATACTAATTCTGGTTCTTTGAAAGATAAACAAGCTGCTGCTGCTGATTATGCTCATTTGGGTCCAGAA,0.023225834532516042,0.05007441530229168,0.11890692102076704,0.2093738412353121,0.26941135940317235,0.23174515882386254,0.06400682158008625,0.03325564810199195,1058.2198124954768
GAAGCTTTGTCTTTGTGTGATGATTTGTTGGGTTCTGCTGCTGCTGCTGAGAATACTAATTCTGGTTCTTTGGCTGCTGCTGCTCCATGTATTGCTGATTATGCTCATTTGGGTCCAGAA,0.0022573352323663437,0.00278216888311085,0.013974314187426373,0.061567051306185894,0.3339925660966898,0.35195147136570365,0.21307220990966,0.0204028830188572,1456.5756624167136
GAAGCTTTGTCTTTGTGTGATGATTTGTTGGGTTCTGCTGCTGCTGCTGCTGCTGCTGCTTCTGGTTCTTTGAAAGATAAACAACCATGTATTGCTGATTATGCTCATTTGGGTCCAGAA,0.17478859252189616,0.17411775209337907,0.127053045974407,0.10766648526890264,0.08867689112353214,0.13483202237094888,0.14124205338321533,0.051623157263718744,1107.8344714773257
GAAGCTTTGTCTTTGTGTGATGATTTGTTGGGTTCTGGTGATAGAGAAGAGAATACTAATTCTGGTTCTTTGAAAGATAAACAACCATGTATTGCTGATTATGCTCATTTGGGTCCAGAA,0.1040089111097721,0.07432280189811885,0.05713456629747326,0.08047348812979264,0.14445112534996526,0.23003921575895994,0.24747143352162496,0.0620984579342929,1552.6534576261809
GAAGCTTTGTCTTTGTGTGATGATTTGTTGGGTTCTTCTGATAGAGAAGAGAATACTAATTCTGGTTCTTTGAAAGATAAACAACCATGTATTGCTGATTATGCTCATTTGGGTCCAGAA,0.16643191486308653,0.22326810523264032,0.09492036762947273,0.038520877346735906,0.09566846545163435,0.09534524493160162,0.12863080957631345,0.15721421496851498,1664.3492922078024
GAAGCTTTGTCTTTGTGTGATGCTTTGTTGGGTTCTCAAGATAGAGAAGAGAATACTAATTCTGGTTCTTTGAAAGATAAACAACCATGTATTGCTGATTATGCTCATTTGGGTCCAGAA,0.14789770342968697,0.1736039330866814,0.11655613417232592,0.153355375720323,0.15545530880129194,0.14008262806010696,0.03657798703771585,0.07647092969186789,1068.0297904829858
GAAGCTTTGTCTTTGTGTGATGCTTTGTTGGGTTCTCAAGATAGAGAAGAGAATACTAATTCTGGTTCTTTGAAAGATAAACAACCATGTATTGCTGATTATGCTCATTTGGGTCCAGCT,0.0863511340079087,0.09308562282406493,0.13047589639447024,0.1027855504807103,0.13371437366457342,0.14133913522327116,0.1944950558327294,0.11775323157227184,1676.7389129948283
GAAGCTTTGTCTTTGTGTGATGCTTTGTTGGGTTCTCAAGATAGAGAAGAGAATACTAATTCTGGTTCTTTGAAAGATAAACAACCATGTATTGCTGCTTATGCTCATTTGGGTCCAGAA,0.16655717235555403,0.1303377471238293,0.10362742382555633,0.1439195085137787,0.16412651317329427,0.1357041809640398,0.11156393539864574,0.04416351864530185,1041.4050787695728
GAAGCTTTGTCTTTGTGTGATGCTTTGTTGGGTTCTCAAGATAGAGAAGAGAATACTAATTCTGGTTCTTTGAAAGCTAAACAACCATGTATTGCTGATTATGCTCATTTGGGTCCAGAA,0.0004589757166322535,0.0006297085973299607,0.0003115226524896007,0.0007880372418001877,0.0006989745267885674,0.010708717608130816,0.47524810510369875,0.5111559585531299,4497.110599379271
GAAGCTTTGTCTTTGTGTGATGCTTTGTTGGGTTCTCAAGATAGAGAAGCTAATACTAATTCTGGTTCTTTGAAAGATAAACAACCATGTATTGCTGATTATGCTCATTTGGGTCCAGAA,0.32897608120355576,0.393165632533521,0.22107715767106237,0.004038467025531937,0.004477557386237966,0.03727616311877901,0.008006984666267047,0.0029819563950448055,310.36755361261646
GAAGCTTTGTCTTTGTGTGATGCTTTGTTGGGTTCTCAAGATAGAGCTGAGAATACTAATTCTGGTTCTTTGAAAGATAAACAACCATGTATTGCTGATTATGCTCATTTGGGTCCAGAA,0.08083373784626137,0.1161839029919751,0.15806243383500382,0.1924361581905905,0.15930817450658563,0.1799392700516471,0.08567897211340357,0.027557350464532865,950.9249211286283
GAAGCTTTGTCTTTGTGTGATGCTTTGTTGGGTTCTCAAGCTAGAGAAGAGAATACTAATTCTGGTTCTTTGAAAGATAAACAACCATGTATTGCTGATTATGCTCATTTGGGTCCAGAA,0.1512822056584915,0.21019282693650784,0.13446249649658173,0.12004957020498747,0.14907446235271926,0.15187238059003258,0.0400875433489173,0.04297851441176226,874.3509691459506
GAAGCTTTGTCTTTGTGTGATGCTTTGTTGGGTTCTCAAGCTAGAGCTGCTAATACTAATTCTGGTTCTTTGAAAGATAAACAACCATGTATTGCTGATTATGCTCATTTGGGTCCAGAA,0.08565010377805679,0.08617459157053965,0.12180390130151318,0.25827611903783976,0.14468599773242108,0.12336868913412782,0.03404401297327391,0.14599658447222774,1494.8863455158785
GAAGCTTTGTCTTTGTGTGATGCTTTGTTGGGTTCTCAAGCTAGAGCTGCTAATACTAATTCTGGTTCTTTGAAAGCTAAACAACCATGTATTGCTGCTTATGCTCATTTGGGTCCAGCT,0.20514539510941893,0.15877048108286457,0.16363587860884773,0.1723931396675826,0.11662592137866941,0.10848310207841275,0.03414953896929899,0.04079654310490517,791.3410897326927
GAAGCTTTGTCTTTGTGTGCTGATTTGTTGGGTTCTCAAGATAGAGAAGAGAATACTAATTCTGGTTCTTTGAAAGATAAACAACCATGTATTGCTGATTATGCTCATTTGGGTCCAGAA,0.0399355074015886,0.09171534717049251,0.2873587129921941,0.22762196882784172,0.21301791330137204,0.08673817584977743,0.037038112447120825,0.016574262009612786,717.6024099433093
GAAGCTTTGTCTTTGTGTGCTGATTTGTTGGGTTCTCAAGATAGAGAAGAGAATACTAATTCTGGTTCTTTGAAAGATAAACAACCATGTATTGCTGATTATGCTCATTTGGGTCCAGCT,0.04087407970958145,0.05963034609026395,0.12969687921791825,0.2520239233420738,0.2436793716325783,0.17796066035754304,0.08150346763469564,0.014631272015345734,920.8587470815975
GAAGCTTTGTCTTTGTGTGCTGATTTGTTGGGTTCTCAAGATAGAGAAGAGAATACTAATTCTGGTTCTTTGAAAGATAAACAACCATGTATTGCTGCTTATGCTCATTTGGGTCCAGAA,0.366184403545587,0.16069678433972337,0.15027095325985387,0.0692456935578568,0.049903470067160845,0.10355054732497009,0.07225894628065231,0.027889201624195635,719.288299131465
GAAGCTTTGTCTTTGTGTGCTGATTTGTTGGGTTCTCAAGATAGAGAAGAGAATACTAATTCTGGTTCTTTGAAAGCTAAACAACCATGTATTGCTGATTATGCTCATTTGGGTCCAGAA,0.543879149711712,0.25311282210477165,0.11210041103202066,0.04775971694878144,0.010086188033923403,0.01845120885499008,0.006025960982043135,0.008584542331757662,302.75283129557135
GAAGCTTTGTCTTTGTGTGCTGATTTGTTGGGTTCTCAAGATAGAGAAGCTAATACTAATTCTGGTTCTTTGAAAGATAAACAACCATGTATTGCTGATTATGCTCATTTGGGTCCAGAA,0.05968565368602732,0.06005114532426047,0.06365969056086274,0.0947267663268515,0.08402089794166179,0.054708192469248046,0.2372372103215154,0.3459104433695727,3043.46434157605
GAAGCTTTGTCTTTGTGTGCTGATTTGTTGGGTTCTCAAGATAGAGCTGAGAATACTAATTCTGGTTCTTTGAAAGATAAACAACCATGTATTGCTGATTATGCTCATTTGGGTCCAGAA,0.2212702945836928,0.21406275718291193,0.16943811331047295,0.1890952236613366,0.08386199120153662,0.05460472415676387,0.0473577058375973,0.020309190065688022,621.8697886966107
GAAGCTTTGTCTTTGTGTGCTGATTTGTTGGGTTCTCAAGCTAGAGAAGAGAATACTAATTCTGGTTCTTTGAAAGATAAACAACCATGTATTGCTGATTATGCTCATTTGGGTCCAGAA,0.3260593735313408,0.31625033926828683,0.22494236136944773,0.08711346000747988,0.01721255422440764,0.014473796414742262,0.009467119582290903,0.00448099560200398,325.2113851261458
GAAGCTTTGTCTTTGTGTGCTGATTTGTTGGGTTCTCAAGCTAGAGCTGCTAATACTAATTCTGGTTCTTTGAAAGCTAAACAACCATGTATTGCTGCTTATGCTCATTTGGGTCCAGCT,0.5430713804958095,0.2027583591575081,0.1317112538028273,0.1153332713950549,0.0024054510709240035,0.0012430569607458505,0.002829963118357869,0.0006472639987723764,241.6566291337389
GAAGCTTTGTCTTTGTGTGCTGCTTTGTTGGGTTCTCAAGATAGAGAAGAGAATACTAATTCTGGTTCTTTGAAAGATAAACAACCATGTATTGCTGATTATGCTCATTTGGGTCCAGAA,0.21356143076854947,0.25803488459755536,0.2171037131857975,0.15464235566492965,0.06012708941170646,0.011360581645875882,0.03625336297498916,0.04891658175059651,705.9737051606617
GAAGCTTTGTCTTTGTGTGCTGCTTTGTTGGGTTCTCAAGATAGAGCTGCTAATACTAATTCTGGTTCTTTGAAAGCTAAACAACCATGTATTGCTGCTTATGCTCATTTGGGTCCAGCT,0.264492382269308,0.26563159146185084,0.18615967478642334,0.10319970768194425,0.0911858342510873,0.033562642246456956,0.04500314936161068,0.010765017941318704,514.6559197537317
GAAGCTTTGTCTTTGTGTGCTGCTTTGTTGGGTTCTCAAGCTAGAGAAGAGAATACTAATTCTGGTTCTTTGAAAGCTAAACAACCATGTATTGCTGCTTATGCTCATTTGGGTCCAGAA,0.33727505426351934,0.3188510689822572,0.22082519453029686,0.07676122055962714,0.01838550156173949,0.01442711693076511,0.007729314695711562,0.005745528476083132,325.4831151103152
GAAGCTTTGTCTTTGTGTGCTGCTTTGTTGGGTTCTCAAGCTAGAGAAGCTAATACTAATTCTGGTTCTTTGAAAGCTAAACAACCATGTATTGCTGCTTATGCTCATTTGGGTCCAGCT,0.2116037860794133,0.22847758199657867,0.19908687481807474,0.16627937084376884,0.07628624532545518,0.06149861582106195,0.038292983389240275,0.0184745417264071,591.0343444352691
GAAGCTTTGTCTTTGTGTGCTGCTTTGTTGGGTTCTCAAGCTAGAGCTGAGAATACTAATTCTGGTTCTTTGAAAGATAAACAACCATGTATTGCTGATTATGCTCATTTGGGTCCAGAA,0.03120105790190833,0.07474314523260205,0.101684339600506,0.23769131549679962,0.2693911049606088,0.230154325173159,0.030315333106617867,0.024819378527798155,930.0640313657145
GAAGCTTTGTCTTTGTGTGCTGCTTTGTTGGGTTCTCAAGCTAGAGCTGAGAATACTAATTCTGGTTCTTTGAAAGCTAAACAACCATGTATTGCTGCTTATGCTCATTTGGGTCCAGCT,0.45594132714424823,0.39847598910959775,0.014424127899621286,0.013951185399044969,0.007615042847202503,0.008854200901040516,0.07883866682325617,0.021899459875988483,534.0701461805355
GAAGCTTTGTCTTTGTGTGCTGCTTTGTTGGGTTCTCAAGCTAGAGCTGCTAATACTAATTCTGGTTCTTTGAAAGATAAACAACCATGTATTGCTGCTTATGCTCATTTGGGTCCAGCT,0.5660402310125883,0.2708908361061972,0.0819300579088752,0.012191340206499193,0.012670357001233777,0.028326351470235142,0.027633402453312552,0.000317423841058649,301.96325132753753
GAAGCTTTGTCTTTGTGTGCTGCTTTGTTGGGTTCTCAAGCTAGAGCTGCTAATACTAATTCTGGTTCTTTGAAAGCTAAACAACCATGTATTGCTGATTATGCTCATTTGGGTCCAGCT,0.041828686973154616,0.07052052514110753,0.34605806356795593,0.1356428983210436,0.03787623731070089,0.05906494108462167,0.30091514332315566,0.008093504278260184,1144.2600896696279
GAAGCTTTGTCTTTGTGTGCTGCTTTGTTGGGTTCTCAAGCTAGAGCTGCTAATACTAATTCTGGTTCTTTGAAAGCTAAACAACCATGTATTGCTGCTTATGCTCATTTGGGTCCAGAA,0.14877611717746966,0.1924549251785267,0.09697236081596594,0.2361217414325764,0.1396237586481777,0.06493761542437099,0.07884693405513751,0.04226654726777514,883.4604211192313
GAAGCTTTGTCTTTGTGTGCTGCTTTGTTGGGTTCTCAAGCTAGAGCTGCTAATACTAATTCTGGTTCTTTGAAAGCTAAACAACCATGTATTGCTGCTTATGCTCATTTGGGTCCAGCT,0.3635875725290189,0.3041265032772315,0.187077291607086,0.101862106575398,0.014773534859868757,0.013171174303821148,0.009218905618356378,0.006182911229219241,328.91366271239997
GAAGGTCAGAATGAGAATGATAGAGATAAAGAAGATCCAACTTGGTTTGATTCTGGTTCTCAATTTATCTTAAATTCTCAACAATTGGTTGAAGCTTTGTCTTTGTGTGATGATTTGTTG,0.005465361477682773,0.006527015579630558,0.03702034540550491,0.11050026582999135,0.2750102322143541,0.34123855075220494,0.18999248050198939,0.034245748238642064,1456.9882626317726
GAAGGTGAATCTTTGGGTTGTTCTGGTTCTGCTGCTGCTGGTTCTTCTGGTACTTTGGAATTGCCATCTACTTTGTCTTTGGATAAATCTGGTGCTTTGGATGAAGCTGCTGCTGATCAA,0.13619356072667776,0.11133488999282669,0.12180799381193774,0.12293647083664949,0.1425938900904574,0.12483575320297778,0.11841793677904598,0.12187950455942725,1508.6235188548708
GAAGGTGAATCTTTGGGTTGTTCTGGTTCTGCTGCTGCTGGTTCTTCTGGTACTTTGGAATTGCCATCTACTTTGTCTTTGGCTAAATCTGGTGCTTTGGATGAAGCTGCTGCTGCTCAA,0.2745657785406763,0.26635427902627096,0.23286206155547504,0.13986770933302112,0.039232339049263015,0.03350318517105616,0.006918932812962343,0.006695714511274942,384.4871844537983
GAAGGTGAATCTTTGGGTTGTTCTGGTTCTGCTGCTGCTGGTTCTTCTGGTACTTTGGAATTGCCATCTACTTTGTCTTTGTATAAATCTGGTGCTTTGGATGAAGCTGCTGCTTATCAA,0.04539250965638934,0.0725354613447434,0.12293579541436414,0.15128861490638593,0.2973234206629653,0.21782498427970845,0.0767691277546689,0.015930085980774604,965.6717487423452
GAAGGTGAATTGAAAGATAAACAACCATGTATTGCTGATGAAGCTCATTTGGGTCCAGAAGACTTTAAGAGAGATTTGGAAGAATGTCAGAAGATTGTCTTGGATCCAGAGAATATTGAA,0.11785327484201671,0.0,0.058660127755830925,0.07855859412928774,0.0696800268363674,0.21604989624827167,0.2623267240532768,0.19687135613494877,2354.792720382187
GAAGGTGAATTGAAAGATAAACAACCATGTATTGCTGATTATGCTCATTTGGGTCCAGAAGACTTTAAGAGAGATTTGGAAGAATGTCAGAAGATTGTCTTGGATCCAGAGAATATTGAA,0.1756885191828171,0.1767643670747187,0.14574493855901136,0.1951839846362634,0.028854100217011416,0.13419753782949762,0.10862799469363907,0.034938557807041276,919.1635156328572
GAAGTTAATAAGAGACCATCTCATCCATTGTCTCCAGATCATTCTTCTCCAATTGCTCCATCTAAAGCTAAGAGACAAAGATCTGATACTTGTGCTAGATCTAATGGTAATTTGACTTTG,0.3223562893882171,0.28422771340871505,0.21855291339643051,0.10667934574456481,0.02922332061699472,0.025138297962177758,0.007093471730302173,0.006728647752597925,356.4193523647951
GAAGTTAGAGTTTGTGCTTGTCCAGGTAGAGATAGAAGAACTGAAGAAGAGAATTTGAGGAAGAAAGGTGAACCACATCATGAATTGCCACCAGGTTCTACTAAGAGAGCTTTGCCAAAT,0.30788699606310427,0.2974925294980891,0.21582711107570834,0.11233572953551758,0.030325288581147417,0.02283755837036552,0.009643745027158132,0.0036510418489098485,344.04327574803756
GAAGTTCAGAAGAGAAGAATTTATGATATTACTAATGTCTTGGAAGGTATTGATTTGATTGAGAAACCATTTAAGAATAGAATCTTGTGGAAAGGTGTTGATGCTTGTCCAGGTGATGAA,0.0006703631491546123,0.0006744681913291442,0.0034558226644917,0.047557652919429004,0.13060613765713783,0.38596770676485037,0.37907587170780616,0.051991976945801176,1965.259917403439
GAAGTTGTTAGAAGATGTCCACATCATGAAAGATGTTCTGATTCTGATGGTTTGGCTCCACCACAACATTTGATTAGAGTTGAAGGTAATTTGAGAGTTGAATATTTGGATGATAGAAAT,0.19804664802683683,0.18114491669981306,0.06721054608584819,0.12001260397621275,0.2128979409178909,0.0990167056510973,0.10018799850965646,0.0214826401326445,848.578958465331
GAATATAATTGTGGTTATTTGAAGACTGAAGAAGAAGTTGAATCTTCTCATGGATTTAATAATTCTGGTGAATTGGCTCAGAAAGGTTATGGTGTTGATTCATTTGGTTATTCTGGTCAA,0.1496139610880021,0.22077753656528215,0.17376017929271367,0.11081069010921535,0.058972225352143186,0.06399725016715505,0.13875919138105533,0.0833089660444331,1207.5177144588786
GAATATACTAATCCAAATAAGATGAAGATGAAGAGAACTACTGGTTCTGGATTCTGGAAACCATCTGGTGTTGATAGGAAGATTAGAGATAAGAGAGGTAATGGTGTTGTTATTGGTATT,0.23884460388630668,0.2528098096684674,0.21896297460165234,0.17046043803253966,0.06194238468903569,0.04318540595901087,0.009155982557739306,0.004638400605248085,409.787176905696
GAATATAGATTGGATGATACTCCAATGTCTAATGGTTATGCTGATGTTGTTACTGAAGATCCAATGTCTTATAATGAAGAAGGTTGGGTTGTTTGTAGAGTCTTTAGGAAGAAGAATTAT,0.08113731274907518,0.08163416597136695,0.0,0.1802816038145772,0.2931618503837629,0.1487417980094315,0.15050130116227917,0.06454196790950709,1349.0394306350486
GAATATCATGATAACTTTGATGTTGATCCATTTATTAATAATTCTGATTTGGATAATGCTTTGACTGGTTCTGCTGGTGATCCATGGTATCCATTGTTTCCACCAGAAGAACAAATGTCT,0.000976156423060423,0.002478719203034614,0.003933239504289185,0.005164174620148129,0.005954686169480373,0.004047679696006377,0.23150695691680145,0.7459383874671794,5356.664406936416
GAATATCATGATAACTTTGATGTTGCTCCATTTATTAATAATTCTGATTTGGATAATGCTTTGACTGGTTCTGCTGGTGATCCATGGTATCCATTGTTTCCACCAGAAGAACAAATGTCT,0.0948659740433668,0.08112986179287639,0.09443692022177516,0.13174109858109917,0.10282969775577797,0.12608426291802807,0.3519330883858103,0.016979096301266188,1399.8892410251651
GAATATCATGATAACTTTGATGTTTCTCCATTTATTAATAATTCTGATTTGGATAATGCTTTGACTGGTTCTGCTGGTGATCCATGGTATCCATTGTTTCCACCAGAAGAACAAATGTCT,0.29585671058117485,0.17860105293370046,0.11044448571778843,0.0986060305839141,0.058307822617150104,0.05423677170711022,0.027439175880622314,0.1765079499785396,1482.1165756903133
GAATATTTGTTGTCTACTCCACCAGCTATCTTTCCAGATTTGAAATTGACTGATCAAGAAGCTTCTGAAGTTATGAGATCTATTGATCCAAATGATAATTCTGATTCTTTGTCTTCTACT,0.12275835855808405,0.17840345295283486,0.11880862274714135,0.21214724505436214,0.13440764358749308,0.1250233048284217,0.075901341670319,0.032550030601343906,880.4860535419348
GAATATTTGTTGTCTACTCCACCAGCTATCTTTCCAGATTTGAAATTGACTGCTCAAGAAGCTTCTGAAGTTATGAGATCTATTGATCCAAATGATAATTCTGATTCTTTGTCTTCTACT,0.2479693516345464,0.31066318963751827,0.26804746469967367,0.13650407473013812,0.005932973209928678,0.02595848555335104,0.004481000168825052,0.0004434603660187578,318.93107168303555
GAATATTTGTTGTCTGATCCACCAGCTATCTTTCCAGATTTGAAATTGACTGATCAAGAAGCTTCTGAAGTTATGAGATCTATTGATCCAAATGATAATTCTGATTCTTTGTCTTCTACT,0.06693301724392964,0.12121720003219702,0.04997272262322007,0.14872062295435007,0.1187212093354567,0.04908093203356358,0.17381532839169486,0.27153896738558797,2462.6503256000324
GAATATTTGTTGTCTGATCCACCAGCTATCTTTCCAGATTTGAAATTGACTTCTCAAGAAGCTTCTGAAGTTATGAGATCTATTGATCCAAATGATAATTCTGATTCTTTGTCTTCTACT,0.2560822553470407,0.2873222345383053,0.18593309758001983,0.12941687422161233,0.056668671099081504,0.05721737047421841,0.01504337707964656,0.012316119660075392,468.840972583536
GAATATTTGTTGTCTGCTCCACCAGCTATCTTTCCAGATTTGAAATTGACTGCTCAAGAAGCTTCTGAAGTTATGAGATCTATTGATCCAAATGATAATTCTGATTCTTTGTCTTCTACT,0.018088678545973007,0.047773547194954746,0.1069157800313738,0.2599908124932956,0.2807390351727172,0.2331587873464994,0.03984373968915527,0.013489619526030961,899.8385252134858
GAATATTTGTTGTCTGCTCCACCAGCTATCTTTCCAGATTTGAAATTGACTTCTCAAGAAGCTTCTGAAGTTATGAGATCTATTGATCCAAATGATAATTCTGATTCTTTGTCTTCTACT,0.2602755060803946,0.17457955443473938,0.1295491742495582,0.17349435449607908,0.0512954328813871,0.06361864916073627,0.06437120974072286,0.08281611895638247,1025.9474654118585
GAATCTAGAAATTGTGATATTACTATGGAAGAGAAAGCTGCTGAAGAAGATGCTGCTTATCCATCTTCTGAGAAACCAGAAGATGGTGATAATCCATCTGATCAAGATCCTAAATGGTGG,0.10117650307605294,0.20821923097236428,0.12017597024195996,0.15327772164211304,0.09969997947305999,0.10960055253658166,0.09810123150654204,0.10974881055132597,1356.7450313635115
GAATCTAGAAATTGTGATATTACTATGGAAGAGAAAGCTGCTGAAGAAGATGCTGCTTATCCATCTTCTGAGAAACCAGAAGATGGTGATAATCCATCTGCTCAAGATCCTAAATGGTGG,0.16685197325242898,0.089932344421812,0.12605602129847518,0.16550614453977464,0.17616108415793147,0.07646870983926793,0.09947992748627554,0.09954379500403424,1298.9945629977185
GAATCTAGAAATTGTGATATTACTATGGAAGAGAAAGCTGCTGAAGAAGATGCTGCTTATCCATCTTCTGAGAAACCAGAAGATGGTGATAATCCATCTTCTCAAGATCCTAAATGGTGG,0.1194598741844188,0.24038279961892417,0.14864948578533663,0.06635793379076416,0.11771653142714562,0.10949756575696702,0.05539641963814643,0.14253938979829708,1446.078855686314
GAATCTCAATTCTTGTTGGATGATCAACAATTGGTTGAAGGTTTGTCTTTGTGTGATGAATTGTTGCAATCTCAATCTTCTTCTGGTGATGGTGATGGTAAAGAACAGAAAGAGAAACCA,0.15705410637131328,0.11061109107662251,0.09771487000116194,0.14830951654371285,0.11607159794015812,0.10796748149035129,0.13109358632183662,0.13117775025484327,1564.15258544701
GAATCTCAATTCTTGTTGGATGCTCAACAATTGGTTGAAGGTTTGTCTTTGTGTGATGAATTGTTGCAATCTCAATCTTCTTCTGGTGATGGTGATGGTAAAGAACAGAAAGAGAAACCA,0.11493001296991708,0.19614333907279302,0.21915608548505705,0.2591797600825181,0.07614606503823268,0.11478341794964973,0.014278912607759412,0.0053824067940728805,547.8710716914944
GAATCTCAATTCTTGTTGGATTCTCAACAATTGGTTGAAGGTTTGTCTTTGTGTGATGAATTGTTGCAAGATCAATCTTCTTCTGGTGATGGTGATGGTAAAGAACAGAAAGAGAAACCA,0.007171512040547834,0.011378174260904806,0.006178047559535507,0.007048001979778168,0.007882260536848101,0.010871469479963529,0.3343509878221661,0.615119546320256,4807.09082169638
GAATCTCAATTCTTGTTGGATTCTCAACAATTGGTTGAAGGTTTGTCTTTGTGTGATGAATTGTTGCAAGCTCAATCTTCTTCTGGTGATGGTGATGGTAAAGAACAGAAAGAGAAACCA,0.055260549169089,0.08166094781779229,0.055870161197259516,0.0652296326451277,0.027227050996646917,0.02690893756722416,0.22422441159359494,0.4636183090132655,3663.663868398412
GAATCTCAATTCTTGTTGGATTCTCAACAATTGGTTGAAGGTTTGTCTTTGTGTGATGAATTGTTGCAATCTCAATCTTCTTCTGGTGATGGTGATGGTAAAGAACAGAAAGAGAAACCA,0.05836904815327245,0.0734080967666332,0.12407851421973633,0.1999419330709023,0.25403446326330237,0.2050886414584712,0.06766783213721977,0.01741147093046253,926.5129338903498
GAATCTCCAGAATATAATGATGGATTTGATGCTGATCCATTTGTTGGTAATGGTGATATGGATCATTCTTTGGCTGGTGATCCATGGTATCCATTGTTTCCACCAGAAGATCAATTTGAA,0.1379604004485947,0.13880521607273955,0.14045772465357556,0.2090036245045829,0.08651177148347647,0.16094304295104672,0.08142343880908723,0.044894781076896734,983.5844341261732
GAATCTCCAGAATATAATGATGGATTTGATGCTGCTCCATTTGTTGGTAATGGTGATATGGATCATTCTTTGGCTGGTGATCCATGGTATCCATTGTTTCCACCAGAAGATCAATTTGAA,0.17471652080963954,0.16868393508573737,0.09882177499451285,0.0980323875850463,0.11999503394108357,0.1407344571725965,0.15058310387062623,0.04843278654075765,1128.8229305742502
GAATCTCCAGAATATAATGATGGATTTGATGCTTCTCCATTTGTTGGTAATGGTGATATGGATCATTCTTTGGCTGGTGATCCATGGTATCCATTGTTTCCACCAGAAGATCAATTTGAA,0.0007412338827098734,0.0014394719002951077,0.00037492107467621645,0.00029366198192731,0.0012896134448544623,0.008276712506260456,0.32936513788165583,0.6582192473276208,5051.019681142918
GAATCTGAAGATTCTTCTGATGAAGATAATACTTCTGATGATAAAGTTTATTCTATGTGGAATGAATTGTTTATTGATACTACTGAAGTTGCTCCATTGTCTACTAATGCTCCAATTACT,0.2568092812770869,0.18791409530293288,0.15977987532369248,0.12968472696706312,0.09202237240101553,0.08559737235656191,0.032478721738284894,0.05571355463336244,824.0747479379414
GAATCTGAATCTGAATCTGAAGAAGAAGAAGAAGATGAATCTGTTGATAAACCAGCTGAATCTTTGGATTCTGTTAAAGAGAAAGATGGTACTGTCTTGCCACCACCACCAGCTACTCCA,0.018950582433770864,0.013346639880787877,0.01886487393927019,0.10105658011956792,0.24089493930381842,0.31961179392061906,0.22848387398234796,0.058790716419817715,1649.8322856092414
GAATCTGTTGAACAAGAAGCTAAAGATGGTGATATCTTTGCTGCTGTTACTCCAACTGCTGATCCAGTTACTCCTAAATTGGCTACTCCAGAACCAAGAAATGCTGTTAGAATTTGTTCT,0.5197227843720982,0.34992950957419683,0.08066758303477906,0.01944241067069324,0.0017187767797381954,0.016840396527897223,0.011054174585376388,0.0006243644552209476,251.83005163813147
GAATCTTGGAGACAATTGGCTGGTTTGTTTCAACCATTTATGTTTGTTAATGGTGCTTTGACTGTTAGAGGTGTTCCAATTGAAGCTAGAAGATTGAGAGAATTGAATCATATTAGAGAA,0.07809765890092861,0.056125641764229746,0.027765872769102935,0.01239483565732364,0.06596394633640872,0.15339586258600776,0.30007347829629527,0.30618270368970324,3024.4951268305267
GAATGGCCAGATACATTTGATTCTGGTTCTCAATTTATCTTAAATTCTCAACAATTGGTTGAAGCTTTGTCTTTGTGTGATGATTTGTTGGGTTCTCAAGATAGAGAAGAGAATACTAAT,0.19379187662988137,0.27365415075667043,0.27921966802473913,0.10198241081499838,0.04355313975814781,0.06544288232223805,0.022072340734337993,0.020283530958986832,544.0441036866653
GAATGGCCAGGTTTGCCAAGAGGTGTTAAATTTGATCCATCTGATCAAGAAATTATTTGGCATTTGTTGGCTAAAGTTGGTGTTGGTAATTTGGAAGCTCATCCATTTATTGATGAATTT,0.07452680811281347,0.10310187413055644,0.1622900627758654,0.20699188878905161,0.11933869669684312,0.1707791868965076,0.0907196722525071,0.07225181034585525,1209.010939628023
GAATGTAAATTCTTGTCTACTTTGCCATCTGATGTTGTTGAATGGGGTGATGCTTATGTTCCAGAAAGAACTCAAATTGATATTAGAGCTCATGGTGATGTTGCATTTCCAACTTTGCCA,0.13859630767254089,0.13264282137621694,0.11777881847140934,0.09388768048143457,0.0966009073221122,0.08985623406880687,0.1692977563845637,0.1613394742229156,1797.9849777085992
GAATGTCAACATGTTATTGATAATTCTGATGTTGTTGATGATTGGCCAGGTTTGCCAGAAGGTGTTGAATTTGATCCATCTGATCCAGAAATTATTTGGCATTTGTTGGCTGAATCTGGT,0.13951232542966246,0.1098521565154628,0.0754789934328855,0.08423557643592955,0.06873817318592602,0.097298288690946,0.1968985079489482,0.2279859783602394,2257.7965760581787
GAATGTCAACATTTGGTCTTGGATCCAGCTAATATTGATATGGATACTCCACCAGACTTTAGATTGGATCAATTGGACTTTGGTTCTCAAGATTCTTATATTGCTTGGGGTGGTTCTAAA,0.07700471773958692,0.07101990918335421,0.039925232123561825,0.08554962904868814,0.12014483134792826,0.21174882030941078,0.2261566294560179,0.16845023079145208,2121.7040106491377
GAATGTCAACATTTGGTCTTGGATCCAGCTAATATTGATATGGATACTCCACCAGACTTTAGATTGGCTCAATTGGACTTTGGTTCTCAAGATTCTTATATTGCTTGGGGTGGTTCTAAA,0.08100848415793702,0.1778281057837947,0.20160526028575967,0.19635856955564102,0.1523956319401722,0.12150460476394069,0.034150531246663375,0.035148812266091435,811.4954978582628
GAATGTCAACATTTGGTCTTGGATCCAGCTAATATTGATATGGATACTCCACCAGACTTTAGATTGTCTCAATTGGACTTTGGTGATCAAGATTCTTATATTGCTTGGGGTGGTTCTAAA,0.09828123237759635,0.13959962579245475,0.14747448609980998,0.12524404369101608,0.0712110007578996,0.03709386812881651,0.3431557538608838,0.03793998929152283,1393.241097891196
GAATGTCAACATTTGGTCTTGGATCCAGCTAATATTGATATGGATACTCCACCAGACTTTAGATTGTCTCAATTGGACTTTGGTGCTCAAGATTCTTATATTGCTTGGGGTGGTTCTAAA,0.0022838193052735598,0.00020024440287197537,0.0045197381266076945,0.007810736979257702,0.03863096514870018,0.10488696896817214,0.421926606876638,0.41974092019247866,3940.61976413875
GAATGTCAACATTTGGTCTTGGATCCAGCTAATATTGATATGGATACTCCACCAGACTTTAGATTGTCTCAATTGGACTTTGGTTCTCAAGATTCTTATATTGCTTGGGGTGGTTCTAAA,0.12147863299896275,0.1578707559232046,0.21414548866461153,0.14901683181987066,0.18205261554435131,0.10902822159203629,0.04224942502632813,0.024158028430634738,751.0789564043737
GAATGTCAACATTTGGTCTTGGATCCAGCTAATATTGATATGGATGATCCACCAGACTTTAGATTGGATCAATTGGACTTTGGTGATCAAGATTCTTATATTGCTTGGGGTGGTTCTAAA,0.001578625962480964,0.0014748433620911665,0.0011632257114054033,0.0031802776806131713,0.002677475572211599,0.0034173997898240653,0.31565051138136974,0.6708576405400039,5092.0483198682205
GAATGTCAACATTTGGTCTTGGATCCAGCTAATATTGATATGGATGATCCACCAGACTTTAGATTGTCTCAATTGGACTTTGGTTCTCAAGATTCTTATATTGCTTGGGGTGGTTCTAAA,0.11542842124496583,0.11613525982633441,0.10983697026149265,0.15086712956650036,0.18734291333505926,0.21782829398841938,0.09445930209439038,0.008101709682837738,892.4384400484494
GAATGTCAACATTTGGTCTTGGATCCAGCTAATATTGATATGGATGCTCCACCAGACTTTAGATTGGCTCAATTGGACTTTGGTGCTCAAGATTCTTATATTGCTTGGGGTGGTTCTAAA,0.004182824156274777,0.005377448732114665,0.005012109488134455,0.017383131459405714,0.10533442720117256,0.2776099427083003,0.49655712310746547,0.08854299314713215,2322.283556304894
GAATGTCAACATTTGGTCTTGGATCCAGCTAATATTGATATGGATGCTCCACCAGACTTTAGATTGTCTCAATTGGACTTTGGTTCTCAAGATTCTTATATTGCTTGGGGTGGTTCTAAA,0.14172045386003915,0.09248970459445635,0.07625918354779142,0.12765941871747596,0.11323155436704148,0.17554288282981664,0.16340986877186012,0.10968693331151884,1577.6589285339926
GAATGTTCTCATTTGACTACATTCTCTCAACATCCAGAAACTAGATATTTGGAAGATGAAATTCAACCTAAATTGGAGAAACCAGATGGTAGAGGTGATCAGAAATTGGATGAACATGAT,0.054812221654004165,0.1654436108920799,0.1364108010199518,0.12178903754162845,0.10802463432975606,0.050241178352317326,0.10167098710841771,0.26160752910184465,2230.115145011015
GAATGTTCTCATTTGACTACATTCTCTCAACATCCAGAAACTAGATATTTGGAAGATGAAATTCAACCTAAATTGGAGAAACCAGATGGTAGAGGTGCTCAGAAATTGGATGAACATGAT,0.07688929999170957,0.1497293033081806,0.17592211073412659,0.27830844478957745,0.17108725452997758,0.11026263410486285,0.02300349645464483,0.014797456086920482,676.2193137584786
GAATGTTCTCATTTGACTACATTCTCTCAACATCCAGAAACTAGATATTTGGAAGATGAAATTCAACCTAAATTGGAGAAACCAGATGGTAGAGGTTCTCAGAAATTGGATGAACATGAT,0.28636530575036356,0.2340966022429116,0.1893043970653242,0.1292452443095272,0.04997047671957098,0.0382789145687586,0.044264828826298196,0.02847423051724562,609.1100869233162
GAATGTTCTCATTTGACTACATTTGATCAACATCCAGAAACTAGATATTTGGAAGATGAAATTCAACCTAAATTGGAGAAACCAGATGGTAGAGGTGATCAGAAATTGGATGAACATGAT,0.029321513179012642,0.14750533338401847,0.03648612461938034,0.1303008256763572,0.144468042143598,0.08062877194537034,0.32633019773299937,0.10495919131926354,1849.4102083642538
GAATGTTCTCATTTGACTACATTTGATCAACATCCAGAAACTAGATATTTGGAAGATGAAATTCAACCTAAATTGGAGAAACCAGATGGTAGAGGTTCTCAGAAATTGGATGAACATGAT,0.24394056498880046,0.13215696402431001,0.14009843425670337,0.13550484604913265,0.12943571198560175,0.10319872575694264,0.02610487218885886,0.0895598807496501,1056.9591104151707
GAATGTTCTCATTTGACTACATTTGCTCAACATCCAGAAACTAGATATTTGGAAGATGAAATTCAACCTAAATTGGAGAAACCAGATGGTAGAGGTGCTCAGAAATTGGATGAACATGAT,0.497272700458013,0.320005726437645,0.1120242970753704,0.059025042164507394,0.0007082858060373238,0.003678485960885698,0.0069995814729273105,0.00028588062461399233,239.5596520746282
GAATGTTCTCATTTGACTACATTTGCTCAACATCCAGAAACTAGATATTTGGAAGATGAAATTCAACCTAAATTGGAGAAACCAGATGGTAGAGGTTCTCAGAAATTGGATGAACATGAT,0.20595988878532268,0.34536851120811773,0.17085698869942711,0.1906787077652361,0.05073855109603641,0.0,0.015918093147277403,0.020479259298582485,471.39342447845655
GAATTGACTACTTCTGATGATTTGGAATCTATTGCTGCTGAAGCTGATTTGACTGACTTTACTACTTTGCCAGCTGATAAACATGTTGGTACTATTCAAGTTGTTCATAATTCTGAACAT,0.33307063696523137,0.256242410033765,0.19110338142646782,0.1450790497340548,0.038450017013152114,0.027628045484637365,0.008125786951080245,0.00030067239161133655,333.18144586256005
GAATTGATGGATGAAGAAGATAAACAAGAGAAAGATAGAGATAATGAGAATCAAGGTGAAGAAGATCCAACTTGGTTTGATTCTGGTTCTCAATTTATCTTAAATTCTCAACAATTGGTT,0.11496219914682415,0.09843930448179183,0.1460964962433117,0.17663280229361675,0.14702881058505687,0.17487761398629825,0.11569564730042219,0.026267125962678235,993.276840040729
GAATTGGAACAAGTTGAATCTGGTGAAGGTAATGATGATTTGCCAGATGAAGAAGAAAGAGAAGAAGCTGGTAAATTTCCATCTATTGAAATTCAATTAAATTCTTCTCCAATCTTGAGA,0.2205657623300855,0.2219164209361927,0.11762582221279362,0.08751467118821692,0.15524780463700777,0.10108588439993595,0.058446659474639895,0.03759697482112755,814.8516794144188
GAATTGGAAGAAATGCAAGAAGATGATAAGAAAGATAGAGATAATGAGAATCAAGGTGAAGAAGATCCAACTTGGTTTGATTCTGGTTCTCAATTTATCTTAAATTCTCAACAATTGGTT,0.0915708696431866,0.05758225868374834,0.09970266109034037,0.20346425932324735,0.18046905252088724,0.11540973619275968,0.16985446723484338,0.08194669531098707,1416.9519464377763
GAATTGGAAGAGAAACCATTTCATTGTCATATTTGTCCTAAATCATTTAAGAGATCTGAACATTTGAAGAGACATGTTAGATCTGTTCATTCTAATGAAAGACCATTTGCTTGTCATATT,0.2137601404395382,0.17494428749345275,0.19651625560921276,0.23748026428511745,0.10374836642118554,0.0541010959994,0.011835907267538024,0.007613682484555195,485.80210337427957
GAATTGGATACTCCACCAGATATGTTGGAATATCCAGTTGTTACTGATCAAGAAGTTAAAGATTGGTTGGGTAAACATCCAATCTTGGGTTTGGATAATACTGATTCTCAATCTACTACT,0.07133105224868924,0.06379364956501533,0.12820968456369786,0.14088245184987813,0.20306022967347173,0.18161785465712932,0.15436365565724736,0.0567414217848711,1302.1343641382414
GAATTGGATACTCCACCAGATATGTTGGAATATCCAGTTGTTACTGCTCAAGAAGTTAAAGATTGGTTGGGTAAACATCCAATCTTGGGTTTGGATAATACTGATTCTCAATCTACTACT,0.0032335893442851874,0.012901576186660735,0.04913219444223519,0.13897502420945754,0.31413080082928757,0.35095515887645673,0.11223417585313852,0.01843748025847856,1217.5038546195494
GAATTGGATACTCCACCAGATATGTTGGAATATCCAGTTGTTACTTCTCAAGAAGTTAAAGATTGGTTGGGTAAACATCCAATCTTGGGTTTGGATAATACTGATGATCAATCTACTACT,0.002453278981411955,0.004387160698452615,0.02649984721466525,0.13088124809209475,0.33343007040797207,0.3673881831272427,0.12143891601354831,0.013521295464612249,1233.968790071158
GAATTGGATACTCCACCAGATATGTTGGAATATCCAGTTGTTACTTCTCAAGAAGTTAAAGATTGGTTGGGTAAACATCCAATCTTGGGTTTGGATAATACTGATGCTCAATCTACTACT,0.13427860559335558,0.22516812557234256,0.05569637450705823,0.14917897545621592,0.04410633501622876,0.0,0.12453644430248191,0.2670351395523171,2218.02582902317
GAATTGGATGATCCACCAGATATGTTGGAATATCCAGTTGTTACTGATCAAGAAGTTAAAGATTGGTTGGGTAAACATCCAATCTTGGGTTTGGATAATACTGATGATCAATCTACTACT,0.02305983514385663,0.2320104457030356,0.172166561860117,0.28180564002162933,0.04544662091684427,0.16909415532189445,0.02138680143666474,0.05502993959595792,922.6233886946429
GAATTGGATGATCCACCAGATATGTTGGAATATCCAGTTGTTACTTCTCAAGAAGTTAAAGATTGGTTGGGTAAACATCCAATCTTGGGTTTGGATAATACTGATTCTCAATCTACTACT,0.2864902728234333,0.2604423466760993,0.2125655185137071,0.13656653006954259,0.06132602243930836,0.032471337118112426,0.009915833561294992,0.00022213879850190935,358.8671108210448
GAATTGGATGCTCCACCAGATATGTTGGAATATCCAGTTGTTACTGCTCAAGAAGTTAAAGATTGGTTGGGTAAACATCCAATCTTGGGTTTGGATAATACTGATGCTCAATCTACTACT,0.09061984895778864,0.11396846191157352,0.093968749210332,0.09228594644794606,0.19347766606108788,0.13843773816502838,0.13307158446716263,0.14417000477908085,1716.2968025838632
GAATTGGATGCTCCACCAGATATGTTGGAATATCCAGTTGTTACTTCTCAAGAAGTTAAAGATTGGTTGGGTAAACATCCAATCTTGGGTTTGGATAATACTGATTCTCAATCTACTACT,0.05384746515199926,0.1083544120064738,0.06700490905700736,0.299113535130686,0.1591849196338149,0.12339219333231284,0.12485182980377212,0.06425073588393368,1224.0845081303758
GAATTGGCTGAAGAAGAAGAAGTTATGTGTATGGAAGATGAAGTTCAAGAAATTCAACCAAATCATGAAAGACCAGAAGAAGGTCCAGAATTGGAACATGGTTTGGAGAATGGTGCTAAA,0.07234240193986072,0.29114159424971797,0.0,0.08036995436273875,0.3564333500938655,0.13261887252950108,0.06709382682431593,0.0,749.7728574093117
GAATTGGCTGAAGAAGAAGAAGTTATGTGTATGGAAGATGAAGTTCAATCTATTCAACCAAATCATGAAAGACCAGAAGAAGGTCCAGAATTGGAACATGGTTTGGAGAATGGTGCTAAA,0.1860434556852906,0.09359135658256551,0.17362690323940128,0.10334398390132997,0.04583210564951516,0.25579265416483915,0.08627282936999352,0.0554967114070648,1117.6078076433032
GAATTGGGTTCTTCTTATAATACATTTCAACCAGGTTCTTCTAACTTCTCTGGTAATAATAATAATTCATTTCAAATTCAAACTCAATATGGTACTAATGAAGTTGATACTTATATTTCT,0.1985991079952827,0.22201694598596972,0.2196676628029229,0.17160645566761049,0.08697815264968338,0.10113167489853082,0.0,0.0,442.6480514589598
GAATTGGTTTGGGAGAATGGTCAAATTTCTACTCAATCTCAATCTTCTAGATCTAGAAATATTCCACCACCACAAGCTAATTCTTCTAGAGCTAGAGAAATTGGTAATGGTTCTAAGACT,0.20728409245554189,0.3094663641245333,0.19136983165141622,0.12628564869149064,0.0395340161093719,0.05516062794356211,0.031007298066307382,0.039892120957776556,667.8290109229779
GAATTGTTGGAATCTATTCCATCTACTCCAGCTTCTGCTTGTGAAGGTCCATTGAATCAAACATTTGTTAGAATGTCTTCATTCTCTAGAATTAGATTTAATGGTACTTCTGTTACTTCT,0.014625993216060574,0.0588622283505235,0.10373888636172338,0.26648330940811404,0.27383841507199064,0.20511584473462569,0.05290291634873137,0.024432406508230833,963.8525426210978
GAATTGTTGGGTCATTTGGCTGCTAAAGTTGGTGTTGATGGTGCTAAATTGCATCCATTTATTGATGAATTTATTATGACTTTGTATGAAGAAGATGGTATTTGTTATACTCATCCACAA,0.044806019600934464,0.08715542872857444,0.11522538224454038,0.2488898387350128,0.24725198986467067,0.1834434965106074,0.05540701329935763,0.017820831016302177,884.5373837203834
GAATTTAAGAGAGAATTGGAAGAATGTCAGAAGATTGTCTTGGAACCATCTAATATTGAATTGGAAACTCCACCAGAATTTAGATTGTCTCAATTGGAATTTGGTTCTCAAGAATCATTT,0.23425979592605434,0.1571295409646084,0.19433358379304133,0.08675156202883164,0.06155763083354033,0.08588951757651347,0.08690552571272586,0.09317284316468452,1160.1479622557151
GAATTTATCTTGGAATCTGAAGAATTGGTTGAAGCTTTGTCTTTGTGTGATGATTTGTTGGGTTCTGAAGATAGAGAAGAAGAAACTGAATCTGGTTCTTTGAAAGATAAAGAACCATGT,0.0007446020923067984,0.0022474852343452715,0.2881548936438962,0.209702212866881,0.14307846344761094,0.3480782123043983,0.003107609247492775,0.004886521163068851,822.2329119385251
GAATTTGATCAACCAGGTTTGAGATTGAATCAATTGGATACTCCATTGGACTTTCATTTGGATCAATTGGATACTCCACCATCTGATTTGAGATTGTCTCAATTGGATACTCCACCAGAT,0.15587489728924753,0.11405775585245542,0.12343061513679901,0.1364383271200838,0.1070546362994782,0.15153491030662938,0.08761568792504207,0.1239931700702646,1461.6371294155617
GAATTTGATCAACCAGGTTTGAGATTGAATCAATTGGATACTCCATTGGACTTTCATTTGGATCAATTGGATGATCCACCATCTGATTTGAGATTGGATCAATTGGATGATCCACCAGAT,0.04619444933298746,0.05492774903147559,0.04703064954754118,0.08864444140622223,0.03724388891258662,0.080834883259155,0.2492681108974879,0.3958558276125441,3379.8631544634036
GAATTTGATCAACCAGGTTTGAGATTGAATCAATTGGATACTCCATTGGACTTTCATTTGGCTCAATTGGATACTCCACCATCTGATTTGAGATTGTCTCAATTGGATACTCCACCAGAT,0.07381628732434,0.094263623526991,0.0600577599415736,0.06308260847985628,0.0727390461941759,0.1092975814545438,0.3370376817084456,0.1897054113700737,2368.55204718021
GAATTTGATCAACCAGGTTTGAGATTGAATCAATTGGATACTCCATTGGACTTTCATTTGGCTCAATTGGATGCTCCACCATCTGATTTGAGATTGGCTCAATTGGATGCTCCACCAGAT,0.010009258406092797,0.02887936276928019,0.09556900114320917,0.29067626761615395,0.3049145043122403,0.18834581574945353,0.05999679479121506,0.0216089952123549,966.7331600329362
GAATTTGATCAACCAGGTTTGAGATTGAATCAATTGGATACTCCATTGGACTTTCATTTGTCTCAATTGGATACTCCACCATCTGATTTGAGATTGGATCAATTGGATACTCCACCAGAT,0.09047886340999924,0.07376805638151956,0.05629353208414955,0.09531969186272372,0.10453060389887593,0.2445105849683772,0.24016895585964987,0.09492971153470486,1735.9798100465546
GAATTTGATCAACCAGGTTTGAGATTGAATCAATTGGATACTCCATTGGACTTTCATTTGTCTCAATTGGATACTCCACCATCTGATTTGAGATTGGCTCAATTGGATACTCCACCAGAT,0.013386311233901655,0.12177573248426075,0.10688376795986892,0.12764908153541854,0.19951323266066273,0.4222913010145382,0.005172962327188766,0.0033276107841603165,893.2378268507281
GAATTTGATCAACCAGGTTTGAGATTGAATCAATTGGATACTCCATTGGACTTTCATTTGTCTCAATTGGATACTCCACCATCTGATTTGAGATTGTCTCAATTGGATACTCCACCAGAT,0.25850694260431456,0.13376053963741225,0.11028762161569759,0.12308247577263454,0.13100626827627485,0.033849837074342776,0.06850051017262428,0.1410058048466991,1387.156565796976
GAATTTGATCAACCAGGTTTGAGATTGAATCAATTGGATACTCCATTGGACTTTCATTTGTCTCAATTGGATACTCCACCATCTGATTTGAGATTGTCTCAATTGGATGATCCACCAGAT,0.5622870370139431,0.267477458490656,0.12073287464934414,0.015286402187298646,0.02289701913268779,0.0042349403719127415,0.0037845942974787023,0.0032996738566788463,247.16221947194626
GAATTTGATCAACCAGGTTTGAGATTGAATCAATTGGATACTCCATTGGACTTTCATTTGTCTCAATTGGATACTCCACCATCTGATTTGAGATTGTCTCAATTGGATGCTCCACCAGAT,0.0008457147468711693,0.017443318262123014,0.10685524406888557,0.21902598242466736,0.27514122619508635,0.30348559454353435,0.0640457312814761,0.013157188477355985,1022.5269011959878
GAATTTGATCAACCAGGTTTGAGATTGAATCAATTGGATACTCCATTGGACTTTCATTTGTCTCAATTGGATGATCCACCATCTGATTTGAGATTGTCTCAATTGGATACTCCACCAGAT,0.06846371387728432,0.1078946696015556,0.18038583691823393,0.2302028903326555,0.20190779964256195,0.18295836260461484,0.02506987946077115,0.0031168475623227073,697.4930336035873
GAATTTGATCAACCAGGTTTGAGATTGAATCAATTGGATACTCCATTGGACTTTCATTTGTCTCAATTGGATGCTCCACCATCTGATTTGAGATTGTCTCAATTGGATACTCCACCAGAT,0.04541350998189721,0.08630636421574572,0.11302029158501778,0.19059972714950166,0.11933537597733417,0.17113021486600197,0.13571573314720664,0.13847878307729483,1714.6650346798997
GACCCACCATCTGATTTGAGATTGGATCAATTGGATGATCCACCAGACTTTAGATTGGATCAATTGGATTTGCCATCTGGTGATCAAGATTCATTCTTGGGTTGGGCTTCTAAAGGTACT,0.0053736479509395,0.002003827733271557,0.004200338210712335,0.011522402786636484,0.05226020416081187,0.1434539833643699,0.4396902817290864,0.34149531406417194,3555.003165752837
GACCCACCATCTGATTTGAGATTGTCTCAATTGGATACTCCACCAGACTTTAGATTGTCTCAATTGGATTTGCCATCTGGTTCTCAAGATTCATTCTTGGGTTGGGCTTCTAAAGGTACT,0.04462838598833099,0.05612709099808037,0.05553317943691756,0.0991612456591252,0.1374284366823234,0.23009973518684224,0.2638645268085465,0.11315739923983376,1909.87317508353
GACCCAGAAGAACCTAAATTGGAAGAACCAGAACCAAGAAATGCTGTTAGAATTGAAGAAGATGAAGAAGAAGAAGAAGATGAAGAAGAAGAAGAAGATGAAGAAGAAGAAGAAGAAGTT,0.16805320461864864,0.0845411484127272,0.06970547675999023,0.06223380306034479,0.22080095070119587,0.2053846331138987,0.15586063367550737,0.03342014965768717,1165.6322909061605
GACCCAGAAGAACCTAAATTGGAAGAACCAGAACCAAGAAATGCTGTTAGAATTTGTGCTGATGCTCATATTGCTGCTGACTTTGTTGCTCCAGCTGACTTTGTTGCTGCTCATGAAGTT,0.06072103239952924,0.07394668908621133,0.1356907911644299,0.21397019867861752,0.2797173746938195,0.19142337609558774,0.03830105437863523,0.006229483503169644,791.6912212168195
GACCCAGAAGAACCTAAATTGGAAGAACCAGAACCAAGAAATGCTGTTAGAATTTGTGCTGATGCTCATATTGCTGCTGATGCTGTTGCTCCAGCTGATGCTGTTGCTGCTCATGAAGTT,0.3160823748729134,0.2906123814279176,0.22194808232224392,0.10926037663327318,0.023191572587477005,0.02037119138501091,0.009781058659544825,0.008752962111619024,368.0387878585349
GACCCAGAAGAACCTAAATTGGAAGAACCAGAACCAAGAAATGCTGTTAGAATTTGTTCTGATTCTCATATTGCTTCTGATTATGTTACTCCATCTGATTATGTTTCTGCTCATGAAGTT,0.016976822450964504,0.026278125973632972,0.03818759208646394,0.08052056895741078,0.09072303601100014,0.10473781724037978,0.28886244099598707,0.3537135962841608,3270.7902970210635
GACCCAGAAGAACCTAAATTGGCTACTCCAGAACCAAGAAATGCTGTTAGAATTTGTTCTGATTCTCATATTGCTTCTGATTATGTTACTCCATCTGATTATGTTTCTGCTCATGAAGTT,0.0986350902748885,0.08506207976103665,0.026300622249916496,0.08609875931804573,0.06248292099927029,0.08395163806001092,0.25483416763461214,0.3026347217022193,2832.227512178049
GACCCAGAAGAACCTAAATTGGCTGCTCCAGAACCAAGAAATGCTGTTAGAATTTGTGCTGATGCTCATATTGCTGCTGACTTTGTTGCTCCAGCTGACTTTGTTGCTGCTCATGAAGTT,0.15360443094428117,0.09483445912671364,0.030408182665885936,0.06205429519954821,0.04128076313045002,0.06399756857389982,0.2913957516798687,0.26242454867935255,2627.7965468075786
GACCCAGAAGAACCTAAATTGGCTGCTCCAGAACCAAGAAATGCTGTTAGAATTTGTGCTGATGCTCATATTGCTGCTGATGCTGTTGCTCCAGCTGATGCTGTTGCTGCTCATGAAGTT,0.30413987035545453,0.2529126508772996,0.23679752473724622,0.12538257789534246,0.036261370196231844,0.026768570101899394,0.008883656276680588,0.008853779559845282,387.2455517636545
GACCCAGAAGAACCTAAATTGGCTGCTCCAGAACCAAGAAATGCTGTTAGAATTTGTTCTGATTCTCATATTGCTTCTGATTATGTTACTCCATCTGATTATGTTTCTGCTCATGAAGTT,0.4571301978857852,0.4022072421233498,0.07637721455967239,0.038687616213872775,0.001028633195311308,0.01075458989876307,0.01281807344750584,0.0009964326757397844,261.057350802198
GACCCAGATGATCCTAAATTGGATGATCCAGAACCAAGAAATGCTGTTAGAATTGATGATGATGATGATGATGATGATGATGATGATGATGATGATGATGATGATGATGATGATGATGTT,0.008657838563972451,0.011977426706832127,0.014813358724706268,0.010820885546494423,0.036258832621010546,0.06745448342821993,0.3773957287601088,0.47262144564865544,4117.041432461395
GACCCAGATGATCCTAAATTGGATGATCCAGAACCAAGAAATGCTGTTAGAATTTGTGCTGATGCTCATATTGCTGCTGACTTTGTTGCTCCAGCTGACTTTGTTGCTGCTCATGAAGTT,0.2495304799356295,0.26410640193812723,0.23308210167771068,0.13991854436051906,0.05794444940821288,0.03957987470305333,0.0091198662736673,0.0067182817030800234,409.05415191495433
GACCCAGATGATCCTAAATTGGATGATCCAGAACCAAGAAATGCTGTTAGAATTTGTGCTGATGCTCATATTGCTGCTGATGCTGTTGCTCCAGCTGATGCTGTTGCTGCTCATGAAGTT,0.6889690413788546,0.18782051113511905,0.11058517690518539,0.002342784706361839,0.001385337938053077,0.0027613150141618395,0.002421448714239359,0.003714384208024673,217.56839114609232
GACCCAGATGATCCTAAATTGGATGATCCAGAACCAAGAAATGCTGTTAGAATTTGTTCTGATTCTCATATTGCTTCTGATTATGTTACTCCATCTGATTATGTTTCTGCTCATGAAGTT,0.2211149339264928,0.08342585829188477,0.06878590290679988,0.061412797585037024,0.10894404186457857,0.12667196403165498,0.23070671588497269,0.09893778550857932,1588.7456693421466
GACCCAGATGATCCTAAATTGGCTACTCCAGAACCAAGAAATGCTGTTAGAATTTGTTCTGATTCTCATATTGCTTCTGATTATGTTACTCCATCTGATTATGTTTCTGCTCATGAAGTT,0.09050838339381141,0.16556840253398328,0.17405495940053844,0.1553981490192872,0.11351142148100436,0.09050233413945273,0.12209721121651204,0.08835913881541049,1274.828496672181
GACCCAGATGATCCTAAATTGGCTGCTCCAGAACCAAGAAATGCTGTTAGAATTTGTGCTGATGCTCATATTGCTGCTGACTTTGTTGCTCCAGCTGACTTTGTTGCTGCTCATGAAGTT,0.17790732772921433,0.1029231385745197,0.13282702479778982,0.10376572797095021,0.15339715087508624,0.12230311296789043,0.14849983972922728,0.0583766773553219,1186.3216032018718
GACCCAGATGATCCTAAATTGGCTGCTCCAGAACCAAGAAATGCTGTTAGAATTTGTGCTGATGCTCATATTGCTGCTGATGCTGTTGCTCCAGCTGATGCTGTTGCTGCTCATGAAGTT,0.0884320978025618,0.14467884529839528,0.18371925434945477,0.22895370650816332,0.1636745826745355,0.12052873793352811,0.04065150062995546,0.02936127480340582,802.0266743028733
GACCCAGATGATCCTAAATTGGCTGCTCCAGAACCAAGAAATGCTGTTAGAATTTGTTCTGATTCTCATATTGCTTCTGATTATGTTACTCCATCTGATTATGTTTCTGCTCATGAAGTT,0.4599336402648036,0.29772710713307315,0.16805933170923237,0.04105979474011457,0.005296720682708315,0.01792577184851963,0.0037796176211428185,0.0062180160004055565,291.05686016417366
GACCCAGATTGGTCTGAAACATTTGGTTCTCAATTTATCTTAAATTCTCAACAATTGGTTGAAGCTTTGTCTTTGTGTGATGATTTGTTGGGTTCTCAAGATAGAGAAGAGAATACTAAT,0.1136473528517085,0.14292910608209386,0.10606252106161992,0.0,0.1679832530577657,0.10416977731597406,0.2635050678028793,0.1017029218279586,1687.5465965664127
GACCCAGGTTCTACTTATTTGGATACTCCAGATGATTCATTTGAAACTTCTCCAATGTATGAATCTTTGGATACTTCTAAGACTTGGCCATCTTTGTTTCCAGAAGAAGATGTTTCATTT,0.14338240775281352,0.09987260236103439,0.0686220802290086,0.03675992095658023,0.043473830918134476,0.010109622246667657,0.4398560920871992,0.15792344344856188,2276.6241268987615
GACCCAGGTTCTACTTATTTGGATGATCCAGATGATTCATTTGAAACTGATCCAATGTATGAATCTTTGGATACTTCTAAGACTTGGCCATCTTTGTTTCCAGAAGAAGATGTTTCATTT,0.0042211606354278465,0.005405284659038962,0.005570925390413941,0.00412113398997938,0.002773039298714765,0.07409986714491204,0.522699484176795,0.3811091047047181,3886.50356481396
GACCCAGTTAAGACTAAATTGGCTAAGACTGAACCAAGAAATGCTGTTAGAATTTGTTCTGATTCTCATATTGCTTCTGATTATGTTACTCCATCTGATTATGTTTCTGCTCATGAAGTT,0.5127009123190079,0.24403171185227615,0.16703551328555716,0.061455333949027226,0.007697055372948295,0.006048667406149858,0.00046838407454901943,0.0005624217404842116,236.67419393934966
GACCCAGTTACTCCTAAATTGGAAGAACCAGAACCAAGAAATGCTGTTAGAATTTGTTCTGATTCTCATATTGCTTCTGATTATGTTACTCCATCTGATTATGTTTCTGCTCATGAAGTT,0.30790473664092893,0.285369824402023,0.18294081895634082,0.11787606458678082,0.038951452699499595,0.04131703688796665,0.017365480436124472,0.00827458539033571,414.2699204296159
GACCCAGTTACTCCTAAATTGGATGATCCAGAACCAAGAAATGCTGTTAGAATTTGTTCTGATTCTCATATTGCTTCTGATTATGTTACTCCATCTGATTATGTTTCTGCTCATGAAGTT,0.15499783765422215,0.13953151190279023,0.17256881547333047,0.21751242869385193,0.09646476007251117,0.044864796308609525,0.10592286359836221,0.06813698629632227,1061.6285539131682
GACCCAGTTACTCCTAAATTGGCTACTCCAGAACCAAGAAATGCTGTTAGAATTTGTTCTACTGTTTATGATTCTGCTATTCATTCTGATCCATCTGATTATGTTTCTGCTCATGAAGTT,0.09111806040023343,0.14290675549042284,0.1493239413165548,0.14324244778473585,0.0780512891465575,0.05131251491871805,0.12979875805801155,0.21424623288476605,1994.744218787155
GACCCAGTTACTCCTAAATTGGCTACTCCAGAACCAAGAAATGCTGTTAGAATTTGTTCTGATTCTCATATTGCTTCTGATTATGTTACTCCATCTGATTATGTTTCTGCTCATGAAGTT,0.11891295413202387,0.18298055273162664,0.10444865483934948,0.11656610996241389,0.2067839874278971,0.10899625588359091,0.0778486583192914,0.08346282670380664,1193.0937971533099
GACCCAGTTACTCCTAAATTGGCTACTCCAGAACCAAGAAATGCTGTTAGAATTTGTTCTGATTCTCATATTGCTTCTGATTATGTTACTGTTGAACATGCTTCTGTTTATGATTCTCCA,0.06780779451062423,0.0818676275614623,0.03375055885520681,0.0552435835188883,0.0400909431456095,0.10358831768062704,0.3857143764671921,0.23193679826038963,2713.7555790929414
GACCCAGTTACTCCTAAATTGGCTACTCCATCTTGTATTAGAGTTGCTAATAGACCAGAAGATTCTCATATTGCTTCTGATTATGTTACTCCATCTGATTATGTTTCTGCTCATGAAGTT,0.1268215202406553,0.08730398075011657,0.058140498637133976,0.08898594101593266,0.2104770441909914,0.2814359659525973,0.09904874466520436,0.04778630454736854,1209.1524279838836
GACCCAGTTACTCCTAAATTGGCTCCAACTGAACCAAGAAATGCTGTTAGAATTTGTTCTGATTCTCATATTGCTTCTGATTATGTTACTCCATCTGATTATGTTTCTGCTCATGAAGTT,0.15943414941707262,0.17043611576368373,0.09919566921225484,0.09963333632853373,0.10801136525655491,0.10047001407783653,0.12014186183724011,0.14267748810682346,1583.8938296252825
GACCCAGTTACTCCTAAATTGGCTGAACCAGAACCAAGAAATGCTGTTAGAATTTGTTCTGATTCTCATATTGCTTCTGATTATGTTACTCCATCTGATTATGTTTCTGCTCATGAAGTT,0.08962769624249627,0.07378080648392886,0.05069450782506562,0.144833934450883,0.14452316287112277,0.10455865682511056,0.22670465738835305,0.16527657791303976,2010.3560272592156
GACCCAGTTACTCCTAAATTGGCTGATCCAGAACCAAGAAATGCTGTTAGAATTTGTTCTGATTCTCATATTGCTTCTGATTATGTTACTCCATCTGATTATGTTTCTGCTCATGAAGTT,0.44540049766771667,0.27837509374926495,0.14469440111133183,0.0604665677283541,0.03319550182596112,0.015513300623892359,0.02153135740617596,0.0008232798873030945,316.06528896703713
GACCCAGTTACTCCTAAATTGGCTGCTCCAGAACCAAGAAATGCTGTTAGAATTTGTTCTGATTCTCATATTGCTTCTGATTATGTTACTCCATCTGATTATGTTTCTGCTCATGAAGTT,0.08136706287974622,0.07930703165831314,0.1012488263487139,0.23728962208419746,0.24053888755562097,0.18645372303783056,0.049523074069038185,0.024271772366539605,902.4401265593567
GACCCAGTTACTCCTAAATTGGCTTATCCAGAACCAAGAAATGCTGTTAGAATTTGTTCTGATTCTCATATTGCTTCTGATTATGTTACTCCATCTGATTATGTTTCTGCTCATGAAGTT,0.1466833642393803,0.09698219158341136,0.17730994415000378,0.17692826218322427,0.10737460263886714,0.06146320628449232,0.1632494577075248,0.07000897121309603,1223.8946221317308
GACCCAGTTACTCCTAAATTGGCTTCTCCAGAACCAAGAAATGCTGTTAGAATTTGTTCTGATTCTCATATTGCTTCTGATTATGTTACTCCATCTGATTATGTTTCTGCTCATGAAGTT,0.35441022802247646,0.16208204448881589,0.10022935337508976,0.08053726501663087,0.07937230165423889,0.06644747634737395,0.08964466642250699,0.06727666467286716,974.4967493193805
GACCCAGTTACTGATAAATTGGCTACTGATGAACCAAGAAATGCTGTTAGAATTTGTTCTGATTCTCATATTGCTTCTGATTATGTTACTCCATCTGATTATGTTTCTGCTCATGAAGTT,0.14300183704413102,0.19183669927666788,0.2372584623146055,0.07943509483261944,0.09394328910005739,0.10923021336669286,0.08841785944729949,0.05687654461792652,995.8765569646757
GACCCAGTTCCAACTAAATTGGCTACTCCAGAACCAAGAAATGCTGTTAGAATTTGTTCTGATTCTCATATTGCTTCTGATTATGTTACTCCATCTGATTATGTTTCTGCTCATGAAGTT,0.4095414032457252,0.3340301343943031,0.13991143564959835,0.06032838772701319,0.01869962662569445,0.01886712820989028,0.00836992662191306,0.010251957525862415,341.5197001332254
GACCCAGTTCCAACTAAATTGGCTCCAACTGAACCAAGAAATGCTGTTAGAATTTGTTCTGATTCTCATATTGCTTCTGATTATGTTACTCCATCTGATTATGTTTCTGCTCATGAAGTT,0.4803164102623161,0.22114753856725858,0.1726203239450824,0.08511625571532677,0.012273515544769853,0.01578888578983835,0.008459983219930835,0.004277086955477103,300.9646478371731
GACCCAGTTGAACCTAAATTGGCTACTCCAGAACCAAGAAATGCTGTTAGAATTTGTTCTGATTCTCATATTGCTTCTGATTATGTTACTCCATCTGATTATGTTTCTGCTCATGAAGTT,0.36163916858328354,0.27491168870998967,0.07000069413680139,0.08928196617886819,0.04751487626503623,0.08102854583107023,0.037266841973700504,0.038356218321250156,672.0674230203683
GACCCAGTTGAACCTAAATTGGCTGAACCAGAACCAAGAAATGCTGTTAGAATTTGTGAAGATGAACATATTGCTGAAGATGAAGTTGAACCAGAAGATGAAGTTGAAGCTCATGAAGTT,0.00577598428709699,0.003090583803045443,0.0002940269845413861,0.0005541887695316715,0.0006467832062066382,0.0007219497801388517,0.2784870998790646,0.7104293832903743,5241.465553906375
GACCCAGTTGAACCTAAATTGGCTGAACCAGAACCAAGAAATGCTGTTAGAATTTGTGCTGATGCTCATATTGCTGCTGACTTTGTTGCTCCAGCTGACTTTGTTGCTGCTCATGAAGTT,0.4131242042156722,0.3206678244198541,0.15866825720422165,0.07073066042742789,0.007401608283873305,0.016016084612120098,0.007196772068798987,0.006194588768031866,308.6191317639616
GACCCAGTTGAACCTAAATTGGCTGAACCAGAACCAAGAAATGCTGTTAGAATTTGTGCTGATGCTCATATTGCTGCTGATGCTGTTGCTCCAGCTGATGCTGTTGCTGCTCATGAAGTT,0.549028205119956,0.2941183526847555,0.1136882547895551,0.0257751402452821,0.0037040105865945704,0.003544307556352866,0.009841293407631551,0.00030043560987226607,235.07162201421627
GACCCAGTTGAACCTAAATTGGCTGAACCAGAACCAAGAAATGCTGTTAGAATTTGTTCTGATTCTCATATTGCTTCTGATTATGTTACTCCATCTGATTATGTTTCTGCTCATGAAGTT,0.0038212905497470038,0.002544944440940835,0.009903168697882122,0.0551352129534901,0.18575788657616876,0.28268883556253077,0.339405097019896,0.12074356419934447,2208.109857729503
GACCCAGTTGAACCTAAATTGGCTGCTCCAGAACCAAGAAATGCTGTTAGAATTTGTGAAGATGAACATATTGCTGAAGACTTTGTTGAACCAGAAGACTTTGTTGAAGCTCATGAAGTT,0.15871966509972235,0.3484180415016012,0.3191955916094852,0.14872460247443103,0.007899160753187333,0.005143349064550069,0.005204191000148414,0.006695398496874455,352.433058943864
GACCCAGTTGAACCTAAATTGGCTGCTCCAGAACCAAGAAATGCTGTTAGAATTTGTGAAGATGAACATATTGCTGAAGATGAAGTTGAACCAGAAGATGAAGTTGAAGCTCATGAAGTT,0.24141186179240642,0.2698779708578055,0.20026668292273925,0.08940012954416825,0.07048557259690863,0.04917320358562459,0.05804736636121859,0.02133721233912877,616.5442320063645
GACCCAGTTGAACCTAAATTGGCTGCTCCAGAACCAAGAAATGCTGTTAGAATTTGTGCTGATGCTCATATTGCTGCTGACTTTGTTGCTCCAGCTGACTTTGTTGCTGCTCATGAAGTT,0.09509355253605219,0.10431755965368535,0.10725981819257285,0.16801075951262953,0.1937594137687813,0.20131902209614472,0.09729827115211266,0.0329416030880213,1041.8224578550717
GACCCAGTTGAACCTAAATTGGCTGCTCCAGAACCAAGAAATGCTGTTAGAATTTGTGCTGATGCTCATATTGCTGCTGATGCTGTTGCTCCAGCTGATGCTGTTGCTGCTCATGAAGTT,0.19366726472619228,0.19669144524179463,0.13413549719623805,0.16238321585800813,0.10442241932947088,0.08205949595858864,0.06777975333157477,0.05886090835813261,940.5461009589774
GACCCAGTTGAACCTAAATTGGCTGCTCCAGAACCAAGAAATGCTGTTAGAATTTGTTCTGATTCTCATATTGCTTCTGATTATGTTACTCCATCTGATTATGTTTCTGCTCATGAAGTT,0.08637877764500006,0.09777119349569073,0.07389603132481645,0.047981945795835014,0.021279551319442785,0.1039175209170847,0.37552423828409587,0.19325074121803426,2443.5281584927625
GACCCAGTTGATCCTAAATTGGCTGATCCAGAACCAAGAAATGCTGTTAGAATTTGTGATGATGATCATATTGCTGATGATGATGTTGATCCAGATGATGATGTTGATGCTCATGAAGTT,0.23256513921996957,0.22335340108281868,0.18086977213408525,0.17322666839347733,0.07031388782999994,0.03875826590061708,0.03676570023671109,0.0441471652023211,713.7957176424073
GACCCAGTTGATCCTAAATTGGCTGATCCAGAACCAAGAAATGCTGTTAGAATTTGTGCTGATGCTCATATTGCTGCTGACTTTGTTGCTCCAGCTGACTTTGTTGCTGCTCATGAAGTT,0.38423880381667486,0.25000191492508167,0.17062649086411055,0.05657241644706778,0.05617734500586058,0.05018816091745075,0.020683510665323583,0.011511357358430294,437.99079440244395
GACCCAGTTGATCCTAAATTGGCTGATCCAGAACCAAGAAATGCTGTTAGAATTTGTGCTGATGCTCATATTGCTGCTGATGCTGTTGCTCCAGCTGATGCTGTTGCTGCTCATGAAGTT,0.4634878886655453,0.24273417113298218,0.19030104070893425,0.043888505378806085,0.007746600777409797,0.006115790430251328,0.02885754330371234,0.016868459602358745,405.7698731618567
GACCCAGTTGATCCTAAATTGGCTGATCCAGAACCAAGAAATGCTGTTAGAATTTGTTCTGATTCTCATATTGCTTCTGATTATGTTACTCCATCTGATTATGTTTCTGCTCATGAAGTT,0.09013361235619484,0.14936444419576805,0.12535244657709058,0.1413676031636635,0.1776364872976581,0.12149552324166757,0.09342886988900477,0.10122101327895268,1347.5265128346878
GACCCAGTTGATCCTAAATTGGCTGCTCCAGAACCAAGAAATGCTGTTAGAATTTGTGATGATGATCATATTGCTGATGACTTTGTTGATCCAGATGACTTTGTTGATGCTCATGAAGTT,0.03403324837684355,0.038847933226618905,0.1014827899166488,0.1698158830751204,0.17871085448612936,0.27886036563265615,0.15673982172269066,0.041509103563292196,1318.9758404866639
GACCCAGTTGATCCTAAATTGGCTGCTCCAGAACCAAGAAATGCTGTTAGAATTTGTGATGATGATCATATTGCTGATGATGATGTTGATCCAGATGATGATGTTGATGCTCATGAAGTT,0.07226550988522704,0.09167534929893134,0.08112649153541937,0.176276902603401,0.1447438947514261,0.14687768635674744,0.12020342082647421,0.16683074474237333,1829.0451725099551
GACCCAGTTGATCCTAAATTGGCTGCTCCAGAACCAAGAAATGCTGTTAGAATTTGTGCTGATGCTCATATTGCTGCTGACTTTGTTGCTCCAGCTGACTTTGTTGCTGCTCATGAAGTT,0.21588233469304793,0.1967833954239517,0.15842426224191633,0.11274433551992265,0.116366138341354,0.0997850932521945,0.058183494388117735,0.041830946139495166,828.1883630505145
GACCCAGTTGATCCTAAATTGGCTGCTCCAGAACCAAGAAATGCTGTTAGAATTTGTGCTGATGCTCATATTGCTGCTGATGCTGTTGCTCCAGCTGATGCTGTTGCTGCTCATGAAGTT,0.15962207304997164,0.20878450186634764,0.20979582472264935,0.18489128454892928,0.1208770267281578,0.09190545033598793,0.018039745284235065,0.006084093463721223,536.1268669529011
GACCCAGTTGATCCTAAATTGGCTGCTCCAGAACCAAGAAATGCTGTTAGAATTTGTTCTGATTCTCATATTGCTTCTGATTATGTTACTCCATCTGATTATGTTTCTGCTCATGAAGTT,0.06732439025978014,0.07789715731888361,0.1130960808613885,0.07105535793955356,0.12604958892078572,0.12033430434028558,0.27161348311746514,0.15262963724185777,2036.2847522220661
GACCCAGTTGCTCCTAAATTGGAAGAACCAGAACCAAGAAATGCTGTTAGAATTGAAGAAGATGAAGAAGAAGAAGAAGATGAAGAAGAAGAAGAAGATGAAGAAGAAGAAGAAGAAGTT,0.17199668672267526,0.2719356000021709,0.18344870463942706,0.16378498630050922,0.07263713389544223,0.04504374052190086,0.0911531479178745,0.0,583.464960458688
GACCCAGTTGCTCCTAAATTGGAAGAACCAGAACCAAGAAATGCTGTTAGAATTTGTGCTGATGCTCATATTGCTGCTGACTTTGTTGCTCCAGCTGACTTTGTTGCTGCTCATGAAGTT,0.2998873624398064,0.3855359098732364,0.13327279056354846,0.06610410438282419,0.028143899376663548,0.026178892932815705,0.035318092624078055,0.025558947807027457,522.7675448171428
GACCCAGTTGCTCCTAAATTGGAAGAACCAGAACCAAGAAATGCTGTTAGAATTTGTGCTGATGCTCATATTGCTGCTGATGCTGTTGCTCCAGCTGATGCTGTTGCTGCTCATGAAGTT,0.07134416413383586,0.0717810479378538,0.06146090763315164,0.13718240658196945,0.17846146163656895,0.20372885131557505,0.1221563317258208,0.15388482903522438,1825.2783365651467
GACCCAGTTGCTCCTAAATTGGAAGAACCAGAACCAAGAAATGCTGTTAGAATTTGTTCTGATTCTCATATTGCTTCTGATTATGTTACTCCATCTGATTATGTTTCTGCTCATGAAGTT,0.09556505471969878,0.19230051560068653,0.14864506115669046,0.29196621789554916,0.11771302753384703,0.10949430650542252,0.04431581658810548,0.0,605.3110587088845
GACCCAGTTGCTCCTAAATTGGATGATCCAGAACCAAGAAATGCTGTTAGAATTGATGATGATGATGATGATGATGATGATGATGATGATGATGATGATGATGATGATGATGATGATGTT,0.0759622658445761,0.11464114365042068,0.09452338564707836,0.21097875089543117,0.22456112185667806,0.2088822692008886,0.07045106290492698,0.0,813.2344199904988
GACCCAGTTGCTCCTAAATTGGATGATCCAGAACCAAGAAATGCTGTTAGAATTTGTGCTGATGCTCATATTGCTGCTGACTTTGTTGCTCCAGCTGACTTTGTTGCTGCTCATGAAGTT,0.3575566805933045,0.31512410720723627,0.17894380253781236,0.10623434333678129,0.024392745912526777,0.010049827950375487,0.005538088003772716,0.0021604044581906624,298.15442664534856
GACCCAGTTGCTCCTAAATTGGATGATCCAGAACCAAGAAATGCTGTTAGAATTTGTGCTGATGCTCATATTGCTGCTGATGCTGTTGCTCCAGCTGATGCTGTTGCTGCTCATGAAGTT,0.5887117728738078,0.23186012494509103,0.0932217331355981,0.030843922204390695,0.019092385348683374,0.007674965336843294,0.02350270638142166,0.005092389774164077,305.23245702920474
GACCCAGTTGCTCCTAAATTGGATGATCCAGAACCAAGAAATGCTGTTAGAATTTGTTCTGATTCTCATATTGCTTCTGATTATGTTACTCCATCTGATTATGTTTCTGCTCATGAAGTT,0.35995781342801536,0.20316407936927594,0.10924689604200956,0.05852208574636542,0.09516469003330716,0.04828379642178817,0.0732824359102437,0.05237820304899473,827.7538260233849
GACCCAGTTGCTCCTAAATTGGCTGAACCAGAACCAAGAAATGCTGTTAGAATTTGTGAAGATGAACATATTGCTGAAGACTTTGTTGAACCAGAAGACTTTGTTGAAGCTCATGAAGTT,0.13611421493532594,0.1232529527162265,0.11856128040853926,0.19658375771150396,0.1475406089823755,0.13723932686437595,0.07574332607416377,0.06496453230748901,1094.2695514404586
GACCCAGTTGCTCCTAAATTGGCTGAACCAGAACCAAGAAATGCTGTTAGAATTTGTGAAGATGAACATATTGCTGAAGATGAAGTTGAACCAGAAGATGAAGTTGAAGCTCATGAAGTT,0.0361287445782189,0.012116660967712679,0.0449566797243663,0.05351707942732964,0.1424059928273367,0.14350181028936734,0.3518291417573315,0.21554389042833696,2637.2730222665846
GACCCAGTTGCTCCTAAATTGGCTGAACCAGAACCAAGAAATGCTGTTAGAATTTGTGCTGATGCTCATATTGCTGCTGACTTTGTTGCTCCAGCTGACTTTGTTGCTGCTCATGAAGTT,0.02106598699274083,0.015139276336879247,0.009031503721611045,0.006490073087747657,0.007500992129841822,0.004543340572519375,0.32261684826223863,0.6136119788964214,4761.759882599963
GACCCAGTTGCTCCTAAATTGGCTGAACCAGAACCAAGAAATGCTGTTAGAATTTGTGCTGATGCTCATATTGCTGCTGATGCTGTTGCTCCAGCTGATGCTGTTGCTGCTCATGAAGTT,0.5503159083804176,0.2578719062122863,0.0990521551619106,0.03507844757072617,0.03339787247423003,0.017448523436204923,0.004863033589622986,0.0019721531746015354,266.04941373333673
GACCCAGTTGCTCCTAAATTGGCTGAACCAGAACCAAGAAATGCTGTTAGAATTTGTTCTGATTCTCATATTGCTTCTGATTATGTTACTCCATCTGATTATGTTTCTGCTCATGAAGTT,0.45440783312371597,0.2801203854158566,0.15900075947025952,0.061580278801095525,0.01827205586623925,0.014712296483056676,0.006652533525307796,0.005253857314468624,299.9934266259714
GACCCAGTTGCTCCTAAATTGGCTGATCCAGAACCAAGAAATGCTGTTAGAATTTGTGATGATGATCATATTGCTGATGACTTTGTTGATCCAGATGACTTTGTTGATGCTCATGAAGTT,0.0008712939545866873,0.0008766294185579745,0.0406571869429264,0.25288425907877365,0.38507254209918135,0.24358298683882615,0.06202013739282515,0.014034964274322482,1016.9755468339188
GACCCAGTTGCTCCTAAATTGGCTGATCCAGAACCAAGAAATGCTGTTAGAATTTGTGATGATGATCATATTGCTGATGATGATGTTGATCCAGATGATGATGTTGATGCTCATGAAGTT,0.5380968481733482,0.2771404050386425,0.09892009558414122,0.033952880245084076,0.03498421655522023,0.0034168700280097033,0.0065167154152501175,0.006971968960303871,286.4067044262296
GACCCAGTTGCTCCTAAATTGGCTGATCCAGAACCAAGAAATGCTGTTAGAATTTGTGCTGATGCTCATATTGCTGCTGACTTTGTTGCTCCAGCTGACTTTGTTGCTGCTCATGAAGTT,0.20018004801920358,0.21892201339269132,0.2507230935006603,0.16557347212759277,0.06663200736726287,0.057854335776580695,0.0304850599569935,0.009629969859015052,514.9268806897553
GACCCAGTTGCTCCTAAATTGGCTGATCCAGAACCAAGAAATGCTGTTAGAATTTGTGCTGATGCTCATATTGCTGCTGATGCTGTTGCTCCAGCTGATGCTGTTGCTGCTCATGAAGTT,0.5440755485951078,0.20489864201252506,0.17398710379484159,0.04640823071055115,0.015200349875007738,0.008710962197955778,0.005788302646715761,0.0009308601672952123,252.59889752594356
GACCCAGTTGCTCCTAAATTGGCTGATCCAGAACCAAGAAATGCTGTTAGAATTTGTTCTGATTCTCATATTGCTTCTGATTATGTTACTCCATCTGATTATGTTTCTGCTCATGAAGTT,0.21982904081547772,0.24285484824359976,0.2175202349832132,0.1760156797889661,0.07538898708144998,0.054865439116112934,0.009308778144895342,0.004216991826285014,430.94049303115287
GACCCAGTTGCTCCTAAATTGGCTGCTCCAGAACCAAGAAATGCTGTTAGAATTGAAGAAGATGAAGAAGAAGAAGAAGATGAAGAAGAAGAAGAAGATGAAGAAGAAGAAGAAGAAGTT,0.2431393645404874,0.1657159147264728,0.09759665694165502,0.07842181516857699,0.15457490314695696,0.11502598941040604,0.08001582875477128,0.0655095273106734,1045.645916831346
GACCCAGTTGCTCCTAAATTGGCTGCTCCAGAACCAAGAAATGCTGTTAGAATTGATGATGATGATGATGATGATGATGATGATGATGATGATGATGATGATGATGATGATGATGATGTT,0.08344560539774638,0.12916399031218398,0.11980990802374043,0.2709845381393569,0.16445567680904544,0.14708979329075922,0.07739147232712659,0.007659015700041151,790.8726778987145
GACCCAGTTGCTCCTAAATTGGCTGCTCCAGAACCAAGAAATGCTGTTAGAATTTGTGAAGATGAACATATTGCTGAAGACTTTGTTGAACCAGAAGACTTTGTTGAAGCTCATGAAGTT,0.5832484338409258,0.16681778780533568,0.0907203991795105,0.08883449031634559,0.03283106566212015,0.02227536099923426,0.008724720657805132,0.006547741538722743,317.72456626530476
GACCCAGTTGCTCCTAAATTGGCTGCTCCAGAACCAAGAAATGCTGTTAGAATTTGTGAAGATGAACATATTGCTGAAGATGAAGTTGAACCAGAAGATGAAGTTGAAGCTCATGAAGTT,0.1891807775475157,0.11420354805686249,0.06591380694624373,0.12610405557538124,0.10439517749930487,0.159531792488627,0.16843714761229037,0.0722336942737746,1331.803067156919
GACCCAGTTGCTCCTAAATTGGCTGCTCCAGAACCAAGAAATGCTGTTAGAATTTGTGATGATGATCATATTGCTGATGACTTTGTTGATCCAGATGACTTTGTTGATGCTCATGAAGTT,0.18122137713852896,0.16409799548296583,0.21422709067312218,0.07046578074362872,0.1250037006818352,0.09966509572491598,0.05882570081992183,0.0864932587350813,1105.5536097057031
GACCCAGTTGCTCCTAAATTGGCTGCTCCAGAACCAAGAAATGCTGTTAGAATTTGTGATGATGATCATATTGCTGATGATGATGTTGATCCAGATGATGATGTTGATGCTCATGAAGTT,0.13971331631503622,0.1946338146159249,0.12838285825202875,0.08835415267379661,0.04871555836966631,0.02955276465734668,0.14751826763393652,0.22312926748226394,2030.609487448232
GACCCAGTTGCTCCTAAATTGGCTGCTCCAGAACCAAGAAATGCTGTTAGAATTTGTGCTGATGCTCATATTGCTGCTGATGCTGTTGCTCCAGCTGATGCTGTTGCTGCTCATGAAGTT,0.2349710683004307,0.2436592559490244,0.20902744344378482,0.15509020090724074,0.05624060903852916,0.07894126863389066,0.011784393936082013,0.010285759791017588,483.3999975542206
GACCCAGTTGCTCCTAAATTGGCTGCTCCAGAACCAAGAAATGCTGTTAGAATTTGTTCTGATTCTCATATTGCTTCTGATTATGTTACTCCATCTGATTATGTTTCTGCTCATGAAGTT,0.08190452159995396,0.238977611438081,0.11210937239549403,0.2092842333005999,0.05649647113509767,0.13513342820460242,0.06836597730929174,0.09772838461687923,1233.4154528786155
GACCCAGTTTATCCTAAATTGGCTACTCCAGAACCAAGAAATGCTGTTAGAATTTGTTCTGATTCTCATATTGCTTCTGATTATGTTACTCCATCTGATTATGTTTCTGCTCATGAAGTT,0.020294446039236594,0.023821841519681756,0.03156665563046712,0.04321401204530095,0.046662649080543225,0.046504997072321745,0.2854677041636331,0.5024676944488152,4073.6921508898618
GACCCAGTTTATCCTAAATTGGCTTATCCAGAACCAAGAAATGCTGTTAGAATTTGTTCTGATTCTCATATTGCTTCTGATTATGTTACTCCATCTGATTATGTTTCTGCTCATGAAGTT,0.08275474956443854,0.1261095345064587,0.1397095717569103,0.21828487749289294,0.20410610322241246,0.17920932123280262,0.04174163017977526,0.008084212044309314,756.0591088488299
GACCCAGTTTCTCCTAAATTGGCTACTCCAGAACCAAGAAATGCTGTTAGAATTTGTTCTGATTCTCATATTGCTTCTGATTATGTTACTCCATCTGATTATGTTTCTGCTCATGAAGTT,0.12934730147052353,0.13013937383960883,0.18241325505261882,0.18202058756694056,0.0764757996734472,0.17388863799883278,0.06398022155633615,0.06173482284169209,1052.8367946875958
GACCCAGTTTCTCCTAAATTGGCTTCTCCAGAACCAAGAAATGCTGTTAGAATTTGTTCTGATTCTCATATTGCTTCTGATTATGTTACTCCATCTGATTATGTTTCTGCTCATGAAGTT,0.4610846284388139,0.29115573054455207,0.13659142343531916,0.0667693327091017,0.01878515098793991,0.01157911385131564,0.008390294564625748,0.0056443254683318355,301.7834217202437
GACCCAGTTTCTGAGAAATTGGCTTCTGAAGAACCAAGAAATGCTGTTAGAATTTGTTCTGATTCTCATATTGCTTCTGATTATGTTACTCCATCTGATTATGTTTCTGCTCATGAAGTT,0.2353753990221199,0.17328054589810138,0.31431944375064047,0.10842437599404339,0.05657083856599689,0.04735895746024947,0.03727047190642581,0.02739996740242278,611.1242517833157
GACCCAGTTTCTGGTAAATTGGCTTCTGGTGAACCAAGAAATGCTGTTAGAATTTGTTCTGATTCTCATATTGCTTCTGATTATGTTACTCCATCTGATTATGTTTCTGCTCATGAAGTT,0.0676043224645207,0.0816219659261032,0.08412320739349838,0.15021221760688103,0.2531473964499267,0.18589946109652536,0.11285910680716466,0.06453232225538005,1282.3839417581034
GACCCAGTTTCTTCTAAATTGGCTTCTTCTGAACCAAGAAATGCTGTTAGAATTTGTTCTGATTCTCATATTGCTTCTGATTATGTTACTCCATCTGATTATGTTTCTGCTCATGAAGTT,0.14978117881800548,0.15069838027332774,0.13312835534361794,0.11093453892603311,0.16165203993618893,0.1699783890606226,0.07276462136708535,0.05106249627511872,1025.733129225806
GACCCATCATTTGAAGATCCAGGTAACTTCTCTCAGAATACTGATCCAATGTTTACTGATTTGGATGTTGCTGGTCATGAAGATTGGCCATCTTTGTTTGATCATTCTTCTGAACCATTG,0.0012167634773162155,0.0008546402846194651,0.0006284841576139508,0.00036982740947929014,0.0002714731896754413,0.0007312527564014888,0.2587690709376894,0.7371584877872046,5358.820882798762
GACCCATCATTTGAATCTCCAGGTAACTTCTCTCAGAATACTTCTCCAATGTTTACTGATTTGGATGTTGCTGGTCATGAAGATTGGCCATCTTTGTTTGATCATTCTTCTGAACCATTG,0.003979393536210645,0.002577134024734673,0.0027319970945200367,0.0020326304455628307,0.0004957990914983663,0.001425472902669444,0.3297856946200776,0.6569718782847263,5036.581659609132
GACTTCTGTAGGAAAGATGAGAAAGAACAATTGATTGTCTTGGATCCATCTAATATTGAATTGGATACTCCACCAGAATTTAGATTGTCTCAATTGGAATTTGGTTCTCAAGATTCATTT,0.0013615802647974724,0.0011415983755788687,0.001411898120599266,0.0017647810635263086,0.0006708549926319878,0.12043507093914495,0.5585763646883701,0.31463785155535107,3614.5658569101724
GACTTCTGTGAACAAGAAAGGAAAGATTTGAAGATTGTCTTGGATCCATCTAATATTGAATTGGATACTCCACCAGAATTTAGATTGTCTCAATTGGAATTTGGTTCTCAAGATTCATTT,0.3128110581045064,0.294881949919816,0.21048305341642806,0.08168877606096933,0.04162391267786766,0.039977498978692814,0.015960484031099686,0.0025732668106199274,369.24030270122375
GACTTCTGTTTGAAAGAAATTGATGAACAGAAGAGAGTCTTGGATCCATCTAATATTGAATTGGATACTCCACCAGAATTTAGATTGTCTCAATTGGAATTTGGTTCTCAAGATTCATTT,0.04360307899793815,0.09651419190249107,0.09766321594354539,0.2034544744950572,0.33514069375132893,0.14388054359310964,0.0485275139256776,0.03121628739085192,940.3824435240504
GACTTCTTGAAAGATAGAGAAGAACAATGTAAGATTGTCTTGGATCCATCTAATATTGAATTGGATACTCCACCAGAATTTAGATTGTCTCAATTGGAATTTGGTTCTCAAGATTCATTT,0.12255551892797249,0.15413250134086962,0.1334388481406719,0.11913564588876638,0.16605462465268275,0.1544606943622761,0.11366388926584475,0.036558277420916066,1022.693830662566
GACTTCTTGAAGAGAGATGAAGAATGTCAGAAGATTGTCTTGGATCCATCTAATATTGAATTGGATACTCCACCAGAATTTAGATTGTCTCAATTGGAATTTGGTTCTCAAGATTCATTT,0.0695121092143723,0.16785065815058414,0.22489260380443019,0.2007865474198504,0.09589675380685574,0.17840248907341558,0.01289377541458782,0.04976506311590379,888.8827763427118
GACTTCTTGAGGAAAGATGAAGAATGTCAGAAGATTGTCTTGGATCCATCTAATATTGAATTGGATACTCCACCAGAATTTAGATTGTCTCAATTGGAATTTGGTTCTCAAGATTCATTT,0.12071459021637665,0.13494866581386838,0.20862609359373596,0.24214272067411188,0.1685166603353407,0.0952799167407188,0.021769323982493302,0.00800202864335423,603.6430537375907
GACTTCTTGCAATGTGATAAAGAAGAAAGGAAGATTGTCTTGGATCCATCTAATATTGAATTGGATACTCCACCAGAATTTAGATTGTCTCAATTGGAATTTGGTTCTCAAGATTCATTT,0.10204143644548176,0.1296837452956273,0.08019468149747747,0.10739801763322283,0.16405900012722402,0.15752712701717297,0.1245238702954863,0.13457212168830734,1644.4684141772357
GACTTCTTGGAAAGAGAGAAAGATTGTCAGAAGATTGTCTTGGATCCATCTAATATTGAATTGGATACTCCACCAGAATTTAGATTGTCTCAATTGGAATTTGGTTCTCAAGATTCATTT,0.002818343672963532,0.00917766071475932,0.031493825554863304,0.09539689972538405,0.2646505524601817,0.34896741790607066,0.2055021008790132,0.04199319908676426,1540.0603413976148
GACTTCTTGGAACAAGATTGTAGGAAAGAGAAGATTGTCTTGGATCCATCTAATATTGAATTGGATACTCCACCAGAATTTAGATTGTCTCAATTGGAATTTGGTTCTCAAGATTCATTT,0.2127121157232404,0.19540470934545756,0.16111418737271263,0.12329527532828247,0.09113386626561655,0.05086254102015528,0.07719630970980784,0.08828099523472735,1091.6388066629888
GACTTCTTGGATAGGAAAGAAGAATGTCAGAAGATTGTCTTGGATCCATCTAATATTGAATTGGATACTCCACCAGAATTTAGATTGTCTCAATTGGAATTTGGTTCTCAAGATTCATTT,0.29023275631448725,0.21900752129211548,0.18057506873649715,0.08060968655339387,0.14299861611748466,0.0,0.0,0.08657635098602155,854.3163806505233
GACTTCTTGGATTCTATCTTGAAATCTCCAGATGAAGATCCAGAGAAACATAAATATGTCTTGCAATCTGGATTTGATGTTGTTGCTCCAGATCAAATTGCTCAAGTTTGTCAACAAGGT,0.30785812319569755,0.18303014726185912,0.10447696430662805,0.031092720989433074,0.0551573422862888,0.051306257844594506,0.1168046372983928,0.15027380681710611,1508.7571334389872
GACTTTAAAGAAGATTTGGAAAGATGTCAGAAGATTGTCTTGGATCCATCTAATATTGAATTGGATACTCCACCAGAATTTAGATTGTCTCAATTGGAATTTGGTTCTCAAGATTCATTT,0.0525402081588572,0.10219975816549082,0.12203935947380826,0.14398029250906044,0.14323990709381063,0.21831916126285406,0.17379767053657638,0.0438836427995424,1280.2231055189482
GACTTTAAAGAATTGGATAGAGAATGTCAGAAGATTGTCTTGGATCCATCTAATATTGAATTGGATACTCCACCAGAATTTAGATTGTCTCAATTGGAATTTGGTTCTCAAGATTCATTT,0.805411881464112,0.0036015284859733285,0.004454273419977513,0.1590729381281104,0.007054738390216556,0.0,0.003319901152062464,0.017084738959547707,319.4376369056247
GACTTTAAAGATAGATTGGAAGAATGTCAGAAGATTGTCTTGGATCCATCTAATATTGAATTGGATACTCCACCAGAATTTAGATTGTCTCAATTGGAATTTGGTTCTCAAGATTCATTT,0.2651431055620825,0.05335334768248269,0.1979579498325213,0.17673899723153508,0.20901898269476554,0.048606320464511764,0.04918129653210112,0.0,558.2203261661467
GACTTTAAAGATTTGAGAGAAGAATGTCAGAAGATTGTCTTGGATCCATCTAATATTGAATTGGATACTCCACCAGAATTTAGATTGTCTCAATTGGAATTTGGTTCTCAAGATTCATTT,0.024322950425416184,0.013983939815228406,0.004323740022335508,0.007720563649845309,0.01027199674858759,0.015924676930783376,0.29325757977634115,0.6301945526314624,4807.988281357563
GACTTTAAAGATTTGGAGAAAGAAATTCAATGTAGAGTCTTGGATCCATCTAATATTGAATTGGATACTCCACCAGAATTTAGATTGTCTCAATTGGAATTTGGTTCTCAAGATTCATTT,0.05781291311717298,0.07997953813216842,0.08542791954231313,0.09634227778336993,0.09257497910292288,0.1755347689130072,0.20106929737334778,0.21125830603569773,2277.614076232162
GACTTTAAATGTGAAAGAGATTTGCAAGAGAAGATTGTCTTGGATCCATCTAATATTGAATTGGATACTCCACCAGAATTTAGATTGTCTCAATTGGAATTTGGTTCTCAAGATTCATTT,0.09179663752156937,0.3078625476223791,0.15230244250147296,0.20396590023081032,0.030152333128562053,0.08414129365119935,0.05675774774566037,0.07302109759834652,984.7715057815625
GACTTTAAATTGGATAGAGAAGAATGTCAGAAGATTGTCTTGGATCCATCTAATATTGAATTGGATACTCCACCAGAATTTAGATTGTCTCAATTGGAATTTGGTTCTCAAGATTCATTT,0.26052939223397864,0.2402810414632511,0.027015738165883138,0.024119943033090983,0.06418183636553339,0.13930154453373278,0.14094937661646792,0.10362112758806209,1379.4487439417028
GACTTTAAGAGAATTAAATGTGAACAATTGGAAGATGTCTTGGATCCATCTAATATTGAATTGGATACTCCACCAGAATTTAGATTGTCTCAATTGGAATTTGGTTCTCAAGATTCATTT,0.23099047294201971,0.189964659470007,0.2060620378883588,0.23119934312304458,0.05871979292472114,0.03382375021150733,0.0442612460304778,0.004978697409863614,496.6989343569849
GACTTTAAGAGAATTGAACAATTGTGTGAAGATAAAGTCTTGGATCCATCTAATATTGAATTGGATACTCCACCAGAATTTAGATTGTCTCAATTGGAATTTGGTTCTCAAGATTCATTT,0.002951542676296223,0.014510223265179475,0.10464015922312536,0.16216639392683152,0.34696121948786557,0.3181193947473828,0.04556874112010065,0.005082325553218383,970.411390397225
GACTTTAAGAGACAAGAAGAGAAGATCTTGGTCTTGGATTGTGATCCATCTAATATTGAATTGGATACTCCACCAGAATTTAGATTGTCTCAATTGGAATTTGGTTCTCAAGATTCATTT,0.4439571832346053,0.29116644980401823,0.10230307448900107,0.062109357637046524,0.04536811742704993,0.021100258226316726,0.018299878583957135,0.015695680598004882,408.88247294557823
GACTTTAAGAGACAAGAATTGTGTGATGAGAAGATTGTCTTGGATCCATCTAATATTGAATTGGATACTCCACCAGAATTTAGATTGTCTCAATTGGAATTTGGTTCTCAAGATTCATTT,0.003224472268251165,0.0036149854119490636,0.07451527639243197,0.12814324813342554,0.1585984398244063,0.4902866237798538,0.10347236702814024,0.03814458716154199,1390.394129890458
GACTTTAAGAGACAGAAAGATATTTGTGAATTGGAAGTCTTGGATCCATCTAATATTGAATTGGATACTCCACCAGAATTTAGATTGTCTCAATTGGAATTTGGTTCTCAAGATTCATTT,0.23534815967095926,0.17759200492982044,0.1464273386961947,0.16341488830293643,0.14494599768003552,0.026965174253374143,0.0,0.10530643646667946,1022.5385851390776
GACTTTAAGAGAGAACAAGAATGTGATTTGAAGATTGTCTTGGATCCATCTAATATTGAATTGGATACTCCACCAGAATTTAGATTGTCTCAATTGGAATTTGGTTCTCAAGATTCATTT,0.29127451276737737,0.19736570238816872,0.12574672531376505,0.12547603966404625,0.09957968077760174,0.07628108322162902,0.07718343083492452,0.007092825032487273,617.9986148199905
GACTTTAAGAGAGAACAATGTAAAGATATTGAATTGGTCTTGGATCCATCTAATATTGAATTGGATACTCCACCAGAATTTAGATTGTCTCAATTGGAATTTGGTTCTCAAGATTCATTT,0.006808426714287867,0.010879600544034524,0.033389814524215036,0.08676273915605992,0.16614808708008696,0.22539725792030035,0.3038370903827729,0.16677698367824248,2340.6507261412867
GACTTTAAGAGAGAAGAAGATTTGTGTCAGAAGATTGTCTTGGATCCATCTAATATTGAATTGGATACTCCACCAGAATTTAGATTGTCTCAATTGGAATTTGGTTCTCAAGATTCATTT,0.06078002902490709,0.08153629625387238,0.07563142119689847,0.2250818343465473,0.07985737744662165,0.0742817370859431,0.11274065091629344,0.29009065372891657,2461.56618006892
GACTTTAAGAGAGAAGAATTGCAAGATTGTAAGATTGTCTTGGATCCATCTAATATTGAATTGGATACTCCACCAGAATTTAGATTGTCTCAATTGGAATTTGGTTCTCAAGATTCATTT,0.2215838096668854,0.12004499359858653,0.15907330127930577,0.08521341763197716,0.04199040709836159,0.05468209290013237,0.1343702847215819,0.18304169310316917,1773.6679948132212
GACTTTAAGAGAGAAGAATTGGATTGTCAGAAGATTGTCTTGGATCCATCTAATATTGAATTGGATACTCCACCAGAATTTAGATTGTCTCAATTGGAATTTGGTTCTCAAGATTCATTT,0.18511475876664749,0.08277703523074596,0.15356461121251191,0.13710414468785886,0.121608852438279,0.15082416666607165,0.09538018916730838,0.07362624183057682,1179.056202788461
GACTTTAAGAGAGAAGATAAATGTTTGGAACAAATTGTCTTGGATCCATCTAATATTGAATTGGATACTCCACCAGAATTTAGATTGTCTCAATTGGAATTTGGTTCTCAAGATTCATTT,0.3099415026776506,0.27719063415100026,0.17141095492846467,0.07651877662449835,0.10180611938980591,0.06313201222858023,0.0,0.0,369.7548482019514
GACTTTAAGAGAGAAGATCAATGTTTGGAGAAGATTGTCTTGGATCCATCTAATATTGAATTGGATACTCCACCAGAATTTAGATTGTCTCAATTGGAATTTGGTTCTCAAGATTCATTT,0.0021371674428397195,9.556687207904065e-05,0.01861563897576132,0.10887578679975028,0.2515708435101521,0.4515137239289977,0.12531352473087465,0.041877747739545064,1461.1966498063396
GACTTTAAGAGAGAAGATGAATTGTGTCAGAAGATTGTCTTGGATCCATCTAATATTGAATTGGATACTCCACCAGAATTTAGATTGTCTCAATTGGAATTTGGTTCTCAAGATTCATTT,0.03955304979455149,0.0497440715344458,0.11073982996400747,0.09886971711915563,0.13641540737747346,0.2265908689181207,0.22010041708280267,0.11798663820944277,1837.4426888155951
GACTTTAAGAGAGAAGATGTTAAATTGTTGTGTCAAGAAATTGATCCATCTAATATTGAATTGGATACTCCACCAGAATTTAGATTGTCTCAATTGGAATTTGGTTCTCAAGATTCATTT,0.17739306603807747,0.17847935190936104,0.07357948496227881,0.2627702378216803,0.058268090926754404,0.1083996281649518,0.0,0.14111014017689621,1309.5821209151486
GACTTTAAGAGAGAAGATTTGGAATGTCAGAAGATTGTCTTGGATCCATCTAATATTGAATTGGATACTCCACCAGAATTTAGATTGTCTCAATTGGAATTTGGTTCTCAAGATTCATTT,0.08801520884986602,0.1383659056598852,0.21219775908568753,0.18334108339664995,0.15177882151987454,0.0958018186569565,0.07142584976946918,0.059073553061611016,1013.5545672340544
GACTTTAAGAGAGAATGTATTAAAGATTTGGAATTGCAAGTTGATCCATCTAATATTGAATTGGATACTCCACCAGAATTTAGATTGTCTCAATTGGAATTTGGTTCTCAAGATTCATTT,0.07379669742881605,0.14849719917822607,0.14692586879526962,0.19676550555472058,0.10180763905847626,0.1893988638166142,0.05475408838773715,0.08805413778013998,1228.663884908615
GACTTTAAGAGAGAATGTATTGAACAAGATTTGAAAGTCTTGGATCCATCTAATATTGAATTGGATACTCCACCAGAATTTAGATTGTCTCAATTGGAATTTGGTTCTCAAGATTCATTT,0.0713979062262652,0.039908399514373874,0.09871526707787674,0.1938949262962407,0.2032505448814099,0.20360264211286855,0.13243571204467558,0.05679460184628963,1285.9614640243917
GACTTTAAGAGAGAATGTCAAGAATTGGATAAGATTGTCTTGGATCCATCTAATATTGAATTGGATACTCCACCAGAATTTAGATTGTCTCAATTGGAATTTGGTTCTCAAGATTCATTT,0.05630996489062557,0.11330957025750325,0.1634945950934078,0.10426410116041446,0.258944947435265,0.189251398932825,0.06963276366366145,0.04479265856629756,1063.8671361377608
GACTTTAAGAGAGAATGTCAAGATTTGGAGAAGATTGTCTTGGATCCATCTAATATTGAATTGGATACTCCACCAGAATTTAGATTGTCTCAATTGGAATTTGGTTCTCAAGATTCATTT,0.04882836546934369,0.1691536684232182,0.22301763126295202,0.12675765735431574,0.28758701827753563,0.1344622232319434,0.00918747422486068,0.0010059617558307065,619.0439759693917
GACTTTAAGAGAGAATGTGAAGATTTGCAGAAGATTGTCTTGGATCCATCTAATATTGAATTGGATACTCCACCAGAATTTAGATTGTCTCAATTGGAATTTGGTTCTCAAGATTCATTT,0.003752834478241476,0.003347855931580848,0.008614486284731876,0.03916994569439571,0.15267522946947018,0.2530505918058331,0.3727444587598139,0.16664459757593283,2512.262163607355
GACTTTAAGAGAGAATTGGATGAATGTCAGAAGATTGTCTTGGATCCATCTAATATTGAATTGGATACTCCACCAGAATTTAGATTGTCTCAATTGGAATTTGGTTCTCAAGATTCATTT,0.052592193245812956,0.026457123651016136,0.09816437363198936,0.2629266413537483,0.20729874734292153,0.24103144162643164,0.0487765323147401,0.06275294683333985,1188.414743061136
GACTTTAAGAGAGACTTTGAAGAATGTCAGAAGATTGTCTTTGATCCATCTAATATTGAATTTGATACTCCACCAGAATTTAGATTCTCTCAATTTGAATTTGGTTCTCAAGATTCATTT,0.012165573099129759,0.024480140637205803,0.052983662441936676,0.03040996275005468,0.023976068580854635,0.05296739248276187,0.6233823389138908,0.17963486109416588,2888.402358285696
GACTTTAAGAGAGAGAAATGTATTGTCTTGCAAGAATTGGATGATCCATCTAATATTGAATTGGATACTCCACCAGAATTTAGATTGTCTCAATTGGAATTTGGTTCTCAAGATTCATTT,0.010030138467880416,0.016819265199127412,0.012480968490762205,0.01485752475817507,0.023062114169122065,0.02758103724626564,0.3286859788372151,0.566482972831452,4525.361001931891
GACTTTAAGAGAGATCAAGAAGAATTGTGTAAGATTGTCTTGGATCCATCTAATATTGAATTGGATACTCCACCAGAATTTAGATTGTCTCAATTGGAATTTGGTTCTCAAGATTCATTT,0.2652359369395953,0.20014510368977628,0.1237670365479675,0.15961190261089356,0.11979238562835122,0.030389586508059195,0.0614981447374536,0.03955990333790324,749.5140583492207
GACTTTAAGAGAGATGAAGAATTGTGTCAGAAGATTGTCTTGGATCCATCTAATATTGAATTGGATACTCCACCAGAATTTAGATTGTCTCAATTGGAATTTGGTTCTCAAGATTCATTT,0.019367271623415498,0.029228803848999802,0.03614939728767717,0.062397507061157334,0.14504322235842818,0.25740611341378267,0.33948445038413144,0.11092323402240795,2100.5964679046474
GACTTTAAGAGAGATGAATTGGAATGTCAGAAGATTGTCTTGGATCCATCTAATATTGAATTGGATACTCCACCAGAATTTAGATTGTCTCAATTGGAATTTGGTTCTCAAGATTCATTT,0.3557881838319942,0.2628428226123526,0.11867887665859986,0.07555250672166948,0.06047576238584049,0.06841623158293118,0.0453811899163741,0.012864426290238071,529.669526399977
GACTTTAAGAGAGATGCTGAAGAATGTCAGAAGATTGTCTTGGATCCATCTAATATTGAAGCTGATACTCCACCAGAATTTAGATTGTCTCAATTGGAATTTGGTTCTCAAGATTCATTT,0.091114766979413,0.1604272569123022,0.2494323669190302,0.22775718391943783,0.13467761962545347,0.0876921018016885,0.03802689992062328,0.010871803922051606,635.69249096409
GACTTTAAGAGAGATGCTGAAGAATGTCAGAAGATTGTCTTGGATCCATCTAATATTGAATTGGATACTCCACCAGAAGCTAGATTGTCTCAATTGGAATTTGGTTCTCAAGATTCATTT,0.040312224237396464,0.182515862512176,0.1379465403996536,0.1567492974203006,0.2582055195043115,0.12008880786736895,0.05608124666918015,0.04810050138961285,985.8181554470569
GACTTTAAGAGAGATGCTGAAGAATGTCAGAAGATTGTCTTGGATCCATCTAATATTGAATTGGATACTCCACCAGAATTTAGAGCTTCTCAATTGGAATTTGGTTCTCAAGATTCATTT,0.25517521393437115,0.24451219743661928,0.19656396471486648,0.14849528882832524,0.04789548639835756,0.044551424577200044,0.03380882571627543,0.028997598393984823,601.8961186671727
GACTTTAAGAGAGATGCTGAAGAATGTCAGAAGATTGTCTTGGATCCATCTAATATTGAATTGGATACTCCACCAGAATTTAGATTGTCTCAAGCTGAATTTGGTTCTCAAGATTCATTT,0.16231276325741895,0.15553019356452283,0.12983999895604076,0.05581456324826372,0.038081915485701126,0.04250764436729137,0.18996294318326132,0.22594997793749996,2146.773744827326
GACTTTAAGAGAGATGCTGAAGAATGTCAGAAGATTGTCTTGGATCCATCTAATATTGAATTGGATACTCCACCAGAATTTAGATTGTCTCAATTGGAAGCTGGTTCTCAAGATTCATTT,0.20163261934990392,0.20737550186508433,0.14496494140854838,0.10453659989581228,0.0706453636051095,0.045177622772545105,0.10804663984756843,0.11762071125542797,1321.2757612779874
GACTTTAAGAGAGATGCTGAAGAATGTCAGAAGATTGTCTTGGATCCATCTAATATTGAATTGGATACTCCACCAGAATTTAGATTGTCTCAATTGGAATTTGGTTCTCAAGATTCATTT,0.04891015961573786,0.049209666335698364,0.06086118980281382,0.3260251684310074,0.09639277424023392,0.22415658208547382,0.13608491111212967,0.05835954837690511,1300.6928938119997
GACTTTAAGAGAGATGCTGAAGAATGTCAGAAGATTGTCTTGGATCCATCTAATATTGAATTGGATACTCCACCAGAATTTAGATTGTCTCAATTGGAATTTGGTTCTCAAGATTCTGCT,0.2977789454021042,0.23968194191406544,0.15645031175430935,0.10292249528957158,0.04564517932971485,0.030327309928046886,0.02454884728303929,0.10264496909914851,994.7087553005198
GACTTTAAGAGAGATGCTGAAGAATGTCAGAAGATTGTTGCTGATCCATCTAATATTGAAGCTGATACTCCACCAGAATTTAGAGCTTCTCAAGCTGAATTTGGTTCTCAAGATTCATTT,0.4178171168248459,0.20041786246679205,0.20221262780382523,0.11221334175333486,0.026562560319428184,0.030617446195094968,0.010064072782123828,9.497185455495493e-05,318.6963124796407
GACTTTAAGAGAGATGCTGAAGAATGTCAGAAGATTGTTGCTGATCCATCTAATATTGAAGCTGATACTCCACCAGAATTTAGATTGTCTCAATTGGAATTTGGTTCTCAAGATTCATTT,0.11265558333483125,0.07964814853047643,0.0871405287592924,0.06088696116372468,0.07800810868718805,0.0865157350448566,0.23720286039714586,0.2579420740824848,2526.6855776642133
GACTTTAAGAGAGATGCTGAAGAATGTCAGAAGATTGTTGCTGATCCATCTAATATTGAATTGGATACTCCACCAGAATTTAGATTGTCTCAATTGGAATTTGGTTCTCAAGATTCATTT,0.15670761678162035,0.022523890434075083,0.13928470490477388,0.3233227139804473,0.15442069750775583,0.08207945586182269,0.04152519692249817,0.08013572360700669,1079.32852671343
GACTTTAAGAGAGATGTCTTGGAAGAATGTTTGAAGATTCAAGATCCATCTAATATTGAATTGGATACTCCACCAGAATTTAGATTGTCTCAATTGGAATTTGGTTCTCAAGATTCATTT,0.01302112438307451,0.0005117523697090168,0.11468538417042347,0.3231687929650905,0.33100228411017674,0.18756032050769944,0.02877583908928017,0.0012745024045461505,791.452794981212
GACTTTAAGAGAGATTGTGAACAGAAATTGATTGAAGTCTTGGATCCATCTAATATTGAATTGGATACTCCACCAGAATTTAGATTGTCTCAATTGGAATTTGGTTCTCAAGATTCATTT,0.08411030413870514,0.13399015776576229,0.23549033075634623,0.2102483125876544,0.1381380613935341,0.06424663247209142,0.05850595945840487,0.07527024142750154,1048.500920259052
GACTTTAAGAGAGATTTGAAACCAATTCAAGATGTTGAATGTGAATTGTCTAATATTGAATTGGATACTCCACCAGAATTTAGATTGTCTCAATTGGAATTTGGTTCTCAAGATTCATTT,0.0768567832920996,0.11599113633506716,0.09563647537288124,0.10673159862019717,0.09466896319331015,0.14089468517945744,0.23166221473366144,0.13755814327332574,1862.4870685550072
GACTTTAAGAGAGATTTGAAACCAATTGATTGTCAAGAAGAATTGGTTTCTAATATTGAATTGGATACTCCACCAGAATTTAGATTGTCTCAATTGGAATTTGGTTCTCAAGATTCATTT,0.23577793815880746,0.3162956669198977,0.24449122565294118,0.13097064530230115,0.0,0.03601922188495751,0.036445302081095005,0.0,397.1675110486169
GACTTTAAGAGAGATTTGAAAGAACAAGAATGTATTGTCTTGGATCCATCTAATATTGAATTGGATACTCCACCAGAATTTAGATTGTCTCAATTGGAATTTGGTTCTCAAGATTCATTT,0.08955786747475408,0.0,0.0,0.0,0.17650180184963038,0.16417844987400249,0.24918083544287237,0.32058104535874066,3057.7906833282063
GACTTTAAGAGAGATTTGAAGATTGAATGTTTGGTTCAAGAAGATCCATCTAATATTGAATTGGATACTCCACCAGAATTTAGATTGTCTCAATTGGAATTTGGTTCTCAAGATTCATTT,0.014091868549788422,0.04362801337654078,0.08718616321233554,0.23454235803842402,0.3160407255723639,0.2613567095908164,0.022941103968544315,0.020213057691186632,944.2357350897194
GACTTTAAGAGAGATTTGATCTTGGAAGTTGAGAAATGTCAAGATCCATCTAATATTGAATTGGATACTCCACCAGAATTTAGATTGTCTCAATTGGAATTTGGTTCTCAAGATTCATTT,0.10026853141799194,0.08070602940272878,0.024953760812983384,0.0779764557796608,0.0691636808366194,0.12866934828246576,0.27898159181166615,0.23928060165588377,2553.091935614939
GACTTTAAGAGAGATTTGATTGAATGTCAGAAAGAAGTCTTGGATCCATCTAATATTGAATTGGATACTCCACCAGAATTTAGATTGTCTCAATTGGAATTTGGTTCTCAAGATTCATTT,0.1066798784667496,0.16099971658216808,0.13274674183268886,0.1777765888445912,0.0,0.19556670534116044,0.09894005589470685,0.12729031303793484,1515.9275899912516
GACTTTAAGAGAGATTTGATTGATCAAGAATGTAAATTGGTTCCAGAATCTAATATTGAATTGGATACTCCACCAGAATTTAGATTGTCTCAATTGGAATTTGGTTCTCAAGATTCATTT,0.10791704982677157,0.19001131047933167,0.1342862117823366,0.17983827196011407,0.10634215776794224,0.07418801296489683,0.06255466761464178,0.14486231760396517,1458.8446068925994
GACTTTAAGAGAGATTTGATTTGTAAAGAACAAGAAGTCTTGGATCCATCTAATATTGAATTGGATACTCCACCAGAATTTAGATTGTCTCAATTGGAATTTGGTTCTCAAGATTCATTT,0.19220771877648649,0.06446157459886366,0.13287389852386436,0.21353625497635906,0.08417898989045688,0.11745242196407199,0.11884179542547305,0.07644734584442442,1210.000702676099
GACTTTAAGAGAGATTTGATTTGTCAGAAAGAAGAAGTCTTGGATCCATCTAATATTGAATTGGATACTCCACCAGAATTTAGATTGTCTCAATTGGAATTTGGTTCTCAAGATTCATTT,0.01579611962885945,0.00529761629923087,0.013103898282524071,0.07214569578771547,0.2369429961143629,0.3941453438708343,0.21649565507398075,0.04607267494249216,1618.2682765114575
GACTTTAAGAGAGATTTGCAAGAAATTAAAGAATGTTTGGTTGATCCATCTAATATTGAATTGGATACTCCACCAGAATTTAGATTGTCTCAATTGGAATTTGGTTCTCAAGATTCATTT,0.017216926206818504,0.06062824579127767,0.1499667626007785,0.2295290512458716,0.305382064708608,0.1893735303842984,0.04790341906234742,0.0,796.8317355190094
GACTTTAAGAGAGATTTGCAAGAAATTTGTAAAGAAGTCTTGGATCCATCTAATATTGAATTGGATACTCCACCAGAATTTAGATTGTCTCAATTGGAATTTGGTTCTCAAGATTCATTT,0.03315301758334241,0.03335603371805125,0.12376153205355185,0.07366375565951895,0.3593611737153151,0.09116470482640282,0.2459816385183806,0.03955814392543704,1381.5588378115633
GACTTTAAGAGAGATTTGCAAGAAGAATGTAAGATTGTCTTGGATCCATCTAATATTGAATTGGATACTCCACCAGAATTTAGATTGTCTCAATTGGAATTTGGTTCTCAAGATTCATTT,0.06319690534742652,0.1271677970396521,0.15727770596203808,0.21062885371962128,0.24909855448011156,0.0,0.1172237058630648,0.07540647758808569,1169.6614750002248
GACTTTAAGAGAGATTTGCAAGAAGAGAAATGTATTGTCTTGGATCCATCTAATATTGAATTGGATACTCCACCAGAATTTAGATTGTCTCAATTGGAATTTGGTTCTCAAGATTCATTT,0.15957984018466573,0.22461826686723452,0.22469684891329197,0.22622992453849314,0.11157925372494244,0.03690969221927178,0.015427961171005245,0.0009582123810951608,443.1878489963972
GACTTTAAGAGAGATTTGCAAGAATGTGAGAAGATTGTCTTGGATCCATCTAATATTGAATTGGATACTCCACCAGAATTTAGATTGTCTCAATTGGAATTTGGTTCTCAAGATTCATTT,0.1883723111690619,0.13144533346732176,0.08317435003476564,0.08100977312495436,0.10179341810044873,0.14202930578589074,0.1887947088242872,0.08338079949326974,1417.44062493247
GACTTTAAGAGAGATTTGCAAGAATTGGAATGTGATCCTAAGATTGTTTCTAATATTGAATTGGATACTCCACCAGAATTTAGATTGTCTCAATTGGAATTTGGTTCTCAAGATTCATTT,0.20165645674739094,0.040578264429892485,0.15055831326851898,0.13442008939000363,0.07948542986591317,0.18483939719312412,0.11221554461182154,0.09624650449333517,1370.3219482675981
GACTTTAAGAGAGATTTGCAATGTGAAGAAATTAAAGTCTTGGATCCATCTAATATTGAATTGGATACTCCACCAGAATTTAGATTGTCTCAATTGGAATTTGGTTCTCAAGATTCATTT,0.027581033456365183,0.0497404386587331,0.07964914810462763,0.21217857442875662,0.27229808713365095,0.2675961976938896,0.07046560100232288,0.020490919521654005,1033.8735767858243
GACTTTAAGAGAGATTTGCAATGTGAAGAGAAGATTGTCTTGGATCCATCTAATATTGAATTGGATACTCCACCAGAATTTAGATTGTCTCAATTGGAATTTGGTTCTCAAGATTCATTT,0.14456595050879387,0.09696747729486369,0.08994507298754355,0.1873758444395121,0.23742703526390807,0.17667990785053928,0.06703871165483949,0.0,763.3613871986001
GACTTTAAGAGAGATTTGCAGAAATGTGAAATTGAAGTCTTGGATCCATCTAATATTGAATTGGATACTCCACCAGAATTTAGATTGTCTCAATTGGAATTTGGTTCTCAAGATTCATTT,0.07437012855676194,0.14965108437076755,0.0,0.04131134492207516,0.14656960984200987,0.27267224572584625,0.1379488762465358,0.1774767103360034,2037.72462060697
GACTTTAAGAGAGATTTGCCACAAATTTGTGAGAAAGTCTTGGATGAATCTAATATTGAATTGGATACTCCACCAGAATTTAGATTGTCTCAATTGGAATTTGGTTCTCAAGATTCATTT,0.0001835947347028538,0.009728533851033838,0.007716718438081545,0.10626707889074555,0.3037168155099258,0.4264314665439079,0.1363899521935421,0.009565839838060369,1287.8832693990005
GACTTTAAGAGAGATTTGCCAGTTTGTATTAAAGAAGATGAATTGCAATCTAATATTGAATTGGATACTCCACCAGAATTTAGATTGTCTCAATTGGAATTTGGTTCTCAAGATTCATTT,0.07591623948296163,0.025460373630399664,0.0629774086009689,0.16868073326369626,0.27429729290924276,0.2551458618696759,0.046938917227340005,0.09058317301571489,1377.8127551301782
GACTTTAAGAGAGATTTGGAACAATGTGAGAAGATTGTCTTGGATCCATCTAATATTGAATTGGATACTCCACCAGAATTTAGATTGTCTCAATTGGAATTTGGTTCTCAAGATTCATTT,0.1433295563305319,0.20829936193278334,0.09908424617161324,0.12384888030251343,0.12554477364545377,0.1605714553759803,0.04431024393891476,0.09501148230220915,1198.191313437765
GACTTTAAGAGAGATTTGGAAGAAATTAAAGATCAACCATTGGTTTGTTCTAATATTGAATTGGATACTCCACCAGAATTTAGATTGTCTCAATTGGAATTTGGTTCTCAAGATTCATTT,0.09058308562827935,0.1367066716132114,0.05635837636454294,0.15095210269696957,0.0446305787567955,0.12454341814900201,0.12601667274073217,0.2702090940504671,2386.054077946669
GACTTTAAGAGAGATTTGGAAGAAATTCAATGTAAAGTCTTGGATCCATCTAATATTGAATTGGATACTCCACCAGAATTTAGATTGTCTCAATTGGAATTTGGTTCTCAAGATTCATTT,0.286437918226547,0.30514441997100084,0.16773084408465544,0.1123139328834781,0.06641359394779923,0.04633244869449167,0.015626842192027705,0.0,379.14488645345864
GACTTTAAGAGAGATTTGGAAGAAATTCAATGTTTGGTTAAAGATCCATCTAATATTGAATTGGATACTCCACCAGAATTTAGATTGTCTCAATTGGAATTTGGTTCTCAAGATTCATTT,0.10094732478479104,0.20313097357149154,0.20935576378138873,0.14953207097434204,0.13263219427325842,0.06168590867339273,0.06241560639286111,0.08030015754847433,1063.7126137397734
GACTTTAAGAGAGATTTGGAAGAAATTCAGAAATGTGTCTTGGATCCATCTAATATTGAATTGGATACTCCACCAGAATTTAGATTGTCTCAATTGGAATTTGGTTCTCAAGATTCATTT,0.24186905436617737,0.10815562933982299,0.234086945866112,0.2089953553892205,0.13241073779392076,0.024633164590806052,0.04984911265394032,0.0,504.93257085463176
GACTTTAAGAGAGATTTGGAAGAAATTGATCAACCTAAAGTTTGTTTGTCTAATATTGAATTGGATACTCCACCAGAATTTAGATTGTCTCAATTGGAATTTGGTTCTCAAGATTCATTT,0.019976514868986817,0.03804423900133406,0.10298193289541609,0.23778461060011646,0.30300818888928405,0.2583099876277326,0.03308425312998182,0.006810272987148308,877.3865097169536
GACTTTAAGAGAGATTTGGAAGAAATTTCTAAATTGCCAAATTGTGTTCAAGATATTGAATTGGATACTCCACCAGAATTTAGATTGTCTCAATTGGAATTTGGTTCTCAAGATTCATTT,0.0023502425466128034,0.002885303054018342,0.0067909177360686605,0.02605236084105701,0.10649321569827706,0.19294034800868468,0.4186168070721815,0.2438708050430998,2997.0088779482658
GACTTTAAGAGAGATTTGGAAGAAATTTGTCCAGATTTGGTTAAACAATCTAATATTGAATTGGATACTCCACCAGAATTTAGATTGTCTCAATTGGAATTTGGTTCTCAAGATTCATTT,0.12475933057382388,0.09414248100042227,0.19405480776846318,0.31185761365760345,0.12293864997422473,0.057177538050196,0.05785390514954362,0.03721567382572286,815.3139139670651
GACTTTAAGAGAGATTTGGAAGAAATTTGTTTGCAAGTTAAAGATCCATCTAATATTGAATTGGATACTCCACCAGAATTTAGATTGTCTCAATTGGAATTTGGTTCTCAAGATTCATTT,0.00018615039692060733,0.00014983224741345317,0.00023163560961287,0.002853933507242674,0.055286948279027415,0.17025108081381132,0.4424887279720428,0.3285516911739288,3512.1768392621316
GACTTTAAGAGAGATTTGGAAGAACAAATTTGTAAAGTCTTGGATCCATCTAATATTGAATTGGATACTCCACCAGAATTTAGATTGTCTCAATTGGAATTTGGTTCTCAAGATTCATTT,0.1801667741881687,0.3625400903302753,0.07472996971164088,0.20015917402386516,0.0,0.05504727937191243,0.055698447119692546,0.07165826525444506,908.6253076878668
GACTTTAAGAGAGATTTGGAAGAACAATGTAAGATTGTCTTGGATCCATCTAATATTGAATTGGATACTCCACCAGAATTTAGATTGTCTCAATTGGAATTTGGTTCTCAAGATTCATTT,0.0708802964467871,0.025932487165895263,0.016036300802121532,0.04295214805166569,0.025398509754337995,0.02362518635435492,0.2569750355430861,0.5382000358817514,4181.899343798684
GACTTTAAGAGAGATTTGGAAGAACAATTGATTGTTAAATGTGATCCATCTAATATTGAATTGGATACTCCACCAGAATTTAGATTGTCTCAATTGGAATTTGGTTCTCAAGATTCATTT,0.09326407401597034,0.08545704511161943,0.06631590369029207,0.05550708336341734,0.021334629824662707,0.019845046433196623,0.22705618131008362,0.4312200362507579,3456.0500683644254
GACTTTAAGAGAGATTTGGAAGAACAGAAATCTGTTGATAATCCAATCTTGTGTATTGAATTGGATACTCCACCAGAATTTAGATTGTCTCAATTGGAATTTGGTTCTCAAGATTCATTT,0.09132568286792302,0.1148561571133225,0.22728160212782383,0.2536493386804686,0.08999291762881825,0.0837096140725269,0.08469983559637143,0.05448485191274552,988.2138949715579
GACTTTAAGAGAGATTTGGAAGAACAGAAATGTATTGTCTTGGATCCATCTAATATTGAATTGGATACTCCACCAGAATTTAGATTGTCTCAATTGGAATTTGGTTCTCAAGATTCATTT,0.13037500573592087,0.19918919355372586,0.3224605243846197,0.20921652330649912,0.07137354030104472,0.0368834673698882,0.020899071725002875,0.009602673623298799,494.9381109386818
GACTTTAAGAGAGATTTGGAAGAACAGAAGATCTTGTGTGATCCAGTTTCTAATATTGAATTGGATACTCCACCAGAATTTAGATTGTCTCAATTGGAATTTGGTTCTCAAGATTCATTT,0.3467494358177769,0.2093236763822862,0.057530196570267894,0.14124984860498163,0.1252860154960259,0.09534972159195643,0.010719737422011277,0.013791368114693775,530.2375556522683
GACTTTAAGAGAGATTTGGAAGAACCAGATCAAATTGTTAAATCTAATTTGTGTATTGAATTGGATACTCCACCAGAATTTAGATTGTCTCAATTGGAATTTGGTTCTCAAGATTCATTT,0.033044099745976364,0.04986967336556606,0.06167746871927602,0.100954902970482,0.11396654244574032,0.09086520079275508,0.2834818748045791,0.2661402371556251,2724.8366893423654
GACTTTAAGAGAGATTTGGAAGAACCATTGGATAAAGTTCAAATTTGTTCTAATATTGAATTGGATACTCCACCAGAATTTAGATTGTCTCAATTGGAATTTGGTTCTCAAGATTCATTT,0.02744887807100369,0.03156224489438275,0.014638250369468744,0.10890990122367168,0.17388193950543482,0.15814725056712875,0.232753473631284,0.2526580617376256,2629.026068349818
GACTTTAAGAGAGATTTGGAAGAAGCTGCTGCTGCTGCTGCTGCTGCTTCTAATATTGAATTGGATACTCCACCAGAATTTAGATTGTCTCAATTGGAATTTGGTTCTCAAGATTCATTT,0.056816698373340184,0.004610050133020528,0.0024706871918341376,0.0010180874903996143,0.14779506914379487,0.39646852383289183,0.3545549410538816,0.036265942780837265,1815.7183991954864
GACTTTAAGAGAGATTTGGAAGAAGCTGCTGCTGCTGTCTTGGATCCAGCTGCTGCTGCTTTGGATACTCCACCAGAATTTAGATTGTCTCAATTGGAATTTGGTTCTCAAGATTCATTT,0.2101116390732017,0.052849570177603666,0.13072584965864384,0.058356725760334814,0.10352268296376477,0.09629473148533921,0.09743382544492904,0.2507049754361828,2172.6178223429865
GACTTTAAGAGAGATTTGGAAGAAGCTGCTGCTGCTGTCTTGGATCCATCTAATATTGAAGCTGCTGCTGCTCCAGAATTTAGATTGTCTCAATTGGAATTTGGTTCTCAAGATTCATTT,0.12371004102799081,0.13201108350103155,0.11817475397171397,0.06177753348267505,0.06279937714425743,0.11682945198917395,0.23410504068245033,0.15059271820070702,1890.5085492445833
GACTTTAAGAGAGATTTGGAAGAAGCTGCTGCTGCTGTCTTGGATCCATCTAATATTGAATTGGATACTCCACCAGAATTTAGAGCTGCTGCTGCTGAATTTGGTTCTCAAGATTCATTT,0.0392837941938847,0.03952435281072528,0.1222066373015569,0.25749347969087494,0.2632314304074055,0.19444178460252476,0.05100715513389685,0.032811365859131206,990.201036273505
GACTTTAAGAGAGATTTGGAAGAAGCTGCTGCTGCTGTCTTGGATCCATCTAATATTGAATTGGATACTCCACCAGAATTTAGATTGTCTCAATTGGAATTTGGTTCTCAAGATTCATTT,0.20471416712296617,0.185370981074514,0.1273676867800162,0.09097219792484289,0.08069066488555111,0.09382105551745767,0.09493088775826462,0.12213235893638733,1372.9636093415334
GACTTTAAGAGAGATTTGGAAGAAGCTGCTGCTGCTGTCTTGGATCCATCTAATATTGAATTGGATACTCCACCAGAATTTAGATTGTCTCAATTGGAATTTGGTTCTGCTGCTGCTGCT,0.014735887893343489,0.02198356423556336,0.06070030904476449,0.21790460738520157,0.3004311535100145,0.27200292203991266,0.09283979573464092,0.019401760156559,1100.8255726627729
GACTTTAAGAGAGATTTGGAAGAAGCTGCTGCTGCTGTCTTGGATCCATCTAATATTGAATTGGATACTCCACCAGAATTTAGATTGTCTCAATTGGCTGCTGCTGCTCAAGATTCATTT,0.003589066087787203,0.009629451005646059,0.01637548773164031,0.05715173954073096,0.1556143115608377,0.2642771743383324,0.3606062094143221,0.13275656032070335,2295.6862805038304
GACTTTAAGAGAGATTTGGAAGAAGCTGCTGCTGCTGTCTTGGATCCATCTAATATTGAATTGGATACTCCAGCTGCTGCTGCTTTGTCTCAATTGGAATTTGGTTCTCAAGATTCATTT,0.09005433297745102,0.117254552476302,0.14501727211117735,0.2236351610124804,0.16704022821096,0.16994412214226434,0.04912983793695644,0.03792449313240842,926.811303858484
GACTTTAAGAGAGATTTGGAAGAAGTCTTGCAATGTGATAAACCATCTAATATTATTGAATTGGATACTCCACCAGAATTTAGATTGTCTCAATTGGAATTTGGTTCTCAAGATTCATTT,0.05797205814274564,0.13609646491225058,0.14427466447073767,0.2254174646968346,0.13329409437250875,0.15055625436592443,0.07168810407874864,0.0807008949602497,1204.9764352840411
GACTTTAAGAGAGATTTGGAAGAAGTTAAACAAATCTTGTGTGATCCATCTAATATTGAATTGGATACTCCACCAGAATTTAGATTGTCTCAATTGGAATTTGGTTCTCAAGATTCATTT,0.2837434070165808,0.28548094085032044,0.0,0.15761464964633243,0.0,0.21673394923065786,0.0,0.05642705325610843,839.5452804848239
GACTTTAAGAGAGATTTGGAAGAAGTTAAGATTTCTAATCCAGATTTGCAATGTATTGAATTGGATACTCCACCAGAATTTAGATTGTCTCAATTGGAATTTGGTTCTCAAGATTCATTT,0.2171443567631656,0.2559267607062231,0.17756186465391022,0.1378514364641314,0.07947659621668836,0.02843366999739309,0.051786033916836983,0.05181928128165128,781.8148749479097
GACTTTAAGAGAGATTTGGAAGAAGTTATCTTGAAACCATGTGATCAATCTAATATTGAATTGGATACTCCACCAGAATTTAGATTGTCTCAATTGGAATTTGGTTCTCAAGATTCATTT,8.753666804000421e-05,0.005959586602775185,0.04095615848761109,0.12485637810220085,0.3327132277196368,0.3790857582497438,0.09601564580539722,0.02032570836459501,1228.6288424255627
GACTTTAAGAGAGATTTGGAAGAAGTTATTTGTAAACAATTGGATCCATCTAATATTGAATTGGATACTCCACCAGAATTTAGATTGTCTCAATTGGAATTTGGTTCTCAAGATTCATTT,0.021328557996646832,0.09384808491429149,0.1505355503227467,0.23824838700440013,0.2532164156765126,0.20569071397316763,0.024950600721022183,0.012181689391212622,809.4262326253545
GACTTTAAGAGAGATTTGGAAGAAGTTTGTGATCAACCTAAGATCTTGTCTAATATTGAATTGGATACTCCACCAGAATTTAGATTGTCTCAATTGGAATTTGGTTCTCAAGATTCATTT,0.06528842233775349,0.0375361275105973,0.03481775356848694,0.165790222465738,0.2665333365823625,0.31631680819959224,0.06920185885061379,0.04451547048485579,1210.6715853486205
GACTTTAAGAGAGATTTGGAAGAATCTAAAGTTTGTCAAATTCCATTGAATGATATTGAATTGGATACTCCACCAGAATTTAGATTGTCTCAATTGGAATTTGGTTCTCAAGATTCATTT,0.12852041429636826,0.2262879904797164,0.0,0.14278182027002906,0.09498363462106438,0.11780250575020891,0.0595980102192227,0.23002562436339044,1992.4987082969158
GACTTTAAGAGAGATTTGGAAGAATGTAAACAAATTGTCTTGGATCCATCTAATATTGAATTGGATACTCCACCAGAATTTAGATTGTCTCAATTGGAATTTGGTTCTCAAGATTCATTT,0.000668275089493027,0.0006723673452054979,0.0004157829107660532,0.06737560902211998,0.3312368620343495,0.2721229188668728,0.16563900985396865,0.16186917487722435,2119.491087034099
GACTTTAAGAGAGATTTGGAAGAATGTAAGAAGATTGTCTTGGATCCATCTAAGATTGAATTGGATACTCCACCAGAATTTAGATTGTCTAAATTGGAATTTGGTTCTAAAGATTCATTT,0.06812545627044969,0.12337673393572786,0.13563468553948477,0.15137014156506567,0.17454128776612285,0.12488832218559132,0.18954848509744668,0.03251488764011113,1160.9919867161755
GACTTTAAGAGAGATTTGGAAGAATGTAGGAAGATTGTCTTGGATCCATCTAGAATTGAATTGGATACTCCACCAGAATTTAGATTGTCTAGATTGGAATTTGGTTCTAGAGATTCATTT,0.0313995846259945,0.07108169269932071,0.048839957144539176,0.052325809948182735,0.10829473708064195,0.13670988691849764,0.36401858328592573,0.18732974829689764,2467.7704720768556
GACTTTAAGAGAGATTTGGAAGAATGTATCTTGGTTAAACAAGATCCATCTAATATTGAATTGGATACTCCACCAGAATTTAGATTGTCTCAATTGGAATTTGGTTCTCAAGATTCATTT,0.08982312757669574,0.0542239016025102,0.04470844061092454,0.039916179006933304,0.0885122899421716,0.04939941826730227,0.18327384563772622,0.45014279735573615,3532.7131638036835
GACTTTAAGAGAGATTTGGAAGAATGTATTAAACAAGTCTTGGATCCATCTAATATTGAATTGGATACTCCACCAGAATTTAGATTGTCTCAATTGGAATTTGGTTCTCAAGATTCATTT,0.04002424812316421,0.03407405776140304,0.06512835507592271,0.11287416932484319,0.22450548377479412,0.2765593316936501,0.17703582474148266,0.06979852950473996,1544.0240948603982
GACTTTAAGAGAGATTTGGAAGAATGTCAAATCTTGAAAGTTGATCCATCTAATATTGAATTGGATACTCCACCAGAATTTAGATTGTCTCAATTGGAATTTGGTTCTCAAGATTCATTT,0.23017791733293436,0.25596506197290453,0.07537397474362283,0.14804833852133464,0.14325398280101093,0.04441733094332948,0.044942754428064495,0.057820639256798874,846.5335820574302
GACTTTAAGAGAGATTTGGAAGAATGTCAAATTAAAGTCTTGGATCCATCTAATATTGAATTGGATACTCCACCAGAATTTAGATTGTCTCAATTGGAATTTGGTTCTCAAGATTCATTT,0.3265975918607864,0.18717581847509412,0.0771646701618714,0.02296448385065194,0.020369074430778143,0.022736287315156416,0.18020771666653965,0.16278435723912194,1677.4145271386426
GACTTTAAGAGAGATTTGGAAGAATGTCAAATTGAAGATAAACCATTGGTTAATTCTATCTTGGATACTCCACCAGAATTTAGATTGTCTCAATTGGAATTTGGTTCTCAAGATTCATTT,0.43740824267031037,0.27855202436611043,0.13685840517157324,0.0730323045406627,0.02242326105093207,0.03128650417630142,0.012897133290843058,0.007542124733266769,351.90306710080483
GACTTTAAGAGAGATTTGGAAGAATGTCAAATTTCTATTGATGTTAATCCAGAATTGAAATTGGATACTCCACCAGAATTTAGATTGTCTCAATTGGAATTTGGTTCTCAAGATTCATTT,0.06844105295844724,0.06886015924317977,0.05677626008084947,0.177416605324894,0.17984601477262283,0.14637802368286137,0.27506062103065776,0.027221262906487655,1356.0202437062371
GACTTTAAGAGAGATTTGGAAGAATGTCAACCATTGGTTAAAGATATTTCTAATATTGAATTGGATACTCCACCAGAATTTAGATTGTCTCAATTGGAATTTGGTTCTCAAGATTCATTT,0.03328721384539029,0.02318611274696039,0.025489741955361637,0.09671944777132502,0.2069013622185366,0.26286606735271434,0.2232294999719023,0.1283205541378094,1978.9570393351432
GACTTTAAGAGAGATTTGGAAGAATGTCAACCATTGGTTATTAATAAAGATTCTATTGAATTGGATACTCCACCAGAATTTAGATTGTCTCAATTGGAATTTGGTTCTCAAGATTCATTT,0.10871740644971058,0.08750651951749186,0.18939498593145088,0.12078135036298997,0.23568783557538323,0.11958115418681844,0.06049785447148532,0.07783289350466976,1155.2355165525312
GACTTTAAGAGAGATTTGGAAGAATGTCAACCTAAAGTTATTGATTTGTCTAATATTGAATTGGATACTCCACCAGAATTTAGATTGTCTCAATTGGAATTTGGTTCTCAAGATTCATTT,0.07240619175967365,0.04047198833677307,0.11012026302979494,0.15194377618939284,0.1268436069673532,0.15485844816879288,0.14176742032430642,0.201588305223913,2088.6173882929834
GACTTTAAGAGAGATTTGGAAGAATGTCAAGAAATTAATTCTCCAGATTTGGTTATTAAATTGGATACTCCACCAGAATTTAGATTGTCTCAATTGGAATTTGGTTCTCAAGATTCATTT,0.07937191962528715,0.1414479395019643,0.21600144908744023,0.2806393217326451,0.16422644320574556,0.09645840675059018,0.015513835053862267,0.006340685042465145,591.6853159820932
GACTTTAAGAGAGATTTGGAAGAATGTCAAGAAGATAAGATTGTTATTAATCCATTGTCTTTGGATACTCCACCAGAATTTAGATTGTCTCAATTGGAATTTGGTTCTCAAGATTCATTT,0.04950339571489264,0.0249032675905443,0.12319876222683349,0.10999318650530775,0.09756193160602962,0.18150031931614455,0.20660324741944053,0.20673588962080708,2280.045231676639
GACTTTAAGAGAGATTTGGAAGAATGTCAAGAAGATATCTTGATTAATAAAGTTCCATCTTTGGATACTCCACCAGAATTTAGATTGTCTCAATTGGAATTTGGTTCTCAAGATTCATTT,0.21475102889548306,0.31390732427403456,0.2117629762871815,0.1305443797090379,0.04392051993938151,0.02228399464917049,0.03382139621823821,0.02900838002747268,575.445189628955
GACTTTAAGAGAGATTTGGAAGAATGTCAAGATCCTAAAGAATCTTTGATTGTTAATATCTTGGATACTCCACCAGAATTTAGATTGTCTCAATTGGAATTTGGTTCTCAAGATTCATTT,0.012117858596933963,0.007620039769641453,0.015078815891542271,0.07825095450193045,0.15150164191909316,0.22561692209065454,0.261299438668042,0.24851432856216216,2728.761943423189
GACTTTAAGAGAGATTTGGAAGAATGTCAAGATTTGAAACCAATTGTTTCTAATATTGAATTGGATACTCCACCAGAATTTAGATTGTCTCAATTGGAATTTGGTTCTCAAGATTCATTT,0.025986616928373753,0.07843724647102182,0.06467271575625219,0.086610749459699,0.17925166089896719,0.26201420743799336,0.24101239787304504,0.0620144051746477,1601.0397111747184
GACTTTAAGAGAGATTTGGAAGAATGTCAAGATTTGATTAATAAACCATCTGTTATTGAATTGGATACTCCACCAGAATTTAGATTGTCTCAATTGGAATTTGGTTCTCAAGATTCATTT,0.07038346501729253,0.07081446587503663,0.08758142392196985,0.0390968209490316,0.1387126418510857,0.2903123884649731,0.26110805760036765,0.041990736320243,1522.286534172066
GACTTTAAGAGAGATTTGGAAGAATGTCAAGATTTGGTTAAGATTCCATCTAATATTGAATTGGATACTCCACCAGAATTTAGATTGTCTCAATTGGAATTTGGTTCTCAAGATTCATTT,0.14847556561947303,0.11203857900701922,0.13856629662284786,0.10996754427865535,0.19507837484605453,0.07938787803925447,0.06885169430506792,0.14763406728162765,1523.849585747984
GACTTTAAGAGAGATTTGGAAGAATGTCAAGTCTTGAAGATTGATCCATCTAATATTGAATTGGATACTCCACCAGAATTTAGATTGTCTCAATTGGAATTTGGTTCTCAAGATTCATTT,0.23319847310790892,0.1675903496444531,0.10363561509694438,0.2220647935204856,0.1313115892956227,0.10687548985753102,0.015448535171277592,0.01987515430577671,629.3914943518228
GACTTTAAGAGAGATTTGGAAGAATGTCAAGTCTTGATTAAAGATCCATCTAATATTGAATTGGATACTCCACCAGAATTTAGATTGTCTCAATTGGAATTTGGTTCTCAAGATTCATTT,0.025467162107548118,0.025623113064352596,0.09506992814644886,0.07544840836346176,0.07528651798089082,0.186746706477165,0.3542920856231189,0.16206607823701388,2339.4246017958258
GACTTTAAGAGAGATTTGGAAGAATGTCAAGTTAAGAATGATCCATTGTCTATTATTGAATTGGATACTCCACCAGAATTTAGATTGTCTCAATTGGAATTTGGTTCTCAAGATTCATTT,0.2902949546658049,0.240530382745242,0.191238106118127,0.10434077385853345,0.033653943869647096,0.031304226238849125,0.04751179739530663,0.06112581510849001,793.6269815165437
GACTTTAAGAGAGATTTGGAAGAATGTCAAGTTAATATTCCTAAAGATTTGTCTATTGAATTGGATACTCCACCAGAATTTAGATTGTCTCAATTGGAATTTGGTTCTCAAGATTCATTT,0.33963275405396154,0.17085626621316452,0.13206901739669052,0.09433011695582055,0.04183453862566499,0.07782730409298814,0.118121913497419,0.025328089164290832,785.1583157914231
GACTTTAAGAGAGATTTGGAAGAATGTCAAGTTATCTTGGATCCTAAATCTAATATTGAATTGGATACTCCACCAGAATTTAGATTGTCTCAATTGGAATTTGGTTCTCAAGATTCATTT,0.04747854263904325,0.07165392404344433,0.08017967715638576,0.1318676254446674,0.17210440136389973,0.2688857972087019,0.19343457293265737,0.03439545921120025,1334.492973550238
GACTTTAAGAGAGATTTGGAAGAATGTCAAGTTATTAAATTGGATCCATCTAATATTGAATTGGATACTCCACCAGAATTTAGATTGTCTCAATTGGAATTTGGTTCTCAAGATTCATTT,0.1238746700091173,0.1869498451799759,0.07707151093369091,0.10321541697919241,0.12206689974111407,0.25547443076169674,0.057443666747616716,0.0739035596475959,1199.6464822966354
GACTTTAAGAGAGATTTGGAAGAATGTCAAGTTGAACCATCTATTAAGAATGATTTGATCTTGGATACTCCACCAGAATTTAGATTGTCTCAATTGGAATTTGGTTCTCAAGATTCATTT,0.06473111478151021,0.11397312999351056,0.12082191186299773,0.179785181350629,0.07973307312931281,0.07416611169337177,0.13507819342297378,0.23171128376569414,2149.43741933454
GACTTTAAGAGAGATTTGGAAGAATGTCAATCTAATCCTAAAGTTATTATTGATTTGGAATTGGATACTCCACCAGAATTTAGATTGTCTCAATTGGAATTTGGTTCTCAAGATTCATTT,0.17846675301860898,0.07695412016988346,0.1903495659498198,0.11329743324408531,0.10049273763666049,0.07010725265642508,0.11822761419350764,0.15210452313100917,1609.0057255700722
GACTTTAAGAGAGATTTGGAAGAATGTCAATTGAAATCTAATGATGTTATTATTCCAGAATTGGATACTCCACCAGAATTTAGATTGTCTCAATTGGAATTTGGTTCTCAAGATTCATTT,0.15104382459460558,0.227953136999474,0.046987716608459316,0.2517068475180078,0.14883956011303298,0.13844758525527393,0.035021328911146225,0.0,608.3219228818838
GACTTTAAGAGAGATTTGGAAGAATGTCAATTGAAGATTGTTGATCCATCTAATATTGAATTGGATACTCCACCAGAATTTAGATTGTCTCAATTGGAATTTGGTTCTCAAGATTCATTT,0.17816016540360485,0.08365053605621081,0.07389766411939581,0.01319532664918432,0.14044814195884597,0.20684992157969764,0.17624993680496295,0.12754830742809764,1735.465508502977
GACTTTAAGAGAGATTTGGAAGAATGTCAATTGATTAAAGTTGATCCATCTAATATTGAATTGGATACTCCACCAGAATTTAGATTGTCTCAATTGGAATTTGGTTCTCAAGATTCATTT,0.22912247397281635,0.19506006430304174,0.04386273333709732,0.07832224482413015,0.19104357072229056,0.11308494448330704,0.06538437370518363,0.08411959465213317,1138.751560427661
GACTTTAAGAGAGATTTGGAAGAATGTCAATTGCCAATTGATAAAGTTTCTAATATTGAATTGGATACTCCACCAGAATTTAGATTGTCTCAATTGGAATTTGGTTCTCAAGATTCATTT,0.0792781453436691,0.06836881178631699,0.1127422730955431,0.25164379997580494,0.21204324725222282,0.1453335522429511,0.06302260218086096,0.06756756812263098,1142.3018059319384
GACTTTAAGAGAGATTTGGAAGAATGTCAATTGGAAGTTGATATTCCATCTAATAAGATCTTGGATACTCCACCAGAATTTAGATTGTCTCAATTGGAATTTGGTTCTCAAGATTCATTT,0.03513578599760701,0.1590792472435068,0.13116328533407598,0.19517333136617085,0.17311515204760852,0.08051412794383928,0.1629330985595008,0.06288597150769074,1246.7627136927586
GACTTTAAGAGAGATTTGGAAGAATGTCAATTGGATAAGATTGTTCCATCTAATATTGAATTGGATACTCCACCAGAATTTAGATTGTCTCAATTGGAATTTGGTTCTCAAGATTCATTT,0.000284285457100823,0.00020021841716634034,0.008383866374180614,0.056154840441725105,0.2190669190950254,0.3691081493098152,0.28472645686807796,0.06207526403690857,1836.0696797058258
GACTTTAAGAGAGATTTGGAAGAATGTCAATTGGTTAAGATTGATCCATCTAATATTGAATTGGATACTCCACCAGAATTTAGATTGTCTCAATTGGAATTTGGTTCTCAAGATTCATTT,0.042612182170694055,0.0428731225358978,0.05302432311360114,0.23670344393613219,0.08398063895382908,0.11717566884626796,0.11856176852726664,0.3050688519163112,2619.8925067988293
GACTTTAAGAGAGATTTGGAAGAATGTCAGAAACCAGATGTTATCTTGTCTAATATTGAATTGGATACTCCACCAGAATTTAGATTGTCTCAATTGGAATTTGGTTCTCAAGATTCATTT,0.037757196297118996,0.03256149139244334,0.05033896933935742,0.1857651271072167,0.28436155713941946,0.2966438572594355,0.09004587902691259,0.022525922438096063,1121.499376382295
GACTTTAAGAGAGATTTGGAAGAATGTCAGAAAGATATTGTCTTGCCATCTAATATTGAATTGGATACTCCACCAGAATTTAGATTGTCTCAATTGGAATTTGGTTCTCAAGATTCATTT,0.2601694087544518,0.3365518945211603,0.1526207164959572,0.12800315708390655,0.05127452308336672,0.0442877843517348,0.013788207814804372,0.013304307894618166,450.60260242187314
GACTTTAAGAGAGATTTGGAAGAATGTCAGAAAGTTATCTTGGATCCATCTAATATTGAATTGGATACTCCACCAGAATTTAGATTGTCTCAATTGGAATTTGGTTCTCAAGATTCATTT,0.030087404475021878,0.12108659196823503,0.07487831766711817,0.25626665677529303,0.2174210328217374,0.22981897844028504,0.04650751268295883,0.02393350516935078,936.5363750181167
GACTTTAAGAGAGATTTGGAAGAATGTCAGAAAGTTATTGATTTGCCATCTAATATTGAATTGGATACTCCACCAGAATTTAGATTGTCTCAATTGGAATTTGGTTCTCAAGATTCATTT,9.800172898093105e-05,0.0001479027799549863,0.002195066091722116,0.03217303418331947,0.1610571801292788,0.34238290567344587,0.35649927299297274,0.10544663642032526,2202.6765420388774
GACTTTAAGAGAGATTTGGAAGAATGTCAGAAATTGATTGTTGATCCATCTAATATTGAATTGGATACTCCACCAGAATTTAGATTGTCTCAATTGGAATTTGGTTCTCAAGATTCATTT,0.21877802036229999,0.2751471644183006,0.11910311053718914,0.10633654440909594,0.08084447775468966,0.112799877107878,0.03804473815895016,0.04894606725159642,814.291607416618
GACTTTAAGAGAGATTTGGAAGAATGTCAGAAGAATATTCCATTGGATTCTGTTATTGAATTGGATACTCCACCAGAATTTAGATTGTCTCAATTGGAATTTGGTTCTCAAGATTCATTT,0.013230458801844485,0.06655738482782178,0.0823163807523406,0.19598121186452536,0.3085513157403705,0.22233034966685095,0.0899841399271074,0.02104875841913893,1049.3516604704944
GACTTTAAGAGAGATTTGGAAGAATGTCAGAAGATCTTGCCAGTTGATTCTAATATTGAATTGGATACTCCACCAGAATTTAGATTGTCTCAATTGGAATTTGGTTCTCAAGATTCATTT,0.05896193669086039,0.11864599313759727,0.0366845421102375,0.03275235569951457,0.08715220973814228,0.18915690347200229,0.30076276497818566,0.17588329417346008,2287.9968333485826
GACTTTAAGAGAGATTTGGAAGAATGTCAGAAGATCTTGCCATCTAATGATGTTATTGAATTGGATACTCCACCAGAATTTAGATTGTCTCAATTGGAATTTGGTTCTCAAGATTCATTT,0.1362647455298844,0.06451726005900933,0.07979320939147232,0.1335754495998956,0.10268176953987998,0.1028596483583469,0.2081528006545155,0.17215511686699594,1980.0174886904047
GACTTTAAGAGAGATTTGGAAGAATGTCAGAAGATCTTGGTTCCAGATTCTAATATTGAATTGGATACTCCACCAGAATTTAGATTGTCTCAATTGGAATTTGGTTCTCAAGATTCATTT,0.051561281740820655,0.09167494750090742,0.14547788084680358,0.2033963662925726,0.187484987164277,0.21080368465008606,0.09898535148918382,0.010615500315348934,932.7258756383135
GACTTTAAGAGAGATTTGGAAGAATGTCAGAAGATCTTGGTTGATCCATCTAATATTGAATTGGATACTCCACCAGAATTTAGATTGTCTCAATTGGAATTTGGTTCTCAAGATTCATTT,0.1656318874381048,0.16664615244392764,0.09762796067180166,0.14527216415987976,0.05154149413915623,0.08789525825051149,0.12935998950447483,0.15602509339214346,1653.1966471619
GACTTTAAGAGAGATTTGGAAGAATGTCAGAAGATCTTGTCTAATCCAGATGTTATTGAATTGGATACTCCACCAGAATTTAGATTGTCTCAATTGGAATTTGGTTCTCAAGATTCATTT,0.10056655378548263,0.07588678807013548,0.09906888734957445,0.16293379312008335,0.18993961871488205,0.22276796178526492,0.07383895918249649,0.07499743799208061,1263.5546489295493
GACTTTAAGAGAGATTTGGAAGAATGTCAGAAGATCTTGTTGGATGAAGATCCAATTAATTCTGTTACTCCACCAGAATTTAGATTGTCTCAATTGGAATTTGGTTCTCAAGATTCATTT,0.018196130121995384,0.008543526188389364,0.007547430756936356,0.012129169960645971,0.01912595639761294,0.025573962396797285,0.4196490513739639,0.4892347728036588,4260.55845812395
GACTTTAAGAGAGATTTGGAAGAATGTCAGAAGATTAATGATGTTTCTTTGCCAGAAATCTTGGATACTCCACCAGAATTTAGATTGTCTCAATTGGAATTTGGTTCTCAAGATTCATTT,0.28678475208470006,0.27571686948686,0.1744647056556868,0.1345234328721637,0.08163986901824927,0.03504912698525258,0.011821243897087552,0.0,371.73831926933633
GACTTTAAGAGAGATTTGGAAGAATGTCAGAAGATTAATTCTGATCCAATCTTGGAAGTCTTGGATACTCCACCAGAATTTAGATTGTCTCAATTGGAATTTGGTTCTCAAGATTCATTT,0.11599993590467624,0.18500025285239866,0.22737181755709407,0.253057732749847,0.10145934732298253,0.08629115423848475,0.022583733209790024,0.008236026164726696,565.5950498105465
GACTTTAAGAGAGATTTGGAAGAATGTCAGAAGATTATTGATCCAGAGAATTTGTCTGTCTTGGATACTCCACCAGAATTTAGATTGTCTCAATTGGAATTTGGTTCTCAAGATTCATTT,0.0001490570386677997,0.0002356668376410712,0.00023847250649443959,0.004116276072174265,0.16916583101318305,0.3421322403811482,0.41322710367041693,0.07073535248027428,2120.8350602876167
GACTTTAAGAGAGATTTGGAAGAATGTCAGAAGATTATTGATGAATCTTTGAATCCAGTCTTGGATACTCCACCAGAATTTAGATTGTCTCAATTGGAATTTGGTTCTCAAGATTCATTT,0.2405194236550753,0.27112096994196677,0.23000954008693478,0.15339771341232777,0.04169609695381667,0.04082618565175839,0.014458195009801356,0.007971875288318952,425.7917002152258
GACTTTAAGAGAGATTTGGAAGAATGTCAGAAGATTCCAGATTTGGTTTCTAATATTGAATTGGATACTCCACCAGAATTTAGATTGTCTCAATTGGAATTTGGTTCTCAAGATTCATTT,0.12897025885366353,0.32939082599326647,0.234553100606208,0.176346562845974,0.053768053262433814,0.050013968950242044,0.009201017533904895,0.017756211954307256,506.37608952949074
GACTTTAAGAGAGATTTGGAAGAATGTCAGAAGATTCCAGTTGATTTGGAAATTAATTCTTTGGATACTCCACCAGAATTTAGATTGTCTCAATTGGAATTTGGTTCTCAAGATTCATTT,0.18385331970813146,0.20106431048957732,0.14920255398359708,0.19537415750856973,0.14178541184098495,0.043961985820842764,0.03706835243051503,0.0476899082177816,787.4821339971933
GACTTTAAGAGAGATTTGGAAGAATGTCAGAAGATTCCATTGGATGTTTCTAATATTGAATTGGATACTCCACCAGAATTTAGATTGTCTCAATTGGAATTTGGTTCTCAAGATTCATTT,0.17068791928123475,0.309119661813384,0.1486764499201505,0.18962848778932997,0.06727879114717594,0.06258138740901041,0.03166083898286453,0.020366463656849836,588.0881190569264
GACTTTAAGAGAGATTTGGAAGAATGTCAGAAGATTGAAGTCTTGCCAGATTCTAATATCTTGGATACTCCACCAGAATTTAGATTGTCTCAATTGGAATTTGGTTCTCAAGATTCATTT,0.18157896979020732,0.18269088850163537,0.2259471699013896,0.1882795370674902,0.047714423831430416,0.08876600758953457,0.05613502651906982,0.02888797679924271,722.7818843007456
GACTTTAAGAGAGATTTGGAAGAATGTCAGAAGATTGAATCTGTCTTGGATCCAGATATTAATTTGACTCCACCAGAATTTAGATTGTCTCAATTGGAATTTGGTTCTCAAGATTCATTT,0.21620695107593196,0.17402473441909277,0.10761455198265944,0.1441191527369378,0.1420344838234499,0.14532940316903975,0.053472196460976805,0.017198526331911608,734.4190748809935
GACTTTAAGAGAGATTTGGAAGAATGTCAGAAGATTGAATTGTTAAATTCTCCAATTGTTGATGATACTCCACCAGAATTTAGATTGTCTCAATTGGAATTTGGTTCTCAAGATTCATTT,0.08250148138343309,0.16601337648357314,0.17965576323289814,0.1374845204716248,0.08129749250418751,0.1890532583535888,0.11477376938543996,0.049220338185254606,1108.6042661947406
GACTTTAAGAGAGATTTGGAAGAATGTCAGAAGATTGATAATGAAATCTTGCCAGTTTCTTTGGATACTCCACCAGAATTTAGATTGTCTCAATTGGAATTTGGTTCTCAAGATTCATTT,0.21801432527961512,0.329024039822194,0.13564268993210968,0.09082744474522741,0.05370818098662688,0.0499582769554329,0.02527462282371161,0.09755041945508239,994.0366521560092
GACTTTAAGAGAGATTTGGAAGAATGTCAGAAGATTGATCCAAATTTGTCTGTTATTGAATTGGATACTCCACCAGAATTTAGATTGTCTCAATTGGAATTTGGTTCTCAAGATTCATTT,0.2550045163232173,0.12828303220588824,0.11899274908158514,0.10623801250869505,0.1570519356644221,0.17530388750861617,0.05912586670757607,0.0,672.5743491470707
GACTTTAAGAGAGATTTGGAAGAATGTCAGAAGATTGATCCAGTCTTGTCTAATATTGAATTGGATACTCCACCAGAATTTAGATTGTCTCAATTGGAATTTGGTTCTCAAGATTCATTT,0.0012977326802846802,0.003791634220854315,0.0009853195248882077,0.04945076396379354,0.14720582528277204,0.36485661756364374,0.3679282167521498,0.06448389001161361,2000.7891194405554
GACTTTAAGAGAGATTTGGAAGAATGTCAGAAGATTGATCCATTGGTTTCTAATATTGAATTGGATACTCCACCAGAATTTAGATTGTCTCAATTGGAATTTGGTTCTCAAGATTCATTT,0.004985430662372726,0.008031195559965676,0.020083628116147986,0.0872528797082806,0.21694025620679921,0.3174137474691957,0.261286814057738,0.08400604821950007,1864.0019489634408
GACTTTAAGAGAGATTTGGAAGAATGTCAGAAGATTGATGATGAAATCTTGTTGGTTAATTCTCCAACTCCACCAGAATTTAGATTGTCTCAATTGGAATTTGGTTCTCAAGATTCATTT,0.06338141003768008,0.059783937229463215,0.08379771830874368,0.1584328418058388,0.2732469719578945,0.2469069064670947,0.062456907181689905,0.051993307011595206,1168.9130130893927
GACTTTAAGAGAGATTTGGAAGAATGTCAGAAGATTGATGTCTTGCCATCTAATATTGAATTGGATACTCCACCAGAATTTAGATTGTCTCAATTGGAATTTGGTTCTCAAGATTCATTT,0.048168780666066835,0.04442510184825109,0.017981597232884294,0.03121643070571066,0.015030845379970332,0.019132431269641523,0.2933595720316004,0.5306852408658749,4210.305494987147
GACTTTAAGAGAGATTTGGAAGAATGTCAGAAGATTGATGTTCCAATCTTGGATAATTTGGAATCTACTCCACCAGAATTTAGATTGTCTCAATTGGAATTTGGTTCTCAAGATTCATTT,0.17244718243825233,0.009639065647197052,0.07152802051619725,0.0851479864330428,0.1604899800797019,0.16684746411178097,0.2310184070626499,0.10288189371117784,1697.2040744510555
GACTTTAAGAGAGATTTGGAAGAATGTCAGAAGATTGATTCTGTTATTCCAGAGAATGATTTGTTGACTCCACCAGAATTTAGATTGTCTCAATTGGAATTTGGTTCTCAAGATTCATTT,0.1687151095874751,0.05658275168062056,0.06998002315454756,0.06247892104882996,0.24937943768459223,0.18041937725480223,0.0782372581070629,0.13420712148206937,1586.9393431726344
GACTTTAAGAGAGATTTGGAAGAATGTCAGAAGATTGATTTAAATTCTGATCCAATTGTCTTGGAAACTCCACCAGAATTTAGATTGTCTCAATTGGAATTTGGTTCTCAAGATTCATTT,0.1819526906917692,0.18306689792407482,0.07547073607559984,0.06738108889090967,0.17929735635754607,0.055592939608943306,0.11250112421057931,0.14473716624057764,1554.1384251295651
GACTTTAAGAGAGATTTGGAAGAATGTCAGAAGATTGATTTGCCAGTTTCTAATATTGAATTGGATACTCCACCAGAATTTAGATTGTCTCAATTGGAATTTGGTTCTCAAGATTCATTT,0.20487664003218478,0.14723658898523947,0.07283929890537737,0.09754757001531796,0.0865228988861923,0.06706822663601916,0.14929550484794096,0.174613271691728,1791.6456926666724
GACTTTAAGAGAGATTTGGAAGAATGTCAGAAGATTGATTTGCCAGTTTCTGAGAATATTGATTTGACTCCACCAGAATTTAGATTGTCTCAATTGGAATTTGGTTCTCAAGATTCATTT,0.3021234506285419,0.09353031897620458,0.17351366873826182,0.025819146477581132,0.20610996867385503,0.10651076396275579,0.0646624235233463,0.02773025901945345,785.2886575854536
GACTTTAAGAGAGATTTGGAAGAATGTCAGAAGATTGCTGCTGCTGCTGCTGCTGCTGCTGATACTCCACCAGAATTTAGATTGTCTCAATTGGAATTTGGTTCTCAAGATTCATTTTGA,0.0021739124663432345,0.0331208305272265,0.1238549604767651,0.22098558457633632,0.4163494190805585,0.18011860647672406,0.015985515106630446,0.007411171289415795,813.2152568071857
GACTTTAAGAGAGATTTGGAAGAATGTCAGAAGATTGCTGCTGCTGCTTCTAATATTGAAGCTGCTGCTGCTCCAGAATTTAGATTGTCTCAATTGGAATTTGGTTCTCAAGATTCATTT,0.0723834333994214,0.03641334064131366,0.09007007773665102,0.040207769461165874,0.28530841073593066,0.3317352296107622,0.10069782206334776,0.043183916351407454,1277.846582343138
GACTTTAAGAGAGATTTGGAAGAATGTCAGAAGATTGCTGCTGCTGCTTCTAATATTGAATTGGATACTCCACCAGAATTTAGAGCTGCTGCTGCTGAATTTGGTTCTCAAGATTCATTT,0.055779143755982065,0.10522633772389627,0.12146502675975952,0.13942965695308648,0.08244769267202307,0.05112746437233892,0.16166332396436506,0.2828613537985487,2491.5300779251265
GACTTTAAGAGAGATTTGGAAGAATGTCAGAAGATTGCTGCTGCTGCTTCTAATATTGAATTGGATACTCCACCAGAATTTAGATTGTCTCAATTGGAATTTGGTTCTCAAGATTCATTT,0.04829962000121084,0.12148847003741021,0.12020293384410086,0.053659239272452794,0.07139213616215213,0.06640753876428714,0.20157926940702928,0.3169707925113568,2785.0060704240677
GACTTTAAGAGAGATTTGGAAGAATGTCAGAAGATTGCTGCTGCTGCTTCTAATATTGAATTGGATACTCCACCAGAATTTAGATTGTCTCAATTGGAATTTGGTTCTGCTGCTGCTGCT,0.08129137616147059,0.2346772323514246,0.23399881765832348,0.27168536025159273,0.10162704614754,0.06284061096996871,0.009150460331664561,0.004729096128015452,494.52272107228384
GACTTTAAGAGAGATTTGGAAGAATGTCAGAAGATTGCTGCTGCTGCTTCTAATATTGAATTGGATACTCCACCAGAATTTAGATTGTCTCAATTGGCTGCTGCTGCTCAAGATTCATTT,0.16945246731558175,0.12786759604558914,0.07907159926132923,0.02353199282097442,0.10436222220194978,0.09707565411212941,0.19644797159341093,0.20219049664903527,2100.497738584606
GACTTTAAGAGAGATTTGGAAGAATGTCAGAAGATTGCTGCTGCTGCTTCTAATATTGAATTGGATACTCCAGCTGCTGCTGCTTTGTCTCAATTGGAATTTGGTTCTCAAGATTCATTT,0.08654160389469688,0.07981558831198121,0.08973979063272002,0.1362051135442789,0.1492376468024125,0.18509050338751756,0.1270828464739687,0.14628690695242416,1754.6587752362157
GACTTTAAGAGAGATTTGGAAGAATGTCAGAAGATTGCTTTGGATCCATCTAATATTGAATTGGATACTCCACCAGAATTTAGATTGTCTCAATTGGAATTTGGTTCTCAAGATTCATTT,0.0633024993731675,0.20926760010420808,0.13503471179267484,0.1607472669414759,0.1247573833097218,0.19064835620135004,0.08387112273617964,0.0323710595412222,961.2088686120006
GACTTTAAGAGAGATTTGGAAGAATGTCAGAAGATTGTCTTAAATTCTGATCCAATTGAATTGGATACTCCACCAGAATTTAGATTGTCTCAATTGGAATTTGGTTCTCAAGATTCATTT,0.05586677085929388,0.05620887715022219,0.03475881260305409,0.015516521790663112,0.0,0.07681167577262717,0.3108811995805641,0.44995614224357555,3811.424090735656
GACTTTAAGAGAGATTTGGAAGAATGTCAGAAGATTGTCTTGAATATTCCATCTGAAGATTTGGATACTCCACCAGAATTTAGATTGTCTCAATTGGAATTTGGTTCTCAAGATTCATTT,0.07781927188517493,0.1435423123214352,0.08069512063427621,0.18731823732039618,0.1661478282305481,0.22587695529990653,0.07217333972127078,0.046426934586992,1081.8021367341323
GACTTTAAGAGAGATTTGGAAGAATGTCAGAAGATTGTCTTGAATCCAGATTCTATTGAATTGGATACTCCACCAGAATTTAGATTGTCTCAATTGGAATTTGGTTCTCAAGATTCATTT,0.06075090524406343,0.12224584013379688,0.12959173906257285,0.19283484220417618,0.07696842984418836,0.08750438368519342,0.1851280338877557,0.14497582593825328,1754.4226609239047
GACTTTAAGAGAGATTTGGAAGAATGTCAGAAGATTGTCTTGAATCCATCTGATATTGAATTGGATACTCCACCAGAATTTAGATTGTCTCAATTGGAATTTGGTTCTCAAGATTCATTT,0.03333576353369569,0.03353989873324927,0.03555535141373452,0.029980635260813644,0.025028020304787534,0.029100705587667076,0.254698773906626,0.5587608512594263,4310.402505224859
GACTTTAAGAGAGATTTGGAAGAATGTCAGAAGATTGTCTTGAATGATGATTCTGAACCATTGATTACTCCACCAGAATTTAGATTGTCTCAATTGGAATTTGGTTCTCAAGATTCATTT,0.0491081491177997,0.04632081398265334,0.37428378884475644,0.037508272788178386,0.027220211580349925,0.3854220543089731,0.03985210428038416,0.04028460509690508,1066.3767077089644
GACTTTAAGAGAGATTTGGAAGAATGTCAGAAGATTGTCTTGACTAATCCATCTTTGGATGAAATTCCAGATCCAGAATTTAGATTGTCTCAATTGGAATTTGGTTCTCAAGATTCATTT,0.037677341556164576,0.1326782200950829,0.04688367107633254,0.10464562069336573,0.12994623484109724,0.29354966517804576,0.20966268427233611,0.04495656228757519,1433.4825255864528
GACTTTAAGAGAGATTTGGAAGAATGTCAGAAGATTGTCTTGATTAATCCAGAATCTGATTTGGATACTCCACCAGAATTTAGATTGTCTCAATTGGAATTTGGTTCTCAAGATTCATTT,0.1234403201333987,0.21734338579664075,0.07680127004269173,0.20570701199326707,0.030409722142197403,0.11314606400808377,0.08586337238000533,0.1472888535037151,1531.1126549716212
GACTTTAAGAGAGATTTGGAAGAATGTCAGAAGATTGTCTTGATTAATGAATTGTCTGATGATCCAACTCCACCAGAATTTAGATTGTCTCAATTGGAATTTGGTTCTCAAGATTCATTT,0.20981389999015573,0.10554935919473986,0.09324328882422304,0.21644640180500696,0.14767997993747262,0.09615827685968845,0.04169818142746979,0.08941061196124357,1113.2796687660732
GACTTTAAGAGAGATTTGGAAGAATGTCAGAAGATTGTCTTGATTGATAATGAATCTCCATTGGATACTCCACCAGAATTTAGATTGTCTCAATTGGAATTTGGTTCTCAAGATTCATTT,0.13118090031269805,0.23097235161900095,0.040808626138004636,0.036434382494512266,0.12926650626185832,0.2705425235984629,0.12166348327160566,0.039131226303857236,1138.4380860770138
GACTTTAAGAGAGATTTGGAAGAATGTCAGAAGATTGTCTTGATTGATGAACCAAATTCTTTGGATACTCCACCAGAATTTAGATTGTCTCAATTGGAATTTGGTTCTCAAGATTCATTT,0.13594226864053682,0.11967788526180514,0.10572456058923047,0.0943920304140042,0.08372399334899673,0.09345406313988877,0.20487903396564852,0.16220616463988927,1883.4296158899322
GACTTTAAGAGAGATTTGGAAGAATGTCAGAAGATTGTCTTGATTGATGAATTGAATGATTCTCCAACTCCACCAGAATTTAGATTGTCTCAATTGGAATTTGGTTCTCAAGATTCATTT,0.008208023959494238,0.06408430474005594,0.005719630859856891,0.1378768028065757,0.5558238399195508,0.19531055542949927,0.027100559216913976,0.005876283068053208,890.1971236289319
GACTTTAAGAGAGATTTGGAAGAATGTCAGAAGATTGTCTTGCCAATTAATGATTCTGAATTGGATACTCCACCAGAATTTAGATTGTCTCAATTGGAATTTGGTTCTCAAGATTCATTT,0.0016789354409985067,0.004054119806591534,0.0029248486016341404,0.19771547366674588,0.25577546937541606,0.37518901084754286,0.1482383540952745,0.014423788165796566,1283.8360598530187
GACTTTAAGAGAGATTTGGAAGAATGTCAGAAGATTGTCTTGCCAGATAATTCTATTGAATTGGATACTCCACCAGAATTTAGATTGTCTCAATTGGAATTTGGTTCTCAAGATTCATTT,0.00040037473355949353,0.0003222611776775668,0.0001992819720308144,0.11885129383862465,0.2562089819926154,0.443759039263463,0.15417488977989183,0.026083877242137236,1427.1479893863861
GACTTTAAGAGAGATTTGGAAGAATGTCAGAAGATTGTCTTGCCAGATTCTAATATTGAATTGGATACTCCACCAGAATTTAGATTGTCTCAATTGGAATTTGGTTCTCAAGATTCATTT,0.14727746429465993,0.03704483349496123,0.41234446997731855,0.08181013324565661,0.10884612326429557,0.1687441488326471,0.0,0.043932826890461046,800.1950404489556
GACTTTAAGAGAGATTTGGAAGAATGTCAGAAGATTGTCTTGCCATTGACTATTGAGAATGATGATTCTCCACCAGAATTTAGATTGTCTCAATTGGAATTTGGTTCTCAAGATTCATTT,0.00028482246303168787,0.010922596351611007,0.024495726538052248,0.13005194660063688,0.34018865357264494,0.35792670628418066,0.10959511775133865,0.026534430438503925,1278.5017571601716
GACTTTAAGAGAGATTTGGAAGAATGTCAGAAGATTGTCTTGGAAATTGATTCTGATAATTTGACTCCACCACCAGAATTTAGATTGTCTCAATTGGAATTTGGTTCTCAAGATTCATTT,0.16719646374175007,0.1682203096019499,0.06935011590019881,0.18574959913145556,0.054918825011147386,0.0,0.15506605093445144,0.19949863567904702,1889.711881067867
GACTTTAAGAGAGATTTGGAAGAATGTCAGAAGATTGTCTTGGAACCAATTGATGATACTAATTTGCCATCTCCAGAATTTAGATTGTCTCAATTGGAATTTGGTTCTCAAGATTCATTT,0.0016505986308942232,0.002176097847991901,0.00821566703951575,0.1074329890293283,0.3219930022375586,0.3570556379088547,0.20106852610693987,0.00040748119891651375,1316.0166795760538
GACTTTAAGAGAGATTTGGAAGAATGTCAGAAGATTGTCTTGGAAGATAATCCAATTGATTCTTTGACTCCACCAGAATTTAGATTGTCTCAATTGGAATTTGGTTCTCAAGATTCATTT,0.023767991778443773,0.1076109195582591,0.10351466741849373,0.06601358136115941,0.1405267954741699,0.17428695688418186,0.24247937996825053,0.14179970755704177,1971.8253257437214
GACTTTAAGAGAGATTTGGAAGAATGTCAGAAGATTGTCTTGGATAATCCATCTATTGAATTGGATACTCCACCAGAATTTAGATTGTCTCAATTGGAATTTGGTTCTCAAGATTCATTT,0.33662700690105674,0.16934418962574393,0.08377613289638927,0.14959247388215968,0.03317144263513943,0.0,0.18732245681460544,0.04016629724490549,955.8831799568331
GACTTTAAGAGAGATTTGGAAGAATGTCAGAAGATTGTCTTGGATAATTCTCCAATTGAATTGGATACTCCACCAGAATTTAGATTGTCTCAATTGGAATTTGGTTCTCAAGATTCATTT,0.07392380884523894,0.06375127661675828,0.15769172340555151,0.19945090633718401,0.16650285393184974,0.23231644242434513,0.06856049973263918,0.037802488706433185,1038.5377549893926
GACTTTAAGAGAGATTTGGAAGAATGTCAGAAGATTGTCTTGGATACTGATTCTAATCCATTGCCAGAAATTCCAGAATTTAGATTGTCTCAATTGGAATTTGGTTCTCAAGATTCATTT,0.0001719012258746546,0.009771894325153768,0.0636366489539809,0.16958707006518617,0.2684872361616349,0.3166753265963427,0.1348932778409115,0.036776644830915535,1329.0390702719046
GACTTTAAGAGAGATTTGGAAGAATGTCAGAAGATTGTCTTGGATCCAAATATTTCTGAATTGGATACTCCACCAGAATTTAGATTGTCTCAATTGGAATTTGGTTCTCAAGATTCATTT,0.04779301967327892,0.042344111080619015,0.035505122708656384,0.022982034049802688,0.030928421031427112,0.06211488495171765,0.35063492928857265,0.40769747721592564,3649.169610433175
GACTTTAAGAGAGATTTGGAAGAATGTCAGAAGATTGTCTTGGATCCAAATGAAACTGATGAACCATTGATTTCTCCATTTAGATTGTCTCAATTGGAATTTGGTTCTCAAGATTCATTT,0.16877691131956266,0.08490521761181268,0.14701188056628536,0.09375271138711778,0.11641970079759274,0.18564219396657006,0.20349138435105868,0.0,1009.7147663213518
GACTTTAAGAGAGATTTGGAAGAATGTCAGAAGATTGTCTTGGATCCAAATGAAGATCCATCTACTTTGATTCCAGAATTTAGATTGTCTCAATTGGAATTTGGTTCTCAAGATTCATTT,0.18021979274171335,0.1336067072300229,0.14163529426778315,0.10537793465169268,0.10281511698958454,0.05216540059206784,0.03518831859336056,0.248991434933775,1980.7405150527059
GACTTTAAGAGAGATTTGGAAGAATGTCAGAAGATTGTCTTGGATCCAAATGATGAATCTTTGATTACTCCACCAGAATTTAGATTGTCTCAATTGGAATTTGGTTCTCAAGATTCATTT,0.3294106735264819,0.1684305497039314,0.11423471738471605,0.11398881278069105,0.06917777480303217,0.05444812497995243,0.060100587473135895,0.09020875934805912,1038.0672882679012
GACTTTAAGAGAGATTTGGAAGAATGTCAGAAGATTGTCTTGGATCCAAATTCTATTGAATTGGATACTCCACCAGAATTTAGATTGTCTCAATTGGAATTTGGTTCTCAAGATTCATTT,0.18779649699480286,0.1637536241597775,0.08568410715667361,0.08345421489046885,0.06785382296902938,0.07459195607090896,0.12772577668315677,0.20914000107518216,1949.8639174504258
GACTTTAAGAGAGATTTGGAAGAATGTCAGAAGATTGTCTTGGATCCAAATTCTGAAATCTTGGATACTCCACCAGAATTTAGATTGTCTCAATTGGAATTTGGTTCTCAAGATTCATTT,0.30758786389556825,0.20336692780218904,0.13122716784755684,0.1659781312424641,0.060619813463011166,0.03222133680130053,0.05705435904831184,0.04194439989959834,722.2257474247648
GACTTTAAGAGAGATTTGGAAGAATGTCAGAAGATTGTCTTGGATCCAAATTTGGAAGATATTTCTACTCCACCAGAATTTAGATTGTCTCAATTGGAATTTGGTTCTCAAGATTCATTT,0.19469254562688976,0.3264746112606622,0.21534666945244366,0.048065958513381045,0.06395043055918444,0.039656941923371936,0.060189080400984196,0.0516237622630828,788.1951560841995
GACTTTAAGAGAGATTTGGAAGAATGTCAGAAGATTGTCTTGGATCCAAATTTGGATGAATCTATTACTCCACCAGAATTTAGATTGTCTCAATTGGAATTTGGTTCTCAAGATTCATTT,0.1068243542220972,0.08956542071381103,0.17723535965949822,0.13845793915250773,0.1228096432069174,0.24478944982024084,0.0990740496666812,0.021243783558246455,983.4032105827413
GACTTTAAGAGAGATTTGGAAGAATGTCAGAAGATTGTCTTGGATCCAACTTCTATCTTGGATGAGAATGAACCACCATTTAGATTGTCTCAATTGGAATTTGGTTCTCAAGATTCATTT,0.15085964209000494,0.1669617923966373,0.18772167956430091,0.13407995559818037,0.07432903274182538,0.15210663883467507,0.09794014714503955,0.036001111629336544,936.3646598386367
GACTTTAAGAGAGATTTGGAAGAATGTCAGAAGATTGTCTTGGATCCAATTAATTCTGAATTGGATACTCCACCAGAATTTAGATTGTCTCAATTGGAATTTGGTTCTCAAGATTCATTT,0.058399219442127184,0.12509519381668813,0.1898767220611761,0.23858931888155538,0.16335913482053485,0.14504643068210152,0.05940375588829495,0.020230224407521917,823.449774887345
GACTTTAAGAGAGATTTGGAAGAATGTCAGAAGATTGTCTTGGATCCAATTCCAAATACTGAATCTGATGAATTGCCATTTAGATTGTCTCAATTGGAATTTGGTTCTCAAGATTCATTT,0.11340241036121307,0.07606456162867231,0.07839550077705205,0.09798929060000576,0.2234949349200129,0.150143155798284,0.14023314088207695,0.120277005032683,1614.174347301638
GACTTTAAGAGAGATTTGGAAGAATGTCAGAAGATTGTCTTGGATCCAATTCCATTGGAAGATTCTACTAATCCAGAATTTAGATTGTCTCAATTGGAATTTGGTTCTCAAGATTCATTT,0.005588453440409639,0.01428416466961521,0.04980517359652305,0.15084297990000745,0.28888829514668785,0.3273671814696287,0.14057433849290565,0.022649413284222538,1272.6010911609687
GACTTTAAGAGAGATTTGGAAGAATGTCAGAAGATTGTCTTGGATCCAATTTCTGAGAATTTGGATACTCCACCAGAATTTAGATTGTCTCAATTGGAATTTGGTTCTCAAGATTCATTT,0.09421788699431731,0.18958968109165691,0.08792977903106414,0.10467287613952757,0.18568582850244475,0.19431140398332838,0.08738220496196404,0.056210339295696944,1131.3070820698804
GACTTTAAGAGAGATTTGGAAGAATGTCAGAAGATTGTCTTGGATCCAATTTCTGATGAACCAAATACTTTGCCAGAATTTAGATTGTCTCAATTGGAATTTGGTTCTCAAGATTCATTT,0.04828548667828376,0.06477489086011456,0.020027960056671436,0.07152471684019893,0.1268822143300193,0.2803053395862653,0.25376628323839695,0.13443310841004966,2056.7275810338224
GACTTTAAGAGAGATTTGGAAGAATGTCAGAAGATTGTCTTGGATCCACCAAATATCTTGGAAGAAGATCCATCTACATTTAGATTGTCTCAATTGGAATTTGGTTCTCAAGATTCATTT,0.045109609204425236,0.05597587283308299,0.07110051800624237,0.22885962110434713,0.29634200135304156,0.2039820428436879,0.07530628246298157,0.02332405219219123,1005.5835366773109
GACTTTAAGAGAGATTTGGAAGAATGTCAGAAGATTGTCTTGGATCCACCAAATTCTACTTTGATTGAAGATCCAGAATTTAGATTGTCTCAATTGGAATTTGGTTCTCAAGATTCATTT,0.13729473245548862,0.07534662097568799,0.12424889502858803,0.16639613463155273,0.13529111593511184,0.20592833425510615,0.08103056536911749,0.07446360134934715,1228.666390495406
GACTTTAAGAGAGATTTGGAAGAATGTCAGAAGATTGTCTTGGATCCACCAAATTTGATTGAACCAGAATCTGATACATTTAGATTGTCTCAATTGGAATTTGGTTCTCAAGATTCATTT,0.02434905852232357,0.00864641034682883,0.024951843969642475,0.0684230619605766,0.2046523133879418,0.32033580942776496,0.2922439788345637,0.05639752355035816,1758.6752506746982
GACTTTAAGAGAGATTTGGAAGAATGTCAGAAGATTGTCTTGGATCCACCACCAAATGATTTGGAAACTGAAATTTCATTTAGATTGTCTCAATTGGAATTTGGTTCTCAAGATTCATTT,0.06366184182610389,0.1814797659158842,0.14523189101259035,0.1060892198422984,0.1986538350899945,0.1361565053093746,0.1180861148168239,0.050640826186930214,1119.4939734850188
GACTTTAAGAGAGATTTGGAAGAATGTCAGAAGATTGTCTTGGATCCACCACCAGAGAATTTGACTGAATCTGATATCTTTAGATTGTCTCAATTGGAATTTGGTTCTCAAGATTCATTT,0.042447013877054615,0.21353471408059968,0.05281879651242925,0.04715719241627363,0.06274134236069508,0.07781432426447173,0.2755718313653417,0.22791478512313426,2415.0274327411953
GACTTTAAGAGAGATTTGGAAGAATGTCAGAAGATTGTCTTGGATCCACCAGATACTCCATCTTTGGAGAATGAAATCTTTAGATTGTCTCAATTGGAATTTGGTTCTCAAGATTCATTT,0.22530290386714177,0.04250298203969085,0.14017744884818414,0.14079593411363903,0.08325560113210012,0.12907116144571973,0.1044783806573358,0.13441558789618868,1523.3178680640035
GACTTTAAGAGAGATTTGGAAGAATGTCAGAAGATTGTCTTGGATCCACCAGATTCTGAGAATACTGAAATCTTGCCATTTAGATTGTCTCAATTGGAATTTGGTTCTCAAGATTCATTT,0.041295400646796016,0.1661931102243987,0.10277158105773959,0.13763336755668132,0.12207826338065508,0.18925793613352968,0.19149671460592166,0.049273626394277986,1308.3836899941005
GACTTTAAGAGAGATTTGGAAGAATGTCAGAAGATTGTCTTGGATCCACCATCTGAAACTATTGATTTGAATCCAGAATTTAGATTGTCTCAATTGGAATTTGGTTCTCAAGATTCATTT,0.023546724205077786,0.06580809763895636,0.1334790793657604,0.2238100118689014,0.2036716036210418,0.24220983448352196,0.08250049300562175,0.02497415581111855,1032.3415168844247
GACTTTAAGAGAGATTTGGAAGAATGTCAGAAGATTGTCTTGGATCCAGAAAATTCTATCTTGGATACTCCACCAGAATTTAGATTGTCTCAATTGGAATTTGGTTCTCAAGATTCATTT,0.027532682771883345,0.034626602713412814,0.057100332702692456,0.12490049579922081,0.22269933452785667,0.31545757130401647,0.17661802187789116,0.04106495830302628,1413.3960896155158
GACTTTAAGAGAGATTTGGAAGAATGTCAGAAGATTGTCTTGGATCCAGAAATTAATTCTTTGGATACTCCACCAGAATTTAGATTGTCTCAATTGGAATTTGGTTCTCAAGATTCATTT,0.10129230057445042,0.08832423172944916,0.14284842474092452,0.15754523348182742,0.1996281741514742,0.16093145411503196,0.1252578089961389,0.024172372210703428,1011.852672780599
GACTTTAAGAGAGATTTGGAAGAATGTCAGAAGATTGTCTTGGATCCAGAACCATCTAATATCTTGCCAGATGAAACATTTAGATTGTCTCAATTGGAATTTGGTTCTCAAGATTCATTT,0.28134191391007396,0.17927433656055572,0.23339123209428664,0.11460581803777627,0.03696481849566878,0.07736385525821361,0.043488339581711825,0.03356968606171321,676.5043133461277
GACTTTAAGAGAGATTTGGAAGAATGTCAGAAGATTGTCTTGGATCCAGAAGAAATTGAATTGGATGAAGAACCAGAATTTAGATTGGAAGAATTGGAATTTGAAGAACAAGATGAAGAA,0.1948281112486712,0.2510027081165477,0.19217304992513698,0.15837616252462997,0.0959924394583323,0.082756816533825,0.02203572820585821,0.00283498398699874,490.54654357728305
GACTTTAAGAGAGATTTGGAAGAATGTCAGAAGATTGTCTTGGATCCAGAAGAAATTGAATTGGATGAAGAACCAGAATTTAGATTGGAAGAATTGGAATTTGGTGCTCAAGATGAAGAA,0.07694173885270901,0.09676612502333604,0.1316455106093931,0.2564389849257151,0.1611151334144209,0.16749738162393404,0.09811927583425761,0.011475849716234183,882.3706709069887
GACTTTAAGAGAGATTTGGAAGAATGTCAGAAGATTGTCTTGGATCCAGAAGAAATTGAATTGGATGAAGAACCAGAATTTAGATTGGCTCAATTGGAATTTGAAGAACAAGATGAAGAA,0.0957231050957876,0.04280412267343231,0.05293898594229759,0.035448374128742265,0.04192274039479,0.038995695570012465,0.28606314271635175,0.4061038334785861,3467.564430116681
GACTTTAAGAGAGATTTGGAAGAATGTCAGAAGATTGTCTTGGATCCAGAAGAAATTGAATTGGATGAAGAACCAGAATTTAGATTGGCTCAATTGGAATTTGGTGCTCAAGATGAAGAA,0.22203576919773216,0.13916436595037382,0.12229205157158468,0.13344670219485438,0.2223822919115451,0.11677330288764186,0.013503387758078142,0.030402128528189912,730.447159048161
GACTTTAAGAGAGATTTGGAAGAATGTCAGAAGATTGTCTTGGATCCAGAAGAAATTGAATTGGATGCTCCACCAGAATTTAGATTGGAAGAATTGGAATTTGAAGAACAAGATGAAGAA,0.1152153577405642,0.16744128787276927,0.20708687460982722,0.1422226153402724,0.17660837835609247,0.16427758521109576,0.01187291892822765,0.015274981941151016,682.7447000552985
GACTTTAAGAGAGATTTGGAAGAATGTCAGAAGATTGTCTTGGATCCAGAAGAAATTGAATTGGATGCTCCACCAGAATTTAGATTGGAAGAATTGGAATTTGGTGCTCAAGATGAAGAA,0.3555932512630081,0.2459674012732245,0.08296523358239778,0.024690752422991156,0.04380048575239762,0.04074233678749287,0.02061214393320922,0.18562839498527875,1472.6261228405278
GACTTTAAGAGAGATTTGGAAGAATGTCAGAAGATTGTCTTGGATCCAGAAGAAATTGAATTGGATGCTCCACCAGAATTTAGATTGGCTCAATTGGAATTTGAAGAACAAGATGAAGAA,0.07139615515028966,0.047888904884661264,0.11845541523291878,0.2643956876021326,0.14070846464398237,0.1963263040431813,0.13243246398032857,0.02839660446250549,1089.446377147322
GACTTTAAGAGAGATTTGGAAGAATGTCAGAAGATTGTCTTGGATCCAGAAGAAATTGAATTGGATGCTCCACCAGAATTTAGATTGGCTCAATTGGAATTTGGTGCTCAAGATGAAGAA,0.0025430533831395487,0.09815819933796495,0.21115443608686926,0.2725078222391339,0.1631139924882688,0.18096853633980395,0.069898850042047,0.0016551100827726626,790.2650713668523
GACTTTAAGAGAGATTTGGAAGAATGTCAGAAGATTGTCTTGGATCCAGAAGATTCTTTGAATATTACTCCACCAGAATTTAGATTGTCTCAATTGGAATTTGGTTCTCAAGATTCATTT,0.0007663308730271157,0.006351765716394076,0.027313290095372634,0.04125078740236886,0.29330284253522165,0.3642063339925345,0.23848448079717316,0.028324168587908177,1553.1710414319139
GACTTTAAGAGAGATTTGGAAGAATGTCAGAAGATTGTCTTGGATCCAGAATCTAATATCTTGGATACTCCACCAGAATTTAGATTGTCTCAATTGGAATTTGGTTCTCAAGATTCATTT,0.16163760989947076,0.3659116848958304,0.100566603469021,0.1346804258212433,0.08959429381570617,0.08333882216539748,0.028108219166990762,0.03616234076634018,694.5981815525957
GACTTTAAGAGAGATTTGGAAGAATGTCAGAAGATTGTCTTGGATCCAGAATCTATTAATTTGGATACTCCACCAGAATTTAGATTGTCTCAATTGGAATTTGGTTCTCAAGATTCATTT,0.1376532943327387,0.2769924587178863,0.11419227060644872,0.05097604672015105,0.2260740752072474,0.04205791763626946,0.04255543104321733,0.10949850573604092,1187.3498260700135
GACTTTAAGAGAGATTTGGAAGAATGTCAGAAGATTGTCTTGGATCCAGAATCTGATATTAATTTGACTCCACCAGAATTTAGATTGTCTCAATTGGAATTTGGTTCTCAAGATTCATTT,0.17317120008428274,0.1979904919283417,0.17630590126063372,0.20987708565493424,0.07756546309405354,0.06493485972936981,0.04380199339099273,0.05635300485739165,852.467394267663
GACTTTAAGAGAGATTTGGAAGAATGTCAGAAGATTGTCTTGGATCCAGAATTGATTAATTCTGATACTCCACCAGAATTTAGATTGTCTCAATTGGAATTTGGTTCTCAAGATTCATTT,0.012075943977380809,0.009846971572192968,0.005892807677680604,0.02542895153631374,0.19747301798385372,0.46916115917704904,0.27955608913426355,0.000565058941265554,1539.7058688152606
GACTTTAAGAGAGATTTGGAAGAATGTCAGAAGATTGTCTTGGATCCAGAGAATATTGAATTGGATGAACCACCAGAATTTAGATTGGAACAATTGGAATTTGGTGAACAAGATGAATTT,0.13885832924574845,0.2794172868704813,0.0431969717453539,0.1928336163354871,0.10262392073180808,0.06363914720861169,0.09658792539753931,0.08284280246497026,1137.359604576603
GACTTTAAGAGAGATTTGGAAGAATGTCAGAAGATTGTCTTGGATCCAGAGAATATTGAATTGGATGAACCACCAGAATTTAGATTGGAACAATTGGAATTTGGTGCTCAAGATGAATTT,0.4741791014718586,0.2525732413097647,0.11569473388510669,0.020658701778961158,0.009161944089741922,0.03408902940872176,0.06036148454942971,0.033281763506415464,598.9993601700553
GACTTTAAGAGAGATTTGGAAGAATGTCAGAAGATTGTCTTGGATCCAGAGAATATTGAATTGGATGAACCACCAGAATTTAGATTGGCTCAATTGGAATTTGGTGAACAAGATGAATTT,0.2510990552405171,0.09473875792887652,0.11717034390475838,0.0697406329796175,0.12371731524643712,0.14384921872524128,0.0873305078157789,0.11235416815877318,1364.3927514721738
GACTTTAAGAGAGATTTGGAAGAATGTCAGAAGATTGTCTTGGATCCAGAGAATATTGAATTGGATGAACCACCAGAATTTAGATTGGCTCAATTGGAATTTGGTGCTCAAGATGAATTT,0.3150316591231077,0.24538899870649938,0.06322718828213138,0.09031986733915984,0.11015408203877611,0.04657414837309681,0.05655010245524927,0.07275395368197951,926.7859653349581
GACTTTAAGAGAGATTTGGAAGAATGTCAGAAGATTGTCTTGGATCCAGAGAATATTGAATTGGATGCTCCACCAGAATTTAGATTGGAACAATTGGAATTTGGTGAACAAGATGAATTT,0.00462060322362256,0.011673899406143867,0.041916945423573125,0.11700577995797053,0.2717839109131021,0.3380937503011101,0.171897297319144,0.04300781345533361,1464.8522779508662
GACTTTAAGAGAGATTTGGAAGAATGTCAGAAGATTGTCTTGGATCCAGAGAATATTGAATTGGATGCTCCACCAGAATTTAGATTGGAACAATTGGAATTTGGTGCTCAAGATGAATTT,0.0001889670890647493,0.0003802484994676794,0.015519276355896111,0.017083544059107097,0.11989557086351917,0.2635580098777699,0.46697274840474784,0.1164016348504274,2416.39658541637
GACTTTAAGAGAGATTTGGAAGAATGTCAGAAGATTGTCTTGGATCCAGAGAATATTGAATTGGATGCTCCACCAGAATTTAGATTGGCTCAATTGGAATTTGGTGAACAAGATGAATTT,0.2064168238750519,0.20768083990667385,0.14269670481385124,0.07644069623386607,0.11300248398455501,0.12613518360544634,0.12762726758055556,0.0,754.0588764966249
GACTTTAAGAGAGATTTGGAAGAATGTCAGAAGATTGTCTTGGATCCAGAGAATATTGAATTGGATGCTCCACCAGAATTTAGATTGGCTCAATTGGAATTTGGTGCTCAAGATGAATTT,0.19583567689065884,0.2955523471645157,0.17261194701653085,0.09065283056829417,0.05628517434358614,0.014958669912034749,0.10594933777073612,0.06815401633364344,971.5144731163418
GACTTTAAGAGAGATTTGGAAGAATGTCAGAAGATTGTCTTGGATCCAGATAATATTGAATCTTTGACTCCACCAGAATTTAGATTGTCTCAATTGGAATTTGGTTCTCAAGATTCATTT,0.007691026651018258,0.007738123495180551,0.05742181621940636,0.15380045448668486,0.30315149305244854,0.31018400862341755,0.11412845498906,0.04588462248278386,1342.095112670841
GACTTTAAGAGAGATTTGGAAGAATGTCAGAAGATTGTCTTGGATCCAGATAATATTGAATTGGATGATCCACCAGAATTTAGATTGGATCAATTGGAATTTGGTGCTCAAGATGACTTT,0.0022070841594813016,0.0035268344699711327,0.002423274373865885,0.0033174058477147537,0.03223932327566412,0.14506281120202907,0.6089092410943846,0.20231402557688902,3090.8489077492745
GACTTTAAGAGAGATTTGGAAGAATGTCAGAAGATTGTCTTGGATCCAGATAATATTGAATTGGATGATCCACCAGAATTTAGATTGGCTCAATTGGAATTTGGTGATCAAGATGACTTT,0.0215448277108911,0.036127933038950635,0.026809232660110687,0.0558496695995708,0.12030566998841935,0.24355996686132553,0.3929736417247166,0.10282905841601529,2145.402109814047
GACTTTAAGAGAGATTTGGAAGAATGTCAGAAGATTGTCTTGGATCCAGATAATATTGAATTGGATGATCCACCAGAATTTAGATTGGCTCAATTGGAATTTGGTGCTCAAGATGACTTT,0.21304335649886216,0.2429276776060499,0.10603990874676009,0.09467357665747535,0.09796933963141995,0.10414756853025059,0.039517333358348776,0.1016812389708332,1136.4027921938762
GACTTTAAGAGAGATTTGGAAGAATGTCAGAAGATTGTCTTGGATCCAGATAATATTGAATTGGATGCTCCACCAGAATTTAGATTGGATCAATTGGAATTTGGTGATCAAGATGACTTT,0.14340693588955053,0.17565143092009047,0.1163790848468241,0.23551687761513987,0.15360230507420305,0.11430223637327293,0.04626173820715862,0.014879391073760366,704.4452843799229
GACTTTAAGAGAGATTTGGAAGAATGTCAGAAGATTGTCTTGGATCCAGATAATATTGAATTGGATGCTCCACCAGAATTTAGATTGGATCAATTGGAATTTGGTGCTCAAGATGACTTT,0.0020771512374713375,0.0007136144538642219,0.0026653889861327604,0.005990870409013942,0.06692462132594647,0.15338415794975885,0.4350262565663592,0.3332179390714531,3511.252218157836
GACTTTAAGAGAGATTTGGAAGAATGTCAGAAGATTGTCTTGGATCCAGATAATATTGAATTGGATGCTCCACCAGAATTTAGATTGGCTCAATTGGAATTTGGTGATCAAGATGACTTT,0.09761239009662746,0.22915697060600157,0.24292728739595326,0.07229603595252063,0.032062626509354354,0.14912007311062817,0.06035362038891227,0.11647099594000222,1309.0126116136685
GACTTTAAGAGAGATTTGGAAGAATGTCAGAAGATTGTCTTGGATCCAGATAATATTGAATTGGATGCTCCACCAGAATTTAGATTGGCTCAATTGGAATTTGGTGCTCAAGATGACTTT,0.07594502498847958,0.20376022044776823,0.1365027907342281,0.12187116695280173,0.10809748160557657,0.14695786445534775,0.15652238423297987,0.0503430665828182,1173.4964103075527
GACTTTAAGAGAGATTTGGAAGAATGTCAGAAGATTGTCTTGGATCCAGATCCAACTTTGAATGAATCTATTCCAGAATTTAGATTGTCTCAATTGGAATTTGGTTCTCAAGATTCATTT,0.2011325339462208,0.20236419104962947,0.09626099252647351,0.15469713820971917,0.15245945981023545,0.14181474363415772,0.01434923049644891,0.03692171032711493,767.5551386424665
GACTTTAAGAGAGATTTGGAAGAATGTCAGAAGATTGTCTTGGATCCAGATGAACCAACTTCTATTAATTTGCCAGAATTTAGATTGTCTCAATTGGAATTTGGTTCTCAAGATTCATTT,0.00040766434381133993,0.017007997900604706,0.016503370469912685,0.1913960708254021,0.31874752298793746,0.3728950930782394,0.07765918099706919,0.005383099397023101,1093.487277139487
GACTTTAAGAGAGATTTGGAAGAATGTCAGAAGATTGTCTTGGATCCAGATGATATTGAATTGGATGATGATCCAGAATTTAGATTGGATGATTTGGAATTTGATGATCAAGATGATGAT,0.2899516347910548,0.3154810529000898,0.19922053561357964,0.11229343733869152,0.03853224250212198,0.02164040583646658,0.012316722466754675,0.010563968551241018,395.7803021961525
GACTTTAAGAGAGATTTGGAAGAATGTCAGAAGATTGTCTTGGATCCAGATGATATTGAATTGGATGATGATCCAGAATTTAGATTGGATGATTTGGAATTTGGTGCTCAAGATGATGAT,0.012041600311906249,0.020192230617395026,0.019978565540583065,0.04459269813051817,0.05932935352674778,0.15820267413885586,0.4318277839120815,0.25383509382191227,3029.4501438810016
GACTTTAAGAGAGATTTGGAAGAATGTCAGAAGATTGTCTTGGATCCAGATGATATTGAATTGGATGATGATCCAGAATTTAGATTGGCTCAATTGGAATTTGATGATCAAGATGATGAT,0.2519551113219136,0.2438686455856161,0.20744354343725532,0.1481168154848967,0.07040397541729465,0.05977599007691698,0.01073420114294659,0.007701717533160031,447.7373531232783
GACTTTAAGAGAGATTTGGAAGAATGTCAGAAGATTGTCTTGGATCCAGATGATATTGAATTGGATGATGATCCAGAATTTAGATTGGCTCAATTGGAATTTGGTGCTCAAGATGATGAT,0.009769780977201655,0.016821940812286676,0.04252453143142113,0.17461259629739667,0.34345812044869933,0.360847443926391,0.0504984577192704,0.0014671283873331754,1002.7646444610402
GACTTTAAGAGAGATTTGGAAGAATGTCAGAAGATTGTCTTGGATCCAGATGATATTGAATTGGATGCTCCACCAGAATTTAGATTGGATGATTTGGAATTTGATGATCAAGATGATGAT,0.128816699925647,0.17280736413073453,0.10686174659200055,0.11130854276326108,0.18335316701543006,0.07871605517195922,0.13274534444122676,0.08539107995974063,1285.453632718993
GACTTTAAGAGAGATTTGGAAGAATGTCAGAAGATTGTCTTGGATCCAGATGATATTGAATTGGATGCTCCACCAGAATTTAGATTGGATGATTTGGAATTTGGTGCTCAAGATGATGAT,0.18644063020543078,0.2308705474793246,0.0892295232338428,0.14339714899882108,0.07066146189805393,0.15774691238749203,0.053204313081169505,0.06844946271586522,1023.7713438400009
GACTTTAAGAGAGATTTGGAAGAATGTCAGAAGATTGTCTTGGATCCAGATGATATTGAATTGGATGCTCCACCAGAATTTAGATTGGCTCAATTGGAATTTGATGATCAAGATGATGAT,0.07066327339002738,0.06220898922436779,0.06594720188504695,0.1275698117001159,0.22630414918437147,0.17811842941401423,0.2375698928215056,0.03161825238055064,1343.8490613005165
GACTTTAAGAGAGATTTGGAAGAATGTCAGAAGATTGTCTTGGATCCAGATGATATTGAATTGGATGCTCCACCAGAATTTAGATTGGCTCAATTGGAATTTGGTGCTCAAGATGATGAT,0.023352726064741258,0.05144209812105359,0.11765939847720362,0.2263693241385969,0.31247268036087106,0.2226892676644662,0.03715649157166608,0.008858013601401237,862.7298993872726
GACTTTAAGAGAGATTTGGAAGAATGTCAGAAGATTGTCTTGGATCCAGATTTGAATATTGAATCTACTCCACCAGAATTTAGATTGTCTCAATTGGAATTTGGTTCTCAAGATTCATTT,0.008730212552899479,0.005270203779457786,0.013036092150391337,0.007759175981320934,0.020646738778831126,0.016004319937716678,0.26395631500611483,0.6645969418132679,4957.455567119424
GACTTTAAGAGAGATTTGGAAGAATGTCAGAAGATTGTCTTGGATCCAGATTTGATTTCTAATGAAACTCCACCAGAATTTAGATTGTCTCAATTGGAATTTGGTTCTCAAGATTCATTT,0.11641093897664848,0.0702742764677824,0.0,0.15519432479979645,0.16059692737909928,0.19206521150646857,0.19433719792669835,0.1111211229435065,1705.329019210634
GACTTTAAGAGAGATTTGGAAGAATGTCAGAAGATTGTCTTGGATCCAGCTAATATTGAATTGGATGAACCACCAGAATTTAGATTGGAACAATTGGAATTTGGTGAACAAGATGCATTT,0.06435252805551349,0.12112074098858276,0.18902731963765457,0.23294474279409802,0.1902910519246967,0.14652635877994935,0.04584911479342802,0.009888143026077129,742.4090787107654
GACTTTAAGAGAGATTTGGAAGAATGTCAGAAGATTGTCTTGGATCCAGCTAATATTGAATTGGATGAACCACCAGAATTTAGATTGGAACAATTGGAATTTGGTGCTCAAGATGCATTT,0.013910206949619506,0.0015753970363873884,0.0026280860447745746,0.01986335104370501,0.12092484326229598,0.25693930590198777,0.4031054571847368,0.18105335257649302,2652.9765533206546
GACTTTAAGAGAGATTTGGAAGAATGTCAGAAGATTGTCTTGGATCCAGCTAATATTGAATTGGATGAACCACCAGAATTTAGATTGGCTCAATTGGAATTTGGTGAACAAGATGCATTT,0.0027768403393023094,0.000826006237042677,0.013535965004746232,0.0658977574209557,0.28229267642742006,0.4459971503601022,0.18219101607907198,0.006482588131358791,1377.7583598454696
GACTTTAAGAGAGATTTGGAAGAATGTCAGAAGATTGTCTTGGATCCAGCTAATATTGAATTGGATGAACCACCAGAATTTAGATTGGCTCAATTGGAATTTGGTGCTCAAGATGCATTT,0.18408324562244976,0.23151312442656444,0.05726583924161302,0.0894732304035204,0.0793611082880807,0.12654877273591555,0.14938670735115123,0.08236797193070503,1288.935616484863
GACTTTAAGAGAGATTTGGAAGAATGTCAGAAGATTGTCTTGGATCCAGCTAATATTGAATTGGATGAAGAACCAGAATTTAGAGAAGAACAATTGGAATTTGAAGAACAAGATGCATTT,0.08804001603665498,0.13325770053155678,0.23364741188363797,0.21703393929588666,0.19763204729512462,0.11387827978709855,0.01639197991933066,0.00011862525070971358,578.5351583810138
GACTTTAAGAGAGATTTGGAAGAATGTCAGAAGATTGTCTTGGATCCAGCTAATATTGAATTGGATGAAGAACCAGAATTTAGAGAAGAACAATTGGAATTTGGTGCTCAAGATGCATTT,0.04405326989203254,0.044323034915752714,0.21927014275953127,0.269179285964608,0.2604622597396153,0.06056919760394418,0.10214280912451594,0.0,769.0176093940473
GACTTTAAGAGAGATTTGGAAGAATGTCAGAAGATTGTCTTGGATCCAGCTAATATTGAATTGGATGAAGAACCAGAATTTAGATTGGCTCAATTGGAATTTGAAGAACAAGATGCATTT,0.10862009165487252,0.03642841289474028,0.0,0.1608976492363968,0.07135662648347224,0.09956176255590334,0.13431933736808543,0.3888161198065293,3113.240414164455
GACTTTAAGAGAGATTTGGAAGAATGTCAGAAGATTGTCTTGGATCCAGCTAATATTGAATTGGATGAAGAACCAGAATTTAGATTGGCTCAATTGGAATTTGGTGCTCAAGATGCATTT,0.0691378404399909,0.13912242715838366,0.17206287048063498,0.1792228555835423,0.1589673736548683,0.21124039296479832,0.04274784146043122,0.02749839825735032,883.6838900642932
GACTTTAAGAGAGATTTGGAAGAATGTCAGAAGATTGTCTTGGATCCAGCTAATATTGAATTGGATGATCCACCAGAATTTAGATTGGATCAATTGGAATTTGGTGATCAAGATGCATTT,0.11518219477720493,0.1369579847572499,0.05211875274484792,0.09306437154836052,0.1960476628919439,0.11517449641416194,0.11653692373641007,0.17491761312982074,1834.7230139454537
GACTTTAAGAGAGATTTGGAAGAATGTCAGAAGATTGTCTTGGATCCAGCTAATATTGAATTGGATGATCCACCAGAATTTAGATTGGATCAATTGGAATTTGGTGCTCAAGATGCATTT,0.09123432770075125,0.0713945641889769,0.03784237452471847,0.04504810799140174,0.03995684251429603,0.027875292477660758,0.17863189554406986,0.5080165950581251,3826.0285624499793
GACTTTAAGAGAGATTTGGAAGAATGTCAGAAGATTGTCTTGGATCCAGCTAATATTGAATTGGATGATCCACCAGAATTTAGATTGGCTCAATTGGAATTTGGTGATCAAGATGCATTT,0.0003885050841446358,0.0018501849178962902,0.03061754825403429,0.04848486047005145,0.348916200573247,0.38260013388042785,0.16560230053419303,0.021540266286005368,1392.8460016694544
GACTTTAAGAGAGATTTGGAAGAATGTCAGAAGATTGTCTTGGATCCAGCTAATATTGAATTGGATGATCCACCAGAATTTAGATTGGCTCAATTGGAATTTGGTGCTCAAGATGCATTT,0.09231308456392984,0.13931756077366347,0.057434735493285295,0.20511341051833948,0.1364488644542364,0.06346100384926844,0.08561559947234822,0.22029574087492873,1979.3574336194656
GACTTTAAGAGAGATTTGGAAGAATGTCAGAAGATTGTCTTGGATCCAGCTAATATTGAATTGGATGATGATCCAGAATTTAGAGATGATCAATTGGAATTTGATGATCAAGATGCATTT,0.15877127379957626,0.09584611625176868,0.1580531931339886,0.10583369935651668,0.12516339076736452,0.1164244855396244,0.08835127446700312,0.15155656668415776,1597.7108065841405
GACTTTAAGAGAGATTTGGAAGAATGTCAGAAGATTGTCTTGGATCCAGCTAATATTGAATTGGATGATGATCCAGAATTTAGAGATGATCAATTGGAATTTGGTGCTCAAGATGCATTT,0.0034810867900569166,0.03587701996741877,0.1434089260281945,0.2562453272022945,0.28780221100368275,0.24596109157034496,0.021062865772113075,0.0061614716658946215,832.8348080598846
GACTTTAAGAGAGATTTGGAAGAATGTCAGAAGATTGTCTTGGATCCAGCTAATATTGAATTGGATGATGATCCAGAATTTAGATTGGCTCAATTGGAATTTGATGATCAAGATGCATTT,0.00210695022836294,0.003027261968132891,0.007581593764384572,0.02670776195112072,0.11022450379671353,0.21169167427355418,0.4152978526302297,0.22336240138750144,2887.082910671471
GACTTTAAGAGAGATTTGGAAGAATGTCAGAAGATTGTCTTGGATCCAGCTAATATTGAATTGGATGATGATCCAGAATTTAGATTGGCTCAATTGGAATTTGGTGCTCAAGATGCATTT,0.03450691491603629,0.06704208345532743,0.19026224678962497,0.3503118322931661,0.20812387170031482,0.12815289256632353,0.018760598780869258,0.0028395594983376825,656.0876237124744
GACTTTAAGAGAGATTTGGAAGAATGTCAGAAGATTGTCTTGGATCCAGCTAATATTGAATTGGATGCTCCACCAGAATTTAGAGAAGAACAATTGGAATTTGAAGAACAAGATGCATTT,0.10748783912476215,0.17222205492894874,0.18504285089259534,0.26921516875710383,0.15445098871417218,0.1007616399709367,0.010566157339983133,0.000253300271497898,534.08051549921
GACTTTAAGAGAGATTTGGAAGAATGTCAGAAGATTGTCTTGGATCCAGCTAATATTGAATTGGATGCTCCACCAGAATTTAGAGAAGAACAATTGGAATTTGGTGCTCAAGATGCATTT,0.03376273866065178,0.03471945172215591,0.09909158376425409,0.23966430043412568,0.3388306296942395,0.22324313872594428,0.02999259362221042,0.0006955633764183745,811.3137501558358
GACTTTAAGAGAGATTTGGAAGAATGTCAGAAGATTGTCTTGGATCCAGCTAATATTGAATTGGATGCTCCACCAGAATTTAGAGATGATCAATTGGAATTTGATGATCAAGATGCATTT,0.3688264185777498,0.24183065301184817,0.12891794726180184,0.08747549590729421,0.01633455885589238,0.03798520077745154,0.06918216663481427,0.049447558973147676,754.2307667853937
GACTTTAAGAGAGATTTGGAAGAATGTCAGAAGATTGTCTTGGATCCAGCTAATATTGAATTGGATGCTCCACCAGAATTTAGAGATGATCAATTGGAATTTGGTGCTCAAGATGCATTT,0.0009895599187289012,0.0016178818455902517,0.0010004763435224142,0.08073480072320184,0.42228735671961815,0.37443578434245645,0.11649886014244504,0.002435279964436912,1195.725499045229
GACTTTAAGAGAGATTTGGAAGAATGTCAGAAGATTGTCTTGGATCCAGCTAATATTGAATTGGATGCTCCACCAGAATTTAGATTGGAACAATTGGAATTTGGTGAACAAGATGCATTT,0.024985528731659094,0.021362356266258844,0.0017346718612305024,0.04217321234939537,0.15174083410148806,0.20120227051140405,0.11268138390407366,0.4441197422744904,3537.1847365393555
GACTTTAAGAGAGATTTGGAAGAATGTCAGAAGATTGTCTTGGATCCAGCTAATATTGAATTGGATGCTCCACCAGAATTTAGATTGGAACAATTGGAATTTGGTGCTCAAGATGCATTT,0.025088775249102017,0.028478615409009117,0.02401471665839928,0.07218334860243014,0.07543575117047743,0.29010977899956714,0.3979516658500473,0.08673734806096745,2090.3537425978006
GACTTTAAGAGAGATTTGGAAGAATGTCAGAAGATTGTCTTGGATCCAGCTAATATTGAATTGGATGCTCCACCAGAATTTAGATTGGATCAATTGGAATTTGGTGATCAAGATGCATTT,0.19608286993652904,0.1753632043282142,0.13555280468477093,0.19363681462393256,0.10734518123900978,0.11982041161673083,0.020206299434601883,0.05199241413621076,838.2091451356109
GACTTTAAGAGAGATTTGGAAGAATGTCAGAAGATTGTCTTGGATCCAGCTAATATTGAATTGGATGCTCCACCAGAATTTAGATTGGATCAATTGGAATTTGGTGCTCAAGATGCATTT,0.2001243909564313,0.19128238085652077,0.13696325570851395,0.16119027166836877,0.1183223202846825,0.06878816153100895,0.06960187353874421,0.05372734545572951,905.339788341682
GACTTTAAGAGAGATTTGGAAGAATGTCAGAAGATTGTCTTGGATCCAGCTAATATTGAATTGGATGCTCCACCAGAATTTAGATTGGCTCAATTGGAATTTGAAGAACAAGATGCATTT,0.16458677004709016,0.1759442998597189,0.12160177191568887,0.16570810066003866,0.09629726419626689,0.12728907184654423,0.12402462746866005,0.02454809400599216,911.8887056263686
GACTTTAAGAGAGATTTGGAAGAATGTCAGAAGATTGTCTTGGATCCAGCTAATATTGAATTGGATGCTCCACCAGAATTTAGATTGGCTCAATTGGAATTTGATGATCAAGATGCATTT,0.06871245291045877,0.06419513391806007,0.13436045185064432,0.12541112108042834,0.20312908441498964,0.19344534510428724,0.1229025291045586,0.08784388161657311,1428.7676770117682
GACTTTAAGAGAGATTTGGAAGAATGTCAGAAGATTGTCTTGGATCCAGCTAATATTGAATTGGATGCTCCACCAGAATTTAGATTGGCTCAATTGGAATTTGGTGAACAAGATGCATTT,0.20958292009071158,0.11288803207216125,0.07639414040548446,0.06585359997248022,0.12308017582679318,0.17852166605309217,0.180633442557583,0.05304602302169413,1258.8765395914434
GACTTTAAGAGAGATTTGGAAGAATGTCAGAAGATTGTCTTGGATCCAGCTAATATTGAATTGGATGCTCCACCAGAATTTAGATTGGCTCAATTGGAATTTGGTGATCAAGATGCATTT,0.05448725858587739,0.16446275184686848,0.16950258456951742,0.12106699165278345,0.1342302411477852,0.09988663089856413,0.1263352678948808,0.1300282734037231,1555.9723044893722
GACTTTAAGAGAGATTTGGAAGAATGTCAGAAGATTGTCTTGGATCCAGCTGCTGCTGCTGCTGCTGCTGCTCCAGAATTTAGATTGTCTCAATTGGAATTTGGTTCTCAAGATTCATTT,0.07248063547668623,0.04640648637383798,0.05739429233298753,0.1464064129684076,0.2597195863221699,0.2717842167452517,0.12222187502231255,0.023586494758346645,1150.2868361393266
GACTTTAAGAGAGATTTGGAAGAATGTCAGAAGATTGTCTTGGATCCAGCTGCTGCTGCTTTGGATACTCCACCAGAATTTAGAGCTGCTGCTGCTGAATTTGGTTCTCAAGATTCATTT,0.14756852994997646,0.18712287369767497,0.23473850046856648,0.1286189497351317,0.15964864335310155,0.137700288232011,0.004417684478880475,0.0001845300846572592,530.0487591241039
GACTTTAAGAGAGATTTGGAAGAATGTCAGAAGATTGTCTTGGATCCAGCTGCTGCTGCTTTGGATACTCCACCAGAATTTAGATTGTCTCAATTGGAATTTGGTTCTCAAGATTCATTT,0.050574349509171154,0.0,0.06293201880373937,0.25283873963852244,0.22426330764385952,0.2317836092999416,0.1172627171869962,0.060345257917769624,1328.076401846494
GACTTTAAGAGAGATTTGGAAGAATGTCAGAAGATTGTCTTGGATCCAGCTGCTGCTGCTTTGGATACTCCACCAGAATTTAGATTGTCTCAATTGGAATTTGGTTCTGCTGCTGCTGCT,0.06444394453362032,0.14858285696371554,0.22311569288428726,0.26147961774319584,0.173570270647499,0.10815221358688683,0.014661334452482055,0.005994069188313162,603.0855288028849
GACTTTAAGAGAGATTTGGAAGAATGTCAGAAGATTGTCTTGGATCCAGCTGCTGCTGCTTTGGATACTCCACCAGAATTTAGATTGTCTCAATTGGCTGCTGCTGCTCAAGATTCATTT,0.20341956998933516,0.23331836448965895,0.1974370679154433,0.13559534478925786,0.04009019156772107,0.05966575241966264,0.08678410774815191,0.04368960108076914,831.013206926346
GACTTTAAGAGAGATTTGGAAGAATGTCAGAAGATTGTCTTGGATCCAGCTGCTGCTGCTTTGGATACTCCAGCTGCTGCTGCTTTGTCTCAATTGGAATTTGGTTCTCAAGATTCATTT,0.3382411324050002,0.2268749260198426,0.15152011057118658,0.1302684667722873,0.0711050658231702,0.041337819793840255,0.008365362997414201,0.03228711561725863,554.7199209936991
GACTTTAAGAGAGATTTGGAAGAATGTCAGAAGATTGTCTTGGATCCATCTAATACTCCAGAAGACTTTCCATTGATTAGAGAATTGTCTCAATTGGAATTTGGTTCTCAAGATTCATTT,0.2619426372675341,0.25875491403242123,0.1955684547681495,0.08465727525396186,0.07508944472557211,0.030557931829262537,0.030919409087959402,0.06250993303513938,782.6603429251948
GACTTTAAGAGAGATTTGGAAGAATGTCAGAAGATTGTCTTGGATCCATCTAATACTGAATTGGATCCAATTCCAGAATTTAGATTGTCTCAATTGGAATTTGGTTCTCAAGATTCATTT,0.2483846302855464,0.1249528203884102,0.0,0.09198229929316029,0.0815866062046635,0.18972557782404273,0.1151819328867053,0.14818613311747167,1672.97313784926
GACTTTAAGAGAGATTTGGAAGAATGTCAGAAGATTGTCTTGGATCCATCTAATACTTTGATCTTTGAACCAGAAGATAGACCATTGTCTCAATTGGAATTTGGTTCTCAAGATTCATTT,0.022864960408548286,0.030481593860124598,0.11167384592079783,0.17209987334418692,0.2315088982584204,0.2598810126386439,0.1346585141722656,0.036831301397012635,1247.9507617924903
GACTTTAAGAGAGATTTGGAAGAATGTCAGAAGATTGTCTTGGATCCATCTAATAGAGAAGATCCACCATTGGAAATTACATTCTTGTCTCAATTGGAATTTGGTTCTCAAGATTCATTT,0.007915808531549792,0.010136358720956144,0.024177295474344287,0.09513719761285891,0.21486250176363095,0.35750678927838875,0.23359324469098422,0.056670803927286975,1677.614529060586
GACTTTAAGAGAGATTTGGAAGAATGTCAGAAGATTGTCTTGGATCCATCTAATATCTTGACTGAAGAACCAGATCCATTTAGATTGTCTCAATTGGAATTTGGTTCTCAAGATTCATTT,0.03374815638428739,0.062476863126607544,0.11254499990309841,0.18296611741686966,0.15031554355061297,0.12249761982801192,0.18404203134396266,0.15140866844654963,1868.6327428723366
GACTTTAAGAGAGATTTGGAAGAATGTCAGAAGATTGTCTTGGATCCATCTAATATCTTGGATGAAACTCCACCAGAATTTAGATTGTCTCAATTGGAATTTGGTTCTCAAGATTCATTT,0.1202917538531117,0.19364539773508674,0.14968463240532703,0.18709608074107872,0.1659507794342924,0.1323120853840977,0.022312872907159807,0.028706397539845885,752.9426006909529
GACTTTAAGAGAGATTTGGAAGAATGTCAGAAGATTGTCTTGGATCCATCTAATATTACTAGATTGTTTCCAGATGAACCAGAATTGTCTCAATTGGAATTTGGTTCTCAAGATTCATTT,0.11124572034073461,0.06715616741696918,0.11074258523956454,0.2471804426473832,0.10962225118711524,0.2243305415728874,0.10317463749257841,0.026547654102767406,1015.4476594992263
GACTTTAAGAGAGATTTGGAAGAATGTCAGAAGATTGTCTTGGATCCATCTAATATTGAAACTGAACCACCAGATTTGAGATTCTCTTTGCAATTGGAATTTGGTTCTCAAGATTCATTT,0.007053675904875962,0.014193739723859407,0.05266330489537669,0.0862003410032303,0.11121180456646178,0.19396312272105895,0.3074701773299031,0.2272438338552339,2655.8778828135255
GACTTTAAGAGAGATTTGGAAGAATGTCAGAAGATTGTCTTGGATCCATCTAATATTGAAACTGAACCATTGCCAGACTTTAGATTGTCTCAATTGGAATTTGGTTCTCAAGATTCATTT,0.3918731380841544,0.19087810941586372,0.16555203663985013,0.016892188305716982,0.20329288315573962,0.011086204767606266,0.012178833015638772,0.008246606615430098,422.2763152339917
GACTTTAAGAGAGATTTGGAAGAATGTCAGAAGATTGTCTTGGATCCATCTAATATTGAAACTGATCCATTGCCAGAATTTAGATTGTCTCAATTGGAATTTGGTTCTCAAGATTCATTT,0.2007669051213581,0.19237745072057835,0.19034179930771805,0.15931801474135693,0.08478728774925326,0.09639353919336528,0.05320025562192523,0.022814747544444906,695.0632961246627
GACTTTAAGAGAGATTTGGAAGAATGTCAGAAGATTGTCTTGGATCCATCTAATATTGAAACTGATTTGCCACCAGAATTTAGATTGTCTCAATTGGAATTTGGTTCTCAAGATTCATTT,0.25345297341390277,0.04250083674325048,0.05256389007321772,0.14078882757659672,0.12487709833061529,0.03871939401153246,0.1958870760248943,0.15120990382599026,1751.1750251749454
GACTTTAAGAGAGATTTGGAAGAATGTCAGAAGATTGTCTTGGATCCATCTAATATTGAACCAACTGATTTGGAACCATTTAGATTGTCTCAATTGGAATTTGGTTCTCAAGATTCATTT,0.04709599296849986,0.07581502470443939,0.07032448528960984,0.15696615141529904,0.10209913030029562,0.12950532441538232,0.22713127599312663,0.1910626149133473,2183.1197295867473
GACTTTAAGAGAGATTTGGAAGAATGTCAGAAGATTGTCTTGGATCCATCTAATATTGAACCAGAAAGAACTCCATTCTTGTCTTTGGATCAATTGGAATTTGGTTCTCAAGATTCATTT,0.07320849876121366,0.11048519853380863,0.08350534958073037,0.10844287806561205,0.24046709139769573,0.27959710536707505,0.06789708671874484,0.03639679157511981,1092.2281811518878
GACTTTAAGAGAGATTTGGAAGAATGTCAGAAGATTGTCTTGGATCCATCTAATATTGAACCAGATACTTTGCCAGAATTTAGATTGTCTCAATTGGAATTTGGTTCTCAAGATTCATTT,0.23086150017796547,0.09954651679824233,0.12311645057165867,0.1465595970265403,0.12999566460073964,0.09068952758909839,0.06117487747945723,0.11805586575629799,1302.461706411448
GACTTTAAGAGAGATTTGGAAGAATGTCAGAAGATTGTCTTGGATCCATCTAATATTGAACCATTGACTGATCCAGAATTTAGATTGTCTCAATTGGAATTTGGTTCTCAAGATTCATTT,0.00410648609694019,0.008901484900886648,0.023205512632091287,0.1040142782942521,0.25679626232228797,0.3188648159826011,0.22430861173079608,0.05980254804014466,1656.407348048796
GACTTTAAGAGAGATTTGGAAGAATGTCAGAAGATTGTCTTGGATCCATCTAATATTGAACCATTGGATACTCCAGAATTTAGATTGTCTCAATTGGAATTTGGTTCTCAAGATTCATTT,0.05027378504013759,0.06437663536150524,0.04549673631628204,0.1370924255236758,0.11709481117184976,0.10891925399640662,0.1822665584824939,0.294479794107649,2687.746703094565
GACTTTAAGAGAGATTTGGAAGAATGTCAGAAGATTGTCTTGGATCCATCTAATATTGAAGAATTTAGAACTGATTTGCCACCATTGTCTCAATTGGAATTTGGTTCTCAAGATTCATTT,0.02049342971100075,0.06684341223609279,0.15214630449488348,0.26974544175897874,0.29337792552271247,0.17872732968227742,0.01337692311913523,0.005289233474919133,739.223394412264
GACTTTAAGAGAGATTTGGAAGAATGTCAGAAGATTGTCTTGGATCCATCTAATATTGAAGAATTTCCAACTCCAGATTTGAGATTGTCTCAATTGGAATTTGGTTCTCAAGATTCATTT,0.05678275209212194,0.03808697832964323,0.0,0.0,0.055954090583195365,0.10409475438539581,0.3159783501778677,0.4291030744317759,3749.5466427676474
GACTTTAAGAGAGATTTGGAAGAATGTCAGAAGATTGTCTTGGATCCATCTAATATTGAAGATACTCCACCAGAATTGTTTAGATTGTCTCAATTGGAATTTGGTTCTCAAGATTCATTT,0.010844751016893162,0.03273348011299393,0.07871866817177448,0.29919573679878364,0.28497300483873705,0.2485089335848884,0.038555453014397716,0.006469972461531494,881.0791747898381
GACTTTAAGAGAGATTTGGAAGAATGTCAGAAGATTGTCTTGGATCCATCTAATATTGAAGATACTCCATTGCCAGAATTTAGATTGTCTCAATTGGAATTTGGTTCTCAAGATTCATTT,0.04201667189438398,0.08454793117435867,0.10456660387686934,0.14003729121821487,0.2070174990258124,0.11553812504126074,0.1558731384207799,0.1504027393483201,1806.794821950787
GACTTTAAGAGAGATTTGGAAGAATGTCAGAAGATTGTCTTGGATCCATCTAATATTGAAGATACTTTGCCACCAGAATTTAGATTGTCTCAATTGGAATTTGGTTCTCAAGATTCATTT,0.11070102743684268,0.11880417845802116,0.1469338077843396,0.20497514330999533,0.14908352661913582,0.1183806861190851,0.0718686241466946,0.07925300612588557,1159.2119311490426
GACTTTAAGAGAGATTTGGAAGAATGTCAGAAGATTGTCTTGGATCCATCTAATATTGAAGATACTTTGCCAGAACCATTTAGATTGTCTCAATTGGAATTTGGTTCTCAAGATTCATTT,0.16572134548711162,0.2408411175431397,0.045825508743692615,0.22502430230311665,0.1088685893198822,0.08438948897971772,0.08538775291032856,0.043941894713010896,905.3826112201555
GACTTTAAGAGAGATTTGGAAGAATGTCAGAAGATTGTCTTGGATCCATCTAATATTGAAGATAGACCATTTACTCCATTGGAATTGTCTCAATTGGAATTTGGTTCTCAAGATTCATTT,0.25180429405887755,0.13334012907150158,0.06596459198395566,0.07361737587386082,0.07835670864585126,0.14577168989656578,0.17207873539875695,0.07906647507063042,1334.0475651219779
GACTTTAAGAGAGATTTGGAAGAATGTCAGAAGATTGTCTTGGATCCATCTAATATTGAAGATCCACCATTGACTGAATTTAGATTGTCTCAATTGGAATTTGGTTCTCAAGATTCATTT,0.11658114870656291,0.1042622632362763,0.048355784528232186,0.0575634227713136,0.05105769633424397,0.08311248589695189,0.2763142583491109,0.2627529401773082,2625.0531034424043
GACTTTAAGAGAGATTTGGAAGAATGTCAGAAGATTGTCTTGGATCCATCTAATATTGAAGATCCACCATTGTCTTTGACTGAATTTAGACAATTGGAATTTGGTTCTCAAGATTCATTT,0.0003746925061880051,0.0006597272093876867,0.0011947588044007834,0.007076601271909868,0.003876856359124366,0.015734082056761352,0.3610389593216195,0.6100443224706086,4842.358993000517
GACTTTAAGAGAGATTTGGAAGAATGTCAGAAGATTGTCTTGGATCCATCTAATATTGAAGATCCACCATTTAGAGAATTGACTTTGTCTCAATTGGAATTTGGTTCTCAAGATTCATTT,0.002055223732045499,0.023905890798426744,0.007672231860986627,0.07557112623507055,0.3118855335066524,0.464111181844457,0.11432031627899389,0.00047849574336730256,1219.4370047743712
GACTTTAAGAGAGATTTGGAAGAATGTCAGAAGATTGTCTTGGATCCATCTAATATTGAAGATGAATTGACTCCACCATTTAGATTGTCTCAATTGGAATTTGGTTCTCAAGATTCATTT,0.002554787565162259,0.017029112574159247,0.023312968558935186,0.11601478960757537,0.34185608628564906,0.36833494143533585,0.13051626776092068,0.00038104621226237956,1176.570294521176
GACTTTAAGAGAGATTTGGAAGAATGTCAGAAGATTGTCTTGGATCCATCTAATATTGAAGATTTGACATTTAGACCAGAACCATTGTCTCAATTGGAATTTGGTTCTCAAGATTCATTT,0.12266469950817702,0.1234158502321426,0.2035165322849093,0.22712719965594574,0.16116611599488934,0.03747837531822628,0.07584343239529276,0.048787794610416955,907.1406093064526
GACTTTAAGAGAGATTTGGAAGAATGTCAGAAGATTGTCTTGGATCCATCTAATATTGAAGATTTGACTCCACCAGAATTTAGATTGTCTCAATTGGAATTTGGTTCTCAAGATTCATTT,0.10897776185360569,0.12182788790621629,0.09040407010958368,0.11434445214067591,0.1431831869982352,0.2608228574777269,0.14599176740789865,0.014448016106057802,1067.065310472351
GACTTTAAGAGAGATTTGGAAGAATGTCAGAAGATTGTCTTGGATCCATCTAATATTGAAGCTGATACTCCACCAGAAGCTAGAGCTTCTCAATTGGAATTTGGTTCTCAAGATTCATTT,0.16716700175046392,0.03363813343938658,0.041602737354504996,0.18571686785862515,0.13178195439758364,0.2451618824015657,0.1550387264651465,0.0398926963327237,1227.9722269138042
GACTTTAAGAGAGATTTGGAAGAATGTCAGAAGATTGTCTTGGATCCATCTAATATTGAAGCTGATACTCCACCAGAAGCTAGATTGTCTCAATTGGAATTTGGTTCTCAAGATTCATTT,0.29892763941273737,0.2462088822450401,0.2005718353252516,0.15628163123042427,0.040430521241316256,0.02417635486636584,0.017667247641647538,0.015735888037216993,454.0454244840106
GACTTTAAGAGAGATTTGGAAGAATGTCAGAAGATTGTCTTGGATCCATCTAATATTGAAGCTGATACTCCACCAGAATTTAGAGCTTCTCAATTGGAATTTGGTTCTCAAGATTCATTT,0.030132041195276422,0.15158279025079613,0.13123145834299077,0.24269864772487884,0.23753846375910181,0.15190555419411014,0.027945905853384256,0.026965138679461608,836.3676572217341
GACTTTAAGAGAGATTTGGAAGAATGTCAGAAGATTGTCTTGGATCCATCTAATATTGAAGCTGATACTCCACCAGAATTTAGATTGTCTCAAGCTGAATTTGGTTCTCAAGATTCATTT,0.16632613610094896,0.11156310160967056,0.13797823898535902,0.16938413676076527,0.08194942427805102,0.12704619542165446,0.0899843391850396,0.11576842765851093,1384.270471699515
GACTTTAAGAGAGATTTGGAAGAATGTCAGAAGATTGTCTTGGATCCATCTAATATTGAAGCTGATACTCCACCAGAATTTAGATTGTCTCAATTGGAAGCTGGTTCTCAAGATTCATTT,0.09358814156509496,0.10329628435685712,0.2048534523207737,0.18766174073704536,0.17746413439753472,0.12346224361152003,0.058482334751205955,0.051191668259968154,979.7185169375916
GACTTTAAGAGAGATTTGGAAGAATGTCAGAAGATTGTCTTGGATCCATCTAATATTGAAGCTGATACTCCACCAGAATTTAGATTGTCTCAATTGGAATTTGGTTCTCAAGATTCATTT,0.23067700362618157,0.20630184846749974,0.09568071344915412,0.07593313344782197,0.08418911442881104,0.06264882582881647,0.1426273067950143,0.10194205395670072,1319.4377676658746
GACTTTAAGAGAGATTTGGAAGAATGTCAGAAGATTGTCTTGGATCCATCTAATATTGAAGCTGATACTCCACCAGAATTTAGATTGTCTCAATTGGAATTTGGTTCTCAAGATTCTGCT,0.058253372971706775,0.058610093882095655,0.036243692690223345,0.01617938028621077,0.08610487484159221,0.18688374681281,0.4187091180691612,0.13901572044620003,2332.9506701041373
GACTTTAAGAGAGATTTGGAAGAATGTCAGAAGATTGTCTTGGATCCATCTAATATTGAAGCTGCTGCTGCTCCAGAATTTAGAGCTGCTGCTGCTGAATTTGGTTCTCAAGATTCATTT,0.008761712043389134,0.010774335423907067,0.030285017801559528,0.09625809677064376,0.21104960863183436,0.3185642920201838,0.26274175380666187,0.06156518350182045,1731.0424170881124
GACTTTAAGAGAGATTTGGAAGAATGTCAGAAGATTGTCTTGGATCCATCTAATATTGAAGCTGCTGCTGCTCCAGAATTTAGATTGTCTCAATTGGAATTTGGTTCTCAAGATTCATTT,0.511233130443306,0.2507292697575708,0.05928290724804353,0.08957117289683196,0.0415296266809817,0.03527089608654924,0.010196606901018809,0.0021863899856978753,317.6133715785563
GACTTTAAGAGAGATTTGGAAGAATGTCAGAAGATTGTCTTGGATCCATCTAATATTGAAGCTGCTGCTGCTCCAGAATTTAGATTGTCTCAATTGGAATTTGGTTCTGCTGCTGCTGCT,0.20449061823985112,0.11782497131422438,0.24411039031212833,0.2966588299498301,0.036405583338219784,0.0717893166159026,0.0019856686528600376,0.02673462157698368,583.13710557122
GACTTTAAGAGAGATTTGGAAGAATGTCAGAAGATTGTCTTGGATCCATCTAATATTGAAGCTGCTGCTGCTCCAGAATTTAGATTGTCTCAATTGGCTGCTGCTGCTCAAGATTCATTT,0.35957284102051085,0.25473157255911066,0.23620729774170166,0.13155625616934616,0.006790630516767973,0.009216946574727674,0.001043465856539833,0.0008809895612951947,280.74186331804657
GACTTTAAGAGAGATTTGGAAGAATGTCAGAAGATTGTCTTGGATCCATCTAATATTGAAGCTGCTGCTGCTGCTGCTGCTGCTTTGTCTCAATTGGAATTTGGTTCTCAAGATTCATTT,0.021909753109086064,0.06222025254237197,0.15082957153130513,0.22650180707187584,0.2793931701903054,0.21485893718771162,0.024652518712091093,0.01963398965525285,875.8592759309447
GACTTTAAGAGAGATTTGGAAGAATGTCAGAAGATTGTCTTGGATCCATCTAATATTGAATCTCCAAGATTGTTTGATTTGACTGAACCACAATTGGAATTTGGTTCTCAAGATTCATTT,0.14013736876250377,0.16449476783901126,0.08718972771433459,0.05189595419350179,0.04603075603607272,0.04281688964835136,0.2166169056054438,0.2508176302007807,2363.411660246094
GACTTTAAGAGAGATTTGGAAGAATGTCAGAAGATTGTCTTGGATCCATCTAATATTGAATCTTTGAGATTTGAACCACCAACTGATTTGCAATTGGAATTTGGTTCTCAAGATTCATTT,0.07703195618322643,0.11625550470733793,0.19170890232142435,0.08557989003551629,0.07590778705273418,0.07060790700766363,0.10716471784539781,0.27574333484669933,2329.47490996105
GACTTTAAGAGAGATTTGGAAGAATGTCAGAAGATTGTCTTGGATCCATCTAATATTGAATTGACTCCAGATCCAGAATTTAGATTGTCTCAATTGGAATTTGGTTCTCAAGATTCATTT,0.013961621354166004,0.008568522148049056,0.03312000473082208,0.0721824929055749,0.4246696602231265,0.2974922471576944,0.13578943250026537,0.014216018980301615,1227.5565252607973
GACTTTAAGAGAGATTTGGAAGAATGTCAGAAGATTGTCTTGGATCCATCTAATATTGAATTGACTGATCCACCAGAATTTAGATTGTCTCAATTGGAATTTGGTTCTCAAGATTCATTT,0.06297049651458769,0.1267122064953976,0.026119040641463333,0.06995808537410249,0.20683844631375153,0.13467789333589145,0.2725420622327165,0.10018176909208941,1769.1514553937957
GACTTTAAGAGAGATTTGGAAGAATGTCAGAAGATTGTCTTGGATCCATCTAATATTGAATTGAGACCAGATCCAGAAACATTCTTGTCTCAATTGGAATTTGGTTCTCAAGATTCATTT,0.06452751641777456,0.025969063093126694,0.04817675658873988,0.07168788166514954,0.025434332544439792,0.03548776199704358,0.25135288796815375,0.47736379972557214,3820.3981485125755
GACTTTAAGAGAGATTTGGAAGAATGTCAGAAGATTGTCTTGGATCCATCTAATATTGAATTGCCAACTGAAGATCCATTTAGATTGTCTCAATTGGAATTTGGTTCTCAAGATTCATTT,0.09141023329879777,0.16423213192028174,0.10562129602452573,0.2176150031411645,0.1479823847068422,0.09575670109032727,0.1150561987859869,0.06232605103207385,1132.2164493119192
GACTTTAAGAGAGATTTGGAAGAATGTCAGAAGATTGTCTTGGATCCATCTAATATTGAATTGCCAACTGATCCAGAATTGTTCTCTAGACAATTGGAATTTGGTTCTCAAGATTCATTT,0.0838352641637981,0.12652295788066192,0.15648018625971255,0.12418417920256253,0.20652952667197744,0.10245847445373703,0.11662929094307622,0.08336012042447422,1286.245469307622
GACTTTAAGAGAGATTTGGAAGAATGTCAGAAGATTGTCTTGGATCCATCTAATATTGAATTGCCACCAGATGAAACATTTAGATTGTCTCAATTGGAATTTGGTTCTCAAGATTCATTT,0.259889423400569,0.14526715819594588,0.1257637558185521,0.09624277757796938,0.08536557201370894,0.11910802444179933,0.13390775825592968,0.034455530295525706,955.3149817643011
GACTTTAAGAGAGATTTGGAAGAATGTCAGAAGATTGTCTTGGATCCATCTAATATTGAATTGCCAGAAACATTTCCAAGAGATTTGTCTCAATTGGAATTTGGTTCTCAAGATTCATTT,0.07418134036558911,0.1492711958580854,0.09230729711960568,0.16482590513667056,0.0,0.13599003431196466,0.20639804059403574,0.17702618661404879,2002.2019729661122
GACTTTAAGAGAGATTTGGAAGAATGTCAGAAGATTGTCTTGGATCCATCTAATATTGAATTGCCAGACTTTAGAACTCCAGAATTGTCTCAATTGGAATTTGGTTCTCAAGATTCATTT,0.07342518664156727,0.12928092417601156,0.22841594954954642,0.22432545144134425,0.12661889284775446,0.08412740321167225,0.06809805349244223,0.06570813863966146,1032.5373594417692
GACTTTAAGAGAGATTTGGAAGAATGTCAGAAGATTGTCTTGGATCCATCTAATATTGAATTGGAAACTCCAGATCCATTTAGATTGTCTCAATTGGAATTTGGTTCTCAAGATTCATTT,0.22653779798789933,0.15195001800568397,0.1644367281498244,0.20972984028622674,0.07441060299770834,0.07786716334973515,0.061279767961431086,0.033788081261491,762.3961725200079
GACTTTAAGAGAGATTTGGAAGAATGTCAGAAGATTGTCTTGGATCCATCTAATATTGAATTGGACTTTAGACCATCTTTGCAACCAACTTTGGAAGAATTTGGTTCTCAAGATTCATTT,0.14067264343143907,0.11499643006522522,0.14003641810548534,0.17777138308324117,0.15594719762643175,0.19018842428067298,0.06360245914647014,0.01678504426103444,832.0001288405651
GACTTTAAGAGAGATTTGGAAGAATGTCAGAAGATTGTCTTGGATCCATCTAATATTGAATTGGACTTTCCAACTAGAGAACCATTGTCTCAATTGGAATTTGGTTCTCAAGATTCATTT,0.00016565241816966919,0.009700008277844724,0.06859973781438279,0.11542626082846398,0.25967417843427737,0.4239921547862406,0.12232341367129511,0.00011859376932575094,1178.4291348326428
GACTTTAAGAGAGATTTGGAAGAATGTCAGAAGATTGTCTTGGATCCATCTAATATTGAATTGGACTTTCCAAGAGAATCTTTGACTCCACAATTGGAATTTGGTTCTCAAGATTCATTT,0.11994029830034134,0.20421883452398734,0.1836889844806388,0.18449944958227357,0.08182380769843084,0.03382705387566049,0.05989760416428854,0.13210396737437907,1320.5003221985114
GACTTTAAGAGAGATTTGGAAGAATGTCAGAAGATTGTCTTGGATCCATCTAATATTGAATTGGACTTTCCAGAACCAAGAACTTTGTCTCAATTGGAATTTGGTTCTCAAGATTCATTT,0.33974449643302085,0.2071666418618707,0.11529815506814638,0.06862629269374425,0.05072521525260841,0.10380388001333457,0.028645036780832082,0.08599028189644267,971.8507960249347
GACTTTAAGAGAGATTTGGAAGAATGTCAGAAGATTGTCTTGGATCCATCTAATATTGAATTGGACTTTGAAAGAACTTTGTCTCCACCACAATTGGAATTTGGTTCTCAAGATTCATTT,0.5553871169851298,0.3203144066579279,0.10331702822575872,0.0008647739952953771,0.0005113590763467233,0.018074927875778718,0.0006016033099949477,0.000928783873767892,224.1313067710683
GACTTTAAGAGAGATTTGGAAGAATGTCAGAAGATTGTCTTGGATCCATCTAATATTGAATTGGACTTTGAAAGACCATTGCCAACTTCTCAATTGGAATTTGGTTCTCAAGATTCATTT,0.02322250418401033,0.011477401271929994,0.008111394706058298,0.09957668689751259,0.38781689458353974,0.28269132738663083,0.16814495612195512,0.018958834848363127,1299.7809612828603
GACTTTAAGAGAGATTTGGAAGAATGTCAGAAGATTGTCTTGGATCCATCTAATATTGAATTGGATAAGACTCCAGAATTTAGATTGAAGACTTTGGAATTTGGTAAGACTGATTCATTT,0.32166007206553765,0.1294519171004182,0.24015396619153473,0.07147068557030635,0.0,0.1179341436037804,0.11932921546842255,0.0,661.8172771839313
GACTTTAAGAGAGATTTGGAAGAATGTCAGAAGATTGTCTTGGATCCATCTAATATTGAATTGGATACTAGAGAACCATTTCCATTGTCTCAATTGGAATTTGGTTCTCAAGATTCATTT,0.2735253068636329,0.24844468732941094,0.21272517493921544,0.09707192699131445,0.048665789549474196,0.06267869332479524,0.038756749128179,0.018131671873977916,555.0927815693763
GACTTTAAGAGAGATTTGGAAGAATGTCAGAAGATTGTCTTGGATCCATCTAATATTGAATTGGATACTCCAAGACCAGAATTGTCTCAATTGGAGTTCTTTGGTTCTCAAGATTCATTT,0.07723028224168958,0.13598061808572237,0.14415185626967134,0.2574006706749656,0.13318063295499166,0.10618454061570806,0.05372031177466881,0.09215108738258254,1188.7732112387905
GACTTTAAGAGAGATTTGGAAGAATGTCAGAAGATTGTCTTGGATCCATCTAATATTGAATTGGATACTCCAAGACCAGAGTTCTTGTCTCAATTGGAATTTGGTTCTCAAGATTCATTT,0.1674496417912395,0.20217004561794982,0.08334615557615632,0.13642263899400064,0.0770027805485367,0.06139409835544029,0.16565425114452934,0.10656038797214736,1416.117573810831
GACTTTAAGAGAGATTTGGAAGAATGTCAGAAGATTGTCTTGGATCCATCTAATATTGAATTGGATACTCCAAGATCTGAATTTGAATTGCCACAATTCTTGGGTTCTCAAGATTCATTT,0.23507959843712437,0.18963086067026688,0.22562195653416606,0.22040376352803484,0.06003201305063079,0.03186383332991748,0.03498601111417239,0.0023819633356872718,456.273013269719
GACTTTAAGAGAGATTTGGAAGAATGTCAGAAGATTGTCTTGGATCCATCTAATATTGAATTGGATACTCCACAAGAAAGATTGTTGTCTCCATTTGAATTTGGTTCTCAAGATTCATTT,0.14664400113829282,0.2049194329756265,0.2027510679635272,0.1493401345467358,0.10837795925066636,0.08214230647107874,0.037779085422500115,0.06804601223157249,935.8531098397102
GACTTTAAGAGAGATTTGGAAGAATGTCAGAAGATTGTCTTGGATCCATCTAATATTGAATTGGATACTCCACAAGAATCTCCATTGAGATTGTTTGAATTTGGTTCTCAAGATTCATTT,0.04977933073613522,0.08274774247761102,0.0888743659623652,0.1298421728614532,0.1492913555145571,0.2737680201572847,0.19470745973575154,0.030989552554842065,1309.962174480326
GACTTTAAGAGAGATTTGGAAGAATGTCAGAAGATTGTCTTGGATCCATCTAATATTGAATTGGATACTCCACAAGAATTTGAAAGACCATTGTTCTTGTCTGGTTCTCAAGATTCATTT,0.04803116902703416,0.1449758794555238,0.11953484174133616,0.16008299804176335,0.23665112058986545,0.17610251558787066,0.0,0.11462147555660634,1310.7517757323978
GACTTTAAGAGAGATTTGGAAGAATGTCAGAAGATTGTCTTGGATCCATCTAATATTGAATTGGATACTCCACAATCTCCAGAGTTCTTGTTGTTTAGAGAAGGTTCTCAAGATTCATTT,0.002068056280884141,0.003668638335618453,0.0035214656696328198,0.027328638084381424,0.17236140809318376,0.3674953416309743,0.4016727142299751,0.021883737675350075,1830.8034351852107
GACTTTAAGAGAGATTTGGAAGAATGTCAGAAGATTGTCTTGGATCCATCTAATATTGAATTGGATACTCCACAATTTAGACCATCTTTGGAATTGGAATTTGGTTCTCAAGATTCATTT,0.18136627713065284,0.1520640778294017,0.037613751086344294,0.268655708133624,0.029786583441281246,0.1662413089900961,0.056069272714549964,0.10820302067404977,1287.775213058737
GACTTTAAGAGAGATTTGGAAGAATGTCAGAAGATTGTCTTGGATCCATCTAATATTGAATTGGATACTCCACCAAGAGAATCTTTGTTGTTTCAAGAATTTGGTTCTCAAGATTCATTT,0.007882722252253402,0.011509611742511274,0.06787237740530423,0.1815566208035647,0.3373827848164295,0.32848889120149133,0.05934242976927098,0.005964562009174491,1015.6364474717377
GACTTTAAGAGAGATTTGGAAGAATGTCAGAAGATTGTCTTGGATCCATCTAATATTGAATTGGATACTCCACCAAGAGAGTTCTTGTCTCAATTGGAATTTGGTTCTCAAGATTCATTT,0.16292114450685807,0.05960683999324012,0.018430033530540586,0.049363599409173946,0.16054354785173175,0.040727563861089576,0.260992487853857,0.2474147829935088,2497.2987620360423
GACTTTAAGAGAGATTTGGAAGAATGTCAGAAGATTGTCTTGGATCCATCTAATATTGAATTGGATACTCCACCAAGATTTGAATTGTCTCAATTGGAATTTGGTTCTCAAGATTCATTT,0.5846442673510287,0.25541147365130396,0.11022728698324591,0.016093101920404546,0.0027400364550210416,0.007184983257882593,0.010806721355060464,0.012892129026052704,312.04165393140096
GACTTTAAGAGAGATTTGGAAGAATGTCAGAAGATTGTCTTGGATCCATCTAATATTGAATTGGATACTCCACCAGAAAGACAATTGTTGTTCTTCTCTGAAGGTTCTCAAGATTCATTT,0.07608615604668352,0.057414058468208434,0.1656857089934535,0.14792599179711327,0.16869552635414348,0.12204671761663094,0.19405640277000466,0.0680894379537621,1384.2241386864378
GACTTTAAGAGAGATTTGGAAGAATGTCAGAAGATTGTCTTGGATCCATCTAATATTGAATTGGATACTCCACCAGAAAGATCATTCTTGCAATTGGAATTTGGTTCTCAAGATTCATTT,0.17265747243903842,0.14889836518644659,0.1457881774515082,0.22606955784034263,0.133679690781941,0.09608568274651381,0.04003271333656817,0.03678834021764115,790.3689697435827
GACTTTAAGAGAGATTTGGAAGAATGTCAGAAGATTGTCTTGGATCCATCTAATATTGAATTGGATACTCCACCAGAAAGATCTTTGTTCTTGCAAGAATTTGGTTCTCAAGATTCATTT,0.11785641666555474,0.14822265417855082,0.10999067168021182,0.06546724033742247,0.029034118508453714,0.13503478492069565,0.21861143113458467,0.17578268257452623,2011.1726605041083
GACTTTAAGAGAGATTTGGAAGAATGTCAGAAGATTGTCTTGGATCCATCTAATATTGAATTGGATACTCCACCAGAAAGATTCTTGTCTCAATTGGAATTTGGTTCTCAAGATTCATTT,0.06085049002555059,0.03061155733335171,0.0,0.0,0.11992493161999705,0.1394397193703358,0.3950497206797391,0.2541235809710258,2938.829115024685
GACTTTAAGAGAGATTTGGAAGAATGTCAGAAGATTGTCTTGGATCCATCTAATATTGAATTGGATACTCCACCAGAAAGATTGCAATCTTTGTTTGAATTTGGTTCTCAAGATTCATTT,0.07448908832905692,0.11241784563131263,0.23172560561295688,0.26895326287537014,0.16515456445980192,0.06827710060112614,0.034542383571986086,0.04444014891838923,837.4538298708866
GACTTTAAGAGAGATTTGGAAGAATGTCAGAAGATTGTCTTGGATCCATCTAATATTGAATTGGATACTCCACCAGAAAGATTGTCATTTCAATTGGAATTTGGTTCTCAAGATTCATTT,0.016040365856054353,0.021359899579518723,0.049102722269379354,0.14806574706712491,0.4495159950367398,0.2753973698096608,0.040316856822649134,0.00020104355887307567,925.4186978768657
GACTTTAAGAGAGATTTGGAAGAATGTCAGAAGATTGTCTTGGATCCATCTAATATTGAATTGGATACTCCACCAGAAAGATTGTCTTTGCAATTTGAATTTGGTTCTCAAGATTCATTT,0.17355191031482722,0.13096100583621328,0.0,0.07230385675038271,0.1068869832040703,0.09942413635586095,0.261560646911198,0.15531146062744747,1975.1380730578437
GACTTTAAGAGAGATTTGGAAGAATGTCAGAAGATTGTCTTGGATCCATCTAATATTGAATTGGATACTCCACCAGAAAGATTGTTTGAACAATTCTCTTTGGGTTCTCAAGATTCATTT,0.001451422498971578,0.0012980537276719216,0.0018060726214755567,0.11824861820357083,0.18164062007726808,0.5392480491448037,0.14418431367899298,0.012122850047245283,1385.5095980681015
GACTTTAAGAGAGATTTGGAAGAATGTCAGAAGATTGTCTTGGATCCATCTAATATTGAATTGGATACTCCACCAGAAAGATTTCAATTGTTGTCTGAATTTGGTTCTCAAGATTCATTT,0.136710540118174,0.05001734621297366,0.06186010651920507,0.0966514004977193,0.17145602604267568,0.07974248501220625,0.19595117610194276,0.20761091949510327,2168.4788610603564
GACTTTAAGAGAGATTTGGAAGAATGTCAGAAGATTGTCTTGGATCCATCTAATATTGAATTGGATACTCCACCAGAACAATCATTTAGATTGTTGGAATTTGGTTCTCAAGATTCATTT,0.00020376993573830706,0.00010250887163024353,0.012234290384014388,0.09683468054089507,0.271727471872807,0.4167920352262589,0.1839306730320203,0.01817457013663568,1422.5236469110603
GACTTTAAGAGAGATTTGGAAGAATGTCAGAAGATTGTCTTGGATCCATCTAATATTGAATTGGATACTCCACCAGAACAATCTGAGTTCTTCTTGAGATCTGGTTTGCAAGATTCATTT,0.13456429112161847,0.04512943676609812,0.1860495725899746,0.06644282772725661,0.04420017380434523,0.1233423558849763,0.22186916056367417,0.17840218154205637,2035.7421978800435
GACTTTAAGAGAGATTTGGAAGAATGTCAGAAGATTGTCTTGGATCCATCTAATATTGAATTGGATACTCCACCAGAACAATTCTCTTTGAGATTGGAATTTGGTTCTCAAGATTCATTT,0.10698880731828704,0.12917275799917385,0.1065049251138366,0.02377218707402829,0.18976943089080844,0.11767982222892653,0.1984531427729113,0.127658926602028,1726.6641044517107
GACTTTAAGAGAGATTTGGAAGAATGTCAGAAGATTGTCTTGGATCCATCTAATATTGAATTGGATACTCCACCAGAACAATTCTTGAGATTGTTTGAATCTGGTTCTCAAGATTCATTT,0.03403638503000055,0.034244810562031894,0.0,0.08823096122176816,0.19005815038140597,0.17678829444541802,0.2735805134288202,0.20306088493055519,2444.3039812182583
GACTTTAAGAGAGATTTGGAAGAATGTCAGAAGATTGTCTTGGATCCATCTAATATTGAATTGGATACTCCACCAGAACAATTGTCATTCTTCTCTAGAGAAGGTTTGCAAGATTCATTT,0.19163607041712813,0.4050219843620595,0.13668587817899683,0.1445359417491856,0.056675699885233355,0.05800378811802438,0.007325006468971346,0.00011563082040097045,381.84195411360247
GACTTTAAGAGAGATTTGGAAGAATGTCAGAAGATTGTCTTGGATCCATCTAATATTGAATTGGATACTCCACCAGAACAATTGTTGTCTAGATTTGAATTTGGTTCTCAAGATTCATTT,0.17607139934559565,0.19486455103072559,0.02190938434592894,0.21517028665882804,0.06940075755475955,0.14524919587812662,0.11430796547729034,0.06302645970874525,1131.9889194993436
GACTTTAAGAGAGATTTGGAAGAATGTCAGAAGATTGTCTTGGATCCATCTAATATTGAATTGGATACTCCACCAGAAGAAGGATTTCAAAGATCTTTGTCATTCTTGCAAGATTCATTT,0.12390502624225416,0.1315895373674418,0.07709039777112059,0.07647460039858128,0.1017473441410591,0.1325006854930021,0.21706258717414445,0.13962982141239638,1821.6708825821115
GACTTTAAGAGAGATTTGGAAGAATGTCAGAAGATTGTCTTGGATCCATCTAATATTGAATTGGATACTCCACCAGAAGAATTTAGATCTCAATTCTTGTTGGGTTCTCAAGATTCATTT,0.07403197395969342,0.08938238023391894,0.03684857341735665,0.09869641387031029,0.05836126815795058,0.0814297285221174,0.2609111056180299,0.300338556220623,2833.7518194652307
GACTTTAAGAGAGATTTGGAAGAATGTCAGAAGATTGTCTTGGATCCATCTAATATTGAATTGGATACTCCACCAGAAGAATTTCAATCTTTGTTGTTTAGAGGTTCTCAAGATTCATTT,0.005208716771253024,0.007910359122954968,0.020422678596812276,0.17895120384282218,0.23823490052562732,0.3452837216074952,0.12213758001241548,0.08185083952061961,1588.5722391376412
GACTTTAAGAGAGATTTGGAAGAATGTCAGAAGATTGTCTTGGATCCATCTAATATTGAATTGGATACTCCACCAGAAGCTAGAGCTTCTCAATTGGAATTTGGTTCTCAAGATTCATTT,0.29561786125371786,0.22802821736666276,0.11035532231472349,0.15326332705279308,0.07768099984429801,0.06322514985551923,0.036556031791921996,0.03527309052036368,673.2605250363317
GACTTTAAGAGAGATTTGGAAGAATGTCAGAAGATTGTCTTGGATCCATCTAATATTGAATTGGATACTCCACCAGAAGCTAGATTGTCTCAAGCTGAATTTGGTTCTCAAGATTCATTT,0.12694781653418055,0.12772519539442181,0.07898354061651322,0.07443498979488923,0.0833967987810617,0.07434178459545616,0.23220454850863625,0.20196532577484125,2162.7867802648225
GACTTTAAGAGAGATTTGGAAGAATGTCAGAAGATTGTCTTGGATCCATCTAATATTGAATTGGATACTCCACCAGAAGCTAGATTGTCTCAATTGGAAGCTGGTTCTCAAGATTCATTT,0.015636916471959125,0.009439602505693262,0.002918661528016442,0.009554646047673837,0.0038521796165074023,0.03081569646565824,0.37923852486148324,0.5485437725030085,4525.202066209712
GACTTTAAGAGAGATTTGGAAGAATGTCAGAAGATTGTCTTGGATCCATCTAATATTGAATTGGATACTCCACCAGAAGCTAGATTGTCTCAATTGGAATTTGGTTCTCAAGATTCATTT,0.24375195865396562,0.24831015797896008,0.18956994744289735,0.1387850803900696,0.018014606555474908,0.030720849713821382,0.05086514318411513,0.07998225608069592,920.3903665714065
GACTTTAAGAGAGATTTGGAAGAATGTCAGAAGATTGTCTTGGATCCATCTAATATTGAATTGGATACTCCACCAGAAGCTAGATTGTCTCAATTGGAATTTGGTTCTCAAGATTCTGCT,0.00021919198464207838,0.0002756677884625391,0.0002727507962632874,0.0007914232914919255,0.0016739472774238771,0.0018333270803682837,0.315911417711253,0.6790222740700952,5139.756505455043
GACTTTAAGAGAGATTTGGAAGAATGTCAGAAGATTGTCTTGGATCCATCTAATATTGAATTGGATACTCCACCAGAAGGTTCATTTGAACAATTGAGATTGTTCTCTCAAGATTCATTT,0.04153445977418025,0.10447200147059166,0.20673305174496595,0.18457350306432485,0.2046416243402723,0.05710606517066705,0.07704211573309372,0.12389717870190416,1412.403639952238
GACTTTAAGAGAGATTTGGAAGAATGTCAGAAGATTGTCTTGGATCCATCTAATATTGAATTGGATACTCCACCAGAATCATTTAGATTGCAATTGGAATTTGGTTCTCAAGATTCATTT,0.16574778905537707,0.166762763797449,0.068749231436776,0.122760113800475,0.27221490273791676,0.1012835456539723,0.10248165351803386,0.0,760.7930495086681
GACTTTAAGAGAGATTTGGAAGAATGTCAGAAGATTGTCTTGGATCCATCTAATATTGAATTGGATACTCCACCAGAATCTAGATTCTTGCAATTGGAATTTGGTTCTCAAGATTCATTT,0.00011179626645733578,0.0011748001261393428,6.182813410057986e-05,0.00012025894321127612,0.0017224173244802128,0.01621026240029819,0.3740338073110728,0.6065648294942402,4849.248943469745
GACTTTAAGAGAGATTTGGAAGAATGTCAGAAGATTGTCTTGGATCCATCTAATATTGAATTGGATACTCCACCAGAATCTAGATTGTTTCAATTGGAATTTGGTTCTCAAGATTCATTT,0.018304584012615137,0.0,0.06833173949578707,0.1016788593047944,0.18037455286914095,0.3523396915528494,0.16976552573613743,0.10920504702867564,1829.211883057062
GACTTTAAGAGAGATTTGGAAGAATGTCAGAAGATTGTCTTGGATCCATCTAATATTGAATTGGATACTCCACCAGAATCTCAAAGATTCTCATTCTTGGGTGAATTGCAAGATTCATTT,0.029153505029543367,0.13199413369962493,0.12696972488662478,0.283399856815694,0.17236831267997302,0.22713921117369043,0.02027877322279202,0.008696482492057369,765.8699452766358
GACTTTAAGAGAGATTTGGAAGAATGTCAGAAGATTGTCTTGGATCCATCTAATATTGAATTGGATACTCCACCAGAATCTTTGAGATTTCAATTGGAATTTGGTTCTCAAGATTCATTT,0.1825395588005888,0.2003534834007748,0.18584384363215606,0.18435932475665273,0.08993782999082335,0.11407959907121125,0.023085814916933785,0.01980054543085913,635.8012460252514
GACTTTAAGAGAGATTTGGAAGAATGTCAGAAGATTGTCTTGGATCCATCTAATATTGAATTGGATACTCCACCAGAATCTTTGCAATTTAGATTGGAATTTGGTTCTCAAGATTCATTT,0.18426078032981627,0.15686771810925387,0.08818625833547748,0.1889607470394548,0.15363764543874528,0.09094315259759406,0.052582252240008696,0.08456144590964945,1101.6569979064748
GACTTTAAGAGAGATTTGGAAGAATGTCAGAAGATTGTCTTGGATCCATCTAATATTGAATTGGATACTCCACCAGAATCTTTGTTCTCTCAATTTGGTAGAGAATTGCAAGATTCATTT,0.1599673249056284,0.13412241861857918,0.2488184918997162,0.13328870334803036,0.14449676536400066,0.07331345691348794,0.07418069974846608,0.031812139202091215,808.5147949929097
GACTTTAAGAGAGATTTGGAAGAATGTCAGAAGATTGTCTTGGATCCATCTAATATTGAATTGGATACTCCACCAGAATCTTTGTTTAGACAATTGGAATTTGGTTCTCAAGATTCATTT,0.05510277717407024,0.06177622850209228,0.08619845429161252,0.07695891166430492,0.10704587540260758,0.1601809384377444,0.3080899543659032,0.14464686016166495,2108.032465432425
GACTTTAAGAGAGATTTGGAAGAATGTCAGAAGATTGTCTTGGATCCATCTAATATTGAATTGGATACTCCACCAGAATTGCAAAGATCTTCATTTGGATTTGAATTGCAAGATTCATTT,0.10980649647649753,0.04249188791758778,0.15765846722005625,0.22521469372749314,0.3329354790694893,0.10839147590056496,0.023501499688310976,0.0,654.185767720651
GACTTTAAGAGAGATTTGGAAGAATGTCAGAAGATTGTCTTGGATCCATCTAATATTGAATTGGATACTCCACCAGAATTGGAAAGATTGTTCTTTCAATCTGGTTCTCAAGATTCATTT,0.273230289859736,0.2276544157789932,0.18062137501730308,0.12805998023762816,0.07572456337441769,0.05869789666882653,0.035635349077549464,0.020376129985545787,576.2084398065949
GACTTTAAGAGAGATTTGGAAGAATGTCAGAAGATTGTCTTGGATCCATCTAATATTGAATTGGATACTCCACCAGAATTGGGTGAATCTTTGAGACAATTCTCATTTCAAGATTCATTT,0.0005644493070359095,0.0003786038494643779,0.0004682470428703517,0.24926590246473312,0.2865418779068627,0.4104526443843819,0.046940272731991285,0.005388002312660338,1058.857181191732
GACTTTAAGAGAGATTTGGAAGAATGTCAGAAGATTGTCTTGGATCCATCTAATATTGAATTGGATACTCCACCAGAATTGTTCTCTAGACAATTGGAATTTGGTTCTCAAGATTCATTT,0.041786349237135784,0.2522533951434614,0.10399340145558096,0.09284643282831348,0.20588269185706864,0.11490478006715453,0.03875467228289507,0.14957827712839014,1512.9678117306191
GACTTTAAGAGAGATTTGGAAGAATGTCAGAAGATTGTCTTGGATCCATCTAATATTGAATTGGATACTCCACCAGAATTGTTCTTTCAATTGGAAAGATCTGGTTCTCAAGATTCATTT,0.004380205253786293,0.008814055840919367,0.00908415570576707,0.009732518879837204,0.06906052067239635,0.7614964532358753,0.006770688763251346,0.13066140164816695,1950.8723851661796
GACTTTAAGAGAGATTTGGAAGAATGTCAGAAGATTGTCTTGGATCCATCTAATATTGAATTGGATACTCCACCAGAATTGTTGAGATTTCAATCTGAATTTGGTTCTCAAGATTCATTT,0.04442970659548988,0.10057899773384561,0.12439339518170478,0.11105976771956223,0.17512527912670475,0.13235465419940196,0.2060312458695441,0.10602695357374678,1649.6153393320296
GACTTTAAGAGAGATTTGGAAGAATGTCAGAAGATTGTCTTGGATCCATCTAATATTGAATTGGATACTCCACCAGAATTGTTTAGATCTCAATTGGAATTTGGTTCTCAAGATTCATTT,0.29832552798123024,0.3041610696447609,0.2635933037678387,0.1288277876360551,0.0007361566820384545,0.0036520439385105503,0.0003079370717149284,0.0003961732778511118,273.984197501012
GACTTTAAGAGAGATTTGGAAGAATGTCAGAAGATTGTCTTGGATCCATCTAATATTGAATTGGATACTCCACCAGAATTGTTTCAAAGATTGTTTGAATCTGGTTCTCAAGATTCATTT,0.2805245849074458,0.25598730021686456,0.13800434253676006,0.08697301315169541,0.0450003526065877,0.08371685792791318,0.07865665334530433,0.031136895307428886,740.2383390565603
GACTTTAAGAGAGATTTGGAAGAATGTCAGAAGATTGTCTTGGATCCATCTAATATTGAATTGGATACTCCACCAGAATTTAGACAACAAGATGGATTCTTGTTGTCTGAATCTTCATTT,0.14520071305810572,0.19382219783136262,0.22898060747011376,0.24596249716212049,0.09066564452966802,0.06984022927148487,0.01866659264615407,0.0068615180309904355,519.3487233375936
GACTTTAAGAGAGATTTGGAAGAATGTCAGAAGATTGTCTTGGATCCATCTAATATTGAATTGGATACTCCACCAGAATTTAGACAAGAATTGGGTTTGTTCTCTTCTCAAGATTCATTT,0.13309281901438938,0.21042658602496703,0.12618178594137397,0.11969749121452104,0.05620736712712236,0.04066453220186248,0.1587043140864108,0.1550251043893529,1664.8222213963072
GACTTTAAGAGAGATTTGGAAGAATGTCAGAAGATTGTCTTGGATCCATCTAATATTGAATTGGATACTCCACCAGAATTTAGACAAGGTTTGTTGTCATTTGAATCTCAAGATTCATTT,0.000609450433670785,0.0005255849744226465,0.009100410747490531,0.17546012344438083,0.20444655487447955,0.3980606122680007,0.19985047866937022,0.01194678458818465,1383.5363710375561
GACTTTAAGAGAGATTTGGAAGAATGTCAGAAGATTGTCTTGGATCCATCTAATATTGAATTGGATACTCCACCAGAATTTAGACAATCTGAATCTCAATTGGGTGACTTCTTGTCATTT,0.34660862839328016,0.29741001794629524,0.19249875341955047,0.10033198112540363,0.020600143584175157,0.018395368325840603,0.020164052612667377,0.003991054592787308,351.9818205002813
GACTTTAAGAGAGATTTGGAAGAATGTCAGAAGATTGTCTTGGATCCATCTAATATTGAATTGGATACTCCACCAGAATTTAGACAATCTTTGTTTGAATTGGGTTCTCAAGATTCATTT,0.0007739271694260989,0.001323732875279147,0.0014445504386630596,0.009629836496055994,0.07100111650523509,0.2722622787438592,0.4753121421585125,0.16825241561296886,2733.6083684221635
GACTTTAAGAGAGATTTGGAAGAATGTCAGAAGATTGTCTTGGATCCATCTAATATTGAATTGGATACTCCACCAGAATTTAGACAATTCTTGTCTGGTGATTCTGAATTGCAATCATTT,0.11096118660574479,0.1313419642193708,0.1624402034937323,0.1305255324672342,0.09004624572365448,0.20341524565942254,0.10896432057162377,0.06230530125921719,1189.9845190900298
GACTTTAAGAGAGATTTGGAAGAATGTCAGAAGATTGTCTTGGATCCATCTAATATTGAATTGGATACTCCACCAGAATTTAGACAATTGGGTTTGGAGTTCTCTTCTCAAGATTCATTT,0.23484963422894525,0.2457392721568318,0.05844686779280148,0.1774187839730353,0.08331204459538605,0.12054808803230012,0.034849737395912926,0.04483557182478711,801.9954280994434
GACTTTAAGAGAGATTTGGAAGAATGTCAGAAGATTGTCTTGGATCCATCTAATATTGAATTGGATACTCCACCAGAATTTAGACAATTGTCTTTGGAATTTGGTTCTCAAGATTCATTT,0.10221907826648988,0.0822760223913568,0.10175676829063106,0.09084954256408072,0.08058187183847255,0.18738911823768536,0.20856636900610226,0.14636122940518126,1901.1378757117207
GACTTTAAGAGAGATTTGGAAGAATGTCAGAAGATTGTCTTGGATCCATCTAATATTGAATTGGATACTCCACCAGAATTTAGACAATTGTTGTCTGAATTTGGTTCTCAAGATTCATTT,0.1425227579246589,0.2022456927241236,0.29421266878733293,0.2233205754909278,0.07387456060857717,0.040021779567641025,0.012989028659980091,0.010812936236758454,488.3105474696029
GACTTTAAGAGAGATTTGGAAGAATGTCAGAAGATTGTCTTGGATCCATCTAATATTGAATTGGATACTCCACCAGAATTTAGACAATTTGGTTTGTCTTTGGAAGATTCTCAATCATTT,0.16444974209171478,0.0945467246291534,0.058466421146153615,0.15659835819420395,0.02314997682609823,0.12920187567827418,0.26146047260978134,0.11212642882462046,1726.0956219745608
GACTTTAAGAGAGATTTGGAAGAATGTCAGAAGATTGTCTTGGATCCATCTAATATTGAATTGGATACTCCACCAGAATTTAGAGAAGAACAATTGGAATTTGGTTCTCAAGATTCATTT,0.06211397834580675,0.1124898121729611,0.06183305317688005,0.11041043639309928,0.19586404915100147,0.17080202389583385,0.13825798629027583,0.14822866057414155,1795.142466172201
GACTTTAAGAGAGATTTGGAAGAATGTCAGAAGATTGTCTTGGATCCATCTAATATTGAATTGGATACTCCACCAGAATTTAGAGATCAACAATTGTTGTCTGGTGAGTTCTCTTCATTT,0.060355444267472594,0.03470002139525668,0.13947716826908763,0.2490534467287442,0.27188408924917334,0.1896758610275954,0.023989947904487698,0.030864021158182462,911.5800125707749
GACTTTAAGAGAGATTTGGAAGAATGTCAGAAGATTGTCTTGGATCCATCTAATATTGAATTGGATACTCCACCAGAATTTAGAGATGATCAATTGGAATTTGGTTCTCAAGATTCATTT,0.0018497997972117604,0.0018611272488945846,0.003069056066327951,0.007535237676435509,0.006076015550522747,0.007912503587260951,0.3088068118646646,0.6628894482086819,5035.2896568600845
GACTTTAAGAGAGATTTGGAAGAATGTCAGAAGATTGTCTTGGATCCATCTAATATTGAATTGGATACTCCACCAGAATTTAGAGCTGCTGCTGCTGAATTTGGTTCTCAAGATTCATTT,0.03499532641528512,0.12323368445475645,0.13063894413176888,0.09719655110580046,0.15518079283541125,0.22453833616131527,0.12982540292866973,0.10439096196699292,1551.314500943725
GACTTTAAGAGAGATTTGGAAGAATGTCAGAAGATTGTCTTGGATCCATCTAATATTGAATTGGATACTCCACCAGAATTTAGAGCTGCTGCTGCTGAATTTGGTTCTGCTGCTGCTGCT,0.07570633850367436,0.18574099969889096,0.3583015884540589,0.25562815413358614,0.07791045298903292,0.03959309142672353,0.0056623954488829705,0.0014569793451500383,435.5424015011531
GACTTTAAGAGAGATTTGGAAGAATGTCAGAAGATTGTCTTGGATCCATCTAATATTGAATTGGATACTCCACCAGAATTTAGAGCTGCTGCTGCTGCTGCTGCTGCTCAAGATTCATTT,0.042418902545671204,0.06401798901287929,0.07037842169784983,0.11781490420193609,0.11843293804458488,0.20088720819279593,0.18359288583293387,0.20245675047134898,2230.369714202145
GACTTTAAGAGAGATTTGGAAGAATGTCAGAAGATTGTCTTGGATCCATCTAATATTGAATTGGATACTCCACCAGAATTTAGAGCTTCTCAAGCTGAAGCTGGTTCTCAAGATTCATTT,0.3517502915093884,0.16987405101585748,0.1663257233408542,0.1172347922558239,0.04852638121271568,0.08382821632585778,0.045672221982584894,0.016788322356917705,580.3978352278378
GACTTTAAGAGAGATTTGGAAGAATGTCAGAAGATTGTCTTGGATCCATCTAATATTGAATTGGATACTCCACCAGAATTTAGAGCTTCTCAAGCTGAATTTGGTTCTCAAGATTCATTT,0.16378695320719855,0.23070588877863357,0.10869745862954712,0.14556939887528345,0.13987715849116633,0.11009387088631557,0.10126927113185534,0.0,706.0817349237777
GACTTTAAGAGAGATTTGGAAGAATGTCAGAAGATTGTCTTGGATCCATCTAATATTGAATTGGATACTCCACCAGAATTTAGAGCTTCTCAATTGGAAGCTGGTTCTCAAGATTCATTT,0.014525141392948167,0.04279664460799995,0.09716165601879465,0.20569397525872993,0.3008158409983087,0.26750014854779436,0.06313876981272636,0.008367823362697863,958.9274133127901
GACTTTAAGAGAGATTTGGAAGAATGTCAGAAGATTGTCTTGGATCCATCTAATATTGAATTGGATACTCCACCAGAATTTAGAGCTTCTCAATTGGAATTTGGTTCTCAAGATTCATTT,0.28882383625381103,0.2270253755097565,0.22141419402187446,0.13321979462307434,0.05971704038183104,0.04963827899058586,0.015545976441136842,0.004615503777929909,417.28951744424114
GACTTTAAGAGAGATTTGGAAGAATGTCAGAAGATTGTCTTGGATCCATCTAATATTGAATTGGATACTCCACCAGAATTTAGAGCTTCTCAATTGGAATTTGGTTCTCAAGATTCTGCT,0.17681287669969312,0.1455509534056445,0.17001274866191993,0.08928777622456809,0.1742325504596773,0.1620676375668606,0.014907706849008346,0.06712775013262802,981.3470722225082
GACTTTAAGAGAGATTTGGAAGAATGTCAGAAGATTGTCTTGGATCCATCTAATATTGAATTGGATACTCCACCAGAATTTAGAGGTTCTCAAGAATTGTCATTCTTGCAAGATTCATTT,0.0009976577883716454,0.0011949607799057623,0.003369601295150634,0.01087252263233338,0.15467415251212133,0.26440914809586924,0.4358049347058235,0.1286770221904245,2435.0830713762466
GACTTTAAGAGAGATTTGGAAGAATGTCAGAAGATTGTCTTGGATCCATCTAATATTGAATTGGATACTCCACCAGAATTTAGATCATTCTTGCAAGAATTGGGTTCTCAAGATTCATTT,0.20717448527957893,0.17370261744483728,0.08593228734726614,0.07672127493953704,0.170125896343982,0.15824770995242213,0.1280957286923764,0.0,816.8066588016599
GACTTTAAGAGAGATTTGGAAGAATGTCAGAAGATTGTCTTGGATCCATCTAATATTGAATTGGATACTCCACCAGAATTTAGATCATTTGATTTGTTGCAAGAACAATCTGGTTCATTT,0.27606097990052486,0.30861274394477395,0.15267357154311437,0.06815430742012597,0.020150538684678084,0.037487257021829624,0.07586140593019323,0.06099919555475982,848.0736929548345
GACTTTAAGAGAGATTTGGAAGAATGTCAGAAGATTGTCTTGGATCCATCTAATATTGAATTGGATACTCCACCAGAATTTAGATCTCAAGGTTTGTTGTTTGATCAATCTGAATCATTT,0.058442414983317446,0.08159267481163383,0.1367922080894703,0.20607154475440834,0.2833794035245016,0.19243286130700668,0.03470368964098365,0.006585202888678111,786.8757717824421
GACTTTAAGAGAGATTTGGAAGAATGTCAGAAGATTGTCTTGGATCCATCTAATATTGAATTGGATACTCCACCAGAATTTAGATCTCAATTGGAAGGATTCTCTTTGCAAGATTCATTT,0.09396213558155472,0.1890750460225503,0.14615182747396502,0.18268030374340566,0.11573861894698113,0.12918930129990405,0.08714500878741303,0.05605775814422615,1043.4065058799456
GACTTTAAGAGAGATTTGGAAGAATGTCAGAAGATTGTCTTGGATCCATCTAATATTGAATTGGATACTCCACCAGAATTTAGATCTCAATTGTTGGAATCTGGATTTCAAGATTCATTT,0.0029127604844144638,0.004698787437492899,0.023423813297306452,0.10718652081247451,0.29734298876051307,0.4192404432262789,0.13233081276040332,0.012863873221116378,1288.4224799876488
GACTTTAAGAGAGATTTGGAAGAATGTCAGAAGATTGTCTTGGATCCATCTAATATTGAATTGGATACTCCACCAGAATTTAGATCTCAATTGTTGGAATTTGGTTCTCAAGATTCATTT,0.15771686563094475,0.15868266213373056,0.09812722110991831,0.2628271308339483,0.15541521784105117,0.0,0.07313710760332053,0.09409379484708627,1128.3879134833821
GACTTTAAGAGAGATTTGGAAGAATGTCAGAAGATTGTCTTGGATCCATCTAATATTGAATTGGATACTCCACCAGAATTTAGATCTGAATTGCAATTCTTGGGTTCTCAAGATTCATTT,0.1757327184938843,0.22395786025713774,0.14578160473336246,0.13015539238094123,0.1500790681767943,0.09664653523355773,0.021731064614630147,0.055915756109691975,849.9243675019846
GACTTTAAGAGAGATTTGGAAGAATGTCAGAAGATTGTCTTGGATCCATCTAATATTGAATTGGATACTCCACCAGAATTTAGATCTTCTTTGTTCTTGCAAGATGAAGGTCAATCATTT,0.012130288193554413,0.012204569342043203,0.042767134083134734,0.13251733022509715,0.29086276503782543,0.3595042343847231,0.13312752452920912,0.01688615420441287,1251.31040411784
GACTTTAAGAGAGATTTGGAAGAATGTCAGAAGATTGTCTTGGATCCATCTAATATTGAATTGGATACTCCACCAGAATTTAGATCTTTGCAATTGGAATTTGGTTCTCAAGATTCATTT,0.05909849166495639,0.0702713673435523,0.06685364175941391,0.20890678881757602,0.20647321610629615,0.20683089607120744,0.10463877469500223,0.07692682354199559,1350.9013074702852
GACTTTAAGAGAGATTTGGAAGAATGTCAGAAGATTGTCTTGGATCCATCTAATATTGAATTGGATACTCCACCAGAATTTAGATCTTTGGAACAATTGTTTGGTTCTCAAGATTCATTT,0.11091573312610638,0.20924050831399738,0.14664371390576048,0.2002383771747913,0.15711455200398425,0.1207283274107325,0.03857572179785447,0.01654306626677334,702.7847770863076
GACTTTAAGAGAGATTTGGAAGAATGTCAGAAGATTGTCTTGGATCCATCTAATATTGAATTGGATACTCCACCAGAATTTAGATCTTTGTTGCAAGAATTTGGTTCTCAAGATTCATTT,0.30582339843503775,0.2307721061361308,0.0,0.08493985517551153,0.07534008791407666,0.07007984461054996,0.14181767250748617,0.09122703522120708,1241.9436416862818
GACTTTAAGAGAGATTTGGAAGAATGTCAGAAGATTGTCTTGGATCCATCTAATATTGAATTGGATACTCCACCAGAATTTAGATCTTTGTTTCAAGAATTGGGTTCTCAAGATTCATTT,0.08408449664745711,0.23264834250124827,0.15694538364238828,0.14012253485420423,0.04142870298379706,0.05780422776050409,0.13647201896043332,0.15049429264996766,1608.4634317055775
GACTTTAAGAGAGATTTGGAAGAATGTCAGAAGATTGTCTTGGATCCATCTAATATTGAATTGGATACTCCACCAGAATTTAGATCTTTGTTTGGTTTGCAAGAATCTCAAGATTCATTT,0.1203700090084464,0.09083033095783466,0.03744550223504186,0.10029524737124643,0.08896003811991741,0.02758295006284247,0.1395461776685238,0.3949697445761469,3079.1203677265034
GACTTTAAGAGAGATTTGGAAGAATGTCAGAAGATTGTCTTGGATCCATCTAATATTGAATTGGATACTCCACCAGAATTTAGATTCTTGTCTTTGCAAGAAGGTTCTCAAGATTCATTT,0.31930533784050164,0.17133900749495895,0.0,0.0945966394696291,0.10488184726845383,0.039023599587105724,0.11845565790840018,0.1523979104309506,1543.363186190108
GACTTTAAGAGAGATTTGGAAGAATGTCAGAAGATTGTCTTGGATCCATCTAATATTGAATTGGATACTCCACCAGAATTTAGATTCTTGTTGTCTCAAGAAGGTTCTCAAGATTCATTT,0.30719211025915766,0.07726830869893572,0.0,0.04266000163819251,0.1513545445630893,0.07039348677279714,0.21367856569779844,0.1374529823700292,1724.8787118047535
GACTTTAAGAGAGATTTGGAAGAATGTCAGAAGATTGTCTTGGATCCATCTAATATTGAATTGGATACTCCACCAGAATTTAGATTCTTGTTGTCTGAACAAGGTTCTCAAGATTCATTT,0.19525895116848307,0.21098121629236688,0.2977235674660749,0.17338809168295372,0.05216734582533287,0.034030535520391494,0.01594124586043008,0.02050904618396709,519.3985309180127
GACTTTAAGAGAGATTTGGAAGAATGTCAGAAGATTGTCTTGGATCCATCTAATATTGAATTGGATACTCCACCAGAATTTAGATTGACTCAATTGGAATTTGGTACTCAAGATTCATTT,0.006001808116573321,0.0016039927247201307,0.0022755066136010767,0.015731852912921146,0.10326783406523958,0.299562417286674,0.44931009205005584,0.12224649623021484,2440.079799449691
GACTTTAAGAGAGATTTGGAAGAATGTCAGAAGATTGTCTTGGATCCATCTAATATTGAATTGGATACTCCACCAGAATTTAGATTGACTCAATTGGAATTTGGTTCTCAAGATTCATTT,0.1429400160889949,0.047938441644991406,0.11857794669460775,0.1235122845299299,0.2660575836654133,0.17469278749162997,0.08837963562699684,0.03790130425743607,1045.8966405753683
GACTTTAAGAGAGATTTGGAAGAATGTCAGAAGATTGTCTTGGATCCATCTAATATTGAATTGGATACTCCACCAGAATTTAGATTGACTCCATTGGAATTTGGTACTCCAGATTCATTT,0.06608717677632651,0.03324593442120869,0.14391186660610164,0.18355152853132642,0.3256136537492042,0.16658362353005385,0.06129242982041,0.0197137865653688,917.9050074893486
GACTTTAAGAGAGATTTGGAAGAATGTCAGAAGATTGTCTTGGATCCATCTAATATTGAATTGGATACTCCACCAGAATTTAGATTGCAATCTTTGGAATTTGGTTCTCAAGATTCATTT,0.09923200874266967,0.1663994446965784,0.14405884572296385,0.12861729451608134,0.0488919311002374,0.12127546008430462,0.15338757149977908,0.13813744363738556,1642.8103534741504
GACTTTAAGAGAGATTTGGAAGAATGTCAGAAGATTGTCTTGGATCCATCTAATATTGAATTGGATACTCCACCAGAATTTAGATTGCAATTGTCTGAATTTGGTTCTCAAGATTCATTT,0.12274698248501188,0.16466484943706575,0.10182652516961833,0.13636773338940775,0.16127422556383741,0.11251054697557114,0.15178861571674243,0.0488205212627452,1138.9181545349084
GACTTTAAGAGAGATTTGGAAGAATGTCAGAAGATTGTCTTGGATCCATCTAATATTGAATTGGATACTCCACCAGAATTTAGATTGGAACAATTGGAATTTGGTGAACAAGATTCATTT,0.07009130239649167,0.12693692549596355,0.10466144683707006,0.12459049462060044,0.17957789718019063,0.1284921325348648,0.1820169364104484,0.08363286452437049,1453.1952652439404
GACTTTAAGAGAGATTTGGAAGAATGTCAGAAGATTGTCTTGGATCCATCTAATATTGAATTGGATACTCCACCAGAATTTAGATTGGAACAATTGGAATTTGGTTCTCAAGATTCATTT,0.16025691995413832,0.14511444368202572,0.15953212010217668,0.3382760026698493,0.07895910188669629,0.08813541492734649,0.02972599677776726,0.0,532.5208271822517
GACTTTAAGAGAGATTTGGAAGAATGTCAGAAGATTGTCTTGGATCCATCTAATATTGAATTGGATACTCCACCAGAATTTAGATTGGAAGAATTGGAATTTGAAGAACAAGATTCATTT,0.25513277325489847,0.05133902134776559,0.12698943745003266,0.11337754231595064,0.2514094822717664,0.0935424310697269,0.04732448369685577,0.060884828593003516,978.6071410191723
GACTTTAAGAGAGATTTGGAAGAATGTCAGAAGATTGTCTTGGATCCATCTAATATTGAATTGGATACTCCACCAGAATTTAGATTGGATGATTTGGAATTTGATGATCAAGATTCATTT,0.027025152528556542,0.10876257604145703,0.1008859682985719,0.1501201381986022,0.2929383579664599,0.17339980519848536,0.05012885541619294,0.0967391463516741,1344.365931716818
GACTTTAAGAGAGATTTGGAAGAATGTCAGAAGATTGTCTTGGATCCATCTAATATTGAATTGGATACTCCACCAGAATTTAGATTGGGATTCTCTGAACAATTGTCTCAAGATTCATTT,0.04130079710050498,0.05540494274077874,0.11991584637102473,0.15294594820852725,0.162792288642202,0.06940364501641315,0.1723695653348626,0.2258669665856865,2236.3375336616755
GACTTTAAGAGAGATTTGGAAGAATGTCAGAAGATTGTCTTGGATCCATCTAATATTGAATTGGATACTCCACCAGAATTTAGATTGTATCAATTGGAATTTGGTTCTCAAGATTCATTT,0.08801264115507491,0.14758599367329187,0.07301215262799748,0.130372078030767,0.2023658581727676,0.24201858644463078,0.08162716118989605,0.03500552870557421,1056.2214679560286
GACTTTAAGAGAGATTTGGAAGAATGTCAGAAGATTGTCTTGGATCCATCTAATATTGAATTGGATACTCCACCAGAATTTAGATTGTCATTCTCTGAATCTGATTTGCAAGGTCAATTT,0.15169175820769376,0.15262065930519103,0.20591685862777143,0.16852439727520924,0.08153347531601843,0.1264013497307741,0.06394829112507955,0.04936321041226243,923.1111741083366
GACTTTAAGAGAGATTTGGAAGAATGTCAGAAGATTGTCTTGGATCCATCTAATATTGAATTGGATACTCCACCAGAATTTAGATTGTCATTCTCTGATCAATCTGGATTTGAATTGCAA,0.300697468277149,0.29320120419417556,0.20325385313871983,0.12991404463027842,0.03109417813969817,0.01871500095664079,0.012050427000133711,0.011073823663204424,394.703372060425
GACTTTAAGAGAGATTTGGAAGAATGTCAGAAGATTGTCTTGGATCCATCTAATATTGAATTGGATACTCCACCAGAATTTAGATTGTCATTCTCTTTGCAAGGTGAACAAGATTCATTT,0.12782561413545218,0.08573891219030505,0.11487620854330263,0.11045216067053834,0.0839734570641448,0.15622086422775258,0.21075845211518096,0.11015433105332348,1655.1407323615388
GACTTTAAGAGAGATTTGGAAGAATGTCAGAAGATTGTCTTGGATCCATCTAATATTGAATTGGATACTCCACCAGAATTTAGATTGTCATTTCAACAAGAATCTTTGGGTGATTCATTT,0.09769972340176715,0.04914899917995751,0.0,0.10854107826803716,0.24068484582724475,0.08955209404546499,0.18122285539125557,0.2331504038862729,2339.125068544897
GACTTTAAGAGAGATTTGGAAGAATGTCAGAAGATTGTCTTGGATCCATCTAATATTGAATTGGATACTCCACCAGAATTTAGATTGTCATTTCAAGAAGGTTCTTTGCAAGATTCATTT,0.0035316966374832567,0.0035552064229496597,0.009145632607122605,0.04818515848754451,0.17553674187322144,0.28759195731617815,0.3414260542128178,0.13102755244268255,2274.0692724443966
GACTTTAAGAGAGATTTGGAAGAATGTCAGAAGATTGTCTTGGATCCATCTAATATTGAATTGGATACTCCACCAGAATTTAGATTGTCATTTCAATCTGAACAAGGTTTGGATTCATTT,0.12996219269076367,0.261516060827181,0.12937440791335855,0.17326030458520741,0.17929181746204984,0.07147442856724161,0.024106639028522326,0.03101414892567558,703.724366681588
GACTTTAAGAGAGATTTGGAAGAATGTCAGAAGATTGTCTTGGATCCATCTAATATTGAATTGGATACTCCACCAGAATTTAGATTGTCATTTGAATTGCAAGGTTCTCAAGATTCATTT,0.1377356783474604,0.34644779465300807,0.2570863802648512,0.0,0.0678628134322228,0.06312463327078666,0.12774270003167085,0.0,657.1857497260066
GACTTTAAGAGAGATTTGGAAGAATGTCAGAAGATTGTCTTGGATCCATCTAATATTGAATTGGATACTCCACCAGAATTTAGATTGTCTCAAGAAGGATTTCAATTGGATTCTTCATTT,0.07106008130990098,0.14545580360676144,0.1981903100316963,0.247725031300341,0.17385036328425876,0.10331608605305455,0.03408855565279223,0.02631376876119467,761.5651676165073
GACTTTAAGAGAGATTTGGAAGAATGTCAGAAGATTGTCTTGGATCCATCTAATATTGAATTGGATACTCCACCAGAATTTAGATTGTCTCAAGCTGAAGCTGGTTCTCAAGATTCATTT,0.22206593762963778,0.15958984480251354,0.1579011370468304,0.2114637627358723,0.09378223239398242,0.029078119654334357,0.08826627555730375,0.03785269017952545,806.499999138067
GACTTTAAGAGAGATTTGGAAGAATGTCAGAAGATTGTCTTGGATCCATCTAATATTGAATTGGATACTCCACCAGAATTTAGATTGTCTCAAGCTGAAGCTGGTTCTCAAGATTCTGCT,0.056404736213510435,0.08598505574880803,0.14462784114223715,0.21077806287025785,0.2779079564769703,0.16450281844528272,0.047556789305273385,0.012236739797660079,819.3857408425433
GACTTTAAGAGAGATTTGGAAGAATGTCAGAAGATTGTCTTGGATCCATCTAATATTGAATTGGATACTCCACCAGAATTTAGATTGTCTCAAGCTGAATTTGGTTCTCAAGATTCATTT,0.046902220549175686,0.37751545147452104,0.29181308847112347,0.052106775887563454,0.04621775099776627,0.0859816572517533,0.04349937766537373,0.055963677702722994,839.732032567793
GACTTTAAGAGAGATTTGGAAGAATGTCAGAAGATTGTCTTGGATCCATCTAATATTGAATTGGATACTCCACCAGAATTTAGATTGTCTCAAGCTGAATTTGGTTCTCAAGATTCTGCT,0.05274711841233831,0.010614024233957029,0.02625427854225896,0.058600259127278995,0.031186410657147324,0.009669658713902891,0.42071386941447997,0.3902143808986365,3655.6839324382872
GACTTTAAGAGAGATTTGGAAGAATGTCAGAAGATTGTCTTGGATCCATCTAATATTGAATTGGATACTCCACCAGAATTTAGATTGTCTCAAGGTTTGGAGTTCTCTCAAGATTCATTT,0.08404694629861008,0.09664184797789693,0.14940504301922722,0.1467294809709936,0.18930377968311057,0.1540757696562965,0.12249157616610261,0.057305556227762476,1194.347049886419
GACTTTAAGAGAGATTTGGAAGAATGTCAGAAGATTGTCTTGGATCCATCTAATATTGAATTGGATACTCCACCAGAATTTAGATTGTCTCAATCTGACTTTGGTGAATTGCAATCATTT,0.13351590853109743,0.2462780976739266,0.11076004269389138,0.21013649693358713,0.14253139164166626,0.08158760182751466,0.0619145411616527,0.013275919536663783,682.7860939371
GACTTTAAGAGAGATTTGGAAGAATGTCAGAAGATTGTCTTGGATCCATCTAATATTGAATTGGATACTCCACCAGAATTTAGATTGTCTCAATTCTCTGGTTTGGAACAAGATTCATTT,0.00048142388532580835,0.00242185968611065,0.004193407153734977,0.02807939423353642,0.2986336702799923,0.3408855037141767,0.3241558721517362,0.0011488688953870745,1559.817569204237
GACTTTAAGAGAGATTTGGAAGAATGTCAGAAGATTGTCTTGGATCCATCTAATATTGAATTGGATACTCCACCAGAATTTAGATTGTCTCAATTCTTGGAAGGTTCTCAAGATTCATTT,0.006902606543284251,0.01805667606744131,0.049817562067672946,0.15797237103870163,0.2829579193363095,0.3454523671561097,0.11907365980077596,0.019766837989704824,1223.1465705494704
GACTTTAAGAGAGATTTGGAAGAATGTCAGAAGATTGTCTTGGATCCATCTAATATTGAATTGGATACTCCACCAGAATTTAGATTGTCTCAATTGCAAGATGAGTTCTCTTCTGGATTT,0.11913680236396074,0.12318195520520643,0.04626604823350045,0.0014326067489380068,0.12495175504101821,0.21393763062643795,0.3343366309033017,0.03675657087763659,1551.6296660105832
GACTTTAAGAGAGATTTGGAAGAATGTCAGAAGATTGTCTTGGATCCATCTAATATTGAATTGGATACTCCACCAGAATTTAGATTGTCTCAATTGCAATTTGATGGTTCTGAATCATTT,0.0020869092060264898,0.002672330974914159,0.0028329145434386276,0.022552539120838613,0.08842751373214597,0.38170496211224886,0.44199783684619004,0.05772499346419729,2114.6500978288573
GACTTTAAGAGAGATTTGGAAGAATGTCAGAAGATTGTCTTGGATCCATCTAATATTGAATTGGATACTCCACCAGAATTTAGATTGTCTCAATTGGAACAATCATTTGATGGATTCTCT,0.03480546070392463,0.11381043620403848,0.08662011192432613,0.25133995950785243,0.21435953582543105,0.15951436614800169,0.05649045522657912,0.08305967445984651,1240.477333847321
GACTTTAAGAGAGATTTGGAAGAATGTCAGAAGATTGTCTTGGATCCATCTAATATTGAATTGGATACTCCACCAGAATTTAGATTGTCTCAATTGGAAGCTGGTTCTCAAGATTCATTT,0.08068941508762137,0.05682846789166479,0.07028391834570724,0.1165361636402546,0.023853561202491713,0.044376212153756416,0.2993409948950687,0.30809126678343524,2918.2675040849626
GACTTTAAGAGAGATTTGGAAGAATGTCAGAAGATTGTCTTGGATCCATCTAATATTGAATTGGATACTCCACCAGAATTTAGATTGTCTCAATTGGAAGCTGGTTCTCAAGATTCTGCT,0.17319706967871834,0.1568318948160044,0.10775859058550148,0.13469124813117642,0.15360255978509355,0.12700269546095358,0.06425252072311982,0.08266342081943241,1147.641060441077
GACTTTAAGAGAGATTTGGAAGAATGTCAGAAGATTGTCTTGGATCCATCTAATATTGAATTGGATACTCCACCAGAATTTAGATTGTCTCAATTGGAAGGATTCTCTCAAGATTCATTT,0.004854036185622452,0.004222022935560651,0.01185855147735722,0.039206267822536126,0.14790784272659455,0.2341861689269526,0.3841614250313991,0.17360368489397718,2558.122575540719
GACTTTAAGAGAGATTTGGAAGAATGTCAGAAGATTGTCTTGGATCCATCTAATATTGAATTGGATACTCCACCAGAATTTAGATTGTCTCAATTGGAAGGTTCATTTCAAGATTCATTT,0.00020748231899139782,0.0003131292895486164,0.0004518148492690749,0.03238606737691431,0.17031052931120713,0.318407883865143,0.38471386387038176,0.09320922911854464,2172.075254314523
GACTTTAAGAGAGATTTGGAAGAATGTCAGAAGATTGTCTTGGATCCATCTAATATTGAATTGGATACTCCACCAGAATTTAGATTGTCTCAATTGGAATCTGATGGTTCATTCTTTCAA,0.05942148497711169,0.07971381193242547,0.08626440848482263,0.18704321953924674,0.16590389252136986,0.1906311890145366,0.10103563487366539,0.1299863586568217,1623.4331144669427
GACTTTAAGAGAGATTTGGAAGAATGTCAGAAGATTGTCTTGGATCCATCTAATATTGAATTGGATACTCCACCAGAATTTAGATTGTCTCAATTGGAATCTGGATTTCAAGATTCATTT,0.0849355258458815,0.09969824414914323,0.08807435919449667,0.09436048780469701,0.07672134766559777,0.08434005844276846,0.21006212343988448,0.2618078534575308,2494.1269530300365
GACTTTAAGAGAGATTTGGAAGAATGTCAGAAGATTGTCTTGGATCCATCTAATATTGAATTGGATACTCCACCAGAATTTAGATTGTCTCAATTGGAATTTCAAGATTCTGGTTCATTT,0.226605045779756,0.27516358727538204,0.23954634127544877,0.16493999478684282,0.06719942081047361,0.01562688967687364,0.00922351732260345,0.0016952030726195618,365.3995542133424
GACTTTAAGAGAGATTTGGAAGAATGTCAGAAGATTGTCTTGGATCCATCTAATATTGAATTGGATACTCCACCAGAATTTAGATTGTCTCAATTGGAATTTCAAGGTTCTGATTCATTT,0.0038346880646095843,0.005304984020902261,0.0034296457009599314,0.0037276823055818645,0.11064583184838944,0.4010276412225585,0.36865079436465736,0.10337873247234118,2250.3371584127854
GACTTTAAGAGAGATTTGGAAGAATGTCAGAAGATTGTCTTGGATCCATCTAATATTGAATTGGATACTCCACCAGAATTTAGATTGTCTCAATTGGAATTTGAAGAACAAGATTCATTT,0.056593266090902164,0.21510599102985098,0.1956156585064395,0.1536900413127565,0.20448035613132445,0.10951113030160754,0.03499154661450115,0.030012010012617663,787.7581842073371
GACTTTAAGAGAGATTTGGAAGAATGTCAGAAGATTGTCTTGGATCCATCTAATATTGAATTGGATACTCCACCAGAATTTAGATTGTCTCAATTGGAATTTGATCAAGGTTCTTCATTT,0.0004909479938611206,0.005588230737962389,0.008184714648726494,0.020417353498080274,0.0993795863172984,0.1914746643817285,0.39553261558321234,0.2789318868391304,3150.647356807242
GACTTTAAGAGAGATTTGGAAGAATGTCAGAAGATTGTCTTGGATCCATCTAATATTGAATTGGATACTCCACCAGAATTTAGATTGTCTCAATTGGAATTTGATGATCAAGATTCATTT,0.041665832874462586,0.033536782532871214,0.031108041962500946,0.04628932682370522,0.01642311230776301,0.061105803851051826,0.26277171731620785,0.5070993823314374,4047.5136521736163
GACTTTAAGAGAGATTTGGAAGAATGTCAGAAGATTGTCTTGGATCCATCTAATATTGAATTGGATACTCCACCAGAATTTAGATTGTCTCAATTGGAATTTGATGGTCAATCTTCATTT,0.24291303160306962,0.16293369077363995,0.1427376666207237,0.15742308012984826,0.09973669580821617,0.1298823146191864,0.05632231042485524,0.008051210020460603,649.0862264906159
GACTTTAAGAGAGATTTGGAAGAATGTCAGAAGATTGTCTTGGATCCATCTAATATTGAATTGGATACTCCACCAGAATTTAGATTGTCTCAATTGGAATTTGATGGTTCATTCTCTCAA,0.2777217028040983,0.0,0.0,0.1851236341181717,0.16420125558981943,0.20364896998289309,0.1030289917593974,0.06627544574561998,1223.5236085281056
GACTTTAAGAGAGATTTGGAAGAATGTCAGAAGATTGTCTTGGATCCATCTAATATTGAATTGGATACTCCACCAGAATTTAGATTGTCTCAATTGGAATTTGATGGTTCTCAATCATTT,0.14579267742618235,0.1303870709834104,0.12094441294551528,0.17996746516816234,0.12770226291934547,0.08908957026977947,0.0901434326129359,0.11597310767466888,1370.6523057824702
GACTTTAAGAGAGATTTGGAAGAATGTCAGAAGATTGTCTTGGATCCATCTAATATTGAATTGGATACTCCACCAGAATTTAGATTGTCTCAATTGGAATTTGATTCATTTGGTTCTCAA,0.011411963317215555,0.004412630905939977,0.005513111035234048,0.005667947714527079,0.10495727521938171,0.2585121721546596,0.3709382199955724,0.23858667965746957,2919.499235868054
GACTTTAAGAGAGATTTGGAAGAATGTCAGAAGATTGTCTTGGATCCATCTAATATTGAATTGGATACTCCACCAGAATTTAGATTGTCTCAATTGGAATTTGATTCTCAATCATTTGGT,0.10911218158795578,0.0548901709919561,0.10183002742573675,0.15152491518620284,0.24191965872655494,0.22502883340313432,0.050597945461995225,0.06509626721646405,1175.4674514160256
GACTTTAAGAGAGATTTGGAAGAATGTCAGAAGATTGTCTTGGATCCATCTAATATTGAATTGGATACTCCACCAGAATTTAGATTGTCTCAATTGGAATTTGGTACTCAAGATTCATTT,0.11335881870403777,0.0456211935390182,0.08463459496152526,0.08815646134340291,0.18989767033120966,0.19742008018047336,0.19975541065355906,0.08115577028677387,1548.2710698308963
GACTTTAAGAGAGATTTGGAAGAATGTCAGAAGATTGTCTTGGATCCATCTAATATTGAATTGGATACTCCACCAGAATTTAGATTGTCTCAATTGGAATTTGGTCAATCTGATTCATTT,0.056405289692109103,0.06810083239451856,0.11931913976498715,0.21305883527723565,0.17230462376001568,0.24299654765723744,0.09416336680530532,0.03365136464859121,1089.9259731463542
GACTTTAAGAGAGATTTGGAAGAATGTCAGAAGATTGTCTTGGATCCATCTAATATTGAATTGGATACTCCACCAGAATTTAGATTGTCTCAATTGGAATTTGGTGAACAAGATTCATTT,0.06290316619391227,0.06328836062242947,0.03130933586807418,0.06988328367199134,0.11157333509042985,0.06918885817012896,0.39670809066034673,0.1951455697226871,2518.0624882107013
GACTTTAAGAGAGATTTGGAAGAATGTCAGAAGATTGTCTTGGATCCATCTAATATTGAATTGGATACTCCACCAGAATTTAGATTGTCTCAATTGGAATTTGGTGATCAATCTTCATTT,0.002270446052444405,0.0037878242229752892,0.0019315291750770132,0.0018917914050916348,0.01830943250504022,0.13339233875584652,0.4788259123399757,0.35959072554354937,3725.972547622558
GACTTTAAGAGAGATTTGGAAGAATGTCAGAAGATTGTCTTGGATCCATCTAATATTGAATTGGATACTCCACCAGAATTTAGATTGTCTCAATTGGAATTTGGTTATCAAGATTCATTT,0.1022011498223355,0.11139590557143746,0.24374949806651086,0.20816035223841373,0.15106450949017347,0.046839062905058876,0.055291989258575806,0.0812975326474944,1063.7845238508858
GACTTTAAGAGAGATTTGGAAGAATGTCAGAAGATTGTCTTGGATCCATCTAATATTGAATTGGATACTCCACCAGAATTTAGATTGTCTCAATTGGAATTTGGTTCATTCTCTGATCAA,0.3031252002996955,0.24850337980327847,0.16764124713008177,0.07483595869092771,0.022126039243723604,0.06174359899136908,0.041649319429157415,0.0803752564117666,915.0752175522409
GACTTTAAGAGAGATTTGGAAGAATGTCAGAAGATTGTCTTGGATCCATCTAATATTGAATTGGATACTCCACCAGAATTTAGATTGTCTCAATTGGAATTTGGTTCATTTCAAGATTCT,0.09930410069407546,0.11989464027877696,0.1235687179927983,0.0882587896094513,0.058712941244952015,0.036409069974072505,0.16577892800425323,0.30807281220162025,2609.784731887828
GACTTTAAGAGAGATTTGGAAGAATGTCAGAAGATTGTCTTGGATCCATCTAATATTGAATTGGATACTCCACCAGAATTTAGATTGTCTCAATTGGAATTTGGTTCATTTGATCAATCT,0.00044666256113631885,0.0006591166974425104,0.0212316757451547,0.016110835059145064,0.034360588364203186,0.14853515086383623,0.508126858373973,0.2705291123351089,3281.1147877649523
GACTTTAAGAGAGATTTGGAAGAATGTCAGAAGATTGTCTTGGATCCATCTAATATTGAATTGGATACTCCACCAGAATTTAGATTGTCTCAATTGGAATTTGGTTCTCAAGACTTCTCT,0.050382554487973,0.09504577046103334,0.09404003898782436,0.13993327206092715,0.062059118168911846,0.12699753414664544,0.19859062948337916,0.2329510822033058,2345.5961773273407
GACTTTAAGAGAGATTTGGAAGAATGTCAGAAGATTGTCTTGGATCCATCTAATATTGAATTGGATACTCCACCAGAATTTAGATTGTCTCAATTGGAATTTGGTTCTCAAGATTCATTT,0.0039060627365089073,0.0029287722549435104,0.010970833386314622,0.05127157457541799,0.18037120226681252,0.26796692638123,0.34218999496527236,0.14039463343350012,2314.5800127845396
GACTTTAAGAGAGATTTGGAAGAATGTCAGAAGATTGTCTTGGATCCATCTAATATTGAATTGGATACTCCACCAGAATTTAGATTGTCTCAATTGGAATTTGGTTCTCAAGATTCTGCT,0.27296404970900157,0.17754218987798753,0.1200824833523509,0.10721093904398662,0.062490427842280566,0.09856376319655077,0.09205818285036704,0.06908796412747509,1034.2009787186864
GACTTTAAGAGAGATTTGGAAGAATGTCAGAAGATTGTCTTGGATCCATCTAATATTGAATTGGATACTCCACCAGAATTTAGATTGTCTCAATTGGAATTTGGTTCTCAAGCTTCATTT,0.2396072005220331,0.2712087691432677,0.18013495018476716,0.08873182372788876,0.06886555743819385,0.059481839589730155,0.03240755798876129,0.059562301405358044,798.9521110480601
GACTTTAAGAGAGATTTGGAAGAATGTCAGAAGATTGTCTTGGATCCATCTAATATTGAATTGGATACTCCACCAGAATTTAGATTGTCTCAATTGGAATTTGGTTCTCAATCATTTGAT,0.06350190723541838,0.1597269203007213,0.15803676207394318,0.24691962629953357,0.1877255683499659,0.08730928662040187,0.05889472636820689,0.037885202751809004,876.9551789462357
GACTTTAAGAGAGATTTGGAAGAATGTCAGAAGATTGTCTTGGATCCATCTAATATTGAATTGGATACTCCACCAGAATTTAGATTGTCTCAATTGGAATTTGGTTCTCAATTTGATTCT,0.14907600460493967,0.19459652461192928,0.2539334502740647,0.2677400942363491,0.06222777666140287,0.06194839828232079,0.004836698446842391,0.005641052882151312,462.43817605460606
GACTTTAAGAGAGATTTGGAAGAATGTCAGAAGATTGTCTTGGATCCATCTAATATTGAATTGGATACTCCACCAGAATTTAGATTGTCTCAATTGGAATTTGGTTCTGATCAATCATTT,0.04458024542970341,0.044853237445852706,0.05547327589747166,0.08254523383680026,0.07321610286834461,0.14982914354018023,0.2480751968229532,0.30142756415869393,2895.738518509195
GACTTTAAGAGAGATTTGGAAGAATGTCAGAAGATTGTCTTGGATCCATCTAATATTGAATTGGATACTCCACCAGAATTTAGATTGTCTCAATTGGAATTTGGTTCTGCTGCTGCTGCT,0.01648895177013309,0.04331813403368537,0.06725334849961163,0.15570866129150213,0.25004358419877787,0.31655144786581685,0.12658914020317574,0.024046732137297244,1216.9360503122457
GACTTTAAGAGAGATTTGGAAGAATGTCAGAAGATTGTCTTGGATCCATCTAATATTGAATTGGATACTCCACCAGAATTTAGATTGTCTCAATTGGAATTTGGTTCTTCATTTCAAGAT,0.20600054705509485,0.11843543655429223,0.18309719716288947,0.06538846265048044,0.11599672531755872,0.08092337735447798,0.054587093201256924,0.17557116070394924,1608.3216377851063
GACTTTAAGAGAGATTTGGAAGAATGTCAGAAGATTGTCTTGGATCCATCTAATATTGAATTGGATACTCCACCAGAATTTAGATTGTCTCAATTGGAATTTGGTTCTTCTCAAGACTTT,0.05712960672948405,0.028739723067096414,0.0710890307011889,0.2856107473791199,0.08444382507397119,0.026182653013154016,0.10596949610923181,0.3408349179267538,2719.2347512384613
GACTTTAAGAGAGATTTGGAAGAATGTCAGAAGATTGTCTTGGATCCATCTAATATTGAATTGGATACTCCACCAGAATTTAGATTGTCTCAATTGGAATTTGGTTCTTCTGACTTTCAA,0.004947232769576255,0.00016926101721229044,0.0036052563733617944,0.003987173397572637,0.040848373599019674,0.1551950355384948,0.4669377288065797,0.32430993849818296,3519.2067939429976
GACTTTAAGAGAGATTTGGAAGAATGTCAGAAGATTGTCTTGGATCCATCTAATATTGAATTGGATACTCCACCAGAATTTAGATTGTCTCAATTGGAATTTGGTTCTTCTGATCAATTT,0.07018549875953345,0.0706152873492132,0.0,0.03898685405081686,0.0691612436967904,0.5789916644620848,0.13018682192125855,0.041872629760302746,1492.85586166834
GACTTTAAGAGAGATTTGGAAGAATGTCAGAAGATTGTCTTGGATCCATCTAATATTGAATTGGATACTCCACCAGAATTTAGATTGTCTCAATTGGACTTCTCTTCATTTCAAGAAGGT,0.0356461215800083,0.143457618040528,0.1330683883425925,0.22440924682310948,0.18733823140205316,0.21782285018773787,0.04407990600470227,0.014177637619268497,838.5062859171921
GACTTTAAGAGAGATTTGGAAGAATGTCAGAAGATTGTCTTGGATCCATCTAATATTGAATTGGATACTCCACCAGAATTTAGATTGTCTCAATTGGAGTTCTCTCAAGATGGTTCATTT,0.06812655869592789,0.09035311068532922,0.11174629352658932,0.19609631117140278,0.18003675913156356,0.11353667560353095,0.10339175586810352,0.13671253531755284,1594.7082750882344
GACTTTAAGAGAGATTTGGAAGAATGTCAGAAGATTGTCTTGGATCCATCTAATATTGAATTGGATACTCCACCAGAATTTAGATTGTCTCAATTGGAGTTCTCTCAAGATTCTGGATTT,0.1467109411410905,0.1968124555462513,0.23471904565370974,0.16299087848681132,0.08261137644489916,0.05763258895043526,0.05183496796294719,0.06668774581385555,925.4884643398427
GACTTTAAGAGAGATTTGGAAGAATGTCAGAAGATTGTCTTGGATCCATCTAATATTGAATTGGATACTCCACCAGAATTTAGATTGTCTCAATTGGAGTTCTCTCAAGGTGATTCATTT,0.08797117191524913,0.1367879855805623,0.09951511530479971,0.12438743876931183,0.22853940594180133,0.2125827895775043,0.08158870062014997,0.028627392290621508,999.0529285671493
GACTTTAAGAGAGATTTGGAAGAATGTCAGAAGATTGTCTTGGATCCATCTAATATTGAATTGGATACTCCACCAGAATTTAGATTGTCTCAATTGGAGTTCTCTCAATCTGACTTTGGT,0.000437027144672784,0.0010392987758980445,0.0009393137651632366,0.007724218913851098,0.08299787866666326,0.2311719078014676,0.46928688478720565,0.20640347014507834,2912.575131531902
GACTTTAAGAGAGATTTGGAAGAATGTCAGAAGATTGTCTTGGATCCATCTAATATTGAATTGGATACTCCACCAGAATTTAGATTGTCTCAATTGGAGTTCTCTCAATTTGATGGTTCT,0.0024910613699566267,0.00250631565712309,0.0017322097114211609,0.0018721219850657102,0.09017441887810379,0.18985136757598162,0.5835622429075422,0.12781026191480555,2656.451071135835
GACTTTAAGAGAGATTTGGAAGAATGTCAGAAGATTGTCTTGGATCCATCTAATATTGAATTGGATACTCCACCAGAATTTAGATTGTCTCAATTGGAGTTCTCTGGATTTCAATCTGAT,0.0006681608821182181,0.0004277970062986577,0.0005290878141665143,0.00033741094222401177,0.006165112266258501,0.14164063962609613,0.44820095175967,0.4020308397031679,3915.96591145358
GACTTTAAGAGAGATTTGGAAGAATGTCAGAAGATTGTCTTGGATCCATCTAATATTGAATTGGATACTCCACCAGAATTTAGATTGTCTCAATTGGAGTTCTCTGGTCAAGATTCATTT,0.00023444819037491687,0.05393877588372532,0.0003889797382367095,0.00026046398592796075,0.2627544358727925,0.2994224250525395,0.3376820531865761,0.04531841808982693,1788.7429713843833
GACTTTAAGAGAGATTTGGAAGAATGTCAGAAGATTGTCTTGGATCCATCTAATATTGAATTGGATACTCCACCAGAATTTAGATTGTCTCAATTGGAGTTCTCTGGTGACTTTCAATCT,0.0006518478446713314,0.0005100973938283364,9.012495951484538e-05,0.00120696806950637,0.13410528963326182,0.27955764757872803,0.430308869556977,0.1535691549635121,2577.810903854357
GACTTTAAGAGAGATTTGGAAGAATGTCAGAAGATTGTCTTGGATCCATCTAATATTGAATTGGATACTCCACCAGAATTTAGATTGTCTCAATTGGAGTTCTTCTCTGGTCAATCTGAT,0.09380549984010397,0.1101099161093213,0.21399868018856696,0.2779059413367909,0.18487309057298465,0.0716521897501341,0.028999912419608975,0.018654769782489106,679.8050355053787
GACTTTAAGAGAGATTTGGAAGAATGTCAGAAGATTGTCTTGGATCCATCTAATATTGAATTGGATACTCCACCAGAATTTAGATTGTCTCAATTGGAGTTCTTTCAAGATGGTTCTTCT,0.06702792384691189,0.11560864573840743,0.1548967972415657,0.18084539162685936,0.1887135685372004,0.1228763138934813,0.12432984790072903,0.045701511214844844,1102.6369838514172
GACTTTAAGAGAGATTTGGAAGAATGTCAGAAGATTGTCTTGGATCCATCTAATATTGAATTGGATACTCCACCAGAATTTAGATTGTCTCAATTGGAGTTCTTTCAATCTGGTTCTGAT,0.05755938118685059,0.09651975393754328,0.13727898656427448,0.13322191628190283,0.12761861829341015,0.1846573386514452,0.20018753092459066,0.0629564741599828,1411.069425561219
GACTTTAAGAGAGATTTGGAAGAATGTCAGAAGATTGTCTTGGATCCATCTAATATTGAATTGGATACTCCACCAGAATTTAGATTGTCTCAATTGGATGGTCAAGAGTTCTCTTCATTT,0.09241114686132697,0.15496172773620975,0.03833049815695962,0.20533129828969288,0.15177090142874142,0.16940911246070417,0.1142753962248333,0.07350991884153193,1274.432998874601
GACTTTAAGAGAGATTTGGAAGAATGTCAGAAGATTGTCTTGGATCCATCTAATATTGAATTGGATACTCCACCAGAATTTAGATTGTCTCAATTGGCATTTGGTTCTCAAGATTCATTT,0.011912621940089052,0.00027819505265992754,0.01743258347908692,0.053347654294188425,0.26874300964556397,0.40060906152440134,0.22782658406250317,0.01985029000150715,1505.0324120202342
GACTTTAAGAGAGATTTGGAAGAATGTCAGAAGATTGTCTTGGATCCATCTAATATTGAATTGGATACTCCACCAGAATTTAGATTGTCTCAATTGGCATTTGGTTCTCAAGCTTCATTT,0.09172071118664311,0.25633992502377406,0.16485784351251648,0.29437372909555953,0.05021232282497752,0.05604779944173743,0.0378072017242886,0.04864046719050324,793.5119211697801
GACTTTAAGAGAGATTTGGAAGAATGTCAGAAGATTGTCTTGGATCCATCTAATATTGAATTGGATACTCCACCAGAATTTAGATTGTCTCAATTGGCTGCTGCTGCTCAAGATTCATTT,0.33897978714702454,0.30675577697061246,0.21027101917058466,0.0974317997377972,0.016034781606883354,0.016581052273226128,0.007812024525864302,0.0061337585680074705,333.152051299806
GACTTTAAGAGAGATTTGGAAGAATGTCAGAAGATTGTCTTGGATCCATCTAATATTGAATTGGATACTCCACCAGAATTTAGATTGTCTCAATTGGCTGCTGCTGCTGCTGCTGCTGCT,0.5081206745435832,0.31010094313028785,0.1220119932173966,0.032649189605267595,0.01389190409649513,0.007511852000462056,0.004098422887756095,0.0016150205187514728,245.75115160982125
GACTTTAAGAGAGATTTGGAAGAATGTCAGAAGATTGTCTTGGATCCATCTAATATTGAATTGGATACTCCACCAGAATTTAGATTGTCTCAATTGGGATTCTCATTCTCTGATCAAGAA,0.08776041262540842,0.11313158587926299,0.21499610192932994,0.22851290902356228,0.17566184453451633,0.11814870004521619,0.03560953913420492,0.026178906828499066,777.348305258771
GACTTTAAGAGAGATTTGGAAGAATGTCAGAAGATTGTCTTGGATCCATCTAATATTGAATTGGATACTCCACCAGAATTTAGATTGTCTCAATTGGGATTCTCTGAACAAGATTCATTT,0.06857623396444106,0.1609910587713665,0.05688840142909781,0.05079057967204709,0.09010061836795209,0.0,0.19080270391210793,0.3818504038829875,3083.430627820119
GACTTTAAGAGAGATTTGGAAGAATGTCAGAAGATTGTCTTGGATCCATCTAATATTGAATTGGATACTCCACCAGAATTTAGATTGTCTCAATTGGGATTCTCTGATCAAGAATCATTT,0.2666838847119055,0.22040321113996825,0.2251820147637357,0.14461127022366033,0.053184099709134174,0.0436506944306152,0.023555759564963096,0.022729065456017886,541.9095050868725
GACTTTAAGAGAGATTTGGAAGAATGTCAGAAGATTGTCTTGGATCCATCTAATATTGAATTGGATACTCCACCAGAATTTAGATTGTCTCAATTGGGATTTGAACAATCTGATTCATTT,0.012565013232862852,0.03985430344070038,0.0561808308714958,0.2727979129440197,0.3240213585452596,0.21472669284586765,0.07782099864220984,0.002032889477584085,920.6000989803656
GACTTTAAGAGAGATTTGGAAGAATGTCAGAAGATTGTCTTGGATCCATCTAATATTGAATTGGATACTCCACCAGAATTTAGATTGTCTCAATTGTCATTCTTTGAAGATCAAGGTTCT,0.06851344480746102,0.10175822981618723,0.10961289086265234,0.17397968659375437,0.10287785285366596,0.06878072619341706,0.16036958969897078,0.2141075791738912,2104.8437005590713
GACTTTAAGAGAGATTTGGAAGAATGTCAGAAGATTGTCTTGGATCCATCTAATATTGAATTGGATACTCCACCAGAATTTAGATTGTCTCAATTGTCATTTCAATTTGAAGATTCTGGT,0.021869707282982518,0.05078550226416084,0.12278259050220729,0.2188135244789944,0.3106730767592806,0.22840919021323136,0.03550188676525166,0.011164521733891328,877.1833092534353
GACTTTAAGAGAGATTTGGAAGAATGTCAGAAGATTGTCTTGGATCCATCTAATATTGAATTGGATACTCCACCAGAATTTAGATTGTCTCAATTGTCATTTGATGAACAAGGTTCATTT,0.2068677266804208,0.15137054826528198,0.1872110167478659,0.12535801441179933,0.09265854259467751,0.017237825032221044,0.1744173548576085,0.044878971410124924,1021.3931029811606
GACTTTAAGAGAGATTTGGAAGAATGTCAGAAGATTGTCTTGGATCCATCTAATATTGAATTGGATACTCCACCAGAATTTAGATTGTCTCAATTGTCATTTGGTGAACAAGATTCATTT,0.00176124896908767,0.0021707418583415527,0.005588590530709851,0.1624540091496032,0.3270202752700857,0.3491479400397584,0.11066739585898755,0.04118979832342614,1359.7856798871696
GACTTTAAGAGAGATTTGGAAGAATGTCAGAAGATTGTCTTGGATCCATCTAATATTGAATTGGATACTCCACCAGAATTTAGATTGTCTCAATTGTCATTTGGTGATCAAGAATCATTT,0.0848561151355646,0.10671967606452834,0.15838562488149963,0.16497646409915548,0.1463310866648064,0.11666936003038016,0.19674911743401627,0.025312555690049057,1113.3663892766945
GACTTTAAGAGAGATTTGGAAGAATGTCAGAAGATTGTCTTGGATCCATCTAATATTGAATTGGATACTCCACCAGAATTTAGATTGTCTCAATTGTCTCAAGATGAAGGATTCTCATTT,0.05488404980274783,0.13805034573410108,0.03414738981057535,0.1829229522219656,0.08112464562971475,0.025153508210662742,0.25451055218928936,0.2292065564009433,2354.40511568413
GACTTTAAGAGAGATTTGGAAGAATGTCAGAAGATTGTCTTGGATCCATCTAATATTGAATTGGATACTCCACCAGAATTTAGATTGTCTCAATTGTCTCAATTTGAAGATGGTTCATTT,0.001805886396758467,0.0014131793977182007,0.03845120869527889,0.0017833586868357869,0.0852198158147675,0.28599650241799335,0.41294751643320393,0.172382532157444,2636.6128211452033
GACTTTAAGAGAGATTTGGAAGAATGTCAGAAGATTGTCTTGGATCCATCTAATATTGAATTGGATACTCCACCAGAATTTAGATTGTCTCAATTGTCTGAAGGATTTCAAGATTCATTT,0.06829953479947128,0.13743554896451124,0.042494146242133456,0.18969616530679587,0.03365140131601631,0.09390558361877303,0.19003283152637976,0.24448478822591918,2349.1883689804204
GACTTTAAGAGAGATTTGGAAGAATGTCAGAAGATTGTCTTGGATCCATCTAATATTGAATTGGATACTCCACCAGAATTTAGATTGTCTCAATTGTCTGGTGAACAAGATTCATTCTTT,0.1161742626869541,0.17045826657721627,0.21081819260556,0.14519887275503926,0.10016901006077125,0.06211680796777931,0.044894002071800346,0.15017058527487948,1430.7300706619446
GACTTTAAGAGAGATTTGGAAGAATGTCAGAAGATTGTCTTGGATCCATCTAATATTGAATTGGATACTCCACCAGAATTTAGATTGTCTCAATTGTTCTCTCAAGGTGAAGATTCATTT,0.13963906866521716,0.07565070358357379,0.12029496743577305,0.15513426807708863,0.2434483476473788,0.14768529736739594,0.07969722822156318,0.03845011900200942,994.425291906463
GACTTTAAGAGAGATTTGGAAGAATGTCAGAAGATTGTCTTGGATCCATCTAATATTGAATTGGATACTCCACCAGAATTTAGATTGTCTCAATTGTTCTCTCAATTTGGTGATTCTGAA,0.07168051818160612,0.06787714041080412,0.06820825286289556,0.1124253514750716,0.08725431501620605,0.08116222063490854,0.16424461683593722,0.34714758458257083,2914.3844738206963
GACTTTAAGAGAGATTTGGAAGAATGTCAGAAGATTGTCTTGGATCCATCTAATATTGAATTGGATACTCCACCAGAATTTAGATTGTCTCAATTGTTCTCTGAAGATGGTCAATCATTT,0.09672714746563622,0.10444040333985849,0.1291690776236464,0.2188526434067328,0.21969073209343315,0.18813352280673062,0.03172650005308854,0.011259973210873681,768.2442016324225
GACTTTAAGAGAGATTTGGAAGAATGTCAGAAGATTGTCTTGGATCCATCTAATATTGAATTGGATACTCCACCAGAATTTAGATTGTCTCAATTGTTCTCTGGTGAACAAGATTCATTT,0.03413742249765339,0.03434646674368542,0.042478784905457645,0.13273931402879902,0.18501580113383348,0.26596963931994955,0.2849462039802194,0.020366367390402113,1465.702150712308
GACTTTAAGAGAGATTTGGAAGAATGTCAGAAGATTGTCTTGGATCCATCTAATATTGAATTGGATACTCCACCAGAATTTAGATTGTCTCAATTGTTTGAAGGTTCTCAAGATTCATTT,0.15607404872561603,0.08973130586236006,0.05548863103529854,0.024770424767548704,0.06591273233748726,0.06131070679577518,0.22746520925462776,0.31924694122128644,2828.20269473377
GACTTTAAGAGAGATTTGGAAGAATGTCAGAAGATTGTCTTGGATCCATCTAATATTGAATTGGATACTCCACCAGAATTTAGATTGTCTCAATTGTTTGAATCTCAATTTGGTTCTGAT,0.1195353125347495,0.09020047508609581,0.18592919654813286,0.13279967702952425,0.1619624446889634,0.10956671295624483,0.11086280443472385,0.08914337672156543,1293.6871647529194
GACTTTAAGAGAGATTTGGAAGAATGTCAGAAGATTGTCTTGGATCCATCTAATATTGAATTGGATACTCCACCAGAATTTAGATTGTCTCAATTGTTTGGTGAATCTCAAGATTCATTT,0.03451603776215591,0.041672880600279745,0.06012987892050977,0.14571535863193985,0.23808628547421712,0.33535841794198457,0.12804734143059318,0.01647379923831993,1184.0058127044135
GACTTTAAGAGAGATTTGGAAGAATGTCAGAAGATTGTCTTGGATCCATCTAATATTGAATTGGATACTCCACCAGAATTTAGATTGTCTCAATTGTTTGGTTCTGAACAAGATTCATTT,0.08413010289640216,0.11850339591578228,0.08374960459316334,0.03738627609261477,0.04974140799588272,0.01542282132294549,0.24968418645034363,0.36138220473286564,3090.2711379834054
GACTTTAAGAGAGATTTGGAAGAATGTCAGAAGATTGTCTTGGATCCATCTAATATTGAATTGGATACTCCACCAGAATTTAGATTGTCTCAATTTGAAGGTTCTTTGCAAGATTCATTT,0.07261362043352922,0.07305827789225289,0.03011883672836815,0.16134253781641067,0.04770262031587542,0.06655803660061836,0.2020361037433035,0.3465699664696418,2970.4394342046935
GACTTTAAGAGAGATTTGGAAGAATGTCAGAAGATTGTCTTGGATCCATCTAATATTGAATTGGATACTCCACCAGAATTTAGATTGTCTCAATTTGAATTGGGTTCTCAAGATTCATTT,0.002914209883322596,0.0020629629230438907,0.011925740012444244,0.054891554290421724,0.175246813543964,0.26616236483147826,0.3456416707416604,0.14115468377366483,2323.6349657739424
GACTTTAAGAGAGATTTGGAAGAATGTCAGAAGATTGTCTTGGATCCATCTAATATTGAATTGGATACTCCACCAGAATTTAGATTGTCTGAACAATCTCAAGATGGTTTGTTCTCATTT,0.0012241335700891092,0.0013547926547050556,0.0003046492840690577,0.0016319650416431438,0.0014475229496923117,0.022553153556584618,0.38021880683966935,0.5912649761035474,4777.473267067356
GACTTTAAGAGAGATTTGGAAGAATGTCAGAAGATTGTCTTGGATCCATCTAATATTGAATTGGATACTCCACCAGAATTTAGATTGTCTGAACAATTCTTGGGTTCTCAAGATTCATTT,0.05339364676418405,0.16116182582643976,0.08858693559810765,0.07909137359055418,0.0701525924107693,0.16313634982682945,0.21458596855551998,0.1698913074275955,2026.6764989633334
GACTTTAAGAGAGATTTGGAAGAATGTCAGAAGATTGTCTTGGATCCATCTAATATTGAATTGGATACTCCACCAGAATTTAGATTGTCTGAACAATTGTCTGGTGATCAATTCTCATTT,0.12431629613107831,0.1016255179776508,0.08701456377459427,0.09495144148306627,0.03828190030420993,0.021365435313337407,0.18015143566391784,0.3522934093521452,2882.229726737474
GACTTTAAGAGAGATTTGGAAGAATGTCAGAAGATTGTCTTGGATCCATCTAATATTGAATTGGATACTCCACCAGAATTTAGATTGTCTGAAGGATTTCAATTCTCTTCTCAATTGGAT,0.2405830015184891,0.2661414356805752,0.19213210898985336,0.1289856549240735,0.06604992249704636,0.05375852854869912,0.026642180251787526,0.02570716758947588,581.1548062590297
GACTTTAAGAGAGATTTGGAAGAATGTCAGAAGATTGTCTTGGATCCATCTAATATTGAATTGGATACTCCACCAGAATTTAGATTGTCTGAATCATTTCAATTGGGTCAAGATTCATTT,0.007964176574527993,0.02403883824650212,0.06937137113301396,0.1946544598284386,0.3139180409915556,0.2993002974350356,0.08124996910764062,0.009502846683285538,1046.695524189952
GACTTTAAGAGAGATTTGGAAGAATGTCAGAAGATTGTCTTGGATCCATCTAATATTGAATTGGATACTCCACCAGAATTTAGATTGTCTGAATCTCAAGATCAATTCTTGGGTTCATTT,0.0030262709647514313,0.011229472959640613,0.03900868223018828,0.10850249943915037,0.26142892008203367,0.35264805905256474,0.19097065770863275,0.033185437563037976,1458.2583675999554
GACTTTAAGAGAGATTTGGAAGAATGTCAGAAGATTGTCTTGGATCCATCTAATATTGAATTGGATACTCCACCAGAATTTAGATTGTCTGAATTGCAATTTGGTTCTCAAGATTCATTT,0.2157187222620164,0.20590945848797831,0.1858353605323044,0.11675557596582449,0.03815370136832346,0.050699729666568535,0.10772888528691939,0.07919856643006495,1079.6601836262278
GACTTTAAGAGAGATTTGGAAGAATGTCAGAAGATTGTCTTGGATCCATCTAATATTGAATTGGATACTCCACCAGAATTTAGATTGTCTGAATTGTTTCAAGGTTCTCAAGATTCATTT,0.14908496686421127,0.2999958099787447,0.0,0.16562834052714825,0.0,0.0,0.207402865000494,0.17788801762940182,1841.2862547531379
GACTTTAAGAGAGATTTGGAAGAATGTCAGAAGATTGTCTTGGATCCATCTAATATTGAATTGGATACTCCACCAGAATTTAGATTGTCTGAATTGTTTGGTGACTTCTCTTCTCAACAA,0.034167167084717495,0.029792874344988382,0.02550947848837121,0.048080847126720797,0.07182623376630397,0.07516274364352753,0.3865969658991364,0.32886368964623425,3294.6209545800843
GACTTTAAGAGAGATTTGGAAGAATGTCAGAAGATTGTCTTGGATCCATCTAATATTGAATTGGATACTCCACCAGAATTTAGATTGTCTGAATTTCAATTGGGTTCTCAAGATTCATTT,0.1723764520595034,0.173432018145576,0.042899209688750904,0.19150439042306136,0.10191652138275413,0.15800118678511046,0.1598702215152436,0.0,881.9510628179235
GACTTTAAGAGAGATTTGGAAGAATGTCAGAAGATTGTCTTGGATCCATCTAATATTGAATTGGATACTCCACCAGAATTTAGATTGTCTGAGTTCTTGCAAGGTTCTCAAGATTCATTT,0.11968821781904633,0.1354737844477673,0.1303169213552087,0.13296954961311602,0.16216962123893375,0.15084694180258315,0.09712903913800938,0.07140592458533541,1194.2257468822443
GACTTTAAGAGAGATTTGGAAGAATGTCAGAAGATTGTCTTGGATCCATCTAATATTGAATTGGATACTCCACCAGAATTTAGATTGTCTGATGGTTTGGAACAACAATTCTCTTCATTT,0.014039392097106952,0.01511910804309586,0.012904878496427059,0.010032426669717983,0.16253808463096073,0.3393037836517295,0.33082013255132814,0.11524219385963384,2193.770481229502
GACTTTAAGAGAGATTTGGAAGAATGTCAGAAGATTGTCTTGGATCCATCTAATATTGAATTGGATACTCCACCAGAATTTAGATTGTCTGATTCTGAACAACAATTGTTTGGTTCATTT,0.0005432989477131943,0.0006637600194028476,0.0006760521870348207,0.00043113335690667185,0.0004971295563007444,0.06545021276132965,0.507588732735293,0.4241496804360191,4102.3180199800545
GACTTTAAGAGAGATTTGGAAGAATGTCAGAAGATTGTCTTGGATCCATCTAATATTGAATTGGATACTCCACCAGAATTTAGATTGTCTGATTTGTCTCAATCTGGATTTCAAGAATTT,0.014289210178241925,0.028798567505907435,0.08073756167893867,0.17427785983812694,0.2335213265937029,0.22342406998402936,0.1735247734715738,0.071426630749479,1509.6101098101542
GACTTTAAGAGAGATTTGGAAGAATGTCAGAAGATTGTCTTGGATCCATCTAATATTGAATTGGATACTCCACCAGAATTTAGATTGTCTGGTCAATCTTTGTTTGAACAAGATTCATTT,0.04667068213699846,0.023478237585654264,0.1742235109892805,0.12962386141624965,0.206953161980669,0.1283357978009248,0.1514962322769504,0.139218515813273,1745.9905900855947
GACTTTAAGAGAGATTTGGAAGAATGTCAGAAGATTGTCTTGGATCCATCTAATATTGAATTGGATACTCCACCAGAATTTAGATTGTCTGGTCAATTGTTTCAATCTTCTGATGAATTT,0.036943872567969306,0.11151030725526508,0.06895647217495468,0.0820867782283162,0.05460709588737015,0.033862953091539874,0.32550349943284124,0.28652902136174363,2848.0284881405964
GACTTTAAGAGAGATTTGGAAGAATGTCAGAAGATTGTCTTGGATCCATCTAATATTGAATTGGATACTCCACCAGAATTTAGATTGTCTGGTCAATTGTTTGATTCTTCTCAATTTGAA,0.09761660428723408,0.08787601549254996,0.1342550863076041,0.23972878429296604,0.17719584882392056,0.18366107147544705,0.04288468690736007,0.03678190241291832,928.3034185616613
GACTTTAAGAGAGATTTGGAAGAATGTCAGAAGATTGTCTTGGATCCATCTAATATTGAATTGGATACTCCACCAGAATTTAGATTGTCTGGTGAACAAGATTTGCAATCATTCTCATTT,0.012000188904149287,0.04210041057831684,0.11591779704339547,0.2624992379752197,0.30967047097561445,0.2275556236105302,0.023717794408790644,0.006538476503983361,830.6175219757095
GACTTTAAGAGAGATTTGGAAGAATGTCAGAAGATTGTCTTGGATCCATCTAATATTGAATTGGATACTCCACCAGAATTTAGATTGTCTGGTTCTTCTTTGGAGTTCTTTCAAGATCAA,0.2899308886106866,0.2862024194833639,0.15656252295950235,0.09116133436851413,0.03773393186702728,0.06518450633086723,0.04058805527308897,0.03263634110694959,636.8796602031463
GACTTTAAGAGAGATTTGGAAGAATGTCAGAAGATTGTCTTGGATCCATCTAATATTGAATTGGATACTCCACCAGAATTTAGATTGTCTGGTTTGTTCTCTCAACAAGAAGATTCATTT,0.16678579321218165,0.08390356214320469,0.15565449842398213,0.2779400371574537,0.12326384823129165,0.0764383793481375,0.11601388148374872,0.0,730.6252234265248
GACTTTAAGAGAGATTTGGAAGAATGTCAGAAGATTGTCTTGGATCCATCTAATATTGAATTGGATACTCCACCAGAATTTAGATTGTCTTCATTTGAATTGGGTCAACAAGATTCATTT,0.26758506863257725,0.22435304592604974,0.08324214119517019,0.12386580563100369,0.10986668939457075,0.08175663961983246,0.0827237589306277,0.02660685067016824,759.951765030291
GACTTTAAGAGAGATTTGGAAGAATGTCAGAAGATTGTCTTGGATCCATCTAATATTGAATTGGATACTCCACCAGAATTTAGATTGTCTTCTGAATTTGATGGTTTGTTTCAACAATCT,0.16750008648223969,0.15448197564208685,0.20842815961907243,0.31014485615972814,0.0825278334212742,0.06397145156865468,0.0129456371069439,0.0,464.7106772683956
GACTTTAAGAGAGATTTGGAAGAATGTCAGAAGATTGTCTTGGATCCATCTAATATTGAATTGGATACTCCACCAGAATTTAGATTGTCTTTGCAAGAATTTGGTTCTCAAGATTCATTT,0.05937455943910372,0.07860282376005129,0.0816596383389593,0.12845449932351027,0.19400045682106923,0.24920024404357033,0.1565057139858773,0.05220206428785853,1344.3352390705825
GACTTTAAGAGAGATTTGGAAGAATGTCAGAAGATTGTCTTGGATCCATCTAATATTGAATTGGATACTCCACCAGAATTTAGATTGTCTTTGGGTCAAGAATTTGATTCTCAATCATTT,0.23635949810211235,0.2280339862540698,0.16518682807248308,0.07913592393688232,0.07976375880437654,0.10684030304918642,0.09308967882983352,0.011590022951056026,704.0451064367071
GACTTTAAGAGAGATTTGGAAGAATGTCAGAAGATTGTCTTGGATCCATCTAATATTGAATTGGATACTCCACCAGAATTTAGATTGTCTTTGGGTGAACAATTCTCTCAAGATTCATTT,0.00019974145412935649,0.001973106911158,0.02005327188201844,0.04719536715865324,0.19314944148287613,0.312291534815899,0.295810315966931,0.12932722032833488,2194.652882613933
GACTTTAAGAGAGATTTGGAAGAATGTCAGAAGATTGTCTTGGATCCATCTAATATTGAATTGGATACTCCACCAGAATTTAGATTGTCTTTGGGTGAATCTCAATTTCAAGATTCATTT,0.04395538128531378,0.11536838315850813,0.09512300580343652,0.23567200240840613,0.27871563698254403,0.19444178794173217,0.023041842676267948,0.013681959743791328,807.2776919195647
GACTTTAAGAGAGATTTGGAAGAATGTCAGAAGATTGTCTTGGATCCATCTAATATTGAATTGGATACTCCACCAGAATTTAGATTGTTGCAATCTGAATTTGGTTCTCAAGATTCATTT,0.030792374367863362,0.15490467422630255,0.15326554283243954,0.27367426641132175,0.15171502271110718,0.08467336987028325,0.11423332252995454,0.03674142705072799,987.0070176895531
GACTTTAAGAGAGATTTGGAAGAATGTCAGAAGATTGTCTTGGATCCATCTAATATTGAATTGGATACTCCACCAGAATTTAGATTGTTGTCATTTGAACAAGGTTCTCAAGATTCATTT,0.07676399572741238,0.1287234474397912,0.40331095426652264,0.11370959341277091,0.06723887741265294,0.09381639067584871,0.05537359784547613,0.06106314321952525,941.9823527160925
GACTTTAAGAGAGATTTGGAAGAATGTCAGAAGATTGTCTTGGATCCATCTAATATTGAATTGGATACTCCACCAGAATTTAGATTGTTGTCTCAAGAATTTGGTTCTCAAGATTCATTT,0.08991985175503427,0.1357057287254349,0.22378291985549317,0.24974476199532775,0.17721520514419525,0.12363153252451455,0.0,0.0,546.141832135408
GACTTTAAGAGAGATTTGGAAGAATGTCAGAAGATTGTCTTGGATCCATCTAATATTGAATTGGATACTCCACCAGAATTTAGATTTCAAGAAGGTTTGTTGTCTTCTCAAGATTCATTT,0.3038526293379931,0.15812757113656303,0.15645433650126347,0.0698420613295717,0.051623852252058906,0.07683116161262293,0.14576253044608095,0.03750585738384603,928.4578473393801
GACTTTAAGAGAGATTTGGAAGAATGTCAGAAGATTGTCTTGGATCCATCTAATATTGAATTGGATACTCCACCAGAATTTAGATTTCAATCTTTGGATCAAGGTTTGGAATCTTCATTT,0.11263569411950246,0.22665086226081332,0.12458474725880307,0.23636504395971186,0.1479892537658603,0.06882832363940598,0.023214170244852148,0.059731904751050925,874.1712754160096
GACTTTAAGAGAGATTTGGAAGAATGTCAGAAGATTGTCTTGGATCCATCTAATATTGAATTGGATACTCCACCAGAATTTAGATTTCAATTGTCTTTGGAAGGTTCTCAAGATTCATTT,0.16417172979704586,0.10511267032484274,0.03714300552067432,0.19897006072582263,0.1764827810970231,0.027360126191654927,0.1661026549462763,0.1246569713966601,1554.5299486212955
GACTTTAAGAGAGATTTGGAAGAATGTCAGAAGATTGTCTTGGATCCATCTAATATTGAATTGGATACTCCACCAGAATTTAGATTTGGTTCTTCTTTGGAACAATTGCAAGATTCATTT,0.04915704741411917,0.07536467196732469,0.08738343398594273,0.14303093629588756,0.11533255226406383,0.11371683812536665,0.23446600801287415,0.18154851193442129,2129.493825955378
GACTTTAAGAGAGATTTGGAAGAATGTCAGAAGATTGTCTTGGATCCATCTAATATTGAATTGGATACTCCACCAGAGTTCTCTAGATCTTTGTTCTTGGGTCAAGAACAAGATTCATTT,0.08320808821314786,0.13751914025071996,0.20938102333301298,0.223401946485067,0.1902340398217671,0.13145588238661568,0.02396185259920167,0.0008380269104678267,616.3125734780647
GACTTTAAGAGAGATTTGGAAGAATGTCAGAAGATTGTCTTGGATCCATCTAATATTGAATTGGATACTCCACCAGAGTTCTCTAGATTTGGTTTGCAATCTGAATTGCAAGATTCATTT,0.13158608101087343,0.132391862791707,0.0614020086628968,0.05482037699553696,0.016208221742284156,0.030153128103806826,0.12203926736042445,0.4513990533324703,3336.966756103824
GACTTTAAGAGAGATTTGGAAGAATGTCAGAAGATTGTCTTGGATCCATCTAATATTGAATTGGATACTCCACCAGAGTTCTTGCAAAGATTGTCTGAATTTGGTTCTCAAGATTCATTT,0.14174939310257903,0.17730813264218814,0.1525495112663567,0.20429677872639282,0.13590561142944996,0.0983240880130088,0.05329670771138433,0.03656977710864014,822.0826211697176
GACTTTAAGAGAGATTTGGAAGAATGTCAGAAGATTGTCTTGGATCCATCTAATATTGAATTGGATACTCCACCAGAGTTCTTGTCTCAATTCTTGGAAAGAGGTTCTCAAGATTCATTT,0.09090715971283915,0.07621986638599128,0.09426667767299529,0.1514921556677267,0.2538114229260879,0.1666519869771306,0.11241556942744046,0.05423516122978861,1196.13458546997
GACTTTAAGAGAGATTTGGAAGAATGTCAGAAGATTGTCTTGGATCCATCTAATATTGAATTGGATACTCCACCAGCATTTAGATTGTCTCAATTGGAATTTGGTTCTCAAGATTCATTT,0.13705636997682175,0.15321738852371827,0.11369708341959012,0.11842831579560642,0.12004998400837369,0.1395851209120026,0.12711267674024315,0.09085306062364411,1341.7392192475847
GACTTTAAGAGAGATTTGGAAGAATGTCAGAAGATTGTCTTGGATCCATCTAATATTGAATTGGATACTCCACCAGCATTTAGATTGTCTCAATTGGAATTTGGTTCTCAAGCTTCATTT,0.009224856215126835,0.06496941942847011,0.07461296878301352,0.327952073752335,0.3045228015941376,0.1099221892693081,0.0812779703661053,0.027517720591503668,971.688534891032
GACTTTAAGAGAGATTTGGAAGAATGTCAGAAGATTGTCTTGGATCCATCTAATATTGAATTGGATACTCCACCAGCATTTAGATTGTCTCAATTGGCATTTGGTTCTCAAGATTCATTT,0.0027143882593346773,0.20391542178344785,0.05028930286923505,0.15010953173103292,0.4764072752426135,0.11140813813944364,0.003356605824933399,0.0017993361499589312,679.6643669383311
GACTTTAAGAGAGATTTGGAAGAATGTCAGAAGATTGTCTTGGATCCATCTAATATTGAATTGGATACTCCACCATCATTTAGATTGTTGCAAGAAGAATTTGGTTCTCAAGATTCATTT,0.0013704788019419875,0.0020683066185091434,0.0731169073597691,0.3817807805694649,0.19227439939233845,0.3088652909851053,0.026215365599580726,0.014308470673290516,938.6984584611646
GACTTTAAGAGAGATTTGGAAGAATGTCAGAAGATTGTCTTGGATCCATCTAATATTGAATTGGATACTCCACCATTTCAATTCTCTGAAGAATTGTTGAGAGGTTCTCAAGATTCATTT,0.11096232337298233,0.00023855088315132784,0.039829496394835316,0.07033018297880458,0.24391897765900503,0.33250909645074905,0.20164555977515095,0.0005658124853215704,1232.4957725858055
GACTTTAAGAGAGATTTGGAAGAATGTCAGAAGATTGTCTTGGATCCATCTAATATTGAATTGGATACTCCAGAAAGACCATCATTCTTGCAATTGGAATTTGGTTCTCAAGATTCATTT,0.20937848135708806,0.19802099541735424,0.19800994173616898,0.1977205312372429,0.09078207933508735,0.06141358292769929,0.027186275917164954,0.01748811207219426,574.3943177919482
GACTTTAAGAGAGATTTGGAAGAATGTCAGAAGATTGTCTTGGATCCATCTAATATTGAATTGGATACTCCAGAAAGATTTCCATTGTCTCAATTGGAATTTGGTTCTCAAGATTCATTT,0.05248118881294874,0.1267261514912739,0.16979244819772593,0.17491446109179692,0.1344597861120299,0.16355543961318875,0.07787773033419387,0.10019279434684196,1344.5964208753371
GACTTTAAGAGAGATTTGGAAGAATGTCAGAAGATTGTCTTGGATCCATCTAATATTGAATTGGATACTCCAGAACAATCTTTGCCAAGATTTGAGTTCTTGGGTTCTCAAGATTCATTT,0.044723826717453646,0.22498848984673095,0.05565194078171153,0.09937330848364437,0.13221344294737325,0.12298230322938807,0.1866556365156677,0.13341105147803053,1728.5210086172679
GACTTTAAGAGAGATTTGGAAGAATGTCAGAAGATTGTCTTGGATCCATCTAATATTGAATTGGATACTCCAGAACCATTCTTGTCTCAAGAATTTAGATTGGGTTCTCAAGATTCATTT,0.13639344804442663,0.13722866826388272,0.07833264022641943,0.10490434177431728,0.10338691112034995,0.08655159530617725,0.16542026671930454,0.18778212854512227,1949.8184803097636
GACTTTAAGAGAGATTTGGAAGAATGTCAGAAGATTGTCTTGGATCCATCTAATATTGAATTGGATACTCCAGAACCATTTAGATTGTCTCAATTGGAATTTGGTTCTCAAGATTCATTT,0.16870275942900367,0.3055244926605157,0.0839698806344788,0.11245382552364197,0.13299263082438928,0.030926772056434165,0.12517044966600235,0.04025918920553414,904.9050057736691
GACTTTAAGAGAGATTTGGAAGAATGTCAGAAGATTGTCTTGGATCCATCTAATATTGAATTGGATACTCCAGAATCTGAACAATTGTTCTTGAGACCATTTGGTTCTCAAGATTCATTT,0.20555104581124337,0.257230321516416,0.20927187874877035,0.1613619868103916,0.05942621603014804,0.056055629323549655,0.03387368303976226,0.017229238719718654,558.0823494001261
GACTTTAAGAGAGATTTGGAAGAATGTCAGAAGATTGTCTTGGATCCATCTAATATTGAATTGGATACTCCAGAATTGCCATTTAGATCTCAATTGGAATTTGGTTCTCAAGATTCATTT,0.17594718015637775,0.14752050998923696,0.2554291503588103,0.0651571160676333,0.0,0.13439511286710323,0.08159094334089412,0.1399599872199444,1461.1928828472264
GACTTTAAGAGAGATTTGGAAGAATGTCAGAAGATTGTCTTGGATCCATCTAATATTGAATTGGATACTCCAGAATTGTTGCCATTTCAAAGATCTGAATTTGGTTCTCAAGATTCATTT,0.3321264375431121,0.28083680598897226,0.1714673985052321,0.12168529095426901,0.03133527474675514,0.01619302585767219,0.02949223882666268,0.01686352757732446,460.62727565793267
GACTTTAAGAGAGATTTGGAAGAATGTCAGAAGATTGTCTTGGATCCATCTAATATTGAATTGGATACTCCAGAATTTAGACCATTGTCTCAATTGGAATTTGGTTCTCAAGATTCATTT,0.004444319695896636,0.011353186276692396,0.049962727812094335,0.16315228331070966,0.31764152649788746,0.31160905862257954,0.10469187086016014,0.03714502692397983,1277.696637516887
GACTTTAAGAGAGATTTGGAAGAATGTCAGAAGATTGTCTTGGATCCATCTAATATTGAATTGGATACTCCAGAATTTAGATCTTTGCCACAATTGGAATTTGGTTCTCAAGATTCATTT,0.1959686729109065,0.14787653140921722,0.21337132928510594,0.054428636857638595,0.07241579840390544,0.17962594381475025,0.13631308731847613,0.0,815.1010750388265
GACTTTAAGAGAGATTTGGAAGAATGTCAGAAGATTGTCTTGGATCCATCTAATATTGAATTGGATACTCCAGAATTTCCAAGATTGTCTCAATTGGAATTTGGTTCTCAAGATTCATTT,0.002322442620474322,0.0026414466590743263,0.01105709872357647,0.13910400671363438,0.3305462152779538,0.3932659081081105,0.12033997686231042,0.0007229050348657004,1181.247523449884
GACTTTAAGAGAGATTTGGAAGAATGTCAGAAGATTGTCTTGGATCCATCTAATATTGAATTGGATACTCCAGCTGCTGCTGCTGCTGCTGCTGCTGAATTTGGTTCTCAAGATTCATTT,0.14648348046232054,0.19650731746738173,0.18227621781314787,0.17358738921517586,0.03849220468183955,0.008951169946527195,0.09057055527805373,0.16313166513555344,1526.001180661949
GACTTTAAGAGAGATTTGGAAGAATGTCAGAAGATTGTCTTGGATCCATCTAATATTGAATTGGATACTCCAGCTGCTGCTGCTTTGTCTCAATTGGAATTTGGTTCTCAAGATTCATTT,0.1455166616491915,0.18823853425692988,0.15520556582604592,0.20785381005452744,0.061454167737968385,0.0571634390798584,0.13495915859774438,0.04960866279773413,1008.4601713245719
GACTTTAAGAGAGATTTGGAAGAATGTCAGAAGATTGTCTTGGATCCATCTAATATTGAATTGGATACTCCAGCTGCTGCTGCTTTGTCTCAATTGGAATTTGGTTCTGCTGCTGCTGCT,0.12126991604751783,0.1891916253203934,0.29097140747925493,0.21932323509478954,0.08927150051378725,0.07987660707795642,0.009018338084441977,0.0010773703818587673,473.23923365566884
GACTTTAAGAGAGATTTGGAAGAATGTCAGAAGATTGTCTTGGATCCATCTAATATTGAATTGGATACTCCAGCTGCTGCTGCTTTGTCTCAATTGGCTGCTGCTGCTCAAGATTCATTT,0.013787902251461665,0.06242550291543096,0.12867696750045554,0.1684968081640409,0.3124938220045171,0.2401232475005612,0.057544039941421904,0.016451709722110602,964.5448982034465
GACTTTAAGAGAGATTTGGAAGAATGTCAGAAGATTGTCTTGGATCCATCTAATATTGAATTGGATACTCCATCATTTAGAGAACCATTGCAATTGGAATTTGGTTCTCAAGATTCATTT,0.07565150431503585,0.1682536901429418,0.16845513054892175,0.21675086774871125,0.18048337473214293,0.13868515474176776,0.018463907289304072,0.03325637048117457,799.8614062308101
GACTTTAAGAGAGATTTGGAAGAATGTCAGAAGATTGTCTTGGATCCATCTAATATTGAATTGGATACTCCATCTGAAAGACAATTGCCATTGTTTGAATTTGGTTCTCAAGATTCATTT,0.061585614728264924,0.13941616721863365,0.1915846225276806,0.11973417520953328,0.09103029365862317,0.09878698728551161,0.24274922381965655,0.055112915552096325,1348.222998905765
GACTTTAAGAGAGATTTGGAAGAATGTCAGAAGATTGTCTTGGATCCATCTAATATTGAATTGGATACTCCATCTGAAAGATTGCCATTTCAATTGGAATTTGGTTCTCAAGATTCATTT,0.13427145948429103,0.21822826115088814,0.051409301933786476,0.17212042658247068,0.18320117985231008,0.12307394482492037,0.10537138332502895,0.012324042846304258,832.9779182158987
GACTTTAAGAGAGATTTGGAAGAATGTCAGAAGATTGTCTTGGATCCATCTAATATTGAATTGGATACTCCATTGCAAAGATTGGAAGAATCTCCATTCTTTGGTTCTCAAGATTCATTT,0.1918234868016258,0.2701973945092016,0.09547795983977737,0.10655469314361679,0.056707230775302785,0.03516528876862204,0.1067438027424406,0.137330143419413,1416.7700564547013
GACTTTAAGAGAGATTTGGAAGAATGTCAGAAGATTGTCTTGGATCCATCTAATATTGAATTGGATACTCCATTGTCTCCAGAATTTAGACAATTGGAATTTGGTTCTCAAGATTCATTT,0.06419421964889753,0.1291746399693332,0.0,0.10697640039286736,0.09488609785920268,0.2942038418846398,0.11907362047021143,0.19149117977484806,2092.530253488113
GACTTTAAGAGAGATTTGGAAGAATGTCAGAAGATTGTCTTGGATCCATCTAATATTGAATTGGATACTCCATTGTTGAGACCACAATTCTCTGAAGAATTTGGTTCTCAAGATTCATTT,0.19728682045599016,0.2407971256632368,0.24146870177992866,0.20480657351178197,0.0509921854023715,0.04150292310844925,0.01349803007653479,0.009647640001706733,457.2173743055017
GACTTTAAGAGAGATTTGGAAGAATGTCAGAAGATTGTCTTGGATCCATCTAATATTGAATTGGATACTCCATTGTTGCCATCTGAACAAAGATTTGAATTTGGTTCTCAAGATTCATTT,0.11127677313773933,0.2239163772943146,0.18462249598824143,0.1236247199277078,0.07310190054253698,0.13599585486545962,0.10320343735170359,0.044258440892296705,981.2150154194948
GACTTTAAGAGAGATTTGGAAGAATGTCAGAAGATTGTCTTGGATCCATCTAATATTGAATTGGATACTCCATTGTTTGAACCAAGATCTCAATTGGAATTTGGTTCTCAAGATTCATTT,0.24189409554756516,0.15210960033650417,0.1505000451538421,0.03359201674685785,0.029795500471362372,0.055430358549834025,0.08412908675252849,0.25254929644150603,2059.6537600333086
GACTTTAAGAGAGATTTGGAAGAATGTCAGAAGATTGTCTTGGATCCATCTAATATTGAATTGGATACTCCATTGTTTGAATCTCCAAGACAATTGGAATTTGGTTCTCAAGATTCATTT,0.004507107064334921,0.0007442457771384429,0.009161819061547637,0.12495173678221937,0.32547168773870794,0.3921996165022499,0.1337475048237291,0.009216282250072724,1257.0064202168833
GACTTTAAGAGAGATTTGGAAGAATGTCAGAAGATTGTCTTGGATCCATCTAATATTGAATTGGATACTCCATTTAGAGAACAATTGCCATCTTTGGAATTTGGTTCTCAAGATTCATTT,0.1702369390601897,0.04893697245830046,0.12104785872116722,0.0,0.07189396244826048,0.15604009761663723,0.315771868285522,0.11607230140992293,1901.5002074800077
GACTTTAAGAGAGATTTGGAAGAATGTCAGAAGATTGTCTTGGATCCATCTAATATTGAATTGGATACTCCATTTCCAAGAGAATTGTCTCAATTGGAATTTGGTTCTCAAGATTCATTT,0.1466468613023827,0.18778437926317884,0.08294523645571612,0.13329792651264102,0.15764374264551126,0.13441730495816023,0.06182152735222428,0.09544302151018544,1230.4025463010303
GACTTTAAGAGAGATTTGGAAGAATGTCAGAAGATTGTCTTGGATCCATCTAATATTGAATTGGATACTCCATTTCCAGAAAGATTGTCTCAATTGGAATTTGGTTCTCAAGATTCATTT,0.13958929119499083,0.19506122431951084,0.12544816337620204,0.17230996332927967,0.10698503583756258,0.12084005930445527,0.09350021043810909,0.04626605219988953,975.6706690352598
GACTTTAAGAGAGATTTGGAAGAATGTCAGAAGATTGTCTTGGATCCATCTAATATTGAATTGGATACTCCATTTGAAAGACCATTGTCTCAATTGGAATTTGGTTCTCAAGATTCATTT,0.00753474753715994,0.01749435551319211,0.04976405963488451,0.18609041015989802,0.322121609799233,0.27944317594292956,0.11127185738453768,0.026279784028165144,1198.2039098415578
GACTTTAAGAGAGATTTGGAAGAATGTCAGAAGATTGTCTTGGATCCATCTAATATTGAATTGGATACTCCATTTGAACCAAGATTGTCTCAATTGGAATTTGGTTCTCAAGATTCATTT,0.00016878540645908147,0.0006981447053566975,0.038225012850633705,0.13112497501092013,0.30375059159063433,0.38026763868212593,0.12401423923363131,0.021750612520238896,1290.2850152698297
GACTTTAAGAGAGATTTGGAAGAATGTCAGAAGATTGTCTTGGATCCATCTAATATTGAATTGGATACTCCATTTGAATTGCCATCTAGACAATTGGAATTTGGTTCTCAAGATTCATTT,0.00041406908934916076,0.0004686802726211607,0.000450839773000201,0.002300083555538972,0.009639622624446063,0.18165635766406352,0.584346013233002,0.22072433378797898,3174.460774834321
GACTTTAAGAGAGATTTGGAAGAATGTCAGAAGATTGTCTTGGATCCATCTAATATTGAATTGGATACTCCATTTGAATTGTTGTTTGAACAAAGACCATCTGGTTCTCAAGATTCATTT,0.1379146571654566,0.1324519566448876,0.11700929444759917,0.1950053705103047,0.16061144715607173,0.11492119953875328,0.05232628374760546,0.08975979078932154,1172.064040775109
GACTTTAAGAGAGATTTGGAAGAATGTCAGAAGATTGTCTTGGATCCATCTAATATTGAATTGGATACTGAACCACCATTTAGATTGTCTCAATTGGAATTTGGTTCTCAAGATTCATTT,0.02858157365054672,0.0006275508765197881,0.0009131035532314931,0.07512332669272259,0.20318909612911285,0.38035899858315675,0.2892732894856251,0.021933061029084797,1606.6176913516692
GACTTTAAGAGAGATTTGGAAGAATGTCAGAAGATTGTCTTGGATCCATCTAATATTGAATTGGATACTGATCCAGAATTTAGATTGACTGATTTGGAATTTGGTACTGATGATTCATTT,0.0005541465883228522,0.0005575399656569239,0.0004309690071994622,0.0005386833028359932,0.0004778021731924209,0.08749158933849044,0.5582697451706369,0.3516795244536651,3802.9870959287473
GACTTTAAGAGAGATTTGGAAGAATGTCAGAAGATTGTCTTGGATCCATCTAATATTGAATTGGATAGACCAACTCCAGAGTTCTTGTCTCAATTGGAATTTGGTTCTCAAGATTCATTT,0.35457362838833256,0.20873371740713775,0.15489374351819526,0.07962198058026486,0.06690621888274115,0.01728745225888746,0.05947262920115069,0.058510629763290266,792.5693255237272
GACTTTAAGAGAGATTTGGAAGAATGTCAGAAGATTGTCTTGGATCCATCTAATATTGAATTGGATAGAGAACCAACATTTCCATTGTCTCAATTGGAATTTGGTTCTCAAGATTCATTT,0.09338152975360538,0.11957700590174129,0.21655265778349192,0.21220304649186253,0.17148951179296273,0.136172295683218,0.03542994285814378,0.015194009734974413,723.3840591614339
GACTTTAAGAGAGATTTGGAAGAATGTCAGAAGATTGTCTTGGATCCATCTAATATTGAATTGGATAGATTGCAATTGGAAACTCCATCATTTCCAGAATTTGGTTCTCAAGATTCATTT,0.031939571438466416,0.06427031380557569,0.0,0.0887094508214197,0.07868364985889524,0.014637991826585137,0.34065640897910976,0.3811026132699481,3449.417364321561
GACTTTAAGAGAGATTTGGAAGAATGTCAGAAGATTGTCTTGGATCCATCTAATATTGAATTGGATAGATTGTTGGAACCATCTCAATTTACTCCAGAATTTGGTTCTCAAGATTCATTT,0.0003376633028753157,0.00037370412320742553,0.0003361361406659899,0.00041264572181447695,0.004491930587799449,0.11532119292869905,0.4765121766505803,0.40221455054435806,3953.229740645283
GACTTTAAGAGAGATTTGGAAGAATGTCAGAAGATTGTCTTGGATCCATCTAATATTGAATTGGATCAATTGTTGCCAAGAGAATTTACTCCATCTGAATTTGGTTCTCAAGATTCATTT,0.1468951922148219,0.2830111679011642,0.17501029460804945,0.19791803798312638,0.09547437447380894,0.05156614203069487,0.02029071743704356,0.029834073351290787,628.7162409295703
GACTTTAAGAGAGATTTGGAAGAATGTCAGAAGATTGTCTTGGATCCATCTAATATTGAATTGGATCCAACTAGATTTCCAGAATCTTTGCAATTGGAATTTGGTTCTCAAGATTCATTT,0.20192611281758535,0.0,0.18844955079201586,0.1682497957969982,0.14923447162323172,0.1850865654031985,0.04681899992743191,0.06023450363953844,1045.6522777915147
GACTTTAAGAGAGATTTGGAAGAATGTCAGAAGATTGTCTTGGATCCATCTAATATTGAATTGGATCCAACTCCAGAATTTAGATTGCAATCTTTGGAATTTGGTCAATCTGATTCATTT,0.36061624727998576,0.2922753080771436,0.12464766491209044,0.07790074773818076,0.06909652919750815,0.018363488865173545,0.009290357535924098,0.04780965639399366,607.4769562597003
GACTTTAAGAGAGATTTGGAAGAATGTCAGAAGATTGTCTTGGATCCATCTAATATTGAATTGGATCCAACTCCAGAATTTAGATTGCCAACTTTGGAATTTGGTCCAACTGATTCATTT,0.2104921369344688,0.2329592194512158,0.07857755115879714,0.09353984930277635,0.04148406219541339,0.019293822936499224,0.09761027146362843,0.22604308655720087,1905.60223527605
GACTTTAAGAGAGATTTGGAAGAATGTCAGAAGATTGTCTTGGATCCATCTAATATTGAATTGGATCCAACTCCAGAATTTAGATTGTCTCAATTGGAATTTGGTTCTCAAGATTCATTT,0.0377916957645094,0.0422479081701947,0.041800859861596595,0.051315356795252114,0.05379137261943492,0.08852462949658424,0.3388151036729649,0.3457130736194632,3292.5482012695247
GACTTTAAGAGAGATTTGGAAGAATGTCAGAAGATTGTCTTGGATCCATCTAATATTGAATTGGATCCAACTGAACCATTTAGATTGTCTCAATTGGAATTTGGTTCTCAAGATTCATTT,0.0016439330700525816,0.002303023585981606,0.008374136881905742,0.03753634561347853,0.14744223984692634,0.25292576418339513,0.37706057107915986,0.17271398573910018,2556.377453105334
GACTTTAAGAGAGATTTGGAAGAATGTCAGAAGATTGTCTTGGATCCATCTAATATTGAATTGGATCCAAGAGAATTTCCAACTTTGTCTCAATTGGAATTTGGTTCTCAAGATTCATTT,0.0021261743305803073,0.0008021978219969664,0.17494676404297937,0.22262863672909997,0.1639451678496985,0.24750558483084345,0.1737751370545792,0.014270337340222334,1171.8983104523586
GACTTTAAGAGAGATTTGGAAGAATGTCAGAAGATTGTCTTGGATCCATCTAATATTGAATTGGATCCACCAACTGAATTTAGATTGCAATCTTTGGAATTTGGTCAATCTGATTCATTT,0.02684102937951853,0.029082731314058696,0.03211494527776814,0.05390443208348018,0.07833068934550375,0.16654089671981967,0.38776667418662936,0.22541860169322162,2773.500953707602
GACTTTAAGAGAGATTTGGAAGAATGTCAGAAGATTGTCTTGGATCCATCTAATATTGAATTGGATCCACCAACTGAATTTAGATTGTCTCAATTGGAATTTGGTTCTCAAGATTCATTT,0.0409528387269247,0.2266198985643353,0.15287857432720756,0.09099442902777014,0.12106557519690506,0.1313815759239494,0.1139449035073212,0.12216220472558663,1499.3228289811932
GACTTTAAGAGAGATTTGGAAGAATGTCAGAAGATTGTCTTGGATCCATCTAATATTGAATTGGATCCACCAGAAACATTTAGATTGTCTCAATTGGAATTTGGTTCTCAAGATTCATTT,0.01278575610756,0.005097076845245375,0.01857824090959184,0.0634886415411063,0.27702318581471796,0.390870892206703,0.2082008468510564,0.023955359724019062,1479.9478451751474
GACTTTAAGAGAGATTTGGAAGAATGTCAGAAGATTGTCTTGGATCCATCTAATATTGAATTGGATCCATTGGAAACTCAATTGCCATTTAGATCTGAATTTGGTTCTCAAGATTCATTT,0.00432680906934941,0.13697362472715996,0.17719293335685568,0.31425357766365297,0.16719660091397281,0.1354097710379651,0.06427791581692317,0.00036876741412093355,726.9259043911844
GACTTTAAGAGAGATTTGGAAGAATGTCAGAAGATTGTCTTGGATCCATCTAATATTGAATTGGATCCATTTAGAGAAACTCCATTGTCTCAATTGGAATTTGGTTCTCAAGATTCATTT,0.038650367328611775,0.15554818834663248,0.14428335710306361,0.23616585795523828,0.17138844696742586,0.17713567702081154,0.05376931749649071,0.02305878778172582,864.8990580440677
GACTTTAAGAGAGATTTGGAAGAATGTCAGAAGATTGTCTTGGATCCATCTAATATTGAATTGGATGAAACTCCACCATTTAGATTGTCTCAATTGGAATTTGGTTCTCAAGATTCATTT,0.07995517943254449,0.09653375247837982,0.0895427586099454,0.07994474270650001,0.18121320527409496,0.2418482524368944,0.19280113638244925,0.03816097267919182,1315.6362318032113
GACTTTAAGAGAGATTTGGAAGAATGTCAGAAGATTGTCTTGGATCCATCTAATATTGAATTGGATGAACCAACTCCATTTAGATTGTCTCAATTGGAATTTGGTTCTCAAGATTCATTT,0.17296711282438842,0.15952410456249203,0.269038793932461,0.1281070629965829,0.02840715165052254,0.05284752987725115,0.12031352156155455,0.06879472259474735,1057.2966433283998
GACTTTAAGAGAGATTTGGAAGAATGTCAGAAGATTGTCTTGGATCCATCTAATATTGAATTGGATGAACCACCAACATTTAGATTGTCTCAATTGGAATTTGGTTCTCAAGATTCATTT,0.11653181900647942,0.1406944972378864,0.11600477627291829,0.20714063617945097,0.022966241389408545,0.14953917239724793,0.10807721991927981,0.13904563759732871,1574.6472563463549
GACTTTAAGAGAGATTTGGAAGAATGTCAGAAGATTGTCTTGGATCCATCTAATATTGAATTGGATGAACCACCAACTAGATTCTTGTCTCAATTGGAATTTGGTTCTCAAGATTCATTT,0.00016841766703013991,0.006568165653563352,0.03702402411750488,0.1614549298127644,0.3754881270724277,0.34194253392896806,0.0684447624296382,0.008909039318103202,1083.6509173718607
GACTTTAAGAGAGATTTGGAAGAATGTCAGAAGATTGTCTTGGATCCATCTAATATTGAATTGGATGAACCACCAGAATTTAGATTGGAACAATTGGAATTTGGTGAACAAGATTCATTT,0.1594218918557438,0.08019906463669171,0.29756412865500237,0.08855615675796201,0.07854768084654239,0.0,0.29571107724805773,0.0,1010.9852373926185
GACTTTAAGAGAGATTTGGAAGAATGTCAGAAGATTGTCTTGGATCCATCTAATATTGAATTGGATGAACCACCAGAATTTAGATTGGAACAATTGGAATTTGGTGCTCAAGATTCATTT,0.21859564055483885,0.25003049862821775,0.1889744913424279,0.21984527699851125,0.04988339186311119,0.04218230411412331,0.027742837797465527,0.002745558701304173,445.51714425317846
GACTTTAAGAGAGATTTGGAAGAATGTCAGAAGATTGTCTTGGATCCATCTAATATTGAATTGGATGAACCACCAGAATTTAGATTGGCTCAATTGGAATTTGGTGAACAAGATTCATTT,0.05250432964758999,0.03521723044096075,0.0653335829867803,0.13610456777440472,0.293182597712446,0.1764610909478799,0.17854849240485335,0.06264810808508493,1432.6303772347487
GACTTTAAGAGAGATTTGGAAGAATGTCAGAAGATTGTCTTGGATCCATCTAATATTGAATTGGATGAACCACCAGAATTTAGATTGGCTCAATTGGAATTTGGTGCTCAAGATTCATTT,0.005685236113351562,0.00038808600715997427,0.04351071553904808,0.07074409617937248,0.24304590276786764,0.3627491605703306,0.24990401905082432,0.0239727837720453,1533.0331455387327
GACTTTAAGAGAGATTTGGAAGAATGTCAGAAGATTGTCTTGGATCCATCTAATATTGAATTGGATGAACCACCAGAATTTAGATTGTCTCAATTGGAATTTGGTGAACAAGATTCATTT,0.22299961915982183,0.16509890732902388,0.23036807137739143,0.20100066986741258,0.07877660433657285,0.06941976966093663,0.02731592621174288,0.005020432057097858,503.5585187166962
GACTTTAAGAGAGATTTGGAAGAATGTCAGAAGATTGTCTTGGATCCATCTAATATTGAATTGGATGAACCACCAGAATTTAGATTGTCTCAATTGGAATTTGGTTCTCAAGATTCATTT,0.06773305730708928,0.15333261323152014,0.14749594677031225,0.20693510432717804,0.15017533211934214,0.1396900936890845,0.09422834800995135,0.04040950454552233,1003.1961134279059
GACTTTAAGAGAGATTTGGAAGAATGTCAGAAGATTGTCTTGGATCCATCTAATATTGAATTGGATGAACCACCATCATTCTTGACTAGACAATTGGAATTTGGTTCTCAAGATTCATTT,0.0683172125588102,0.06587157880606982,0.11334705299150279,0.15179621102726332,0.1654955467585027,0.16959563276008374,0.16368173698334515,0.10189502811442233,1568.184065030546
GACTTTAAGAGAGATTTGGAAGAATGTCAGAAGATTGTCTTGGATCCATCTAATATTGAATTGGATGAAGAACCAGAATTTAGAGAAGAACAATTGGAATTTGAAGAACAAGATTCATTT,0.08224585309406285,0.11584929241841929,0.19445045729678548,0.21015641103450866,0.21882310579026704,0.11308048960652119,0.04576725856378283,0.01962713219565265,772.7797562314333
GACTTTAAGAGAGATTTGGAAGAATGTCAGAAGATTGTCTTGGATCCATCTAATATTGAATTGGATGAAGAACCAGAATTTAGATTGGAAGAATTGGAATTTGGTTCTCAAGATTCATTT,0.06076267708105453,0.04585107299251711,0.11341474404738627,0.20251581864900908,0.14968983591861165,0.2506292906805996,0.1408855810748172,0.03625097955600455,1208.7340441848444
GACTTTAAGAGAGATTTGGAAGAATGTCAGAAGATTGTCTTGGATCCATCTAATATTGAATTGGATGAAGAACCAGAATTTAGATTGGCTCAATTGGAATTTGAAGAACAAGATTCATTT,0.0388341341883377,0.11721581778863747,0.19329248812378522,0.21571702823938496,0.24236024179085194,0.10678673130036691,0.024011097265571324,0.061782461303064355,990.3375903553427
GACTTTAAGAGAGATTTGGAAGAATGTCAGAAGATTGTCTTGGATCCATCTAATATTGAATTGGATGAAGAACCAGAATTTAGATTGGCTCAATTGGAATTTGGTGCTCAAGATTCATTT,0.10442846439492134,0.07004529569039875,0.12994520243419191,0.11601648124108277,0.24011046069742933,0.15953282395796323,0.09685198607957068,0.08306928550444186,1313.9353985752946
GACTTTAAGAGAGATTTGGAAGAATGTCAGAAGATTGTCTTGGATCCATCTAATATTGAATTGGATGAAGAACCAGAATTTAGATTGTCTCAATTGGAATTTGAAGAACAAGATTCATTT,0.05006674679264416,0.06044800320104815,0.01246007701997383,0.04449796575082706,0.07893775294854553,0.02753487028138868,0.17645038436336777,0.549604199642205,4097.259277488867
GACTTTAAGAGAGATTTGGAAGAATGTCAGAAGATTGTCTTGGATCCATCTAATATTGAATTGGATGAAGAACCAGAATTTAGATTGTCTCAATTGGAATTTGGTTCTCAAGATTCATTT,0.10441460285694101,0.08404319769197727,0.0,0.18560173046821563,0.1646253182512083,0.07656559105137063,0.13557478231054626,0.24917477736974084,2292.407014331646
GACTTTAAGAGAGATTTGGAAGAATGTCAGAAGATTGTCTTGGATCCATCTAATATTGAATTGGATGAATTTCCACCAACTAGATTGTCTCAATTGGAATTTGGTTCTCAAGATTCATTT,0.06822098606148301,0.10677138071050293,0.1084712591394269,0.23579484798972286,0.2278194117834486,0.1841211879667264,0.05975634799965379,0.009044578349035342,825.3719820580433
GACTTTAAGAGAGATTTGGAAGAATGTCAGAAGATTGTCTTGGATCCATCTAATATTGAATTGGATGATCCACCAGAATTTAGATTGGATCAATTGGAATTTGGTGCTCAAGATTCATTT,0.30311823449230835,0.1355441832019504,0.25145609210939396,0.07483423896299564,0.13275318472830583,0.030871090062721634,0.031236271746848912,0.04018670469547523,677.3120738737616
GACTTTAAGAGAGATTTGGAAGAATGTCAGAAGATTGTCTTGGATCCATCTAATATTGAATTGGATGATCCACCAGAATTTAGATTGGCTCAATTGGAATTTGGTGATCAAGATTCATTT,0.020381946449853142,0.017577220741328572,0.009661792510856134,0.014017498272072017,0.007651238722676759,0.007117029401066388,0.2646447793121459,0.6589484945900013,4907.649907921449
GACTTTAAGAGAGATTTGGAAGAATGTCAGAAGATTGTCTTGGATCCATCTAATATTGAATTGGATGATCCACCAGAATTTAGATTGGCTCAATTGGAATTTGGTGCTCAAGATTCATTT,0.13377042182879118,0.204315232698258,0.24074176214288293,0.1942713461981881,0.14816954231774676,0.0653967952862952,0.010037814946876047,0.003297084580961854,492.63015185206507
GACTTTAAGAGAGATTTGGAAGAATGTCAGAAGATTGTCTTGGATCCATCTAATATTGAATTGGATGATGATCCAGAATTTAGAGATGATCAATTGGAATTTGATGATCAAGATTCATTT,0.2774279247280338,0.25604111106564803,0.1998621778953597,0.16453476618928364,0.04110966443656471,0.02867954141816203,0.01741127924202115,0.014933535024927063,457.893405331567
GACTTTAAGAGAGATTTGGAAGAATGTCAGAAGATTGTCTTGGATCCATCTAATATTGAATTGGATGATGATCCAGAATTTAGAGATGATCAATTGGAATTTGGTGCTCAAGATTCATTT,0.005271622040224581,0.1286065288606819,0.1357408410019774,0.2445852507198928,0.2866851909672539,0.15902533453535597,0.0233324083529274,0.016752823521686028,800.6678647021776
GACTTTAAGAGAGATTTGGAAGAATGTCAGAAGATTGTCTTGGATCCATCTAATATTGAATTGGATGATGATCCAGAATTTAGATTGGATGATTTGGAATTTGATGATCAAGATTCATTT,0.09492481942469977,0.010611789106042758,0.01312437492513095,0.07030550272481989,0.07275296780352226,0.09667622452854628,0.35215139254595407,0.28945292894128394,2995.8270956017705
GACTTTAAGAGAGATTTGGAAGAATGTCAGAAGATTGTCTTGGATCCATCTAATATTGAATTGGATGATGATCCAGAATTTAGATTGGATGATTTGGAATTTGGTTCTCAAGATTCATTT,0.19930020617123087,0.15277763262079902,0.09447563038863524,0.13706690391431947,0.11222383436095504,0.12178643012755833,0.11442513794478557,0.06794422447171647,1144.49465595906
GACTTTAAGAGAGATTTGGAAGAATGTCAGAAGATTGTCTTGGATCCATCTAATATTGAATTGGATGATGATCCAGAATTTAGATTGGCTCAATTGGAATTTGATGATCAAGATTCATTT,0.10650411137771827,0.0659423390584971,0.10194463588979087,0.1274241819020387,0.12109596818800365,0.1426786637342393,0.19755408206641156,0.13685601778330053,1797.1055433681895
GACTTTAAGAGAGATTTGGAAGAATGTCAGAAGATTGTCTTGGATCCATCTAATATTGAATTGGATGATGATCCAGAATTTAGATTGGCTCAATTGGAATTTGGTGCTCAAGATTCATTT,0.18902647377359402,0.1479208874044642,0.0784048153354049,0.046667111044632684,0.0827857368377584,0.1155084577318898,0.038958278521448814,0.3007282393508071,2345.651867609454
GACTTTAAGAGAGATTTGGAAGAATGTCAGAAGATTGTCTTGGATCCATCTAATATTGAATTGGATGATGATCCAGAATTTAGATTGTCTCAATTGGAATTTGATGATCAAGATTCATTT,0.4388438962277817,0.14717706829890218,0.018202463368184225,0.03250271207151202,0.10090257546929132,0.10726578267346527,0.067834159927608,0.08727134196325533,1075.8969888650558
GACTTTAAGAGAGATTTGGAAGAATGTCAGAAGATTGTCTTGGATCCATCTAATATTGAATTGGATGATGATCCAGAATTTAGATTGTCTCAATTGGAATTTGGTTCTCAAGATTCATTT,0.23447550225081978,0.1834865967456557,0.09725626303896058,0.1302471642477712,0.07701789134370408,0.03582025192056183,0.1328945876583099,0.10880174279421691,1317.5611076104462
GACTTTAAGAGAGATTTGGAAGAATGTCAGAAGATTGTCTTGGATCCATCTAATATTGAATTGGATGCTCCACCAGAATTTAGAGAAGAACAATTGGAATTTGAAGAACAAGATTCATTT,0.3376961766458165,0.2822084296092506,0.18714318687979675,0.09737993066108254,0.04136869859849847,0.032560285119929866,0.012835889106250279,0.008807403379374754,390.93956783630244
GACTTTAAGAGAGATTTGGAAGAATGTCAGAAGATTGTCTTGGATCCATCTAATATTGAATTGGATGCTCCACCAGAATTTAGAGAAGAACAATTGGAATTTGGTGCTCAAGATTCATTT,0.16888833388029786,0.13593803207409305,0.12609337231190393,0.07505168378369528,0.03328473095862582,0.030960791765264645,0.18796220731678584,0.24182084790933364,2227.374522567306
GACTTTAAGAGAGATTTGGAAGAATGTCAGAAGATTGTCTTGGATCCATCTAATATTGAATTGGATGCTCCACCAGAATTTAGAGATGATCAATTGGAATTTGATGATCAAGATTCATTT,0.1424938664752921,0.25487367693376234,0.1379091430082473,0.14071631252977343,0.14041437617135913,0.08707376498240584,0.058735854580788956,0.037783005318370894,814.9831424535698
GACTTTAAGAGAGATTTGGAAGAATGTCAGAAGATTGTCTTGGATCCATCTAATATTGAATTGGATGCTCCACCAGAATTTAGAGATGATCAATTGGAATTTGGTGCTCAAGATTCATTT,0.05602380314961664,0.056366871044975855,0.24399559729784795,0.03112027235496584,0.22082486957751196,0.15405516148109202,0.10391834514106214,0.13369507995292756,1618.0793708692918
GACTTTAAGAGAGATTTGGAAGAATGTCAGAAGATTGTCTTGGATCCATCTAATATTGAATTGGATGCTCCACCAGAATTTAGATTGGAACAATTGGAATTTGGTGAACAAGATTCATTT,0.18488447235223207,0.10629521866895945,0.06573153163050532,0.08802873284475618,0.10410648739290926,0.33893221145667624,0.04899164622634382,0.06302969942761766,1187.2164316455364
GACTTTAAGAGAGATTTGGAAGAATGTCAGAAGATTGTCTTGGATCCATCTAATATTGAATTGGATGCTCCACCAGAATTTAGATTGGAACAATTGGAATTTGGTGCTCAAGATTCATTT,0.002679180703385417,0.002428990447379238,0.0021614937499501415,0.011644247012323389,0.075982139213049,0.25102637862625327,0.4694362856162092,0.18464128463145046,2799.212076051789
GACTTTAAGAGAGATTTGGAAGAATGTCAGAAGATTGTCTTGGATCCATCTAATATTGAATTGGATGCTCCACCAGAATTTAGATTGGATCAATTGGAATTTGGTGATCAAGATTCATTT,0.23267229437929024,0.2223922342275073,0.231619978856379,0.1680191667202837,0.04585535627007752,0.06398060443531853,0.021579148890961495,0.013881216220182284,511.52593137107965
GACTTTAAGAGAGATTTGGAAGAATGTCAGAAGATTGTCTTGGATCCATCTAATATTGAATTGGATGCTCCACCAGAATTTAGATTGGATCAATTGGAATTTGGTGCTCAAGATTCATTT,0.2198016246623542,0.17691808319020036,0.0,0.14651528898076777,0.1732751522397199,0.1611770848698482,0.12231276605710957,0.0,816.1292590150156
GACTTTAAGAGAGATTTGGAAGAATGTCAGAAGATTGTCTTGGATCCATCTAATATTGAATTGGATGCTCCACCAGAATTTAGATTGGCTCAATTGGAATTTGAAGAACAAGATTCATTT,0.2571814076145211,0.08030367500752437,0.06621161478256084,0.16749092841692328,0.24468931566769725,0.13006006454670774,0.03289964422490099,0.02116334973916451,746.4867485295595
GACTTTAAGAGAGATTTGGAAGAATGTCAGAAGATTGTCTTGGATCCATCTAATATTGAATTGGATGCTCCACCAGAATTTAGATTGGCTCAATTGGAATTTGATGATCAAGATTCATTT,0.1563563090469122,0.20975169870989618,0.06485381276292515,0.11580437000947429,0.1027163443982822,0.1433170371915056,0.14501236952021157,0.06218805836079285,1196.3331672324282
GACTTTAAGAGAGATTTGGAAGAATGTCAGAAGATTGTCTTGGATCCATCTAATATTGAATTGGATGCTCCACCAGAATTTAGATTGGCTCAATTGGAATTTGGTGAACAAGATTCATTT,0.031130483150115098,0.05568198057542464,0.10329896057248134,0.14218241060731776,0.06816928693238196,0.11730796127595625,0.30475903941263965,0.17746987747368323,2251.6266073068173
GACTTTAAGAGAGATTTGGAAGAATGTCAGAAGATTGTCTTGGATCCATCTAATATTGAATTGGATGCTCCACCAGAATTTAGATTGGCTCAATTGGAATTTGGTGATCAAGATTCATTT,0.34051918493621924,0.27357216333414647,0.12016050410749786,0.10728059681746621,0.04256975121830756,0.05124386508594949,0.04949322125499162,0.01516071324542156,533.7359013500236
GACTTTAAGAGAGATTTGGAAGAATGTCAGAAGATTGTCTTGGATCCATCTAATATTGAATTGGATTATCCACCAGAATTTAGATTGTATCAATTGGAATTTGGTTATCAAGATTCATTT,0.12869000172852502,0.1294780490506405,0.1245494159932007,0.15885580683772982,0.12681195871216835,0.15727726734172076,0.10609182576765545,0.0682456745683594,1189.1882875093127
GACTTTAAGAGAGATTTGGAAGAATGTCAGAAGATTGTCTTGGATCCATCTAATATTGAATTGGATTATCCACCAGAATTTAGATTGTCTCAATTGGAATTTGGTTCTCAAGATTCATTT,0.18574635855567426,0.26697685246956837,0.0660379559587503,0.1179188016974741,0.20918361276348313,0.048644604364734674,0.07383004995293221,0.03166176423738298,790.5248756196474
GACTTTAAGAGAGATTTGGAAGAATGTCAGAAGATTGTCTTGGATCCATCTAATATTGAATTGGATTCTAGATTTCCAACTTTGTTGGAACAACCAGAATTTGGTTCTCAAGATTCATTT,0.007474200590179873,0.016496862808645832,0.06523450822250754,0.19052878684613297,0.34680566093897347,0.2902719045158866,0.0715517442494187,0.011636331828255027,1043.1053692151706
GACTTTAAGAGAGATTTGGAAGAATGTCAGAAGATTGTCTTGGATCCATCTAATATTGAATTGGATTCTCCACCAGAATTTAGATTGTCTCAATTGGAATTTGGTTCTCAAGATTCATTT,0.2942936342681743,0.2842519426311811,0.14648131082518062,0.10462407803397077,0.06959972342242492,0.05395022686929847,0.03275305038862603,0.014046033561143709,511.13736136132013
GACTTTAAGAGAGATTTGGAAGAATGTCAGAAGATTGTCTTGGATCCATCTAATATTGAATTGGATTCTCCACCAGAATTTAGATTGTCTCCATTGGAATTTGGTTCTCCAGATTCATTT,0.023777028208856205,0.023922629445597036,0.047338981941916936,0.08717105664991023,0.0820051299756815,0.0828177793154538,0.29549627495824704,0.35747111950433724,3281.883615910037
GACTTTAAGAGAGATTTGGAAGAATGTCAGAAGATTGTCTTGGATCCATCTAATATTGAATTGGATTCTGAACCAGAATTTAGATTGTCTGAATTGGAATTTGGTTCTGAAGATTCATTT,0.1603963625040687,0.12551666337736214,0.1774121466557446,0.07919774104338372,0.1756173459583743,0.13068459733910728,0.06611524872167082,0.08505989440028844,1176.77057223648
GACTTTAAGAGAGATTTGGAAGAATGTCAGAAGATTGTCTTGGATCCATCTAATATTGAATTGGATTCTGGTCCAGAATTTAGATTGTCTGGTTTGGAATTTGGTTCTGGTGATTCATTT,0.01129574458586266,0.036064664600091736,0.00684049961864709,0.058562882142024576,0.18098842841602822,0.3632782411175232,0.2681213243923531,0.0748482151274695,1847.4856993935703
GACTTTAAGAGAGATTTGGAAGAATGTCAGAAGATTGTCTTGGATCCATCTAATATTGAATTGGATTCTTCTCCAGAATTTAGATTGTCTTCTTTGGAATTTGGTTCTTCTGATTCATTT,0.04097322412734409,0.06478077281254871,0.0801191148670189,0.08453688657548263,0.13266163309468426,0.16095547923957143,0.2334318941266622,0.20254099515668772,2303.7831538677306
GACTTTAAGAGAGATTTGGAAGAATGTCAGAAGATTGTCTTGGATCCATCTAATATTGAATTGGATTTGACATTTCCACCAGAATCTAGACAATTGGAATTTGGTTCTCAAGATTCATTT,0.14455883919060505,0.22624631723115463,0.21985491859298698,0.1903407007160656,0.08969024561226557,0.10305820981186244,0.01986234487863449,0.006388423966425274,541.6979420642348
GACTTTAAGAGAGATTTGGAAGAATGTCAGAAGATTGTCTTGGATCCATCTAATATTGAATTGGATTTGAGAACTCCAGAATCTCCACAATTGTTTGAATTTGGTTCTCAAGATTCATTT,0.2475305971428744,0.0,0.0,0.12222137601367503,0.0813060829467759,0.1260488233325146,0.1275398857308072,0.2953532348333528,2538.3404048395887
GACTTTAAGAGAGATTTGGAAGAATGTCAGAAGATTGTCTTGGATCCATCTAATATTGAATTGGATTTGAGACCACAAGAATTTACTCCATTGTCTGAATTTGGTTCTCAAGATTCATTT,0.00033431552003386744,8.409068443531755e-05,0.024076253128237225,0.1496330934384423,0.4029422297655491,0.29471425648716326,0.11914067429923783,0.009075086676901161,1161.4871334095922
GACTTTAAGAGAGATTTGGAAGAATGTCAGAAGATTGTCTTGGATCCATCTAATATTGAATTGGATTTGCCAGAACCATTTACTAGATCTCAATTGGAATTTGGTTCTCAAGATTCATTT,0.046705050786870525,0.10572987213308875,0.07264658771873914,0.1945789761396092,0.1840938345631098,0.24615808510296433,0.10829128233536522,0.041796311220253124,1174.9111810625914
GACTTTAAGAGAGATTTGGAAGAATGTCAGAAGATTGTCTTGGATCCATCTAATATTGAATTGGATTTGCCATTTAGATCTCCAACTGAACAATTGGAATTTGGTTCTCAAGATTCATTT,0.05108718594519301,0.06608574504559347,0.07265161722121052,0.1783764100452695,0.15102492876958332,0.2341339525327322,0.1421421482354643,0.10449801220495371,1602.6049098689473
GACTTTAAGAGAGATTTGGAAGAATGTCAGAAGATTGTCTTGGATCCATCTAATATTGAATTGGATTTGGAAAGATCTACATTTCCACCACAATTGGAATTTGGTTCTCAAGATTCATTT,5.7450312070714384e-05,0.005780211534970982,0.03488619245618417,0.14017641994634683,0.3407470772424416,0.31786449604569866,0.15407876029538015,0.006409392166906986,1218.7343956535535
GACTTTAAGAGAGATTTGGAAGAATGTCAGAAGATTGTCTTGGATCCATCTAATATTGAATTGGATTTGTCTACATTTAGAGAACCACCACAATTGGAATTTGGTTCTCAAGATTCATTT,0.0048169483041683855,0.0034617467248221727,0.004281395102974568,0.005351466152527234,0.4719528238607198,0.13750321432559628,0.35867400329447435,0.013958402234717171,1577.731963558353
GACTTTAAGAGAGATTTGGAAGAATGTCAGAAGATTGTCTTGGATCCATCTAATATTGAATTGGATTTGTCTCCAAGATTTACTGAACCACAATTGGAATTTGGTTCTCAAGATTCATTT,0.1711833296002466,0.20262539937676105,0.16289106339471485,0.1286504133083447,0.09426523557388887,0.09691349559466993,0.0653732727109555,0.0780977904404185,1060.325084878514
GACTTTAAGAGAGATTTGGAAGAATGTCAGAAGATTGTCTTGGATCCATCTAATATTGAATTGGATTTGTTTCCAACTTCTAGACCAGAACAATTGGAATTTGGTTCTCAAGATTCATTT,0.1313192431108208,0.23782210358497982,0.19608798112753278,0.13130210172017617,0.09058198110392884,0.09629434188409831,0.08525425233062471,0.03133799513783859,825.6922417266566
GACTTTAAGAGAGATTTGGAAGAATGTCAGAAGATTGTCTTGGATCCATCTAATATTGAATTGGCTACTCCACCAGAATTTAGATTGTCTCAATTGGAATTTGGTTCTCAAGATTCATTT,0.010255535179061801,0.012382003286530087,0.03828432035180745,0.05924646867486743,0.12733396943429617,0.32712970657929863,0.3176833360101403,0.10768466048399802,2098.722671011696
GACTTTAAGAGAGATTTGGAAGAATGTCAGAAGATTGTCTTGGATCCATCTAATATTGAATTGGCTACTCCACCAGAATTTAGATTGTCTCAATTGGAATTTGGTTCTCAAGCTTCATTT,0.0004110271773250009,0.0069613264790234245,0.06333582911546769,0.2472690708992746,0.33597141840215977,0.2749017198535357,0.07090438948644404,0.0002452185867698816,963.127763690245
GACTTTAAGAGAGATTTGGAAGAATGTCAGAAGATTGTCTTGGATCCATCTAATATTGAATTGGCTACTCCACCAGAATTTAGATTGTCTCAATTGGCATTTGGTTCTCAAGATTCATTT,0.029842538579418088,0.019106998039386064,0.023631020505283904,0.08137811772815542,0.13366831919442318,0.22629079208815173,0.3145159907724067,0.17156622309277486,2374.272052203837
GACTTTAAGAGAGATTTGGAAGAATGTCAGAAGATTGTCTTGGATCCATCTAATATTGAATTGGCTACTCCACCAGCATTTAGATTGTCTCAATTGGAATTTGGTTCTCAAGATTCATTT,0.1153771787147761,0.1794020872379333,0.15662094288440165,0.104874652979076,0.1653722428328286,0.08652710048978177,0.11673420100054373,0.0750915938606588,1188.1434889233328
GACTTTAAGAGAGATTTGGAAGAATGTCAGAAGATTGTCTTGGATCCATCTAATATTGAATTGGCTACTCCACCAGCATTTAGATTGTCTCAATTGGCATTTGGTTCTCAAGCTTCATTT,0.08250118597645048,0.14526118429523216,0.12832508568052048,0.04582800939697354,0.16259440281647855,0.15124206513960012,0.2104178237763265,0.07383024291841812,1458.2918926261466
GACTTTAAGAGAGATTTGGAAGAATGTCAGAAGATTGTCTTGGATCCATCTAATATTGAATTGTTGGAACCAAGATCTCCATTTACTGATCAATTGGAATTTGGTTCTCAAGATTCATTT,0.013824834400251469,0.05563796915222118,0.0688115415722698,0.0921535320940247,0.10898464872915795,0.36748561808318564,0.24361452460524938,0.049487331363639794,1614.3536845081046
GACTTTAAGAGAGATTTGGAAGAATGTCAGAAGATTGTCTTGGATCCATCTAATATTGAATTTCCAGATTTGGAACCAACTAGATTGTCTCAATTGGAATTTGGTTCTCAAGATTCATTT,0.14255736089434493,0.15777335916025664,0.17739076435946052,0.19005167008984236,0.14047694398190566,0.07840130808058825,0.07932873635294536,0.03401985708065629,846.550769308378
GACTTTAAGAGAGATTTGGAAGAATGTCAGAAGATTGTCTTGGATCCATCTAATATTGAATTTGAAGATTTGCCACCAAGAACTTTGTCTCAATTGGAATTTGGTTCTCAAGATTCATTT,0.19090733115469338,0.14939273464014133,0.15836992296948496,0.07069718948125796,0.1254142112625525,0.09721482812773363,0.15738368981731438,0.05062009254682193,1109.498641313241
GACTTTAAGAGAGATTTGGAAGAATGTCAGAAGATTGTCTTGGATCCATCTAATATTGAGTTCTTGACTTTGGATTCTCCAGAAAGACCACAATTGGAATTTGGTTCTCAAGATTCATTT,0.1944007466651242,0.09779559046586306,0.024190190409413084,0.1511808441940146,0.1340946257674472,0.08909438707555714,0.05408898383873321,0.2551546315838475,2120.3861773798567
GACTTTAAGAGAGATTTGGAAGAATGTCAGAAGATTGTCTTGGATCCATCTAATATTGAGTTCTTGAGAGATCCATTGCCAGAAACTTCTCAATTGGAATTTGGTTCTCAAGATTCATTT,0.07019547638284974,0.1329417902524213,0.13615933965037016,0.22936703794897215,0.19123767990753557,0.12300590958474085,0.08999486001114368,0.0270979062619666,919.3173321333861
GACTTTAAGAGAGATTTGGAAGAATGTCAGAAGATTGTCTTGGATCCATCTAATATTGATGAATTGACTCCACCAGAATTTAGATTGTCTCAATTGGAATTTGGTTCTCAAGATTCATTT,0.09044120521053473,0.27298509551235056,0.1800643269065905,0.1406679551206241,0.08912134763376017,0.08289889707561354,0.10065543411548586,0.04316573842504054,922.9815438967648
GACTTTAAGAGAGATTTGGAAGAATGTCAGAAGATTGTCTTGGATCCATCTAATATTGATTTGGAAACTCCACCAGAATTTAGATTGTCTCAATTGGAATTTGGTTCTCAAGATTCATTT,0.14131667051393698,0.1421820386254683,0.1278886658391517,0.08563528735577429,0.17723282139736618,0.23551204236110876,0.0595744929957166,0.03065798091147719,946.1033349189354
GACTTTAAGAGAGATTTGGAAGAATGTCAGAAGATTGTCTTGGATCCATCTAATATTGCTTTGGATACTCCACCAGAATTTAGATTGTCTCAATTGGAATTTGGTTCTCAAGATTCATTT,0.32714007019337166,0.24293913799234038,0.14538415258687987,0.095187064726391,0.057565346010401676,0.07139484640124753,0.03250772708518941,0.027881655004178378,602.9935211832673
GACTTTAAGAGAGATTTGGAAGAATGTCAGAAGATTGTCTTGGATCCATCTAATATTGCTTTGGATACTCCACCAGAATTTAGATTGTCTCAATTGGAATTTGGTTCTCAAGCTTCATTT,0.047495760922281485,0.0656144976084208,0.1096682366502454,0.2322959179880267,0.241492910047217,0.24928523476392425,0.04112979835565235,0.01301764366423188,887.769288273303
GACTTTAAGAGAGATTTGGAAGAATGTCAGAAGATTGTCTTGGATCCATCTAATATTGCTTTGGATACTCCACCAGAATTTAGATTGTCTCAATTGGCATTTGGTTCTCAAGATTCATTT,0.011110415740401917,0.012109989220559059,0.018433610425789525,0.0905174964492167,0.2919540110803751,0.3903815707692148,0.1622932687039465,0.02319963761049629,1381.4946878774135
GACTTTAAGAGAGATTTGGAAGAATGTCAGAAGATTGTCTTGGATCCATCTAATATTGCTTTGGATACTCCACCAGCATTTAGATTGTCTCAATTGGAATTTGGTTCTCAAGATTCATTT,0.13724886553802446,0.13808932400020388,0.11385677088164435,0.07623941674482045,0.09016394558563963,0.10483587607639219,0.14850640745769145,0.19105939371558361,1939.732264329129
GACTTTAAGAGAGATTTGGAAGAATGTCAGAAGATTGTCTTGGATCCATCTAATATTGCTTTGGCTACTCCACCAGAATTTAGATTGTCTCAATTGGAATTTGGTTCTCAAGATTCATTT,0.016542733761878006,0.061028128348505316,0.10978610221942373,0.08576594134540319,0.08150658336391459,0.06065263638549842,0.20968121351964855,0.3750366610557282,3168.2241195467
GACTTTAAGAGAGATTTGGAAGAATGTCAGAAGATTGTCTTGGATCCATCTAATATTGCTTTGGCTACTCCACCAGCATTTAGATTGTCTCAATTGGCATTTGGTTCTCAAGATTCATTT,0.041300102822189454,0.08342722793967057,0.29950167556264823,0.19378560013270962,0.20094156583828207,0.16392694234257293,0.015316098063763117,0.0018007872981640521,649.2095029905561
GACTTTAAGAGAGATTTGGAAGAATGTCAGAAGATTGTCTTGGATCCATCTAATCCAATTGAAGATGAAACTTTGCCATTTAGATTGTCTCAATTGGAATTTGGTTCTCAAGATTCATTT,0.006281928625946648,0.0063203967040017,0.003126758558427989,0.006979009591042153,0.0037141518199378075,0.010364489461364184,0.34257838914581096,0.6206348760934686,4857.179351743244
GACTTTAAGAGAGATTTGGAAGAATGTCAGAAGATTGTCTTGGATCCATCTAATCCAGAAACTCCATTGGATATTGAATTTAGATTGTCTCAATTGGAATTTGGTTCTCAAGATTCATTT,0.026875963584897432,0.06939701468811099,0.14117480374178032,0.3076219667250891,0.2663720207565138,0.16577068817623597,0.017234035537526518,0.00555350678984585,728.4714226869839
GACTTTAAGAGAGATTTGGAAGAATGTCAGAAGATTGTCTTGGATCCATCTAATCCAGAAGATATCTTTAGATTGGAAACTCCATTGTCTCAATTGGAATTTGGTTCTCAAGATTCATTT,0.01556172719120021,0.06603044605338278,0.11648973987253015,0.2299870267920814,0.2997112784757138,0.2257268666265122,0.03743702030147093,0.00905589468710843,862.6355430460272
GACTTTAAGAGAGATTTGGAAGAATGTCAGAAGATTGTCTTGGATCCATCTAATCCAGATGAATTGTTTATTGAACCAACTAGATTGTCTCAATTGGAATTTGGTTCTCAAGATTCATTT,0.03445177393739309,0.028885619290749998,0.08573989408828812,0.15947813366342953,0.3508063385869572,0.27368191092233524,0.05325372332046513,0.013702606190381638,987.9526579098726
GACTTTAAGAGAGATTTGGAAGAATGTCAGAAGATTGTCTTGGATCCATCTAATCCATTGATTACTGATGAACCAGAATTTAGATTGTCTCAATTGGAATTTGGTTCTCAAGATTCATTT,0.1349267686351206,0.15083667498061748,0.2052058103148986,0.1915376911088123,0.13295770909552007,0.10306217060934951,0.02780835153694974,0.05366482371873169,872.8619427439492
GACTTTAAGAGAGATTTGGAAGAATGTCAGAAGATTGTCTTGGATCCATCTAATCCATTGGATACTGAAATTCCAGAATTTAGATTGTCTCAATTGGAATTTGGTTCTCAAGATTCATTT,0.0008557587447839572,0.0005534994067690573,0.010420420280663947,0.02383588184824447,0.13158026692041513,0.2924665651238398,0.36429538577955695,0.1759922218957266,2579.2848866726495
GACTTTAAGAGAGATTTGGAAGAATGTCAGAAGATTGTCTTGGATCCATCTAATGAAATCTTGGATACTCCACCAGAATTTAGATTGTCTCAATTGGAATTTGGTTCTCAAGATTCATTT,0.07647061124628489,0.15387777482148018,0.30925681640332037,0.12743438228102785,0.16954792678578764,0.10514006281082725,0.035461263453576336,0.02281116219769538,723.4549445680428
GACTTTAAGAGAGATTTGGAAGAATGTCAGAAGATTGTCTTGGATCCATCTAATGAAATTACTGATTTGCCACCAGAATTTAGATTGTCTCAATTGGAATTTGGTTCTCAAGATTCATTT,0.10799563226043098,0.09313453315223569,0.06719199778242042,0.025709889369568893,0.07601399528965154,0.07070669978778378,0.2647094946211837,0.2945377577367249,2786.433009344361
GACTTTAAGAGAGATTTGGAAGAATGTCAGAAGATTGTCTTGGATCCATCTAATGAAATTGATTTGCCAACTCCAGAATTTAGATTGTCTCAATTGGAATTTGGTTCTCAAGATTCATTT,0.0003415541514059295,0.0005345599710351431,0.009397481804267414,0.09747779262531352,0.22288391239167724,0.48581565788205194,0.1502211591334762,0.033327882040772604,1487.2179619087017
GACTTTAAGAGAGATTTGGAAGAATGTCAGAAGATTGTCTTGGATCCATCTAATGAACCAACTGATCCATTGGAAATCTTTAGATTGTCTCAATTGGAATTTGGTTCTCAAGATTCATTT,0.14274812482955243,0.17209547605844389,0.1631278844170332,0.17939437234039415,0.17265286589536008,0.14152482058914026,0.022000917207224222,0.0064555386628517035,627.3533815326743
GACTTTAAGAGAGATTTGGAAGAATGTCAGAAGATTGTCTTGGATCCATCTAATGAACCAATTGATTTGACTGAACCATTTAGATTGTCTCAATTGGAATTTGGTTCTCAAGATTCATTT,0.08386140633038763,0.18080344465311032,0.13416769811405388,0.03992879034091645,0.12985904065916565,0.17569786946597854,0.05555507580910729,0.20012667462728018,1875.4158321233717
GACTTTAAGAGAGATTTGGAAGAATGTCAGAAGATTGTCTTGGATCCATCTAATGAACCACCAGAAACTTTGGATATCTTTAGATTGTCTCAATTGGAATTTGGTTCTCAAGATTCATTT,0.0716309945889108,0.11260880442287408,0.13927153605747408,0.17408038578458568,0.15440609760903184,0.1682469758910626,0.13702019387304423,0.04273501177301671,1143.456935847197
GACTTTAAGAGAGATTTGGAAGAATGTCAGAAGATTGTCTTGGATCCATCTAATGAAGATTTGATTACTCCACCAGAATTTAGATTGTCTCAATTGGAATTTGGTTCTCAAGATTCATTT,0.29366205166022785,0.2215952425506885,0.16443781623239037,0.06524971540099292,0.05787529640263109,0.10766888892700903,0.054471265290151595,0.03503972353590883,737.0458983932347
GACTTTAAGAGAGATTTGGAAGAATGTCAGAAGATTGTCTTGGATCCATCTAATGAAGATTTGGAAATTCCACCAACATTTAGATTGTCTCAATTGGAATTTGGTTCTCAAGATTCATTT,0.23424188288734699,0.17320787483928654,0.08077103578561283,0.03448894745048235,0.008343016771148005,0.012934179202004499,0.13610668006138454,0.31990638300273433,2529.19274861552
GACTTTAAGAGAGATTTGGAAGAATGTCAGAAGATTGTCTTGGATCCATCTAATGAATTGACTGATGAACCACCAATCTTTAGATTGTCTCAATTGGAATTTGGTTCTCAAGATTCATTT,0.0012549685924579973,0.0025253070602029933,0.04919090006084878,0.4391816725232014,0.3623396673861164,0.13918762962514536,0.004073714046544289,0.0022461407054828763,725.0539509103362
GACTTTAAGAGAGATTTGGAAGAATGTCAGAAGATTGTCTTGGATCCATCTAATGAATTGATTGATACTCCACCAGAATTTAGATTGTCTCAATTGGAATTTGGTTCTCAAGATTCATTT,0.4641187382593977,0.29715688557677533,0.10500446623013782,0.05729113034766822,0.046196525424547046,0.017188434008687626,0.013043820152786312,0.0,293.7187215009877
GACTTTAAGAGAGATTTGGAAGAATGTCAGAAGATTGTCTTGGATCCATCTAATGATACTGAATTGGAACCAATTCCATTTAGATTGTCTCAATTGGAATTTGGTTCTCAAGATTCATTT,0.0019333909286265677,0.025071856681339134,0.002539464409732935,0.11049915465969797,0.4588298639893869,0.32656907375151056,0.07391638449125588,0.0006408110884500258,1057.5930552727493
GACTTTAAGAGAGATTTGGAAGAATGTCAGAAGATTGTCTTGGATCCATCTAATGATATCTTGGAAACTCCACCAGAATTTAGATTGTCTCAATTGGAATTTGGTTCTCAAGATTCATTT,0.0001938598047995076,0.00019504692654934136,0.00024122878493413967,0.04917653051783216,0.2046575603377439,0.3021964666198467,0.36438436565385124,0.07895494135444288,2041.317725877555
GACTTTAAGAGAGATTTGGAAGAATGTCAGAAGATTGTCTTGGATCCATCTAATGATGAATTGATTACTCCACCAGAATTTAGATTGTCTCAATTGGAATTTGGTTCTCAAGATTCATTT,0.20273958028308356,0.28806488158391147,0.2368719945894357,0.13754918828715343,0.022875674609664207,0.09220681385389484,0.008612081615516744,0.01107978517734006,478.9905713220977
GACTTTAAGAGAGATTTGGAAGAATGTCAGAAGATTGTCTTGGATCCATCTAATGATTTGATTGAACCAACTCCAGAATTTAGATTGTCTCAATTGGAATTTGGTTCTCAAGATTCATTT,0.09483173679589334,0.09541244932390472,0.08850266045658474,0.15803226366663567,0.21025756307159554,0.17384656407096885,0.06596363911847425,0.11315312349594299,1432.660889019235
GACTTTAAGAGAGATTTGGAAGAATGTCAGAAGATTGTCTTGGATCCATCTAATGATTTGCCAGAACCATTTACTGAAAGAATCTTGTCTCAATTGGAATTTGGTTCTCAAGATTCATTT,0.21384301658310284,0.19559318883566162,0.1935235099325064,0.1295849110194936,0.11493943059325039,0.062366711191773526,0.09014923184421161,0.0,612.1504611313977
GACTTTAAGAGAGATTTGGAAGAATGTCAGAAGATTGTCTTGGATCCATCTAATTTGATTGAAGATACTCCACCAGAATTTAGATTGTCTCAATTGGAATTTGGTTCTCAAGATTCATTT,0.13411272130660096,0.13493397524605022,0.2670123295622708,0.059597873456480786,0.13215554160132925,0.12292844455406857,0.14925911427319952,0.0,825.8333862591837
GACTTTAAGAGAGATTTGGAAGAATGTCAGAAGATTGTCTTGGATCCATCTAATTTGATTGAAGATCCAACTCCAGAATTTAGATTGTCTCAATTGGAATTTGGTTCTCAAGATTCATTT,0.1975623593673482,0.08518806604956472,0.1580374581715894,0.14109755079752145,0.18077356576413783,0.16815195932468238,0.052351098470439374,0.016837942054716594,781.8665962404285
GACTTTAAGAGAGATTTGGAAGAATGTCAGAAGATTGTCTTGGATCCATCTAATTTGATTGACTTTAGACCAGAACCAACTGAATTGTCTCAATTGGAATTTGGTTCTCAAGATTCATTT,0.03772642229588812,0.11387233252595663,0.16430660584418144,0.1257383259423931,0.2602310210272135,0.15561109079052282,0.05248395082994814,0.09003025074389627,1270.1664031140162
GACTTTAAGAGAGATTTGGAAGAATGTCAGAAGATTGTCTTGGATCCATCTAATTTGATTGATCCAACTGAACCAGAATTTAGATTGTCTCAATTGGAATTTGGTTCTCAAGATTCATTT,0.1538566513394589,0.1760457048046452,0.20271282116981965,0.1642264016659599,0.1605296517364497,0.07466073746759026,0.03917092024438324,0.028797111571693262,721.6077181341043
GACTTTAAGAGAGATTTGGAAGAATGTCAGAAGATTGTCTTGGATCCATCTAATTTGGAAATTGATACTCCACCAGAATTTAGATTGTCTCAATTGGAATTTGGTTCTCAAGATTCATTT,0.22975137333030551,0.22565451243556275,0.19740046971909758,0.16408670241174908,0.09163748278760529,0.0501407974868289,0.015220177577664331,0.026108484251186496,576.5423217766639
GACTTTAAGAGAGATTTGGAAGAATGTCAGAAGATTGTCTTGGATCCATCTAATTTGGAACCAATTGATGAACCAACATTTAGATTGTCTCAATTGGAATTTGGTTCTCAAGATTCATTT,0.17883782438251125,0.07197318295590957,0.08901449399616403,0.07947310234958778,0.1762279469823189,0.26227794487613587,0.09951768559246217,0.042677818864910594,1134.7700119172057
GACTTTAAGAGAGATTTGGAAGAATGTCAGAAGATTGTCTTGGATCCATCTAATTTGGAACCATTTGAAATTACTGATCCAAGATTGTCTCAATTGGAATTTGGTTCTCAAGATTCATTT,0.12787597789774782,0.20013628515341758,0.035360452366814905,0.1262807762608506,0.15401199534453905,0.11721181186729736,0.17130871202313927,0.06781398908619349,1293.3160469811025
GACTTTAAGAGAGATTTGGAAGAATGTCAGAAGATTGTCTTGGATCCATCTAATTTGGAAGAACCACCAACTGACTTTAGAATCTTGTCTCAATTGGAATTTGGTTCTCAAGATTCATTT,0.2623158171977217,0.197941602628542,0.14280515803011218,0.14571198696396231,0.11308836881875342,0.07513752954391195,0.053218444846502594,0.00978109197049367,593.2224413452043
GACTTTAAGAGAGATTTGGAAGAATGTCAGAAGATTGTCTTGGATCCATCTAATTTGGATGAAATTACTCCACCAGAATTTAGATTGTCTCAATTGGAATTTGGTTCTCAAGATTCATTT,0.02571039841040054,0.03032781106709919,0.07832682372495345,0.1979737746147589,0.31275858472201673,0.2551660367499606,0.08386883676749655,0.015867733943314134,1041.4952666329393
GACTTTAAGAGAGATTTGGAAGAATGTCAGAAGATTGTCTTGGATCCATCTATTAATGAATTGGATACTCCACCAGAATTTAGATTGTCTCAATTGGAATTTGGTTCTCAAGATTCATTT,0.2778852055213609,0.135424888226764,0.08104347770692169,0.02411883095070743,0.059900285364011395,0.10745623685482118,0.20537390787883766,0.10879716749657566,1528.147416496172
GACTTTAAGAGAGATTTGGAAGAATGTCAGAAGATTGTCTTGGATCCATCTGAAACTCCAAATATTGATTTGCCAGAATTTAGATTGTCTCAATTGGAATTTGGTTCTCAAGATTCATTT,0.00022505015174916,7.547609033502964e-05,0.010408167696874405,0.06367254535129083,0.21803281392455928,0.4538208055853034,0.2095920232756427,0.04417311792424528,1646.5257654666086
GACTTTAAGAGAGATTTGGAAGAATGTCAGAAGATTGTCTTGGATCCATTGAATATTTCTGATACTCCAGAACCAGAATTTAGATTGTCTCAATTGGAATTTGGTTCTCAAGATTCATTT,0.10111423039756572,0.2034668289266458,0.10065691735770232,0.15726827158606285,0.07971089245884493,0.11121821951525206,0.1500451294256558,0.09651951033227057,1388.3111375355388
GACTTTAAGAGAGATTTGGAAGAATGTCAGAAGATTGTCTTGGATCCATTGGATTCTAATATTGAAACTCCACCAGAATTTAGATTGTCTCAATTGGAATTTGGTTCTCAAGATTCATTT,0.022368184357826577,0.07501719461640918,0.07422339649902215,0.14496004826432105,0.19470215421686615,0.2357821835534978,0.17287775995766153,0.08006907853439557,1545.4225336858456
GACTTTAAGAGAGATTTGGAAGAATGTCAGAAGATTGTCTTGGATGAAATTAATTCTCCATTGGATACTCCACCAGAATTTAGATTGTCTCAATTGGAATTTGGTTCTCAAGATTCATTT,0.007679974392274599,0.001818118483934077,0.0039350499435367664,0.024090892261227646,0.11485395650984506,0.19379345928246833,0.4215008651843385,0.23232768394237502,2937.3888509278577
GACTTTAAGAGAGATTTGGAAGAATGTCAGAAGATTGTCTTGGATGAAATTTCTCCAAATTTGGATACTCCACCAGAATTTAGATTGTCTCAATTGGAATTTGGTTCTCAAGATTCATTT,0.12478239105607704,0.17935215670886473,0.11090895817641107,0.1782372899073699,0.07026364224134221,0.11437621346295115,0.11572919770068425,0.1063501507462997,1370.0958966929877
GACTTTAAGAGAGATTTGGAAGAATGTCAGAAGATTGTCTTGGATGATCCACCAAATTCTTTGGAAACTATTCCAGAATTTAGATTGTCTCAATTGGAATTTGGTTCTCAAGATTCATTT,0.010798899838761538,0.5106563199865989,0.0,0.04798884548680346,0.09577175070996159,0.12867828877702736,0.09013877706874983,0.1159671181320974,1366.4595441541474
GACTTTAAGAGAGATTTGGAAGAATGTCAGAAGATTGTCTTGGATGATTTGGAGAATACTCCAATTTCTCCACCAGAATTTAGATTGTCTCAATTGGAATTTGGTTCTCAAGATTCATTT,0.06869452877714641,0.04251415298123302,0.02996199241475925,0.1300803311058733,0.23657318486772264,0.4041926790909308,0.08516642162879208,0.002816709133542408,1066.4082654325782
GACTTTAAGAGAGATTTGGAAGAATGTCAGAAGATTGTCTTGGATTCTAATCCAATTGAATTGGATACTCCACCAGAATTTAGATTGTCTCAATTGGAATTTGGTTCTCAAGATTCATTT,0.09652287054417269,0.13873419844990886,0.10294963180283856,0.09191454400080001,0.0407632542538111,0.07583432945247931,0.14067421922773557,0.31260695226825397,2612.383679492924
GACTTTAAGAGAGATTTGGAAGAATGTCAGAAGATTGTCTTGGCTCCATCTAATATTGAATTGGATACTCCACCAGAATTTAGATTGTCTCAATTGGAATTTGGTTCTCAAGATTCATTT,0.011741051109603644,0.0708776923330341,0.09496458909398602,0.23479037048576068,0.30081239709611973,0.21523821696732026,0.043556864508759834,0.02801881840541576,981.3796039796101
GACTTTAAGAGAGATTTGGAAGAATGTCAGAAGATTGTCTTGGCTCCATCTAATATTGAATTGGATACTCCACCAGAATTTAGATTGTCTCAATTGGAATTTGGTTCTCAAGCTTCATTT,0.21992237790855687,0.13276145800781,0.21892772690068282,0.0,0.17337034506257254,0.12094922349890598,0.08158664098797763,0.052482227633494145,980.6504334546506
GACTTTAAGAGAGATTTGGAAGAATGTCAGAAGATTGTCTTGGCTCCATCTAATATTGAATTGGATACTCCACCAGAATTTAGATTGTCTCAATTGGCATTTGGTTCTCAAGATTCATTT,0.07807162451292102,0.09096562571625144,0.1022762141981904,0.13508774002049223,0.3061949982522626,0.25161726176771954,0.028793082784683913,0.006993452747478838,831.9604291916858
GACTTTAAGAGAGATTTGGAAGAATGTCAGAAGATTGTCTTGGCTCCATCTAATATTGAATTGGATACTCCACCAGCATTTAGATTGTCTCAATTGGAATTTGGTTCTCAAGATTCATTT,0.24927330113705218,0.2792409626616078,0.15669006801489993,0.13989458630241322,0.07596974864214721,0.04239932546414892,0.038134113304797705,0.01839789447293307,554.5917495436846
GACTTTAAGAGAGATTTGGAAGAATGTCAGAAGATTGTCTTGGCTCCATCTAATATTGAATTGGCTACTCCACCAGAATTTAGATTGTCTCAATTGGAATTTGGTTCTCAAGATTCATTT,0.0004415601272307125,0.005232443479777545,0.024481220817185373,0.16362845348357666,0.2965558639158809,0.392549334408651,0.11675987773062521,0.00035124603707271967,1158.8795006739142
GACTTTAAGAGAGATTTGGAAGAATGTCAGAAGATTGTCTTGGCTCCATCTAATATTGCTTTGGATACTCCACCAGAATTTAGATTGTCTCAATTGGAATTTGGTTCTCAAGATTCATTT,0.20555607199959336,0.23094321245381608,0.15773284692481962,0.19791704622619896,0.0742706362624829,0.065944831956882,0.0635475328788615,0.0040878212973455,570.8324832609725
GACTTTAAGAGAGATTTGGAAGAATGTCAGAAGATTGTCTTGGCTCCATCTAATATTGCTTTGGCTACTCCACCAGCATTTAGATTGTCTCAATTGGAATTTGGTTCTCAAGATTCATTT,0.02579027345543107,0.04613013870216443,0.08082439338325673,0.14856654235291963,0.20519372727789886,0.2276396673383556,0.13022643649269378,0.13562882099727996,1782.6789140491617
GACTTTAAGAGAGATTTGGAAGAATGTCAGAAGATTGTCTTGGCTCCATCTAATATTGCTTTGGCTACTCCACCAGCATTTAGATTGTCTCAATTGGCATTTGGTTCTCAAGCTTCATTT,0.30365142483299024,0.3074719698066836,0.22241197212821465,0.10140584380486262,0.03171208488408542,0.02083044422607493,0.0033739250284894576,0.009142335288598985,359.68569309987316
GACTTTAAGAGAGATTTGGAAGAATGTCAGAAGATTGTCTTGTCTCCAAATGATATTGAATTGGATACTCCACCAGAATTTAGATTGTCTCAATTGGAATTTGGTTCTCAAGATTCATTT,0.10064919756494072,0.12768262976456685,0.11979715926167983,0.19932746104948876,0.1638632187069468,0.1042889368588224,0.15828389434711868,0.026107502446435827,1026.5288042929515
GACTTTAAGAGAGATTTGGAAGAATGTCAGAAGATTGTCTTGTCTCCAATTGATAATGAATTGGATACTCCACCAGAATTTAGATTGTCTCAATTGGAATTTGGTTCTCAAGATTCATTT,0.18780339462425535,0.1469637783311988,0.06924222567428835,0.08500278529049755,0.10966677202561727,0.05100492019109993,0.16772687711724452,0.18258924674579824,1876.3652663566115
GACTTTAAGAGAGATTTGGAAGAATGTCAGAAGATTGTCTTGTCTCCAGAAATTAATGATTTGGATACTCCACCAGAATTTAGATTGTCTCAATTGGAATTTGGTTCTCAAGATTCATTT,0.09409709673785845,0.11571182408744803,0.18213906733918736,0.18584654624421676,0.11332919491973582,0.12458319898737072,0.09696686473567659,0.08732620694850629,1255.5595412006971
GACTTTAAGAGAGATTTGGAAGAATGTCAGAAGATTGTCTTGTCTCCAGATAATATTGAATTGGATACTCCACCAGAATTTAGATTGTCTCAATTGGAATTTGGTTCTCAAGATTCATTT,0.0842905453589257,0.07420586927819169,0.03933249441406628,0.10534942840999754,0.07267789173612094,0.23178350712678217,0.2540691085748852,0.13829115510103057,2004.0107903259338
GACTTTAAGAGAGATTTGGAAGAATGTCAGAAGATTGTCTTGTCTGAACCAATTGATAATTTGGATACTCCACCAGAATTTAGATTGTCTCAATTGGAATTTGGTTCTCAAGATTCATTT,0.3271961542702911,0.07681328101103879,0.14928665226659152,0.12116794245707516,0.1289684813079223,0.1199639047411985,0.05057624464474466,0.02602733930113795,734.1731138485424
GACTTTAAGAGAGATTTGGAAGAATGTCAGAAGATTGTCTTGTCTGAACCATTGACTGATAATCCAGATATTCCAGAATTTAGATTGTCTCAATTGGAATTTGGTTCTCAAGATTCATTT,0.2213595793208103,0.21034203789931308,0.21423736077855987,0.10929910358831976,0.09088714953354264,0.07890531667672765,0.04562211828010922,0.02934733392261744,688.8424073270451
GACTTTAAGAGAGATTTGGAAGAATGTCAGAAGATTGTCTTGTCTGATAATCCAATTGAATTGGATACTCCACCAGAATTTAGATTGTCTCAATTGGAATTTGGTTCTCAAGATTCATTT,0.03161469130174832,0.05301381221160937,0.039339632971754815,0.16390663108459272,0.18691992575363872,0.10625338814021085,0.2932098695129107,0.12574204902353453,1958.6900109798607
GACTTTAAGAGAGATTTGGAAGAATGTCAGAAGATTGTCTTGTCTGATAATGATGAACCATTGATTACTCCACCAGAATTTAGATTGTCTCAATTGGAATTTGGTTCTCAAGATTCATTT,0.018271083305423555,0.03885491023966809,0.09662613003486373,0.2034468678838728,0.24551513827797908,0.3490304911471904,0.040823207611359144,0.0074321714996432595,961.7816836991982
GACTTTAAGAGAGATTTGGAAGAATGTCAGAAGATTGTCTTGTCTGATATTGAATTGCCAGATAATACTCCACCAGAATTTAGATTGTCTCAATTGGAATTTGGTTCTCAAGATTCATTT,0.000976150886294071,0.001145816528701316,0.0006073350080400483,0.0,0.07438734991229341,0.27573063765236516,0.5570793164399431,0.09007339357236288,2450.9824288759714
GACTTTAAGAGAGATTTGGAAGAATGTCAGAAGATTGTCTTGTCTGATCCAAATATTGAATTGGATACTCCACCAGAATTTAGATTGTCTCAATTGGAATTTGGTTCTCAAGATTCATTT,0.8247062218445046,0.02791229482581974,0.04393604013215721,0.03922657151102829,0.017396623411366018,0.02542884385208266,0.009356235590209441,0.012037168832832054,309.4679532881846
GACTTTAAGAGAGATTTGGAAGAATGTCAGAAGATTGTCTTGTTGAATCCATCTGAAGATGATATTACTCCACCAGAATTTAGATTGTCTCAATTGGAATTTGGTTCTCAAGATTCATTT,0.01411204259045883,0.0643663485051436,0.12701930023617383,0.26704860973534655,0.2813667141039638,0.2086874810136787,0.030102831914871713,0.007296671900363033,815.7448275355608
GACTTTAAGAGAGATTTGGAAGAATGTCAGAAGATTGTCTTGTTGGATGAACCAAATCCAGATTCTACTATTCCAGAATTTAGATTGTCTCAATTGGAATTTGGTTCTCAAGATTCATTT,0.2312756609727823,0.26177839066842296,0.15828289266282858,0.09635228002095633,0.05697513244323208,0.06889626891188616,0.06434885515228003,0.062090519167611394,894.4263902869369
GACTTTAAGAGAGATTTGGAAGAATGTCAGAAGATTGTCTTGTTGTCTATTGATGAGAATCCAGATACTCCACCAGAATTTAGATTGTCTCAATTGGAATTTGGTTCTCAAGATTCATTT,0.12487195663199992,0.10469718644728604,0.11653799404873759,0.034682126894413745,0.05127068017467844,0.028614577438373333,0.1544163535044682,0.38490912486004264,3024.300908636777
GACTTTAAGAGAGATTTGGAAGAATGTCAGAAGATTGTCTTGTTGTCTCCAGATATTGATGAGAATACTCCACCAGAATTTAGATTGTCTCAATTGGAATTTGGTTCTCAAGATTCATTT,0.15409411099377954,0.16980322060568562,0.1552233408552647,0.15488920308136972,0.20246044270378946,0.06725880678105073,0.0612489849092435,0.035021890069816604,819.1733544461106
GACTTTAAGAGAGATTTGGAAGAATGTCAGAAGATTGTTAATGATGAAATTTCTTTGCCATTGGATACTCCACCAGAATTTAGATTGTCTCAATTGGAATTTGGTTCTCAAGATTCATTT,0.21031717280091028,0.2615119298969892,0.2493627632578693,0.16091351712199606,0.04692405287321586,0.04546647554136126,0.018401723845785218,0.007102364661872837,444.2212760546313
GACTTTAAGAGAGATTTGGAAGAATGTCAGAAGATTGTTCCAGATTTGTCTAATATTGAATTGGATACTCCACCAGAATTTAGATTGTCTCAATTGGAATTTGGTTCTCAAGATTCATTT,0.06183487431425112,0.13998043561595389,0.09618001790526362,0.06869644763514218,0.12186496888938701,0.22671271881120456,0.22939455907989414,0.05533597774890351,1457.3840970267902
GACTTTAAGAGAGATTTGGAAGAATGTCAGAAGATTGTTCCATTGGATTCTAATATTGAATTGGATACTCCACCAGAATTTAGATTGTCTCAATTGGAATTTGGTTCTCAAGATTCATTT,0.036685271239755776,0.05536487627497201,0.0,0.16302436724591515,0.1807495158642705,0.18494254744713218,0.20414212159635445,0.1750913003316,2131.933329072244
GACTTTAAGAGAGATTTGGAAGAATGTCAGAAGATTGTTGATTTGTCTAATCCAATTGAATTGGATACTCCACCAGAATTTAGATTGTCTCAATTGGAATTTGGTTCTCAAGATTCATTT,0.09584876274544399,0.16241802634654506,0.12554640003859127,0.22417836583600034,0.19884208367931902,0.11559933356940845,0.02339335727888019,0.05417367050581169,919.317554112655
GACTTTAAGAGAGATTTGGAAGAATGTCAGAAGATTGTTGCTGATCCATCTAATATTGAAGCTGATACTCCACCAGAAGCTAGATTGTCTCAATTGGAATTTGGTTCTCAAGATTCATTT,0.2409975977492801,0.23013585396185623,0.2298436613660715,0.16640819604725612,0.079460940651385,0.040543237470606196,0.012454443246255883,0.00015606950728901128,396.4179738708623
GACTTTAAGAGAGATTTGGAAGAATGTCAGAAGATTGTTGCTGATCCATCTAATATTGAAGCTGATACTCCACCAGAATTTAGATTGTCTCAATTGGAATTTGGTTCTCAAGATTCATTT,0.13604360656640274,0.21291928698949536,0.2257138619255423,0.10075988777345841,0.1489536093388082,0.055421468626632,0.08411559412610764,0.03607268465355337,832.2271120382911
GACTTTAAGAGAGATTTGGAAGAATGTCAGAAGATTGTTGCTGATCCATCTAATATTGAATTGGATACTCCACCAGAAGCTAGATTGTCTCAATTGGAATTTGGTTCTCAAGATTCATTT,0.0973139504570566,0.08567113020578042,0.10595574618422342,0.13514062201710675,0.21576103915516137,0.21184641964280645,0.09025364329184986,0.058057449046015196,1194.2538968219274
GACTTTAAGAGAGATTTGGAAGAATGTCAGAAGATTGTTGCTGATCCATCTAATATTGAATTGGATACTCCACCAGAATTTAGAGCTTCTCAATTGGAATTTGGTTCTCAAGATTCATTT,0.18041646023264243,0.18152126018945497,0.09354191879592559,0.15032742506156824,0.11111471558937228,0.15158980988469875,0.10457932013689494,0.026909090109442577,908.0560668856956
GACTTTAAGAGAGATTTGGAAGAATGTCAGAAGATTGTTGCTGATCCATCTAATATTGAATTGGATACTCCACCAGAATTTAGATTGTCTCAAGCTGAATTTGGTTCTCAAGATTCATTT,0.025047313362611165,0.06480178284763634,0.08237135227672054,0.2087003656792895,0.3049963349253409,0.26074299475541257,0.044800877121223485,0.008538979031765474,909.818888464114
GACTTTAAGAGAGATTTGGAAGAATGTCAGAAGATTGTTGCTGATCCATCTAATATTGAATTGGATACTCCACCAGAATTTAGATTGTCTCAATTGGAAGCTGGTTCTCAAGATTCATTT,0.044885707651563786,0.10537466379787336,0.134978993856722,0.22439924310537243,0.2580122193071157,0.17485554856298477,0.04856736092789928,0.008926262790468641,805.9412925300512
GACTTTAAGAGAGATTTGGAAGAATGTCAGAAGATTGTTGCTGATCCATCTAATATTGAATTGGATACTCCACCAGAATTTAGATTGTCTCAATTGGAATTTGGTTCTCAAGATTCATTT,0.14839163564530689,0.18911374890234967,0.06155020806251885,0.14287699665545064,0.11698086079681935,0.1994909759958289,0.0825753287465344,0.05902024519519123,1107.9776356008383
GACTTTAAGAGAGATTTGGAAGAATGTCAGAAGATTGTTGCTGATCCATCTAATATTGAATTGGATACTCCACCAGAATTTAGATTGTCTCAATTGGAATTTGGTTCTCAAGATTCTGCT,0.05584482372978872,0.14046698906266358,0.0579085961421555,0.1447639775080834,0.09171641653054903,0.11090661181383307,0.27623028500680774,0.12216230020611892,1845.5559660215763
GACTTTAAGAGAGATTTGGAAGAATGTCAGAAGATTGTTTCTCCATTGAATGATGAAATCTTGGATACTCCACCAGAATTTAGATTGTCTCAATTGGAATTTGGTTCTCAAGATTCATTT,0.10688590455121243,0.15362918870838704,0.11400266544523104,0.11874661388686447,0.10532606055484019,0.11196822547672361,0.07080795314680914,0.21863338822993209,1954.9493026331063
GACTTTAAGAGAGATTTGGAAGAATGTCAGAAGATTGTTTCTGATAATCCATTGATTGAATTGGATACTCCACCAGAATTTAGATTGTCTCAATTGGAATTTGGTTCTCAAGATTCATTT,0.2056262480343606,0.1820591721416366,0.21493106739049753,0.20103053147110417,0.08915519035881926,0.060313001383522385,0.00762830733080732,0.03925648188925208,662.1867755943788
GACTTTAAGAGAGATTTGGAAGAATGTCAGAAGATTTCTCCAAATATTGATTTGGTTGAAGATTTGACTCCACCAGAATTTAGATTGTCTCAATTGGAATTTGGTTCTCAAGATTCATTT,0.1748305921444574,0.1616389280672853,0.11759451311523583,0.12598758279018898,0.20021636112738825,0.10827747624274178,0.08326432093856365,0.02819022557413887,861.6942364113527
GACTTTAAGAGAGATTTGGAAGAATGTCAGAAGATTTCTGAAATCTTGAATGTTCCAGATTTGGATACTCCACCAGAATTTAGATTGTCTCAATTGGAATTTGGTTCTCAAGATTCATTT,0.024650849652805475,0.0909399400465437,0.14314626871184075,0.18257505128142332,0.20242588691193641,0.2560778215964279,0.06096635973104706,0.039217822067975486,1074.4220907630718
GACTTTAAGAGAGATTTGGAAGAATGTCAGAAGATTTCTGTTAATCCAGATTTGATTGAATTGGATACTCCACCAGAATTTAGATTGTCTCAATTGGAATTTGGTTCTCAAGATTCATTT,0.038795542330655186,0.04879138885466102,0.06637826302917779,0.22627778986684166,0.2245975953551432,0.2711465524116897,0.11244016859798646,0.01157269955384496,1057.6352854620818
GACTTTAAGAGAGATTTGGAAGAATGTCAGAAGATTTCTGTTATTCCAAATGAAGATTTGTTGGATACTCCACCAGAATTTAGATTGTCTCAATTGGAATTTGGTTCTCAAGATTCATTT,0.08345638776128231,0.12595116314015958,0.08654055884813,0.2781516467159566,0.1507705162611589,0.11474486352575439,0.07740147241023744,0.08298339133732062,1206.6871783063739
GACTTTAAGAGAGATTTGGAAGAATGTCAGAAGATTTCTGTTGATCCATTGAATATTGAATTGGATACTCCACCAGAATTTAGATTGTCTCAATTGGAATTTGGTTCTCAAGATTCATTT,0.0658578420357414,0.08834817299390305,0.0819499804464198,0.12194304715974497,0.25958697126220526,0.14085319182717332,0.16287928997224357,0.07858150430256869,1431.8666830539153
GACTTTAAGAGAGATTTGGAAGAATGTCAGAAGATTTCTTTGAATGATCCAGTTATTGAATTGGATACTCCACCAGAATTTAGATTGTCTCAATTGGAATTTGGTTCTCAAGATTCATTT,0.041000451566153354,0.041251522322453375,0.24489010391689423,0.30974075318852273,0.24241265838921003,0.08267871767468107,0.038025792942085204,0.0,645.8749340298051
GACTTTAAGAGAGATTTGGAAGAATGTCAGAAGATTTCTTTGGATGTTAATCCAATTGAATTGGATACTCCACCAGAATTTAGATTGTCTCAATTGGAATTTGGTTCTCAAGATTCATTT,0.12201596884049393,0.05261277728192352,0.03253503287712219,0.04841271501062441,0.06870589920405035,0.09586328221847615,0.2990749234153551,0.28077940115195443,2808.626146242906
GACTTTAAGAGAGATTTGGAAGAATGTCAGAATATTGATCCTAAATCTGTCTTGATTGAATTGGATACTCCACCAGAATTTAGATTGTCTCAATTGGAATTTGGTTCTCAAGATTCATTT,0.03760369613873874,0.11108696544196181,0.027876103367798125,0.1617725614998066,0.24755843509964956,0.28600899715783096,0.0660407995346338,0.062052441759580385,1267.0476302851814
GACTTTAAGAGAGATTTGGAAGAATGTCAGAATATTTCTCCAGTTGAATTGAAAGATATCTTGGATACTCCACCAGAATTTAGATTGTCTCAATTGGAATTTGGTTCTCAAGATTCATTT,0.12080547385218406,0.1823178591062821,0.11274290859660464,0.13421078316338464,0.11904249402890019,0.11073094967863616,0.11204081319840498,0.10810871837560332,1384.0595440560608
GACTTTAAGAGAGATTTGGAAGAATGTCAGAATCCATCTGTTGATAAATTGATTATTGAATTGGATACTCCACCAGAATTTAGATTGTCTCAATTGGAATTTGGTTCTCAAGATTCATTT,0.08433196012078534,0.14141396019365868,0.06995879072539278,0.18737989351977202,0.13850209678699013,0.12883188339436613,0.18249821420831253,0.06708320105072248,1342.1760194076953
GACTTTAAGAGAGATTTGGAAGAATGTCAGAATCCATCTTTGGATAAGATTGTTATTGAATTGGATACTCCACCAGAATTTAGATTGTCTCAATTGGAATTTGGTTCTCAAGATTCATTT,0.07531111777068321,0.06819506428484808,0.01874262635376382,0.06693447755045118,0.06679085559191195,0.13115809672988205,0.3841593625573619,0.18870839916109786,2491.780524504656
GACTTTAAGAGAGATTTGGAAGAATGTGAGAAGATTGTCTTGGATCCATCTGAAATTGAATTGGATACTCCACCAGAATTTAGATTGTCTGAATTGGAATTTGGTTCTGAAGATTCATTT,0.44892345155627933,0.37346223469261547,0.09536017726737975,0.07469476620054358,0.0010292761808960386,0.00231794518172523,0.0008667652236815398,0.0033453836968790726,249.16881946482326
GACTTTAAGAGAGATTTGGAAGAATGTGATAAGATTGTCTTGGATCCATCTGATATTGAATTGGATACTCCACCAGAATTTAGATTGTCTGATTTGGAATTTGGTTCTGATGATTCATTT,0.3040644327187122,0.1463126282770454,0.06580200638092183,0.07343592814424958,0.10421810625426482,0.03635310012629436,0.15939356268294083,0.11042023541557092,1381.8679475208914
GACTTTAAGAGAGATTTGGAAGAATGTGCTAAGATTGTCTTGGATCCATCTGCTATTGAATTGGATACTCCACCAGAATTTAGATTGTCTGCTTTGGAATTTGGTTCTGCTGATTCATTT,0.09099643933255512,0.03662146639857457,0.15852355119576422,0.14153153990342293,0.21520434941518568,0.18349722087422896,0.15191006271964608,0.021715370160622395,1091.880071997198
GACTTTAAGAGAGATTTGGAAGAATGTGTTCCATTGAAGATTGATCAATCTAATATTGAATTGGATACTCCACCAGAATTTAGATTGTCTCAATTGGAATTTGGTTCTCAAGATTCATTT,0.09512642676759415,0.047854471930963594,0.059185121866818874,0.13210279125715246,0.04686909760532845,0.17438679290972375,0.13233724274043415,0.3121380549219845,2710.1396452636877
GACTTTAAGAGAGATTTGGAAGAATGTTTGCAAGTTAATAAACCAATTTCTGATATTGAATTGGATACTCCACCAGAATTTAGATTGTCTCAATTGGAATTTGGTTCTCAAGATTCATTT,0.41294331538734835,0.2809666891162869,0.12568860765388337,0.0627090235548704,0.043911907504566014,0.051738240162100324,0.022042216620944553,0.0,360.550242163687
GACTTTAAGAGAGATTTGGAAGAATTGATTGTTAAACAATGTGATCCATCTAATATTGAATTGGATACTCCACCAGAATTTAGATTGTCTCAATTGGAATTTGGTTCTCAAGATTCATTT,0.043632705025873866,0.08779978934913601,0.10858841447474742,0.09694891011685079,0.17198379715352433,0.03999397304193815,0.24280242925714038,0.20824998158078914,2251.148249151026
GACTTTAAGAGAGATTTGGAAGAATTGATTGTTTCTAAGAATCCAGATCAATGTATTGAATTGGATACTCCACCAGAATTTAGATTGTCTCAATTGGAATTTGGTTCTCAAGATTCATTT,0.0021812488990246735,0.002887639494195975,0.0017142502773122464,0.0330333170485385,0.21912738134323856,0.4602701541254804,0.2802380795964919,0.0005479292157178176,1545.23696836355
GACTTTAAGAGAGATTTGGAAGAATTGCAAGTTAAGATTTGTGATCCATCTAATATTGAATTGGATACTCCACCAGAATTTAGATTGTCTCAATTGGAATTTGGTTCTCAAGATTCATTT,0.3796586504809209,0.31470265853151275,0.18249879715828288,0.10312150030768454,0.0022948677674896017,0.012147118947413205,0.0050140334465489655,0.0005623733601470889,275.1503493259397
GACTTTAAGAGAGATTTGGAAGAATTGCAAGTTATTCCTAAAGATTGTTCTAATATTGAATTGGATACTCCACCAGAATTTAGATTGTCTCAATTGGAATTTGGTTCTCAAGATTCATTT,0.05488619307256798,0.1310155937252507,0.1822784651711078,0.22826884452973717,0.21668175160996783,0.15519863609099555,0.031249617575889437,0.00042089822448349186,673.162741428179
GACTTTAAGAGAGATTTGGAAGAGAAACAAATTTGTGTCTTGGATCCATCTAATATTGAATTGGATACTCCACCAGAATTTAGATTGTCTCAATTGGAATTTGGTTCTCAAGATTCATTT,0.0009758024480882651,0.025444410089509043,0.041486411638180946,0.02981229394125194,0.2097807836503979,0.38929882649898334,0.2651668092623298,0.03803466247125872,1657.1963389695695
GACTTTAAGAGAGATTTGGAAGAGAAAGTTGATTTGATTCCACAATGTTCTAATATTGAATTGGATACTCCACCAGAATTTAGATTGTCTCAATTGGAATTTGGTTCTCAAGATTCATTT,0.017146951022923306,0.034644891325988476,0.08636132699746285,0.19859207808154675,0.2850671875860421,0.29165676973017746,0.07628182501927519,0.01024897023658387,1017.127032765809
GACTTTAAGAGAGATTTGGAAGAGAAATGTATTCAAGTCTTGGATCCATCTAATATTGAATTGGATACTCCACCAGAATTTAGATTGTCTCAATTGGAATTTGGTTCTCAAGATTCATTT,0.05437967412747255,0.06383145302178048,0.11277860245837129,0.2517248880952988,0.27686142386858525,0.182763910830437,0.025217164075533892,0.03244288352252082,917.7170642837101
GACTTTAAGAGAGATTTGGAAGAGAAATTGCAAGTTTGTATTGATCCATCTAATATTGAATTGGATACTCCACCAGAATTTAGATTGTCTCAATTGGAATTTGGTTCTCAAGATTCATTT,0.00563569121463909,0.006256774606475055,0.047837502274831946,0.17082665640084613,0.31054242094891815,0.3440170924065917,0.10303073647352941,0.011853125674168472,1153.2753763426788
GACTTTAAGAGAGATTTGGAAGAGAAGATTCAATGTGTCTTGGATCCATCTAATATTGAATTGGATACTCCACCAGAATTTAGATTGTCTCAATTGGAATTTGGTTCTCAAGATTCATTT,0.0931115917980476,0.07206290063826329,0.14260072705447377,0.14322990420993667,0.2399687669163974,0.190388542108476,0.09299895610832241,0.025638611166082903,996.9977642208598
GACTTTAAGAGAGATTTGGAAGAGAAGATTTGTTTGCAAGTTGATCCATCTAATATTGAATTGGATACTCCACCAGAATTTAGATTGTCTCAATTGGAATTTGGTTCTCAAGATTCATTT,0.1023648068248294,0.16853178916198705,0.11579754290576451,0.1137238276896222,0.08253077044951057,0.18765626940469257,0.12946097820622482,0.09993401535736889,1438.9953117778612
GACTTTAAGAGAGATTTGGAAGAGAATATTGTTTGTTTGCAATCTGATCCTAAGATTGAATTGGATACTCCACCAGAATTTAGATTGTCTCAATTGGAATTTGGTTCTCAAGATTCATTT,0.18014406953029305,0.10069288970711249,0.14944110444770978,0.1556597388260549,0.11834341959063467,0.1100806846024827,0.18563809329571246,0.0,897.9723936597904
GACTTTAAGAGAGATTTGGAAGCTTGTCAGAAGATTGTCTTGGATCCATCTAATATTGAATTGGATACTCCACCAGAATTTAGATTGTCTCAATTGGAATTTGGTTCTCAAGATTCATTT,0.0012010452146520986,0.021650499042979617,0.026154038824189155,0.2040398413527539,0.32162093774797196,0.37274115356450305,0.05235363661591511,0.00023884763703499153,1007.730512790204
GACTTTAAGAGAGATTTGGAAGCTTGTCAGAAGATTGTCTTGGATCCATCTAATATTGAATTGGATACTCCACCAGAATTTAGATTGTCTCAATTGGAATTTGGTTCTCAAGCTTCATTT,0.07381939924206303,0.03638658464351017,0.04553138245060513,0.119352963604353,0.23415832819498755,0.4379587374277426,0.05228493166694815,0.0005076727697902389,1009.9520210709433
GACTTTAAGAGAGATTTGGAAGCTTGTCAGAAGATTGTCTTGGATCCATCTAATATTGAATTGGATACTCCACCAGAATTTAGATTGTCTCAATTGGCATTTGGTTCTCAAGATTCATTT,0.05351742781480075,0.053845147646252214,0.06659422822547743,0.05096232577793051,0.02260132240914182,0.11212425903418935,0.37580512691441487,0.2645501621777931,2893.5407227850183
GACTTTAAGAGAGATTTGGAAGCTTGTCAGAAGATTGTCTTGGATCCATCTAATATTGAATTGGATACTCCACCAGCATTTAGATTGTCTCAATTGGAATTTGGTTCTCAAGATTCATTT,0.10612366240932224,0.08008014171054743,0.1760728217124919,0.11789978872604111,0.09586036370724302,0.21886542456478483,0.13123225912187977,0.07386553804768968,1332.3360725949362
GACTTTAAGAGAGATTTGGAAGCTTGTCAGAAGATTGTCTTGGATCCATCTAATATTGAATTGGCTACTCCACCAGAATTTAGATTGTCTCAATTGGAATTTGGTTCTCAAGATTCATTT,0.2616346631104626,0.03290460145364136,0.12208657425928818,0.10900021306684146,0.06445412163026226,0.1498848406412038,0.181989438150304,0.07804554768799625,1361.366301707615
GACTTTAAGAGAGATTTGGAAGCTTGTCAGAAGATTGTCTTGGATCCATCTAATATTGCTTTGGATACTCCACCAGAATTTAGATTGTCTCAATTGGAATTTGGTTCTCAAGATTCATTT,0.14878943322289284,0.11887985775342887,0.08712735164348895,0.08265000633876307,0.060372145769655265,0.05214575215747537,0.28816495300619893,0.16187050010809673,2012.5668084330098
GACTTTAAGAGAGATTTGGAAGCTTGTCAGAAGATTGTCTTGGCTCCATCTAATATTGAATTGGATACTCCACCAGAATTTAGATTGTCTCAATTGGAATTTGGTTCTCAAGATTCATTT,0.00015905377024875026,0.021475724510763083,0.04536280901682957,0.14673445594329637,0.34346384656009465,0.37978176393129626,0.06287052004122641,0.00015182622624481182,1039.4766187647085
GACTTTAAGAGAGATTTGGAAGCTTGTCAGAAGATTGTCTTGGCTCCATCTAATATTGCTTTGGCTACTCCACCAGAATTTAGATTGTCTCAATTGGAATTTGGTTCTCAAGATTCATTT,0.01009714591887315,0.055994091521616135,0.18465785626797201,0.256984710592411,0.26351875450523266,0.2110183226591318,0.013158757893710238,0.004570360641052932,755.4709772943985
GACTTTAAGAGAGATTTGGAATGTATCTTGGTTAAACAAGAAGATCCATCTAATATTGAATTGGATACTCCACCAGAATTTAGATTGTCTCAATTGGAATTTGGTTCTCAAGATTCATTT,0.03147033295253121,0.06332608996716851,0.11748000346121057,0.297181014460383,0.20157195051132645,0.2451899555462576,0.043780653101122856,0.0,806.3656488633094
GACTTTAAGAGAGATTTGGAATGTATTAAACAAGAAGTCTTGGATCCATCTAATATTGAATTGGATACTCCACCAGAATTTAGATTGTCTCAATTGGAATTTGGTTCTCAAGATTCATTT,0.0002946031036780164,0.0003705089225672738,0.0474731931722444,0.22296907420019382,0.30837521234485815,0.3672473221230028,0.05300644606026577,0.0002636400731896929,1002.8316927353535
GACTTTAAGAGAGATTTGGAATGTCAAGAGAAGATTGTCTTGGATCCATCTAATATTGAATTGGATACTCCACCAGAATTTAGATTGTCTCAATTGGAATTTGGTTCTCAAGATTCATTT,0.07417018977868264,0.09497648244037658,0.05034186650450906,0.2247288126669879,0.09302081594653468,0.1606913371057352,0.12507091867906192,0.17699957687811207,1899.2827167942253
GACTTTAAGAGAGATTTGGAATGTGAACAGAAGATTGTCTTGGATCCATCTAATATTGAATTGGATACTCCACCAGAATTTAGATTGTCTCAATTGGAATTTGGTTCTCAAGATTCATTT,0.0185829106878365,0.1308769362388647,0.11561790672394773,0.1032249167749396,0.25636408265939814,0.11923237398519161,0.1895815474691738,0.0665193254606479,1397.6883100298892
GACTTTAAGAGAGATTTGGAATGTTTGGAGAAACAAATTGTTGATCCATCTAATATTGAATTGGATACTCCACCAGAATTTAGATTGTCTCAATTGGAATTTGGTTCTCAAGATTCATTT,0.07254682220821788,0.14598214124138373,0.21063791009787394,0.13432843057665417,0.14297621414249065,0.11082801497764949,0.06728341602396594,0.1154170507317642,1350.0151441675594
GACTTTAAGAGAGATTTGGAATTGGATGTTCAAATTTGTAAAGAACCATCTAATATTGAATTGGATACTCCACCAGAATTTAGATTGTCTCAATTGGAATTTGGTTCTCAAGATTCATTT,0.030301185415503588,0.030486738043546787,0.13196811745436152,0.11782256163569114,0.23887187021391545,0.2638551866842553,0.1686166700848031,0.018077670467923045,1209.4762800821356
GACTTTAAGAGAGATTTGGAGAAGATTTGTGTCTTGCAAGAAGATCCATCTAATATTGAATTGGATACTCCACCAGAATTTAGATTGTCTCAATTGGAATTTGGTTCTCAAGATTCATTT,0.014478876132307486,0.07283769558150206,0.1441339198797056,0.20911202249381697,0.22828124859764218,0.22561407282185772,0.05371362751484721,0.051828536978320884,1121.6694604432832
GACTTTAAGAGAGATTTGGATGATTGTCAGAAGATTGTCTTGGATCCATCTAATATTGATTTGGATACTCCACCAGACTTTAGATTGTCTCAATTGGACTTTGGTTCTCAAGATTCATTT,0.0772741702956448,0.16326947099811506,0.1442337741943775,0.21462245424344545,0.13706363952575293,0.14165984354210967,0.05733422900852799,0.06454241819202655,1059.8728030478799
GACTTTAAGAGAGATTTGGCTGAATGTCAGAAGATTGTCTTGGATCCATCTAATATTGAATTGGATACTCCACCAGAATTTAGATTGTCTCAATTGGAATTTGGTTCTCAAGATTCATTT,0.10883870807870265,0.21901038765933845,0.045144358025086345,0.04030537078589395,0.035750121920318186,0.16627024591751297,0.1682370973730673,0.21644371024008016,2168.7441222794787
GACTTTAAGAGAGATTTGGCTGAATGTCAGAAGATTGTCTTGGATCCATCTAATATTGAATTGGATACTCCACCAGAATTTAGATTGTCTCAATTGGAATTTGGTTCTCAAGCTTCATTT,0.1014230621614808,0.12245296487084802,0.09255065632712829,0.18028413010723707,0.08661721500291848,0.2231158235004712,0.11287755760685754,0.08067859042305847,1338.537992569307
GACTTTAAGAGAGATTTGGCTGAATGTCAGAAGATTGTCTTGGATCCATCTAATATTGAATTGGATACTCCACCAGAATTTAGATTGTCTCAATTGGCATTTGGTTCTCAAGATTCATTT,0.0763920133671115,0.17933955253396952,0.09505814050663725,0.14144822546110739,0.276016338654238,0.09336177595565572,0.04723308763302841,0.09115086588825211,1196.8488041031922
GACTTTAAGAGAGATTTGGCTGAATGTCAGAAGATTGTCTTGGATCCATCTAATATTGAATTGGATACTCCACCAGCATTTAGATTGTCTCAATTGGAATTTGGTTCTCAAGATTCATTT,0.00122575008243747,0.001027713414445252,0.10931015107352063,0.14343943188641442,0.22707806473263967,0.34361266338213037,0.0994717190212365,0.0748345064071757,1484.339337216948
GACTTTAAGAGAGATTTGGCTGAATGTCAGAAGATTGTCTTGGATCCATCTAATATTGAATTGGCTACTCCACCAGAATTTAGATTGTCTCAATTGGAATTTGGTTCTCAAGATTCATTT,0.06279514934468394,0.16847915285384765,0.026046309757786396,0.13952656123387022,0.20626248553535745,0.21104736759755205,0.13589157183036413,0.049951401846538124,1242.8106225377176
GACTTTAAGAGAGATTTGGCTGAATGTCAGAAGATTGTCTTGGATCCATCTAATATTGCTTTGGATACTCCACCAGAATTTAGATTGTCTCAATTGGAATTTGGTTCTCAAGATTCATTT,0.07064616401459282,0.16585047158965271,0.1816771792092458,0.19882991198261743,0.1253073351849254,0.11224140273288637,0.06115261049246286,0.08429492479361654,1150.497064259386
GACTTTAAGAGAGATTTGGCTGAATGTCAGAAGATTGTCTTGGCTCCATCTAATATTGAATTGGATACTCCACCAGAATTTAGATTGTCTCAATTGGAATTTGGTTCTCAAGATTCATTT,0.0001899636083490648,0.013856698170203382,0.09537955846548941,0.08262338321129503,0.32384106378052147,0.3999574741758481,0.08403852640456719,0.00011333218372621597,1090.1804734984166
GACTTTAAGAGAGATTTGGCTGCTTGTCAGAAGATTGTCTTGGATCCATCTAATATTGAATTGGATACTCCACCAGAATTTAGATTGTCTCAATTGGAATTTGGTTCTCAAGATTCATTT,0.12097451227392242,0.09128648471341365,0.22580133076595818,0.06719928955768126,0.17881359837185676,0.05544294560440183,0.22439517513975046,0.03608666357301546,1171.9134174458213
GACTTTAAGAGAGATTTGGCTGCTTGTCAGAAGATTGTCTTGGATCCATCTAATATTGCTTTGGATACTCCACCAGCATTTAGATTGTCTCAATTGGCATTTGGTTCTCAAGATTCATTT,0.06182984141651437,0.07998230985838278,0.060451090586172804,0.13738171251299217,0.18713454105534671,0.2631272731358057,0.1679359180535341,0.04215731338125127,1321.753587586609
GACTTTAAGAGAGATTTGGCTGCTTGTCAGAAGATTGTCTTGGCTCCATCTAATATTGCTTTGGATACTCCACCAGAATTTAGATTGTCTCAATTGGAATTTGGTTCTCAAGATTCATTT,0.08757016138314601,0.03272523683322926,0.09360838375030171,0.12823416214695546,0.34533317612656317,0.30180498332756195,0.002165780910510369,0.008558115521731977,853.1207864544444
GACTTTAAGAGAGATTTGGCTGCTTGTCAGAAGATTGTCTTGGCTCCATCTAATATTGCTTTGGCTACTCCACCAGCATTTAGATTGTCTCAATTGGCATTTGGTTCTCAAGCTTCATTT,0.15986549113765036,0.2287056837803395,0.252840588682996,0.19944196887680585,0.09195939856656268,0.049975842063395795,0.011205745758505142,0.006005281133744782,464.31272161899176
GACTTTAAGAGAGATTTGGTTATTCCTAAATTGGAAGAAGATTGTCAATCTAATATTGAATTGGATACTCCACCAGAATTTAGATTGTCTCAATTGGAATTTGGTTCTCAAGATTCATTT,0.09924297954883927,0.12481338100631244,0.12349266210481077,0.17916532317607897,0.18336501169447073,0.0909666509634055,0.08053737803453143,0.11841661347155093,1399.3802252565142
GACTTTAAGAGAGATTTGTGTAAAGTTCAATTGATTGAAGATCCAGAATCTAATATTGAATTGGATACTCCACCAGAATTTAGATTGTCTCAATTGGAATTTGGTTCTCAAGATTCATTT,0.09825486466718746,0.126316688841929,0.10188592061002875,0.13947943843119137,0.1506104104067709,0.1150778671735096,0.17719001306818505,0.09118479680119797,1458.1532304194038
GACTTTAAGAGAGATTTGTGTATTGAGAAAGAACAAGTCTTGGATCCATCTAATATTGAATTGGATACTCCACCAGAATTTAGATTGTCTCAATTGGAATTTGGTTCTCAAGATTCATTT,0.07142186941967202,0.06763221558637132,0.026139282025832353,0.042007380332598716,0.08279949568128131,0.1347822642062631,0.24937442123943138,0.32584307150854974,3021.256417538912
GACTTTAAGAGAGATTTGTGTCAAGAAGAGAAGATTGTCTTGGATCCATCTAATATTGAATTGGATACTCCACCAGAATTTAGATTGTCTCAATTGGAATTTGGTTCTCAAGATTCATTT,0.26207118178270605,0.22600800288966813,0.18634707345217338,0.0,0.0737847528112783,0.10294965445632492,0.10416747112940962,0.04467186347843962,905.1685886976453
GACTTTAAGAGAGATTTGTGTGAACAAGAGAAGATTGTCTTGGATCCATCTAATATTGAATTGGATACTCCACCAGAATTTAGATTGTCTCAATTGGAATTTGGTTCTCAAGATTCATTT,0.22559858205543132,0.25710063632500085,0.20754862805120694,0.17104768468215015,0.07059015198928136,0.038220901720144244,0.02479040136295128,0.00510301381383381,448.79271841281655
GACTTTAAGAGAGATTTGTGTGAAGAACAGAAGATTGTCTTGGATCCATCTAATATTGAATTGGATACTCCACCAGAATTTAGATTGTCTCAATTGGAATTTGGTTCTCAAGATTCATTT,0.10428915127252764,0.16534074001000124,0.16909665124112855,0.21065765288773763,0.10276720310562727,0.07821163572095897,0.0791368203125267,0.09050014544949203,1178.990692979595
GACTTTAAGAGAGATTTGTGTGTCTTGCAAGAAGAGAAGATTGATCCATCTAATATTGAATTGGATACTCCACCAGAATTTAGATTGTCTCAATTGGAATTTGGTTCTCAAGATTCATTT,0.06945416911203134,0.12919782827251186,0.14598028824665127,0.212075365848604,0.2888345452616968,0.13202032709598394,0.0173380803141085,0.005099395848412214,673.0805679699837
GACTTTAAGAGAGATTTGTTGAAATGTATTGAAGAACAAGTTGATCCATCTAATATTGAATTGGATACTCCACCAGAATTTAGATTGTCTCAATTGGAATTTGGTTCTCAAGATTCATTT,0.013465247394407114,0.04064310993537591,0.08377717266221729,0.09723631483182418,0.11278430473535898,0.16045014015708708,0.2747430131876896,0.21690069709603982,2483.6399606601544
GACTTTAAGAGAGATTTGTTGATTGAAGTTGAGAAATGTCAAGATCCATCTAATATTGAATTGGATACTCCACCAGAATTTAGATTGTCTCAATTGGAATTTGGTTCTCAAGATTCATTT,0.02681571424331758,0.06181146796721444,0.12815033369889237,0.22517769215796365,0.268220387505646,0.22963379441609805,0.048655320890415854,0.0115352891204521,890.546938928995
GACTTTAAGAGAGATTTGTTGTGTCCAGATGAACAAGTTGAAATTAAATCTAATATTGAATTGGATACTCCACCAGAATTTAGATTGTCTCAATTGGAATTTGGTTCTCAAGATTCATTT,0.3440808822577056,0.197821656703069,0.061165124111899234,0.16382665172414573,0.0968741495030977,0.045055199243322214,0.09117633645676065,0.0,569.4521661902724
GACTTTAAGAGAGCTGCTGCTGCTGCTGCTGCTGCTGTCTTGGATCCATCTAATATTGAATTGGATACTCCACCAGAATTTAGATTGTCTCAATTGGAATTTGGTTCTCAAGATTCATTT,0.02077919558202041,0.04920510793771862,0.13444777811667005,0.21152110221502565,0.334163434487348,0.204073390143347,0.03993122134730918,0.005878770170561236,839.9022770868801
GACTTTAAGAGAGCTGCTGCTGCTTGTCAGAAGATTGCTGCTGCTGCTTCTAATATTGAATTGGATACTCCACCAGAATTTAGATTGTCTCAATTGGAATTTGGTTCTCAAGATTCATTT,0.08525253302430348,0.15835308230534093,0.17136597341999707,0.17485416373949247,0.16155460876129163,0.13825287992416332,0.07906730401102724,0.03129945481438385,909.0096394830499
GACTTTAAGAGAGCTGCTGCTGCTTGTCAGAAGATTGTCTTGGATCCAGCTGCTGCTGCTTTGGATACTCCACCAGAATTTAGATTGTCTCAATTGGAATTTGGTTCTCAAGATTCATTT,0.3678627206744751,0.2704689230174849,0.14564731938360376,0.08859561604498929,0.02027940142135331,0.034190082973076685,0.04533075799344438,0.02762517849157267,564.292710307502
GACTTTAAGAGAGCTGCTGCTGCTTGTCAGAAGATTGTCTTGGATCCATCTAATATTGAAGCTGCTGCTGCTCCAGAATTTAGATTGTCTCAATTGGAATTTGGTTCTCAAGATTCATTT,0.054576836228161035,0.16473313038923368,0.24901249802201536,0.16168803612820398,0.12548752264128096,0.11672598653313661,0.08436197629423867,0.04341401376372972,958.7701195382983
GACTTTAAGAGAGCTGCTGCTGCTTGTCAGAAGATTGTCTTGGATCCATCTAATATTGAATTGGATACTCCACCAGAATTTAGAGCTGCTGCTGCTGAATTTGGTTCTCAAGATTCATTT,0.036572542764555745,0.03679649873628197,0.1820356739174443,0.0,0.2522717386381767,0.16761295094280929,0.23743395981887708,0.08727663518185486,1668.9474974815957
GACTTTAAGAGAGCTGCTGCTGCTTGTCAGAAGATTGTCTTGGATCCATCTAATATTGAATTGGATACTCCACCAGAATTTAGATTGTCTCAATTGGAATTTGGTTCTCAAGATTCATTT,0.14111067093744276,0.14197477758800248,0.11173946042033069,0.1710209108486215,0.20225653288210962,0.08230905643825712,0.11897530060410637,0.030613290281129305,946.0523295655194
GACTTTAAGAGAGCTGCTGCTGCTTGTCAGAAGATTGTCTTGGATCCATCTAATATTGAATTGGATACTCCACCAGAATTTAGATTGTCTCAATTGGAATTTGGTTCTGCTGCTGCTGCT,0.10254927482229162,0.11576791888567084,0.14948932236090437,0.1918569189582098,0.31386701502436243,0.09586871154471875,0.007574523290461705,0.023026315113380463,724.8942242087712
GACTTTAAGAGAGCTGCTGCTGCTTGTCAGAAGATTGTCTTGGATCCATCTAATATTGAATTGGATACTCCACCAGAATTTAGATTGTCTCAATTGGCTGCTGCTGCTCAAGATTCATTT,0.10574507952062567,0.20026846324375522,0.19350518817926493,0.14512135974000068,0.19001520060525676,0.09692651090867839,0.046152036866719225,0.02226616093569928,737.8778626164315
GACTTTAAGAGAGCTGCTGCTGCTTGTCAGAAGATTGTCTTGGATCCATCTAATATTGAATTGGATACTCCAGCTGCTGCTGCTTTGTCTCAATTGGAATTTGGTTCTCAAGATTCATTT,0.05848786708335635,0.1476444975965619,0.192145758732,0.22288700569974398,0.20876837596863212,0.13608904558339605,0.02275700776749407,0.011220441568815619,692.7298735315399
GACTTTAAGAGAGCTTTGGAAGAATGTCAGAAGATTGTCTTGGATCCATCTAATATTGAATTGGATACTCCACCAGAATTTAGATTGTCTCAATTGGAATTTGGTTCTCAAGATTCATTT,0.03621422688992909,0.04858131823353013,0.03004203289767964,0.12069833255654293,0.17842866514395453,0.35407099651183693,0.1455428767955506,0.08642155097097617,1633.0846766316354
GACTTTAAGAGAGCTTTGGAAGAATGTCAGAAGATTGTCTTGGATCCATCTAATATTGAATTGGATACTCCACCAGAATTTAGATTGTCTCAATTGGAATTTGGTTCTCAAGCTTCATTT,0.07332300492356462,0.07377200637591805,0.06842942276142883,0.13237147789286957,0.22579050790970884,0.20162478676451562,0.17000821311786754,0.05468058025412696,1353.270067347953
GACTTTAAGAGAGCTTTGGAAGAATGTCAGAAGATTGTCTTGGATCCATCTAATATTGAATTGGATACTCCACCAGAATTTAGATTGTCTCAATTGGCATTTGGTTCTCAAGATTCATTT,0.19567135344673164,0.22968116314866488,0.12174148964812521,0.0362307059320537,0.1285438768158835,0.11956894612558129,0.0907375173521907,0.07782494753076918,1133.5652446625643
GACTTTAAGAGAGCTTTGGAAGAATGTCAGAAGATTGTCTTGGATCCATCTAATATTGAATTGGATACTCCACCAGCATTTAGATTGTCTCAATTGGAATTTGGTTCTCAAGATTCATTT,0.0006197434981709317,0.0007482462784414273,0.06385334811652976,0.21096069017339286,0.4013515438524446,0.2861887474100184,0.03494662160874423,0.0013310590622577728,924.1507236644435
GACTTTAAGAGAGCTTTGGAAGAATGTCAGAAGATTGTCTTGGATCCATCTAATATTGAATTGGCTACTCCACCAGAATTTAGATTGTCTCAATTGGAATTTGGTTCTCAAGATTCATTT,0.1532268106098981,0.11212008128649303,0.06933354822336987,0.147016635451827,0.048042491836506045,0.044688166098846537,0.16794808961898994,0.25762417687406947,2314.1759859039485
GACTTTAAGAGAGCTTTGGAAGAATGTCAGAAGATTGTCTTGGATCCATCTAATATTGCTTTGGATACTCCACCAGAATTTAGATTGTCTCAATTGGAATTTGGTTCTCAAGATTCATTT,0.08866254385072649,0.06690410898747973,0.1930721329916771,0.24625269592551674,0.08736864324419345,0.203171416171246,0.06167243418184963,0.052896024647310726,1052.6867902818908
GACTTTAAGAGAGCTTTGGAAGAATGTCAGAAGATTGTCTTGGCTCCATCTAATATTGAATTGGATACTCCACCAGAATTTAGATTGTCTCAATTGGAATTTGGTTCTCAAGATTCATTT,0.0926202544413563,0.10871866216741467,0.09604308064396641,0.13719728076313653,0.3194400888591741,0.1273443380510719,0.10021723087461448,0.01841906419926551,935.7816659819758
GACTTTAAGAGAGCTTTGGAAGCTTGTCAGAAGATTGTCTTGGATCCATCTAATATTGAATTGGATACTCCACCAGAATTTAGATTGTCTCAATTGGAATTTGGTTCTCAAGATTCATTT,0.4019160437739652,0.1444204359619148,0.08930765253032151,0.03189393498299063,0.07072333301543943,0.06578543143876706,0.09318907278369713,0.1027640955129043,1177.3030560316283
GACTTTAAGAGAGCTTTGGAAGCTTGTCAGAAGATTGTCTTGGCTCCATCTAATATTGCTTTGGCTACTCCACCAGCATTTAGATTGTCTCAATTGGCATTTGGTTCTCAAGCTTCATTT,0.003458889140883476,0.006603645076420932,0.03565018812377631,0.1471163764021074,0.2508868114176787,0.315507402432132,0.20928289767570146,0.03149378973129972,1452.635038443706
GACTTTAAGAGAGCTTTGGCTGAATGTCAGAAGATTGTCTTGGATCCATCTAATATTGAATTGGATACTCCACCAGAATTTAGATTGTCTCAATTGGAATTTGGTTCTCAAGATTCATTT,0.15414424265510931,0.14098923800887478,0.16565310726295387,0.07784046558934138,0.11046889606591928,0.16055618771783042,0.12346613909654962,0.06688172360342136,1198.2614850989191
GACTTTAAGAGAGCTTTGGCTGAATGTCAGAAGATTGTCTTGGCTCCATCTAATATTGCTTTGGCTACTCCACCAGCATTTAGATTGTCTCAATTGGCATTTGGTTCTCAAGCTTCATTT,0.14925433124390516,0.1817162700388,0.14046361752441747,0.18253749006356076,0.15696365621706854,0.13795696738166183,0.03838694588630065,0.012720721644285577,689.8586454251345
GACTTTAAGAGAGCTTTGGCTGCTTGTCAGAAGATTGTCTTGGATCCATCTAATATTGCTTTGGCTACTCCACCAGCATTTAGATTGTCTCAATTGGCATTTGGTTCTCAAGCTTCATTT,0.10317396942140734,0.1624785910821361,0.09489265175613348,0.11462277988384247,0.1591329845869129,0.13979886066373676,0.14561294549195633,0.08028721711387468,1342.3305319300014
GACTTTAAGAGAGCTTTGGCTGCTTGTCAGAAGATTGTCTTGGCTCCATCTAATATTGAATTGGATACTCCACCAGAATTTAGATTGTCTCAATTGGAATTTGGTTCTCAAGATTCATTT,0.1698419221731861,0.16020184480112884,0.14529777270937427,0.16510253698965643,0.12552249514101532,0.07783901150246553,0.029534920586588888,0.1266594960965846,1275.9096447531774
GACTTTAAGAGAGCTTTGGCTGCTTGTCAGAAGATTGTCTTGGCTCCATCTAATATTGAATTGGCTACTCCACCAGCATTTAGATTGTCTCAATTGGCATTTGGTTCTCAAGCTTCATTT,0.23069967521941512,0.2849817041401997,0.2970064644900729,0.1098633811762842,0.042061744797233395,0.01969720467082274,0.01555343718619402,0.00013638831977785264,353.2844001867194
GACTTTAAGAGAGCTTTGGCTGCTTGTCAGAAGATTGTCTTGGCTCCATCTAATATTGCTTTGGATACTCCACCAGCATTTAGATTGTCTCAATTGGCATTTGGTTCTCAAGCTTCATTT,0.12384188196680315,0.13748992143062194,0.12753287352752415,0.06167564428980688,0.11782650087550822,0.06262848979476053,0.20595034699568796,0.1630543411192872,1869.8871141433774
GACTTTAAGAGAGCTTTGGCTGCTTGTCAGAAGATTGTCTTGGCTCCATCTAATATTGCTTTGGCTACTCCACCAGAATTTAGATTGTCTCAATTGGCATTTGGTTCTCAAGCTTCATTT,0.11984827569457192,0.1318867590893208,0.1537931916219463,0.17059506586873305,0.16238648907708247,0.13045112230575343,0.07294419663446139,0.05809489970813058,1044.3858548670125
GACTTTAAGAGAGCTTTGGCTGCTTGTCAGAAGATTGTCTTGGCTCCATCTAATATTGCTTTGGCTACTCCACCAGCATTTAGATTGTCTCAATTGGAATTTGGTTCTCAAGCTTCATTT,0.04914409904279457,0.03296335887764138,0.07338274983431613,0.10555502522201955,0.08393998173979622,0.09309454288901423,0.22181587146723064,0.34010437092718726,3019.3687290495313
GACTTTAAGAGAGCTTTGGCTGCTTGTCAGAAGATTGTCTTGGCTCCATCTAATATTGCTTTGGCTACTCCACCAGCATTTAGATTGTCTCAATTGGCATTTGGTTCTCAAGATTCATTT,0.0862587928469231,0.16022216864048147,0.20847921564888314,0.19718987313471809,0.15774033169432183,0.11327621175400704,0.04615416797402191,0.030679238306643257,806.3905383585493
GACTTTAAGAGAGCTTTGGCTGCTTGTCAGAAGATTGTCTTGGCTCCATCTAATATTGCTTTGGCTACTCCACCAGCATTTAGATTGTCTCAATTGGCATTTGGTTCTCAAGCTTCATTT,0.18316173097819916,0.20007905692123273,0.1367500040227534,0.12209188164879266,0.061881857987351276,0.06715481267286033,0.11648434868052815,0.11239630708828229,1334.445221605153
GACTTTAAGAGATGTATTAAAGAATTGGAAGATCAAGTCTTGGATCCATCTAATATTGAATTGGATACTCCACCAGAATTTAGATTGTCTCAATTGGAATTTGGTTCTCAAGATTCATTT,0.2780085732054643,0.05594219783123513,0.06918780340771118,0.06177161869617708,0.10958057730492889,0.15289449566255972,0.20627082945715638,0.0663439044347674,1356.5692178493284
GACTTTAAGAGATGTATTCAAGATGAATTGAAAGAAGTCTTGGATCCATCTAATATTGAATTGGATACTCCACCAGAATTTAGATTGTCTCAATTGGAATTTGGTTCTCAAGATTCATTT,0.02721166693055153,0.03484510979565687,0.049251992229244985,0.1401630163143382,0.2535194036701462,0.32651817840891784,0.13306998076517818,0.03542065188596618,1308.4206674813627
GACTTTAAGAGATGTCAAGATTTGGAAGAGAAGATTGTCTTGGATCCATCTAATATTGAATTGGATACTCCACCAGAATTTAGATTGTCTCAATTGGAATTTGGTTCTCAAGATTCATTT,0.13447585838323323,0.18830319963265038,0.21218714067757227,0.17558129169071945,0.1543712562065842,0.11817835783739969,0.01028613493092602,0.00661676064091478,569.0128251295621
GACTTTAAGAGATTGGAAGAAGATTGTCAGAAGATTGTCTTGGATCCATCTAATATTGAATTGGATACTCCACCAGAATTTAGATTGTCTCAATTGGAATTTGGTTCTCAAGATTCATTT,0.12558255090023832,0.19742432719815736,0.2051020356155126,0.15695769791586206,0.023203098112457854,0.007194352768559194,0.10191239140916714,0.18262354608004547,1661.7374621344863
GACTTTAAGAGATTGGAAGATGAATGTCAGAAGATTGTCTTGGATCCATCTAATATTGAATTGGATACTCCACCAGAATTTAGATTGTCTCAATTGGAATTTGGTTCTCAAGATTCATTT,0.2797096348257115,0.1395483309488858,0.04890039143134177,0.06934044389497097,0.15262028582328727,0.18857949745199437,0.09647709295302051,0.024824322670787803,907.1206455603034
GACTTTAAGAGATTGGATGAAGAATGTCAGAAGATTGTCTTGGATCCATCTAATATTGAATTGGATACTCCACCAGAATTTAGATTGTCTCAATTGGAATTTGGTTCTCAAGATTCATTT,0.16432409728408523,0.20666294236705793,0.20447612832497764,0.18255849744108732,0.06072225996671427,0.09413772182218873,0.038100519994504096,0.04901783279938474,814.7150255151611
GACTTTAAGAGATTGGTTGAATTGAAAGAAGATTGTCAAATTGATCCATCTAATATTGAATTGGATACTCCACCAGAATTTAGATTGTCTCAATTGGAATTTGGTTCTCAAGATTCATTT,0.05767622783066296,0.05802941452956095,0.16148073779667937,0.11213358182705792,0.09946042285467052,0.07929951281907784,0.17384806004635495,0.25807204229593556,2406.3083128758135
GACTTTAAGAGGAAACAAGAATGTTTGGATATTGAAGTCTTGGATCCATCTAATATTGAATTGGATACTCCACCAGAATTTAGATTGTCTCAATTGGAATTTGGTTCTCAAGATTCATTT,0.007911986881654667,0.009287176266658443,0.022972258890820864,0.06445962610221083,0.21050612003932204,0.3299737304592225,0.28251136736431487,0.07237773399579586,1847.905664676621
GACTTTAAGAGGAAAGAACAATTGGAATTGGATGTTATTTGTGATCCATCTAATATTGAATTGGATACTCCACCAGAATTTAGATTGTCTCAATTGGAATTTGGTTCTCAAGATTCATTT,0.1632945307467315,0.27382413782137305,0.2031949907262292,0.0,0.10727432337574995,0.0,0.25241201732991636,0.0,893.4916879417952
GACTTTAAGAGGAAATTGCAATGTGAAGTTGATATTGAATTGGATCCATCTAATATTGAATTGGATACTCCACCAGAATTTAGATTGTCTCAATTGGAATTTGGTTCTCAAGATTCATTT,0.09071299998842143,0.18253698196086268,0.05643920560935462,0.35272672952344974,0.0,0.08314802563670765,0.12619740599013293,0.10823865129107099,1374.1444396917886
GACTTTAAGAGGAAATTGGAACAATTGGATATTGAATGTGTTGATCCATCTAATATTGAATTGGATACTCCACCAGAATTTAGATTGTCTCAATTGGAATTTGGTTCTCAAGATTCATTT,0.20362564705428354,0.2473236442810165,0.20544395459695686,0.16711835357987548,0.061461594011807764,0.057170346851419425,0.0425342859443498,0.01532217368029071,570.3916392270605
GACTTTAAGATTTGTGAAAGAGATCAAGAATTGAAAGTCTTGGATCCATCTAATATTGAATTGGATACTCCACCAGAATTTAGATTGTCTCAATTGGAATTTGGTTCTCAAGATTCATTT,0.22654713803679796,0.20260837711309965,0.06264514582867188,0.05593026329354228,0.09921822788338781,0.04614540668264077,0.18676508799388322,0.12014035316797653,1516.6069406908514
GACTTTAATAATGATTTGGAAGAATGTCAGAATATTGTCTTGGATCCATCTAATATTGAATTGGATACTCCACCAGAATTTAATTTGTCTCAATTGGAATTTGGTTCTCAAGATTCATTT,0.2657253539339969,0.14852919569222883,0.11021814505244479,0.16400658531916784,0.05818832881643987,0.08118843144145943,0.1369147154642812,0.035229244279981246,924.4251197939046
GACTTTAGAGAAGAATTGAAAGATTGTCAGAAGATTGTCTTGGATCCATCTAATATTGAATTGGATACTCCACCAGAATTTAGATTGTCTCAATTGGAATTTGGTTCTCAAGATTCATTT,0.20969583818521859,0.14065328908009847,0.10872262454363518,0.11648248118034994,0.03443927217458312,0.11212153028500756,0.1944820171256526,0.0834029474254546,1370.1472167106106
GACTTTAGAGATTTGAAAGAAGAATGTCAGAAGATTGTCTTGGATCCATCTAATATTGAATTGGATACTCCACCAGAATTTAGATTGTCTCAATTGGAATTTGGTTCTCAAGATTCATTT,0.11359230506257569,0.1714318499780635,0.21202229433109526,0.12619719734253385,0.16790188638744621,0.15617898032279792,0.05267548657548758,0.0,668.2013049245919
GACTTTAGATTGAAAGATGAAGAATGTCAGAAGATTGTCTTGGATCCATCTAATATTGAATTGGATACTCCACCAGAATTTAGATTGTCTCAATTGGAATTTGGTTCTCAAGATTCATTT,0.08530914431420047,0.17881571709178784,0.12384649887907566,0.1500613116428478,0.21716580269012656,0.16942211508097985,0.03296658668628942,0.042412823614692265,922.9874049405521
GACTTTAGATTGTGTCAAGAGAAAGATGAGAAGATTGTCTTGGATCCATCTAATATTGAATTGGATACTCCACCAGAATTTAGATTGTCTCAATTGGAATTTGGTTCTCAAGATTCATTT,0.00038731467023712924,0.0005358188468136045,0.020784252663837866,0.0641675120896729,0.32498551411398896,0.3549259645467215,0.21832744244592261,0.015886180622805623,1441.256988612782
GACTTTAGGAAAGATTTGGAAGAATGTCAGAAGATTGTCTTGGATCCATCTAATATTGAATTGGATACTCCACCAGAATTTAGATTGTCTCAATTGGAATTTGGTTCTCAAGATTCATTT,0.04647745403806601,0.04676206381894632,0.0495720522335949,0.22129232015908407,0.20282495476845103,0.20692150026204378,0.1231583678588244,0.1029912868609894,1554.7360486639336
GACTTTAGGAAATTGGATGAAGAATGTCAGAAGATTGTCTTGGATCCATCTAATATTGAATTGGATACTCCACCAGAATTTAGATTGTCTCAATTGGAATTTGGTTCTCAAGATTCATTT,0.19812992942704213,0.21746530882121054,0.15689055448620556,0.2701419096682518,0.08874477812315798,0.049529171784042765,0.00835251074764676,0.010745836942442544,489.26029522968724
GACTTTATCTTGGATTCTGATGATTTGGTTGAAGCTTTGTCTTTGTGTGATGATTTGTTGGGTTCTGATGATAGAGAAGAAGATACTGATTCTGGTTCTTTGAAAGATAAAGATCCATGT,0.18076482213332262,0.3128194191545162,0.1349604528297804,0.1365600378015975,0.14250145840756356,0.04639320338567749,0.020117999978309445,0.025882606309232697,601.7033199098181
GACTTTATTTGTGAAGAGAAACAGAAGAGATTGGATGTCTTGGATCCATCTAATATTGAATTGGATACTCCACCAGAATTTAGATTGTCTCAATTGGAATTTGGTTCTCAAGATTCATTT,0.05772469609263259,0.11615635918448379,0.09577270415267028,0.19239053720214833,0.1327253393289883,0.22927999531681253,0.10707332516675394,0.0688770435555103,1291.700458945451
GACTTTCAACAAGATTTGGAAGAATGTCAACAAATTGTCTTGGATCCATCTAATATTGAATTGGATACTCCACCAGAATTTCAATTGTCTCAATTGGAATTTGGTTCTCAAGATTCATTT,0.24124734510280335,0.18493306639729692,0.19298269838840823,0.13400880808576543,0.09056254922143768,0.0473847041248362,0.02663623855199535,0.0822445901274568,934.4340409822835
GACTTTCAATGTGATAGAGAAGAGAAATTGAAGATTGTCTTGGATCCATCTAATATTGAATTGGATACTCCACCAGAATTTAGATTGTCTCAATTGGAATTTGGTTCTCAAGATTCATTT,0.22544302475732614,0.03240336425916505,0.08015121618478133,0.035779936060590115,0.0952084338781191,0.20664229387774294,0.2090867161750081,0.11528501480726716,1714.9674816124996
GACTTTCCAGATGAAACTTGGTCTGGTTCTCAATTTATCTTAAATTCTCAACAATTGGTTGAAGCTTTGTCTTTGTGTGATGATTTGTTGGGTTCTCAAGATAGAGAAGAGAATACTAAT,0.08318952971096963,0.13601079360151508,0.06469787919733413,0.10397333849755575,0.11271631218261934,0.07625197215389463,0.12537521003351684,0.2977849646225945,2525.4814627143314
GACTTTGAACAATTGGAATGTGATAAGAGGAAGATTGTCTTGGATCCATCTAATATTGAATTGGATACTCCACCAGAATTTAGATTGTCTCAATTGGAATTTGGTTCTCAAGATTCATTT,0.04120061419243178,0.047374755047427844,0.12450761951239513,0.23540134963043008,0.17399721975432572,0.2589579802340012,0.07642286679893433,0.04213759483005381,1126.3512691944602
GACTTTGAAGAAGATTTGGAAGAATGTCAAGAAATTGTCTTGGATCCATCTAATATTGAATTGGATACTCCACCAGAATTTGAATTGTCTCAATTGGAATTTGGTTCTCAAGATTCATTT,0.18615415361796941,0.25418483502898565,0.23164028424638136,0.08863326405020348,0.06551339466276729,0.048751400695071855,0.06166011619029506,0.06346255150832586,887.4928788619513
GACTTTGAAGAATTGGATAGGAAATGTCAGAAGATTGTCTTGGATCCATCTAATATTGAATTGGATACTCCACCAGAATTTAGATTGTCTCAATTGGAATTTGGTTCTCAAGATTCATTT,0.0755506073428613,0.2660463741692326,0.09401113979869749,0.08393416172814801,0.11167208450955986,0.13850018932269642,0.14013854197840275,0.09014690115040142,1357.6160139749284
GACTTTGAAGAGAAAGATCAATGTAGATTGAAGATTGTCTTGGATCCATCTAATATTGAATTGGATACTCCACCAGAATTTAGATTGTCTCAATTGGAATTTGGTTCTCAAGATTCATTT,0.07154645103476848,0.15425265763881968,0.16533879438959714,0.2725223311184803,0.23165052881613427,0.07963269123139767,0.018958749608609254,0.0060977961621932,609.6436589741832
GACTTTGAAGATCAGAAGAGATTGAAGATTGAATGTGTCTTGGATCCATCTAATATTGAATTGGATACTCCACCAGAATTTAGATTGTCTCAATTGGAATTTGGTTCTCAAGATTCATTT,0.5107157411943979,0.10817750841657299,0.13379102851913502,0.05972503816859333,0.10595001879849407,0.024638147696188245,0.02492959837872619,0.0320729188278922,557.6633036161753
GACTTTGAAGATGAAAGATTGAAATGTCAGAAGATTGTCTTGGATCCATCTAATATTGAATTGGATACTCCACCAGAATTTAGATTGTCTCAATTGGAATTTGGTTCTCAAGATTCATTT,0.028604267836968757,0.050364001107598,0.04449202853950897,0.03177837117639339,0.007046707559273924,0.01310941318075197,0.3382444348079348,0.4863607757915702,4038.062817465195
GACTTTGAATGTAAAGATGAAATTAAACAATTGAGAGTCTTGGATCCATCTAATATTGAATTGGATACTCCACCAGAATTTAGATTGTCTCAATTGGAATTTGGTTCTCAAGATTCATTT,0.03627526151587863,0.06635890373329961,0.028724816638336377,0.054955343069587846,0.08124062941665784,0.11184124744149627,0.36090218658260775,0.25970161160213573,2859.0503958904337
GACTTTGAATTGAGAGAGAAATGTGATCAGAAGATTGTCTTGGATCCATCTAATATTGAATTGGATACTCCACCAGAATTTAGATTGTCTCAATTGGAATTTGGTTCTCAAGATTCATTT,0.18314508800437942,0.20673813323324763,0.1611947060626287,0.2580569497814172,0.09683882322251623,0.05732207007304063,0.020714338170385628,0.015989891452384497,562.4066097768215
GACTTTGAATTGGAAGATAGGAAATGTCAGAAGATTGTCTTGGATCCATCTAATATTGAATTGGATACTCCACCAGAATTTAGATTGTCTCAATTGGAATTTGGTTCTCAAGATTCATTT,0.1834507481947016,0.12304941929748114,0.22827631095592174,0.2717434103164981,0.12051570126304186,0.0,0.0,0.0729644099723555,820.1129860935926
GACTTTGAATTGGATGAAAGGAAATGTCAGAAGATTGTCTTGGATCCATCTAATATTGAATTGGATACTCCACCAGAATTTAGATTGTCTCAATTGGAATTTGGTTCTCAAGATTCATTT,0.0782825049812043,0.0787618764754177,0.07305792545963845,0.1195826600727119,0.17356519330563214,0.25113958376084883,0.19058278154754613,0.03502747439700049,1305.9376153621301
GACTTTGATAAATGTATCTTGGAAGAGAAGAGACAAGTCTTGGATCCATCTAATATTGAATTGGATACTCCACCAGAATTTAGATTGTCTCAATTGGAATTTGGTTCTCAAGATTCATTT,0.05715679767573344,0.06796258605757641,0.09698572590291518,0.23090641160718844,0.3302556999840853,0.15717068818341146,0.04096224664572099,0.01859984394336883,863.1546905599674
GACTTTGATAAGAGATTGGAAGAATGTCAGAAGATTGTCTTGGATCCATCTAATATTGAATTGGATACTCCACCAGAATTTAGATTGTCTCAATTGGAATTTGGTTCTCAAGATTCATTT,0.10146314505986392,0.18148349465382285,0.07014184303531606,0.10019743293984669,0.16663739722480467,0.19633685183700517,0.156836343581647,0.026903491667693676,1104.0969028136128
GACTTTGATAGAGAGAAATTGCAAATTAAATGTGAAGTCTTGGATCCATCTAATATTGAATTGGATACTCCACCAGAATTTAGATTGTCTCAATTGGAATTTGGTTCTCAAGATTCATTT,0.01353823808438494,0.010256993400256586,0.0938868087905691,0.2052577177099961,0.3644777729072387,0.2723532766662496,0.03743208964653342,0.0027971027947716167,903.7532815387469
GACTTTGATAGGAAATTGGAAGAATGTCAGAAGATTGTCTTGGATCCATCTAATATTGAATTGGATACTCCACCAGAATTTAGATTGTCTCAATTGGAATTTGGTTCTCAAGATTCATTT,0.13646013039403196,0.16225862421382567,0.23155049515117576,0.12403847086547594,0.12224426697668526,0.14782192738127736,0.04602170743360148,0.02960437758392648,798.9062223901551
GACTTTGATGAAAGGAAACAGAAATGTATCTTGGAAGTCTTGGATCCATCTAATATTGAATTGGATACTCCACCAGAATTTAGATTGTCTCAATTGGAATTTGGTTCTCAAGATTCATTT,0.017295308838283997,0.016158274373855943,0.0184468786182946,0.03705653837881708,0.08156249313262412,0.1358826297881988,0.29560354018603324,0.3979943366838922,3575.249627140338
GACTTTGATGATGATTTGGAAGAATGTCAAGATATTGTCTTGGATCCATCTAATATTGAATTGGATACTCCACCAGAATTTGATTTGTCTCAATTGGAATTTGGTTCTCAAGATTCATTT,0.2396391544486349,0.28898593807979084,0.23897830009470822,0.14538854439880328,0.03182054918273869,0.01869400366054862,0.014186354705756174,0.022307155429019263,481.5704537687705
GACTTTGATTTGGATATGTTGGGTGATGGTGATGATCCAGGTCCAGGATTTACTCCACATGATTCTGCTCCATATGGTGCTTTGGATATGGCTGACTTTGAATTTGAACAAATGTTTACT,0.11019365952515002,0.07760790972880297,0.08684209873927566,0.15098641485302414,0.15925879737652296,0.2121086170623341,0.1021989056357877,0.10080359707910237,1454.76153243013
GACTTTGATTTGGATATGTTGGGTGATGGTGATGCTCCAGGTCCAGGATTTACTCCACATGATTCTGCTCCATATGGTGCTTTGGATATGGCTGACTTTGAATTTGAACAAATGTTTACT,0.04409216505876608,0.1256928100736841,0.08229890213632894,0.13879054877582023,0.07241450695288656,0.08083023317831352,0.1226795907006776,0.3332012431235229,2733.09532083494
GACTTTGATTTGGATATGTTGGGTGATGGTGATTCTCCAGGTCCAGGATTTACTCCACATGATTCTGCTCCATATGGTGCTTTGGATATGGCTGACTTTGAATTTGAACAAATGTTTACT,0.14609955505116026,0.04409826350401982,0.10907908892467642,0.11361815449738107,0.17276093397307546,0.16069876931142404,0.14904973820536294,0.1045954965329001,1527.2706695360607
GACTTTGCTGCTGATTTGGAAGAATGTCAAGCTATTGTCTTGGATCCATCTAATATTGAATTGGATACTCCACCAGAATTTGCTTTGTCTCAATTGGAATTTGGTTCTCAAGATTCATTT,0.0007828086561227827,0.0011456033028019853,0.00017710641333891435,0.0008696738604234691,0.001753147056111101,0.0038485519853907507,0.3471009034863744,0.6443222052394366,5003.116140311354
GACTTTGGTGTTGATGATAACTTTGATGTTGATCCATTTGTTGGTAATAATAGAGATTTGGATCATGCTTTGTCTGGTGATCCATGGTATCCATTGTTTCCACAAGAAGATCAAGAACAA,0.3167543455962176,0.19556224293783508,0.12541205929921193,0.07997803003847533,0.11350246457270782,0.08578190152908559,0.04005998614556294,0.04294896988090377,754.6816779862359
GACTTTGGTGTTGATGATAACTTTGATGTTGCTCCATTTGTTGGTAATAATAGAGATTTGGATCATGCTTTGTCTGGTGATCCATGGTATCCATTGTTTCCACAAGAAGATCAAGAACAA,0.0018560248044269545,0.0006975745819080769,8.301292330297811e-05,0.0024537304357061447,0.001533115602482937,0.011096293224748551,0.34592621978834875,0.6363540286390755,4959.917297291505
GACTTTGGTGTTGATGATAACTTTGATGTTTCTCCATTTGTTGGTAATAATAGAGATTTGGATCATGCTTTGTCTGGTGATCCATGGTATCCATTGTTTCCACAAGAAGATCAAGAACAA,0.023141526458972394,0.04324029567210934,0.04936470734604952,0.10283780330865272,0.1889458510365092,0.1363605950301585,0.23915430569511895,0.21695491545242931,2411.3251799852305
GACTTTGTTGTTTCTAAAGTCTTGTATCAACAACAATTGAAACCATGTGAGAAGAATGATCAAGATATGCCAGAAGAAACTGCTCCAACTTCTGTTGATCCAGTTGATCCAGTTACTCCA,0.04679041015289339,0.0659077108967531,0.15138106570625753,0.18713720998953054,0.16598726032053593,0.24017471863208162,0.08679135864044793,0.05583026566150002,1199.2265631676594
GAGAAACCATTTAAGAATAGAATCTTGTGGAAAGGTGTTGATGCTTGTCCAGGTGATGAAGATGCTGATGTTTCTGTCTTGCAATTGCAAGCTGAAATTGAGAATTTGGCTTTGGAAGAA,0.1390249548867102,0.2005108388747758,0.2515392308074564,0.2339346404243158,0.09819622275357161,0.06170142746446272,0.010721019152050147,0.004371665636657438,480.00920496163815
GAGAAAGAAAGATTGGATGACTTCTGTCAGAAGATTGTCTTGGATCCATCTAATATTGAATTGGATACTCCACCAGAATTTAGATTGTCTCAATTGGAATTTGGTTCTCAAGATTCATTT,0.05166716889597403,0.08424921544207843,0.046556178008818276,0.02375191938684174,0.03160127288365031,0.09634986050538581,0.4213533844561312,0.2444710004211203,2856.5866623777606
GAGAAAGAATGGTACTTCTTCTGTATGAGAGGTAGGAAATATAGAAATTCTGTTAGACCAAATAGAGTTACTGGTTCTGGATTCTGGAAAGCTACTGGTATTGATAAACCAGTTTATTCT,0.4584720953448783,0.27676775966468603,0.0,0.0,0.18071254532486014,0.08404759966557555,0.0,0.0,387.4047460768194
GAGAAAGATGGTGAATATGTTATTTCTAAAGTCTTCTATCAACAACAACAAGTTAAATTTGGTGAGAAAGGTGATCAAGATATTCCAGAAACTACTGAAGCTACTACTGTTAAAGTTGAT,0.053237946373877416,0.017854651590037122,0.06624645645053262,0.09857592056895009,0.29727909144890335,0.29278913477709967,0.13166782628941198,0.04234897250118775,1322.0924180498735
GAGAAAGCTGCTGAAGAAGATGCTGCTTATCCATCTTCTGAGAAACCAGAAGATGGTGATAATCCATCTGATCAAGATCCTAAATGGTGGGATGGTGAAGATCAATTCTTGTTGACTTCT,0.05039870842318124,0.05070733043481777,0.01881403812576966,0.07278863188788129,0.0347642489090378,0.03233700980447958,0.22903672548546666,0.5111533069293661,3974.909707699346
GAGAAAGCTGCTGAAGAAGATGCTGCTTATCCATCTTCTGAGAAACCAGAAGATGGTGATAATCCATCTGATCAAGATCCTAAATGGTGGGATGGTGAATCTCAATTCTTGTTGACTTCT,0.14089298976062936,0.1960733923893967,0.16712720002753825,0.17261892674090393,0.12067129120075984,0.08448625482484656,0.08670688718551185,0.03142305787041356,839.1146193462566
GAGAAAGCTGCTGAAGAAGATGCTGCTTATCCATCTTCTGAGAAACCAGAAGATGGTGATAATCCATCTGCTCAAGATCCTAAATGGTGGGATGGTGAAGCTCAATTCTTGTTGACTTCT,0.028588084162830416,0.08796272162293235,0.2048775820776946,0.3204709529933028,0.17329189954363083,0.14321519974217403,0.02236534122819671,0.019228218629238254,757.6477720596267
GAGAAAGCTGCTGAAGAAGATGCTGCTTATCCATCTTCTGAGAAACCAGAAGATGGTGATAATCCATCTGCTCAAGATCCTAAATGGTGGGATGGTGAATCTCAATTCTTGTTGACTTCT,0.0807996733467607,0.11652205789596927,0.1776256082529408,0.242367379161185,0.1990512996887879,0.13331055042956202,0.03746875377109782,0.012854677453696482,730.4055941888037
GAGAAAGCTGCTGAAGAAGATGCTGCTTATCCATCTTCTGAGAAACCAGAAGATGGTGATAATCCATCTTCTCAAGATCCTAAATGGTGGGATGGTGAAGATCAATTCTTGTTGACTTCT,0.016195741641052825,0.0649068324170421,0.1531909618287114,0.24069616254873982,0.3083340192790918,0.1975133980142703,0.01500465713328209,0.0041582271378096045,758.7113474953403
GAGAAAGCTGCTGAAGAAGATGCTGCTTATCCATCTTCTGAGAAACCAGAAGATGGTGATAATCCATCTTCTCAAGATCCTAAATGGTGGGATGGTGAAGCTCAATTCTTGTTGACTTCT,0.03305671416020335,0.05797286692116771,0.18759510173252758,0.24691455716065866,0.2992080190577475,0.16468140313673843,0.006914921175480209,0.003656416655476494,697.8977325428032
GAGAAAGCTGCTGAAGAAGATGCTGCTTATCCATCTTCTGAGAAACCAGAAGATGGTGATAATCCATCTTCTCAAGATCCTAAATGGTGGGATGGTGAATCTCAATTCTTGTTGACTTCT,0.19632827387050536,0.22329536089514315,0.15401547963851708,0.10905702594866161,0.1009372950529256,0.07041739147675527,0.05937531337040659,0.08657385974708535,1063.8660974144752
GAGAAAGGTCCAACATTTCATAATACTCAGAATGTTACTGGTTTGGATCATGTCTTGTTGTATATGGATAGAACTGGTTCTAATATTTGTATGCCAGAATCTCAAACTACTACTCAACAT,0.023815938826329333,0.03921018273245206,0.06465879710714798,0.13469883681202643,0.10880794321737676,0.09128833037656818,0.17068037398422825,0.36683959694387086,3082.5866341085402
GAGAAATCTTGTGATGGTAAAGGTCACTTCTGGGAAGTTAGACCAGGTGCTGAAACTAAATTCTTTAAAGGTGAGAATAGAGGTTATGAATTTGTTAAAGATTCTTTGCAAGATATTGGT,0.4028152267567537,0.27904148179815763,0.22238705458440933,0.05881222263419462,0.0005517224624423199,0.01098250593862274,0.015656050646135122,0.009753735179284635,344.9535254330362
GAGAAATTGCCAGGTGTTAAATCTGATGGTTCTTCTTCTCACTTCTTTCATAGACCATCTAATGCTTATACTAAAGGTACTAGGAAGAGAAGGAAAGTTCAAACTGATGATGATGATGAA,0.21954268701290522,0.22585083532783098,0.22560964696141528,0.18224323308144155,0.058338547811543365,0.05539587982887045,0.018302423267533684,0.014716746708459396,510.1050881226054
GAGAAGAAATATCCTAAAGGTGGTAAAGCTAATAGATCTACTGAATGTGGTTATTGGAAGACTACTGGTAGAGATAGAGATGTTTCTTATAATGATGAAGTTACTGGTAAGATTAGAACT,0.07151713821529528,0.09594010832673121,0.14832017714627027,0.07945311436154989,0.11745574969248246,0.19665898523524789,0.1768758333598649,0.11377889366255804,1661.7922454288082
GAGAAGAATCAGAAATGGTTGTTTGTTACTGAAGAAGATATTAAATCTTTGCCAGGATTTCAGAATCAAACTTTGATTGCTGTTAAAGCTCCACATGGTACTACTTTGGAAGTTCCAGAT,0.09319297739688262,0.2344091370055166,0.057982181311630604,0.18118491360637892,0.18366592343122143,0.04271059316055123,0.1512553952913652,0.05559887879645337,1122.1436182141754
GAGAAGATTGTCTTGGATCCATCTGAAATTGAATTGGATACTCCACCAGAATTTAGATTGTCTGAATTGGAATTTGGTTCTGAAGATTCATTCTTGGCTTGGGGTACTGGTAAGACTGAT,0.030759448769629927,0.0595704043010163,0.13614396228223344,0.1859869711082928,0.2831973016502354,0.2474891707886699,0.05279646966025331,0.004056271439668847,873.4749258381113
GAGAATCAAGATCAAATTATTGAGAATCAAATTGATGAAACTGGTACTAAAGTTGATAATGAAACTGGTGATGATCCTAAATGGTGGGATTCTGAAGATCAATATTTGTTGGATGATCAA,0.05668172453756457,0.11405764257322143,0.0352658550139091,0.12594294610434564,0.20945451516957916,0.12988693697661255,0.0919963809527604,0.23671399867200718,2190.7586288455386
GAGAATCAAGATCAAATTATTGAGAATCAAATTGATGAAACTGGTACTAAAGTTGATAATGAAACTGGTGATGATCCTAAATGGTGGGATTCTGAAGATCAATATTTGTTGGATTCTCAA,0.13211583786552678,0.13292486367048867,0.12329841817318969,0.1467762138817895,0.19528169964558825,0.15137261301109095,0.0,0.1182303537523261,1272.0979946141445
GAGAATCAAGATCAAATTATTGAGAATCAAATTGATGAAACTGGTACTAAAGTTGATAATGAAACTGGTGATGATCCTAAATGGTGGGATTCTGAAGCTCAATATTTGTTGGATGCTCAA,0.05612436229580552,0.05646804597611155,0.019953759493984587,0.12470452501982247,0.24492351140257496,0.21312470185045684,0.27513430438431347,0.009566789576930721,1343.1410002457196
GAGAATCAAGATCAAATTATTGAGAATCAAATTGATGAAACTGGTACTAAAGTTGATAATGAAACTGGTGATGATCCTAAATGGTGGGATTCTGAAGCTCAATATTTGTTGGATTCTCAA,0.14384470309953815,0.17367066227462968,0.03579853284573389,0.06392263410353581,0.28349099860769456,0.1582185979414411,0.10672680298758837,0.03432706813983849,1035.5374482760444
GAGAATCAAGATCAAATTATTGAGAATCAAATTGATGAAACTGGTACTAAAGTTGATAATGAAACTGGTGATGATCCTAAATGGTGGGATTCTGAATCTCAATATTTGTTGGATGATCAA,0.282507771933886,0.15305109034968684,0.13520676137889157,0.09657124634901815,0.10707114720871029,0.15935270725390838,0.04030943236265751,0.02592984316324121,738.6789577192349
GAGAATCAAGATCAAATTATTGAGAATCAAATTGATGAAACTGGTACTAAAGTTGATAATGAAACTGGTGATGATCCTAAATGGTGGGATTCTGAATCTCAATATTTGTTGGATGCTCAA,0.05094839375370089,0.0951978519582455,0.07245423940556033,0.06468792806020751,0.11475400274618258,0.08005641057317371,0.20925882843373625,0.31264234506919325,2813.339299956418
GAGAATCAAGATCAAATTATTGAGAATCAAATTGATGAAACTGGTACTAAAGTTGATAATGAAACTGGTGATGATCCTAAATGGTGGGATTCTGAATCTCAATATTTGTTGGATTCTCAA,0.11581982668640335,0.1165290620818666,0.0,0.2573437965973202,0.228259210234374,0.15924161784621768,0.05370844197971064,0.06909804457410737,1141.6274010192487
GAGAATGATGAAGATAATCAAAGAGGTAAAGAAGATCCAACTTGGTTTGATTCTGGTTCTCAATTTATCTTAAATTCTCAACAATTGGTTGAAGCTTTGTCTTTGTGTGATGATTTGTTG,0.04305281854036011,0.06497468578596034,0.05803701309557427,0.16341992122205654,0.18737498718761542,0.23019760142136125,0.16304446565388206,0.0898985070931899,1573.3153682856505
GAGAATGATGTTAATAATATTGATTCTTTGGAACCACCATATGTTATGAAGAAATATCATACTTCTTTGGGTTTGCCATCTTTGGTTAATGCTAAAGATCACTTTCAAGCTGGTGTTAAA,0.5400883246221456,0.3133927417340557,0.07187832311560269,0.03128822353733138,0.02083489362176846,0.00038760403602291615,0.005882836486234442,0.01624705284683879,327.2583085809015
GAGAATTTGGAAGATAATTCTAAAGAATGGACTTCTTTGTTTGATAATGATATTCCAGTTACTACTGATGATGTTTCTTTGGCTGATAAAGCTATTGAATCTACTGAAGAAGTTTCTTTG,0.15168554839656775,0.2180205878108663,0.08089259710781088,0.16851749838571403,0.14947191889138403,0.09931128054102902,0.08038884639847782,0.05171172246815022,970.5364760526226
GAGAATTTGGAATCTATGAGAAATATGATTGAGAATGATGTTAATAATATTGATTCTTTGGAACCACCATATGTTATGAAGAAATATCATACTTCTTTGGGTTTGCCATCTTTGGTTAAT,0.18928217312215595,0.3289440001469754,0.12847234069957358,0.13381841009255233,0.06782540933607067,0.0946347610917245,0.015959036475838555,0.04106386903510914,696.8767319323949
GAGTTCTTGAATCATGGTGAATTTGGTGATGTTAATGAATATGATCAATTGTTTAATGATATTTCTGTCTTTCAAGGTACTTCTACTGATTTGTCTTGTTTGTCTAACTTTACTAATAAT,0.13413655469398836,0.2361764205146429,0.10432022685655246,0.11176587129453708,0.0991342703813727,0.09221271777423552,0.062202349729349925,0.16005158875532113,1545.453440648127
GATAAAGAAATCTTGGATCATTTGGCTGCTAAGATTGGTAGAGGTGGTAAACCACATGCTTTGATTGATGAATTTATTCCAACTTTGGAAGATGATGAAGGTATTTGTTCTAAACATCCA,0.31861499409418437,0.26481544740488844,0.12066401503202573,0.03078003908944674,0.0546026561078056,0.05079029984305811,0.07708666610630042,0.08264588232229048,1000.9237406244324
GATAAAGAATTGGACTTTGAAAGATGTCAGAAGATTGTCTTGGATCCATCTAATATTGAATTGGATACTCCACCAGAATTTAGATTGTCTCAATTGGAATTTGGTTCTCAAGATTCATTT,0.13157112537889668,0.26475363115455924,0.0,0.14617105678833736,0.08643402437463212,0.08039920266813165,0.08135026452481331,0.2093206951106296,1870.805475138351
GATAAAGATAGAAATGAGAATCAAGGTGAAGAAGATCCAACTTGGTTTGATTCTGGTTCTCAATTTATCTTAAATTCTCAACAATTGGTTGAAGCTTTGTCTTTGTGTGATGATTTGTTG,0.002194385718169755,0.00016983255996038825,0.023384936020783852,0.08051281689015113,0.16273159101922186,0.44982838302302175,0.26519947554223233,0.015978579226458938,1575.8072328347694
GATAAAGCTGAAGAAGAAGTTTCTGAAGATATCTTTGCTGCTGCTACTACTACTCCTAAAGCTGATCCAGTTACTCCAAGATTGTTTACTCCAGAACCAGGTAGACAAGCTGTTCCATTG,0.21543392247101784,0.06596835173283877,0.06993246898866515,0.13527900571367593,0.15690998400233558,0.08585560724925134,0.14768106422822747,0.12293959561398804,1538.760782707884
GATAAATGTGATGAAAGATTGCAAGAATTTAAGATTGTCTTGGATCCATCTAATATTGAATTGGATACTCCACCAGAATTTAGATTGTCTCAATTGGAATTTGGTTCTCAAGATTCATTT,0.22285423613706418,0.22421890846320472,0.12980370086013085,0.09481921126882906,0.04205144745170544,0.0260769442020044,0.11873436642335278,0.14144118519370855,1449.5412709691318
GATAAGAAATATGCTAATGGTTCTAGAACTAATAGAGCTACTAAAGCTGGTTATTGGAAAGCTACTGGTAAAGATAGGAAGATTACTTGTAAATCTTCTCATGTTATTGCTGGTTATAGA,0.08716170896029819,0.11161239502342837,0.10845937437634957,0.09683370172227618,0.07027339978767558,0.0435779416928024,0.16535038438703092,0.3167310940501387,2677.8687098913215
GATAAGAGAGATAATGAGAATCAAGGTGAAGAAGATCCAACTTGGTTTGATTCTGGTTCTCAATTTATCTTAAATTCTCAACAATTGGTTGAAGCTTTGTCTTTGTGTGATGATTTGTTG,0.3029049525137541,0.2586914786561644,0.17969381860478037,0.06652082729004746,0.059002749248790475,0.06456844538400835,0.039199344801664836,0.02941838350079001,619.6170756090804
GATAAGAGATTGTTTGATGAAGAATGTCAGAAGATTGTCTTGGATCCATCTAATATTGAATTGGATACTCCACCAGAATTTAGATTGTCTCAATTGGAATTTGGTTCTCAAGATTCATTT,0.0013955543613383284,0.0018052716745763275,0.0011163556899828977,0.028904138357052116,0.12406162834703854,0.379548803171062,0.43414664577614526,0.029021602622804704,1938.7366377310389
GATAAGAGATTTGATTTGGAAGAATGTCAGAAGATTGTCTTGGATCCATCTAATATTGAATTGGATACTCCACCAGAATTTAGATTGTCTCAATTGGAATTTGGTTCTCAAGATTCATTT,0.06391474833646163,0.1010525014699138,0.14770246854773672,0.1318703603559989,0.21593830538350708,0.1422768941239744,0.11008699944076994,0.08715772234163756,1346.9048492857096
GATAAGATTGAACAAGACTTTCCAGAATCTTCTGGTGCTTTGATTGCTAAAGTTGATCCAGTTACTCCTAAATCTGCTACTCCAGAACATCCATTGACTGAAAGAAGAAATTCTGACTTT,0.06797273323847304,0.13677794343220243,0.08458163807978263,0.15103080135017183,0.10047115539528173,0.03115208716849316,0.0630411856723915,0.36497245566320374,2747.2745083011782
GATAAGATTGTCTTGGATCCATCTGATATTGAATTGGATACTCCACCAGAATTTAGATTGTCTGATTTGGAATTTGGTTCTGATGATTCATTCTTGGCTTGGGGTACTGGTAAGACTGAT,0.39199876125288524,0.2242662166585626,0.12433666918970332,0.051234979449591954,0.02650928210342185,0.056362067662002004,0.07485028472569415,0.05044173895813878,788.4039808360588
GATAAGATTGTTATTTCTCCAAATCAATTGGAATTGGATACTCCACCAGAATTTAGATTGTCTCAATTGGAATTTGGTTCTCAAGATTCATTCTTGGCTTGGGGTACTGGTAAGACTGAT,0.23250725966669306,0.17445704927035674,0.1422079454664751,0.13572098322802661,0.08931568757312716,0.1155891035890511,0.058478217700550415,0.05172375350571974,895.2723976048512
GATAATAATAGAGAAGATAAACAAGAAGGTGAAGATCCAACTTGGTTTGATTCTGGTTCTCAATTTATCTTAAATTCTCAACAATTGGTTGAAGCTTTGTCTTTGTGTGATGATTTGTTG,0.21148105098904885,0.16844772870968783,0.2138140244095371,0.22026400614655484,0.10419739663615515,0.04442273763755777,0.016344809119782838,0.021028246351675606,565.450403420304
GATAATAATCAACCAGATTCATTTGCTGCTTTGTTGTCTTCTTTGAATGAATTGGGTGAAAGACAATTGGTTCATGTTGTTAAATGGGCTAAAGCTTTGCCAGGATTTAGAAATTTGCAT,0.2915764558752114,0.3665276984618796,0.20556038772485777,0.08567256286097541,0.014614603680447227,0.022232489881791863,0.0032916803303244826,0.010524121184512321,355.95748573296237
GATAATAATCAGAAAGATAGAGAAGGTGAAGAAGATCCAACTTGGTTTGATTCTGGTTCTCAATTTATCTTAAATTCTCAACAATTGGTTGAAGCTTTGTCTTTGTGTGATGATTTGTTG,0.20780625381159817,0.2886772977773611,0.22708050346315742,0.18516132141914995,0.023907580514154144,0.03577474300742518,0.021523094228841654,0.010069205778312412,450.49963083648356
GATAATGAAGATAAGAGAAATCAAGGTGAAGAAGATCCAACTTGGTTTGATTCTGGTTCTCAATTTATCTTAAATTCTCAACAATTGGTTGAAGCTTTGTCTTTGTGTGATGATTTGTTG,0.4104529307295398,0.28095254007819837,0.13396608531132745,0.07101628155417704,0.039783242795309495,0.030837981372089648,0.02496221712432617,0.008028721035032195,393.83096752040626
GATAATTCTGATGTTGTTCATCATTGGCCAGGTTTGCCTAAAGGTGTTAAATTTGATCCATCTGATCAAGAATTGATTTGGCATTTGTTGGCTAAACATGGTAAATCTGATATTAAACCA,0.37994209128133133,0.28799011709657335,0.17205284240390387,0.1222686877222442,0.010044555029038737,0.01040461125026666,0.012984693316583385,0.0043124019000584345,322.7871984876518
GATAATTTGGGTACTTCTACTTCTGGTAAGAATAAATCTGCTTGTCCATCTTCATTTGATGCTAATGCTATGACTAAGATTAATCCATCTCAACAATTGCAACAACAATTGAATAGAGTT,0.3258021882538925,0.2902417346421991,0.2450958014156931,0.09992553401791177,0.012877252526893451,0.018119907414499183,0.006202514366478636,0.0017350673624322813,307.5601959296561
GATACTAAAGGTACTGGTTGGGCTTTGTTCTCTGATCAATCTGGATTTGAATTGCAATCTTTGAGATTTGAACCACCAACTGATTTGGAAATTAATTCTCCAGATTTGGTTATTAAACAA,0.2508958537178487,0.0890937324567835,0.12855351653244534,0.1639628128943124,0.043629599011813014,0.06763896892571367,0.15056599107594937,0.10565952538513407,1367.5520360252544
GATACTCCAGAATGGTTTGATTCTGGTTCTCAATTTATCTTAAATTCTCAACAATTGGTTGAAGCTTTGTCTTTGTGTGATGATTTGTTGGGTTCTCAAGATAGAGAAGAGAATACTAAT,0.27916291919352143,0.2006231456488115,0.19850024201139058,0.0886115807750871,0.03929842046472598,0.14621842240210534,0.0,0.04758526950435799,729.2455060174625
GATACTGCTCCACCAACTGATGTTTCTTTGGGTGATGAATTGCATTTGGATGGTGAAGATGTTGCTATGGCTCATGCTGATGCTTTGGATGACTTTGATTTGGATATGTTGGGTGATGGT,0.0020219476829135144,0.0018548296568226402,0.004616006755989978,0.015499218319571777,0.12141532087108335,0.3287919076260537,0.42574174811429866,0.10005902097326644,2292.037078112173
GATAGAAGAACTGAAGAAGAGAATTTGAGGAAGAAAGGTGAACCACATCATGAATTGCCACCAGGTTCTACTAAGAGAGCTTTGCCAAATAATACTTCTTCTTCTCCACAACCTAAGAAA,0.22847642852040712,0.16646158993470841,0.03921432582654636,0.04376371743063417,0.04658113407692322,0.05055031369071961,0.255741428651154,0.16921106186890722,1950.580864028357
GATAGACAATGGTTCTTCTTTACTCCAAGAAATAGGAAATATCCAAATGCTGCTAGATCTTCTAGAGGTACTGCTACTGGTTATTGGAAAGCTACTGGTAAAGATAGAGTTATTGAATAT,0.09095051697470527,0.09150746242799797,0.1980544381691367,0.12630367361525421,0.20165226015381205,0.0625243012416897,0.14761580519503006,0.08139154222237403,1303.318239210067
GATAGAGAAGAAGATGCTGTTGTTGTTAGAGATCCATCTAGGAAGAGGAAAGCTACTATGGATATGGTTGTTGCTCCATCTAATAATGGATTTACTTCTTCTGGATTTACTAATATTCCA,0.05567688056694254,0.1600509258396152,0.21576187456784757,0.328715809745882,0.1489175421689082,0.06853100802597784,0.014753548532325491,0.007592410552501195,571.7902699245253
GATAGAGAAGAAGATGCTGTTGTTGTTAGAGCTCCATCTAGGAAGAGGAAAGCTACTATGGATATGGTTGTTGCTCCATCTAATAATGGATTTACTTCTTCTGGATTTACTAATATTCCA,0.30297366150664623,0.2625400465887803,0.23662704217737712,0.13897629760412203,0.025849174927222388,0.02145257791279994,0.005649997257793517,0.005931202025258553,353.57496850836714
GATAGAGAAGAAGATGCTGTTGTTGTTAGATCTCCATCTAGGAAGAGGAAAGCTACTATGGATATGGTTGTTGCTCCATCTAATAATGGATTTACTTCTTCTGGATTTACTAATATTCCA,0.06232040829807139,0.04263738321844964,0.10546553415140307,0.08585246568028429,0.06386737007836643,0.14395052139108205,0.25200341051090475,0.24390290667143844,2545.1728802748303
GATAGAGATAAGAATGAGAATCAAGGTGAAGAAGATCCAACTTGGTTTGATTCTGGTTCTCAATTTATCTTAAATTCTCAACAATTGGTTGAAGCTTTGTCTTTGTGTGATGATTTGTTG,0.006590083951583313,0.02165625417157223,0.08259343733752282,0.18096333825320798,0.28598612976431725,0.28790727241780917,0.1102434002814822,0.02406008382250494,1174.1700072948809
GATAGAGATGAAGAATTGAAATTCTGTCAGAAGATTGTCTTGGATCCATCTAATATTGAATTGGATACTCCACCAGAATTTAGATTGTCTCAATTGGAATTTGGTTCTCAAGATTCATTT,0.07753466528238268,0.07800945729828299,0.07235999663141066,0.08613838279043626,0.13370552972920527,0.21320607864769026,0.26966018195294017,0.06938570766765163,1629.9770178942938
GATAGATTTAAAGATTTGGAAGAATGTCAGAAGATTGTCTTGGATCCATCTAATATTGAATTGGATACTCCACCAGAATTTAGATTGTCTCAATTGGAATTTGGTTCTCAAGATTCATTT,0.14995931277952046,0.19202604280066915,0.15267383825457614,0.2726177059262555,0.1074697273943785,0.09996619335944548,0.025287179485154795,0.0,534.9083896600573
GATAGGAAAGATAATGAGAATCAAGGTGAAGAAGATCCAACTTGGTTTGATTCTGGTTCTCAATTTATCTTAAATTCTCAACAATTGGTTGAAGCTTTGTCTTTGTGTGATGATTTGTTG,0.15711008141724592,0.13549042475179954,0.22342787698199665,0.1496091176110027,0.08846702214776878,0.08229025658085734,0.08326368817735776,0.08034153233197139,1108.710053593261
GATATCTTTGCTGCTGAAGAACCAACTGCTGATCCAGAAGAACCTAAATTGGAAGAACCAGAACCAAGAAATGCTGTTAGAATTTGTTCTGATTCTCATATTGCTTCTGATTATGTTACT,0.02096935841525262,0.0241117332325302,0.044731113275460754,0.06323266722757247,0.15940291775847046,0.2333933297670977,0.2861633206085983,0.16799555971501753,2305.851649978579
GATATCTTTGCTGCTGAAGAACCAACTGCTGATCCAGAAGAACCTAAATTGGCTACTCCAGAACCAAGAAATGCTGTTAGAATTTGTTCTGATTCTCATATTGCTTCTGATTATGTTACT,0.40604645034233994,0.2567921213055294,0.13714268168026186,0.07088774492432827,0.04572809076466506,0.0319015173447199,0.03765870290641558,0.013842690731739967,464.3835339406875
GATATCTTTGCTGCTGAAGAACCAACTGCTGATCCAGAAGAACCTAAATTGGCTGCTCCAGAACCAAGAAATGCTGTTAGAATTTGTTCTGATTCTCATATTGCTTCTGATTATGTTACT,0.039852435096525786,0.10024118962055462,0.07438536192387105,0.15496146193971444,0.21598965789009594,0.21917374326816047,0.14784426876599446,0.04755188149508313,1281.104174024034
GATATCTTTGCTGCTGAAGAACCAACTGCTGATCCAGTTACTCCTAAATTGGAAGAACCAGAACCAAGAAATGCTGTTAGAATTTGTTCTGATTCTCATATTGCTTCTGATTATGTTACT,0.13443233556376774,0.16423887813101606,0.14338321447197225,0.13868192393538284,0.0473108898407977,0.0792137601694893,0.0979620878335745,0.1947769100539997,1809.8703166259172
GATATCTTTGCTGCTGAAGAACCAACTGCTGATCCAGTTACTCCTAAATTGGCTACTCCAGAACCAAGAAATGCTGTTAGAATTTGTTCTGATTCTCATATTGCTTCTGATTATGTTACT,0.23145594124175145,0.26614448173699023,0.23518555829134474,0.15736662740242607,0.05893750783377256,0.036136336321983965,0.00955602251653232,0.005217524655198599,403.6857938409122
GATATCTTTGCTGCTGAAGAACCAACTGCTGATCCAGTTGCTCCTAAATTGGAAGAACCAGAACCAAGAAATGCTGTTAGAATTTGTTCTGATTCTCATATTGCTTCTGATTATGTTACT,0.2320000749237117,0.18803338419636306,0.15236337478387305,0.15035079074936195,0.07620479065267964,0.11223327521928278,0.06574579006702153,0.023068519407706344,730.7684026528939
GATATCTTTGCTGCTGAAGAACCAACTGCTGATCCAGTTGCTCCTAAATTGGCTGCTCCAGAACCAAGAAATGCTGTTAGAATTTGTTCTGATTCTCATATTGCTTCTGATTATGTTACT,0.4638100614057083,0.3221413535375024,0.14694838382144493,0.028921328297723804,0.022864743939897517,0.0031153132878933352,0.009831347339934416,0.0023674683698953606,269.19786372090215
GATATCTTTGCTGCTGAAGAACCAGAAGAAGATCCAGAAGAACCTAAATTGGAAGAACCAGAACCAAGAAATGCTGTTAGAATTGAAGAAGATGAAGAAGAAGAAGAAGATGAAGAAGAA,0.2317740085785259,0.1554622014055145,0.19227146313813778,0.25749306067291766,0.0,0.07081510261178878,0.0,0.09218416359311546,941.3010775132295
GATATCTTTGCTGCTGAAGAACCAGAAGAAGATCCAGAAGAACCTAAATTGGCTGCTCCAGAACCAAGAAATGCTGTTAGAATTGAAGAAGATGAAGAAGAAGAAGAAGATGAAGAAGAA,0.3123551812714941,0.27992170140739686,0.18053354431522578,0.1042944291883104,0.02522924693786828,0.02346774146405867,0.039575578541108825,0.034622576874537056,596.3396279162328
GATATCTTTGCTGCTGAAGAACCAGAAGAAGATCCAGTTGCTCCTAAATTGGAAGAACCAGAACCAAGAAATGCTGTTAGAATTGAAGAAGATGAAGAAGAAGAAGAAGATGAAGAAGAA,0.27832672235342354,0.070007771631323,0.08658372621061844,0.3092115463911618,0.0,0.19133683249846067,0.06453340091501258,0.0,663.4899483224822
GATATCTTTGCTGCTGAAGAACCAGAAGAAGATCCAGTTGCTCCTAAATTGGCTGCTCCAGAACCAAGAAATGCTGTTAGAATTGAAGAAGATGAAGAAGAAGAAGAAGATGAAGAAGAA,0.06533533065495778,0.18077240144966258,0.14227464159506908,0.16331700572510613,0.08047732090854692,0.19463182988289948,0.07574391440785491,0.09744755537590312,1322.0875902074713
GATATCTTTGCTGCTGAAGAACCAGCTGCTGATCCAGAAGAACCTAAATTGGAAGAACCAGAACCAAGAAATGCTGTTAGAATTTGTGCTGATGCTCATATTGCTGCTGACTTTGTTGCT,0.40922273520453545,0.22703368482299646,0.12597567089259912,0.08266046837529148,0.060697948295494075,0.05310595833596795,0.02092804193376118,0.020375492139354384,498.4870792033769
GATATCTTTGCTGCTGAAGAACCAGCTGCTGATCCAGAAGAACCTAAATTGGAAGAACCAGAACCAAGAAATGCTGTTAGAATTTGTGCTGATGCTCATATTGCTGCTGATGCTGTTGCT,0.10940128700366714,0.15614754148526974,0.1551284359201299,0.16111264539782777,0.16546773227871917,0.09561372622494373,0.08730625080590414,0.06982238088353843,1111.1232354359247
GATATCTTTGCTGCTGAAGAACCAGCTGCTGATCCAGAAGAACCTAAATTGGCTGCTCCAGAACCAAGAAATGCTGTTAGAATTTGTGCTGATGCTCATATTGCTGCTGACTTTGTTGCT,0.4733102552273388,0.2456876057399619,0.16004089046815784,0.06710544060930579,0.024998446206267993,0.0172945174790741,0.0062016805301781264,0.005361163739715506,305.8609123079316
GATATCTTTGCTGCTGAAGAACCAGCTGCTGATCCAGAAGAACCTAAATTGGCTGCTCCAGAACCAAGAAATGCTGTTAGAATTTGTGCTGATGCTCATATTGCTGCTGATGCTGTTGCT,0.07884032230877382,0.12339150391321468,0.12613459546653627,0.2293995614239137,0.19114147968401526,0.16403113521229817,0.06615647190002201,0.020904930091226022,869.7394851708382
GATATCTTTGCTGCTGAAGAACCAGCTGCTGATCCAGTTGCTCCTAAATTGGAAGAACCAGAACCAAGAAATGCTGTTAGAATTTGTGCTGATGCTCATATTGCTGCTGACTTTGTTGCT,0.3135270249856785,0.14094388113817752,0.09743290882176082,0.0075222006582569695,0.014202432944187687,0.054397491581880446,0.25609670646270244,0.11587735340735564,1600.716426459857
GATATCTTTGCTGCTGAAGAACCAGCTGCTGATCCAGTTGCTCCTAAATTGGAAGAACCAGAACCAAGAAATGCTGTTAGAATTTGTGCTGATGCTCATATTGCTGCTGATGCTGTTGCT,0.5729697914068528,0.2027445342330969,0.11488959232943906,0.05299294619808541,0.02160203098690828,0.03167878952317406,0.0027815042947198867,0.000340811027723549,264.67733202396687
GATATCTTTGCTGCTGAAGAACCAGCTGCTGATCCAGTTGCTCCTAAATTGGCTGCTCCAGAACCAAGAAATGCTGTTAGAATTTGTGCTGATGCTCATATTGCTGCTGACTTTGTTGCT,0.22997347672597696,0.1542544963344639,0.13115974165060384,0.11710083498079682,0.07553911633578014,0.11418058741727359,0.09775721792405216,0.08003452863105262,1146.6349038958065
GATATCTTTGCTGCTGAAGAACCAGCTGCTGATCCAGTTGCTCCTAAATTGGCTGCTCCAGAACCAAGAAATGCTGTTAGAATTTGTGCTGATGCTCATATTGCTGCTGATGCTGTTGCT,0.4244165357334229,0.20452989724895443,0.2690380921432149,0.018459401746526632,0.013341084807780143,0.023315025893013784,0.019976101851548293,0.026923860575538982,473.49331421488114
GATATCTTTGCTGCTGATGATCCAACTGCTGATCCAGATGATCCTAAATTGGATGATCCAGAACCAAGAAATGCTGTTAGAATTTGTTCTGATTCTCATATTGCTTCTGATTATGTTACT,0.06638965830353173,0.08015544317806546,0.07710429458664175,0.14751331625533637,0.22243071320002497,0.24746935183246324,0.1272507958898151,0.03168642675412141,1166.879290570073
GATATCTTTGCTGCTGATGATCCAACTGCTGATCCAGATGATCCTAAATTGGCTACTCCAGAACCAAGAAATGCTGTTAGAATTTGTTCTGATTCTCATATTGCTTCTGATTATGTTACT,0.4222758235048577,0.26162323417892336,0.0911355831048058,0.1210525644762842,0.030677541793787972,0.04755939415224713,0.02258031644768485,0.0030955423414089317,379.1745723342303
GATATCTTTGCTGCTGATGATCCAACTGCTGATCCAGATGATCCTAAATTGGCTGCTCCAGAACCAAGAAATGCTGTTAGAATTTGTTCTGATTCTCATATTGCTTCTGATTATGTTACT,0.2272290433488944,0.2511845733642697,0.24272511648936487,0.15928302849330053,0.07036866684251077,0.033708868125734655,0.009289242758879445,0.00621146057704563,414.13085424909946
GATATCTTTGCTGCTGATGATCCAACTGCTGATCCAGTTACTCCTAAATTGGATGATCCAGAACCAAGAAATGCTGTTAGAATTTGTTCTGATTCTCATATTGCTTCTGATTATGTTACT,0.5057194194286708,0.2792854174243121,0.13458078460555467,0.052901233674043,0.010999846100684182,0.012127946754118074,0.004199066961409741,0.0001862850512072779,247.26981031639596
GATATCTTTGCTGCTGATGATCCAACTGCTGATCCAGTTACTCCTAAATTGGCTACTCCAGAACCAAGAAATGCTGTTAGAATTTGTTCTGATTCTCATATTGCTTCTGATTATGTTACT,0.016961105117926048,0.11945477812108721,0.08442197252739439,0.05652963715813094,0.08356791254321778,0.12437312432416223,0.39326363896417643,0.12142783124390487,2111.7843085402023
GATATCTTTGCTGCTGATGATCCAACTGCTGATCCAGTTGCTCCTAAATTGGATGATCCAGAACCAAGAAATGCTGTTAGAATTTGTTCTGATTCTCATATTGCTTCTGATTATGTTACT,0.05276544962313096,0.1327214115843876,0.06565850673508863,0.08793093672088388,0.0909919758802835,0.14509528816894485,0.220217483795887,0.20461894749139364,2243.4484519032476
GATATCTTTGCTGCTGATGATCCAACTGCTGATCCAGTTGCTCCTAAATTGGCTGCTCCAGAACCAAGAAATGCTGTTAGAATTTGTTCTGATTCTCATATTGCTTCTGATTATGTTACT,0.0037407345670224437,0.008064945781925724,0.0359082277348749,0.13991291642555093,0.25346628252498526,0.2342997961053477,0.25127914826138537,0.07332794859890768,1715.6571800747363
GATATCTTTGCTGCTGATGATCCAGATGATGATCCAGATGATCCTAAATTGGATGATCCAGAACCAAGAAATGCTGTTAGAATTGATGATGATGATGATGATGATGATGATGATGATGAT,0.09108919590021657,0.09819320418117893,0.14573125197596096,0.09396864886853692,0.051291361053564716,0.09542039867532007,0.1448237249069877,0.2794822144382342,2452.2017659133867
GATATCTTTGCTGCTGATGATCCAGATGATGATCCAGATGATCCTAAATTGGCTGCTCCAGAACCAAGAAATGCTGTTAGAATTGATGATGATGATGATGATGATGATGATGATGATGAT,0.04790659470126719,0.06426660797539303,0.09935401205758643,0.1774086716582361,0.28324480663758117,0.19028292138817982,0.11848235363824586,0.01905403194351043,1048.3767317380116
GATATCTTTGCTGCTGATGATCCAGATGATGATCCAGTTGCTCCTAAATTGGATGATCCAGAACCAAGAAATGCTGTTAGAATTGATGATGATGATGATGATGATGATGATGATGATGAT,0.47148804347346057,0.304833576736269,0.12105433877696112,0.06822864879003425,0.009656367280587243,0.01924231844671546,0.005355453570609631,0.0001412529253627068,262.62537940698815
GATATCTTTGCTGCTGATGATCCAGATGATGATCCAGTTGCTCCTAAATTGGCTGCTCCAGAACCAAGAAATGCTGTTAGAATTGATGATGATGATGATGATGATGATGATGATGATGAT,0.2971381547302071,0.2128173548523761,0.13160338599580376,0.07273619194356946,0.08436663659705256,0.07385991516266083,0.07940447357271664,0.04807388714561356,850.1477155303076
GATATCTTTGCTGCTGATGATCCAGCTGCTGATCCAGATGATCCTAAATTGGATGATCCAGAACCAAGAAATGCTGTTAGAATTTGTGCTGATGCTCATATTGCTGCTGACTTTGTTGCT,0.06439810835154208,0.06942048988083802,0.05723826130716966,0.05110293835263699,0.09065473116712608,0.037946348911777165,0.17917771930535728,0.4500614027235527,3517.059240492545
GATATCTTTGCTGCTGATGATCCAGCTGCTGATCCAGATGATCCTAAATTGGATGATCCAGAACCAAGAAATGCTGTTAGAATTTGTGCTGATGCTCATATTGCTGCTGATGCTGTTGCT,0.082499288528581,0.24071299768036808,0.09042615082792231,0.17394742218725764,0.1273050299894256,0.14255041258708379,0.07553704042334504,0.06702165777601649,1098.1176907159315
GATATCTTTGCTGCTGATGATCCAGCTGCTGATCCAGATGATCCTAAATTGGCTGCTCCAGAACCAAGAAATGCTGTTAGAATTTGTGCTGATGCTCATATTGCTGCTGACTTTGTTGCT,0.06284634956479113,0.14071167576242383,0.17733274725110126,0.26452991077882804,0.19451001841481064,0.11115389525317057,0.03201665484736336,0.016898748127511104,721.955519064614
GATATCTTTGCTGCTGATGATCCAGCTGCTGATCCAGATGATCCTAAATTGGCTGCTCCAGAACCAAGAAATGCTGTTAGAATTTGTGCTGATGCTCATATTGCTGCTGATGCTGTTGCT,0.04183306659955788,0.0897903700591328,0.14228321106894487,0.23237558909468192,0.20611286981009683,0.17894060213113727,0.06207680034277206,0.046587490893676385,1047.7994122031744
GATATCTTTGCTGCTGATGATCCAGCTGCTGATCCAGTTGCTCCTAAATTGGATGATCCAGAACCAAGAAATGCTGTTAGAATTTGTGCTGATGCTCATATTGCTGCTGACTTTGTTGCT,0.20870314904798293,0.2272737322245446,0.1924828249773835,0.1745785362114914,0.08226297230457164,0.06751709414391581,0.02960350049984928,0.017578190590260858,576.7739961544332
GATATCTTTGCTGCTGATGATCCAGCTGCTGATCCAGTTGCTCCTAAATTGGATGATCCAGAACCAAGAAATGCTGTTAGAATTTGTGCTGATGCTCATATTGCTGCTGATGCTGTTGCT,0.3903135983090661,0.35299354596780125,0.1718542691193256,0.033713107406934895,0.0019352611177241212,0.02607301327692228,0.021680958523175056,0.0014362462790506428,316.20506452860946
GATATCTTTGCTGCTGATGATCCAGCTGCTGATCCAGTTGCTCCTAAATTGGCTGCTCCAGAACCAAGAAATGCTGTTAGAATTTGTGCTGATGCTCATATTGCTGCTGACTTTGTTGCT,0.01136852775359669,0.036465945260339014,0.10304327219362838,0.2054504076754952,0.2368461930337245,0.2684916958502998,0.12138432387634802,0.016949634356568443,1116.0344161082596
GATATCTTTGCTGCTGATGATCCAGCTGCTGATCCAGTTGCTCCTAAATTGGCTGCTCCAGAACCAAGAAATGCTGTTAGAATTTGTGCTGATGCTCATATTGCTGCTGATGCTGTTGCT,0.040582607855440586,0.04083111990000801,0.03496072794737141,0.08670365495313091,0.11689490968847763,0.11445611540028033,0.3011061165257513,0.26446474772953993,2777.5499491318124
GATATCTTTGCTGCTGTTAAGACTACTGCTGATCCAGTTAAGACTAAATTGGCTAAGACTGAACCAAGAAATGCTGTTAGAATTTGTTCTGATTCTCATATTGCTTCTGATTATGTTACT,0.1363969096118806,0.09720610697860879,0.049503133131723616,0.06945232220576039,0.07840373071263657,0.09376660791692418,0.25827300045015716,0.21699818899230866,2330.522857671852
GATATCTTTGCTGCTGTTACTCCAACTGCTCCAACTGCTTTGAAACCAACTGTTCCAGATGAACCAAGAAATGCTGTTAGAATTTGTTCTGATTCTCATATTGCTTCTGATTATGTTACT,0.5912395341785643,0.20520998852525302,0.10825156282900225,0.0838518581225891,0.000799302037148551,0.0016728632690784435,0.007184367285853862,0.0017905237525102792,244.19373741965697
GATATCTTTGCTGCTGTTACTCCAACTGCTGATCCAGAAGAACCTAAATTGGAAGAACCAGAACCAAGAAATGCTGTTAGAATTTGTTCTGATTCTCATATTGCTTCTGATTATGTTACT,0.13381023845159248,0.19676639707528956,0.14088995670584348,0.0686116779004246,0.05071441270874494,0.11321648043301843,0.21001886749202828,0.08597196923305833,1430.6183235428277
GATATCTTTGCTGCTGTTACTCCAACTGCTGATCCAGAAGAACCTAAATTGGCTACTCCAGAACCAAGAAATGCTGTTAGAATTTGTTCTGATTCTCATATTGCTTCTGATTATGTTACT,0.004202513560373721,0.004743675051831871,0.020409721468764554,0.07396525927920293,0.23082537511295648,0.3358562840127199,0.26066363506924595,0.0693335364449046,1797.840551765863
GATATCTTTGCTGCTGTTACTCCAACTGCTGATCCAGATGATCCTAAATTGGATGATCCAGAACCAAGAAATGCTGTTAGAATTTGTTCTGATTCTCATATTGCTTCTGATTATGTTACT,0.051951912055644194,0.07840506791978992,0.06464618404598828,0.057716811842108716,0.23037187327360273,0.23809701564439767,0.21682217119332317,0.06198896402514527,1535.0419023362913
GATATCTTTGCTGCTGTTACTCCAACTGCTGATCCAGATGATCCTAAATTGGCTACTCCAGAACCAAGAAATGCTGTTAGAATTTGTTCTGATTCTCATATTGCTTCTGATTATGTTACT,0.18243583853180342,0.1529608369773591,0.16080116654204032,0.12667501720773364,0.13483009001926308,0.12541625605949125,0.03524995435127969,0.08163084031102953,1063.287626881854
GATATCTTTGCTGCTGTTACTCCAACTGCTGATCCAGTTACTCCTAAATTGGAAGAACCAGAACCAAGAAATGCTGTTAGAATTTGTTCTGATTCTCATATTGCTTCTGATTATGTTACT,0.19964402857606056,0.26112654184992207,0.07452790920103425,0.19961796860036604,0.11803830896976329,0.09149739733211722,0.05554784547073659,0.0,572.4994285517489
GATATCTTTGCTGCTGTTACTCCAACTGCTGATCCAGTTACTCCTAAATTGGATGATCCAGAACCAAGAAATGCTGTTAGAATTTGTTCTGATTCTCATATTGCTTCTGATTATGTTACT,0.398354776279634,0.29836713051424313,0.1501958295885271,0.07641445351526308,0.024711653788746835,0.02679717102426003,0.014735291960226321,0.010423693329099492,375.680687781527
GATATCTTTGCTGCTGTTACTCCAACTGCTGATCCAGTTACTCCTAAATTGGCTACTCCAGAACCAAGAAATGCTGTTAGAATTTGTTCTACTGTTTATGATTCTGCTATTCATTCTGAT,0.27190307643885003,0.1954057890795164,0.0886132926965253,0.12226849030721093,0.0574146529976953,0.059339959079007645,0.12008381197248626,0.08497092742870807,1151.3066030798097
GATATCTTTGCTGCTGTTACTCCAACTGCTGATCCAGTTACTCCTAAATTGGCTACTCCAGAACCAAGAAATGCTGTTAGAATTTGTTCTGATTCTCATATTGCTTCTGATTATGTTACT,0.157062713617899,0.17119321304494284,0.1628670420001405,0.22296116500804167,0.13757387753177233,0.1159714281010888,0.032370560696114714,0.0,573.9500314996651
GATATCTTTGCTGCTGTTACTCCAACTGCTGATCCAGTTACTCCTAAATTGGCTACTCCATCTTGTATTAGAGTTGCTAATAGACCAGAAGATTCTCATATTGCTTCTGATTATGTTACT,0.05533515122117738,0.09742950364178288,0.15492623878803757,0.19979529628411688,0.1635828460114816,0.08876087223043488,0.14113132993770122,0.09903876188526758,1422.363372315854
GATATCTTTGCTGCTGTTACTCCAACTGCTGATCCAGTTACTCCTAAATTGGCTCCAACTGAACCAAGAAATGCTGTTAGAATTTGTTCTGATTCTCATATTGCTTCTGATTATGTTACT,0.0053287875300899,0.006893252928306863,0.010419920553439859,0.01014874657465173,0.011252189233959053,0.007675478525571876,0.33606784117668437,0.6122137834772963,4792.894459671717
GATATCTTTGCTGCTGTTACTCCAACTGCTGATCCAGTTACTCCTAAATTGGCTGAACCAGAACCAAGAAATGCTGTTAGAATTTGTTCTGATTCTCATATTGCTTCTGATTATGTTACT,0.21641250776341053,0.11527291771424297,0.19008858615355126,0.1555703822596267,0.11289932609420522,0.0933481756407599,0.07083931055227921,0.045568793821924185,885.2088281805381
GATATCTTTGCTGCTGTTACTCCAACTGCTGATCCAGTTACTCCTAAATTGGCTGATCCAGAACCAAGAAATGCTGTTAGAATTTGTTCTGATTCTCATATTGCTTCTGATTATGTTACT,0.06364680561546351,0.06896244255539244,0.04873765220954032,0.027195939169849748,0.04824459480719903,0.08526470066457037,0.35417467261604973,0.30377319236193484,3057.7501265483625
GATATCTTTGCTGCTGTTACTCCAACTGCTGATCCAGTTACTCCTAAATTGGCTGCTCCAGAACCAAGAAATGCTGTTAGAATTTGTTCTGATTCTCATATTGCTTCTGATTATGTTACT,0.06290173997969668,0.03984732357291827,0.031888415356276185,0.05176422162694939,0.14003743060739937,0.23703052863480037,0.31977922773671935,0.11675111248524028,2057.21792182402
GATATCTTTGCTGCTGTTACTCCAACTGCTGATCCAGTTACTCCTAAATTGGCTTATCCAGAACCAAGAAATGCTGTTAGAATTTGTTCTGATTCTCATATTGCTTCTGATTATGTTACT,0.3214652241913284,0.1842344155278997,0.146840638088247,0.11753874582670044,0.04009796300795165,0.04475798892087774,0.08680093075347953,0.05826409368351576,883.5117168949287
GATATCTTTGCTGCTGTTACTCCAACTGCTGATCCAGTTACTCCTAAATTGGCTTCTCCAGAACCAAGAAATGCTGTTAGAATTTGTTCTGATTCTCATATTGCTTCTGATTATGTTACT,0.027514267292080365,0.013777296511966878,0.013869270293763687,0.024446858248049676,0.022217381430985648,0.06882883547641476,0.3085499236887283,0.5207961670580106,4245.266719068255
GATATCTTTGCTGCTGTTACTCCAACTGCTGATCCAGTTCCAACTAAATTGGCTACTCCAGAACCAAGAAATGCTGTTAGAATTTGTTCTGATTCTCATATTGCTTCTGATTATGTTACT,0.05619313496241979,0.09045958364749294,0.06992373526138555,0.11237159989697283,0.12182077172356398,0.1545207928430974,0.21367649809270617,0.1810338835723614,2117.044519371992
GATATCTTTGCTGCTGTTACTCCAACTGCTGATCCAGTTGAACCTAAATTGGCTACTCCAGAACCAAGAAATGCTGTTAGAATTTGTTCTGATTCTCATATTGCTTCTGATTATGTTACT,0.09007248407890946,0.11756633876962533,0.14237365431291432,0.2217711588870343,0.21110012582621696,0.133882581559919,0.0541865245610521,0.029047132004328544,866.7885829865718
GATATCTTTGCTGCTGTTACTCCAACTGCTGATCCAGTTGAACCTAAATTGGCTGAACCAGAACCAAGAAATGCTGTTAGAATTTGTTCTGATTCTCATATTGCTTCTGATTATGTTACT,0.040680778239722847,0.8458844231220988,0.0,0.03012997636144488,0.013362367190465593,0.012429407003147062,0.025152875004651527,0.03236017307846929,519.1995608494948
GATATCTTTGCTGCTGTTACTCCAACTGCTGATCCAGTTGATCCTAAATTGGCTGATCCAGAACCAAGAAATGCTGTTAGAATTTGTTCTGATTCTCATATTGCTTCTGATTATGTTACT,0.008352680953631064,0.01680765902078427,0.012472355965513097,0.016703181319501118,0.024692357246110616,0.04899911978438564,0.3098671398207455,0.5621055058893286,4479.875288971778
GATATCTTTGCTGCTGTTACTCCAACTGCTGATCCAGTTGCTCCTAAATTGGCTGCTCCAGAACCAAGAAATGCTGTTAGAATTTGTTCTGATTCTCATATTGCTTCTGATTATGTTACT,0.0514884413237296,0.15541120930245153,0.0,0.11440382316409076,0.10147408512857957,0.2359729167663969,0.09550571927374182,0.24574380504100973,2309.961957158582
GATATCTTTGCTGCTGTTACTCCAACTGCTGATCCAGTTTATCCTAAATTGGCTACTCCAGAACCAAGAAATGCTGTTAGAATTTGTTCTGATTCTCATATTGCTTCTGATTATGTTACT,0.2599185463369135,0.21169872202148307,0.07700684618766804,0.1787566159650767,0.07317868970590302,0.056724462648646425,0.0688745642497429,0.0738415528845663,982.0418689705871
GATATCTTTGCTGCTGTTACTCCAACTGCTGATCCAGTTTCTCCTAAATTGGCTACTCCAGAACCAAGAAATGCTGTTAGAATTTGTTCTGATTCTCATATTGCTTCTGATTATGTTACT,0.2222943061777023,0.26073227132354687,0.21435979030195582,0.15215815738994315,0.08319617067228567,0.04033382932677352,0.013707704267687023,0.01321777054010555,477.8253060436235
GATATCTTTGCTGCTGTTACTGATACTGCTGATCCAGTTACTGATAAATTGGCTACTGATGAACCAAGAAATGCTGTTAGAATTTGTTCTGATTCTCATATTGCTTCTGATTATGTTACT,0.1167336404106275,0.17030028388456697,0.13799425080924607,0.1880463158008879,0.1150300830619413,0.0962988166425007,0.09202473898605859,0.0835718704041709,1184.3161802978989
GATATCTTTGCTGCTGTTCCAACTACTGCTGATCCAGTTACTCCTAAATTGGCTACTCCAGAACCAAGAAATGCTGTTAGAATTTGTTCTGATTCTCATATTGCTTCTGATTATGTTACT,0.05059280350457221,0.054818199777062135,0.09685381841505858,0.12970820388273024,0.2492723763687912,0.21403217026995655,0.1768606075335158,0.027861820248313317,1236.0016693853777
GATATCTTTGCTGCTGTTCCAACTACTGCTGATCCAGTTCCAACTAAATTGGCTCCAACTGAACCAAGAAATGCTGTTAGAATTTGTTCTGATTCTCATATTGCTTCTGATTATGTTACT,0.47128073897770234,0.32161073232198356,0.14370293137232398,0.03787154811150732,0.009205797099357434,0.007257335469511485,0.0047623161570525905,0.004308600490561334,267.6627604002457
GATATCTTTGCTGCTGTTGAACCAACTGCTGATCCAGTTACTCCTAAATTGGCTACTCCAGAACCAAGAAATGCTGTTAGAATTTGTTCTGATTCTCATATTGCTTCTGATTATGTTACT,0.22918667444708052,0.20552598022320068,0.22319033817260517,0.14391487230241543,0.07855374920381974,0.045668205086730716,0.03234589782761724,0.04161428273653042,697.1895006851439
GATATCTTTGCTGCTGTTGAACCAACTGCTGATCCAGTTACTCCTAAATTGGCTGAACCAGAACCAAGAAATGCTGTTAGAATTTGTTCTGATTCTCATATTGCTTCTGATTATGTTACT,0.020414418902634228,0.01960581843145483,0.03002126911317375,0.060822903820462244,0.149044978841129,0.2857827626696299,0.323587566113303,0.11072028210821298,2094.995983339466
GATATCTTTGCTGCTGTTGAACCAACTGCTGATCCAGTTGAACCTAAATTGGCTACTCCAGAACCAAGAAATGCTGTTAGAATTTGTTCTGATTCTCATATTGCTTCTGATTATGTTACT,0.48002915164199006,0.27188982255536737,0.1630589079911514,0.051624238576386434,0.01529599074224656,0.007674661471370875,0.006588864054438432,0.0038383629670488088,277.24588593638526
GATATCTTTGCTGCTGTTGAACCAACTGCTGATCCAGTTGAACCTAAATTGGCTGAACCAGAACCAAGAAATGCTGTTAGAATTTGTTCTGATTCTCATATTGCTTCTGATTATGTTACT,0.45384958153056837,0.32428888496595565,0.13387575295559906,0.06305743338146079,0.0008483882755179549,0.0037704016060808466,0.005737290746795828,0.014572266538021555,331.19625228233735
GATATCTTTGCTGCTGTTGAACCAACTGCTGATCCAGTTGAACCTAAATTGGCTGCTCCAGAACCAAGAAATGCTGTTAGAATTTGTTCTGATTCTCATATTGCTTCTGATTATGTTACT,0.06608684189436193,0.09651996567546736,0.14059521254087706,0.15631405801360945,0.05251806512499231,0.08988630912168229,0.23528265125598194,0.16279689637302777,1962.6720626310776
GATATCTTTGCTGCTGTTGAACCAACTGCTGATCCAGTTGCTCCTAAATTGGCTGAACCAGAACCAAGAAATGCTGTTAGAATTTGTTCTGATTCTCATATTGCTTCTGATTATGTTACT,0.1319144405953597,0.15168255213951654,0.11724805920957619,0.18842460216039103,0.20426896536072822,0.06909342204771358,0.06991074505685375,0.06745721342986111,1047.816765379825
GATATCTTTGCTGCTGTTGAACCAACTGCTGATCCAGTTGCTCCTAAATTGGCTGCTCCAGAACCAAGAAATGCTGTTAGAATTTGTTCTGATTCTCATATTGCTTCTGATTATGTTACT,0.10934766365013558,0.13668811842115336,0.08658770349059318,0.15093161618142606,0.10775189386759829,0.05163294553289882,0.1475116921117786,0.20954836674441618,2018.4124241258623
GATATCTTTGCTGCTGTTGAACCAGAAGCTGATCCAGTTGAACCTAAATTGGCTGAACCAGAACCAAGAAATGCTGTTAGAATTTGTGAAGATGAACATATTGCTGAAGATGAAGTTGAA,0.11956320010690057,0.15443323045482554,0.17592000224739696,0.22168360011147634,0.1592139857545687,0.13032594847677575,0.029220662701112766,0.009639370146943377,657.6916828444033
GATATCTTTGCTGCTGTTGAACCAGAAGCTGATCCAGTTGAACCTAAATTGGCTGCTCCAGAACCAAGAAATGCTGTTAGAATTTGTGAAGATGAACATATTGCTGAAGACTTTGTTGAA,0.12735093980528198,0.19364374343764085,0.24578855927207793,0.22985379213039125,0.10915114920196148,0.0707508805894998,0.014804502564728952,0.008656432998417627,531.469907247847
GATATCTTTGCTGCTGTTGAACCAGAAGCTGATCCAGTTGAACCTAAATTGGCTGCTCCAGAACCAAGAAATGCTGTTAGAATTTGTGAAGATGAACATATTGCTGAAGATGAAGTTGAA,0.17730703650771884,0.17839279556774973,0.10382654321648474,0.17380773747931383,0.10277617572089219,0.12428044897055739,0.0773849802064488,0.06222428233083452,1031.8961191143317
GATATCTTTGCTGCTGTTGAACCAGAAGCTGATCCAGTTGCTCCTAAATTGGCTGAACCAGAACCAAGAAATGCTGTTAGAATTTGTGAAGATGAACATATTGCTGAAGACTTTGTTGAA,0.35063561534629384,0.15679234264223274,0.09695827299538348,0.08656539410012765,0.05118794067750801,0.02380699988500786,0.15657602165760223,0.07747741269584422,1132.8204092114852
GATATCTTTGCTGCTGTTGAACCAGAAGCTGATCCAGTTGCTCCTAAATTGGCTGAACCAGAACCAAGAAATGCTGTTAGAATTTGTGAAGATGAACATATTGCTGAAGATGAAGTTGAA,0.5988268084372105,0.2420041476377071,0.11235388218589173,0.033983572774593275,0.002909224998815797,0.00811830891755751,0.001216939612114267,0.0005871154361098932,218.60442994020832
GATATCTTTGCTGCTGTTGAACCAGAAGCTGATCCAGTTGCTCCTAAATTGGCTGCTCCAGAACCAAGAAATGCTGTTAGAATTTGTGAAGATGAACATATTGCTGAAGACTTTGTTGAA,0.10581259511212833,0.038712927319588274,0.0598488821623749,0.1603011866068848,0.2274947225514061,0.22042817287370864,0.10705712242057495,0.08034439095333396,1387.3003428920883
GATATCTTTGCTGCTGTTGAACCAGAAGCTGATCCAGTTGCTCCTAAATTGGCTGCTCCAGAACCAAGAAATGCTGTTAGAATTTGTGAAGATGAACATATTGCTGAAGATGAAGTTGAA,0.18562046091221918,0.254668811096226,0.16798268040267017,0.11248256452349328,0.09976996408211439,0.1392060410318759,0.0,0.040269477951401206,720.6800448333776
GATATCTTTGCTGCTGTTGAACCAGCTGCTGATCCAGTTGAACCTAAATTGGCTGAACCAGAACCAAGAAATGCTGTTAGAATTTGTGCTGATGCTCATATTGCTGCTGACTTTGTTGCT,0.0007939287136959765,0.0008828736255759932,0.0007799387991829123,0.000789182828496326,0.000535286960840685,0.0011873315647932185,0.32503055570574724,0.6700009018016677,5104.674325768643
GATATCTTTGCTGCTGTTGAACCAGCTGCTGATCCAGTTGAACCTAAATTGGCTGAACCAGAACCAAGAAATGCTGTTAGAATTTGTGCTGATGCTCATATTGCTGCTGATGCTGTTGCT,0.293963078265225,0.316726628510148,0.2833882696002039,0.04378365593055846,0.0165527494613476,0.017913860184853213,0.02516635504786842,0.002505402999795333,351.36932146367457
GATATCTTTGCTGCTGTTGAACCAGCTGCTGATCCAGTTGAACCTAAATTGGCTGCTCCAGAACCAAGAAATGCTGTTAGAATTTGTGCTGATGCTCATATTGCTGCTGACTTTGTTGCT,0.2762685598929706,0.4154676360311361,0.13378887111531457,0.032388026816911455,0.0692408424442818,0.026836020136301025,0.023860389587091486,0.02214965397599286,491.7152781132953
GATATCTTTGCTGCTGTTGAACCAGCTGCTGATCCAGTTGAACCTAAATTGGCTGCTCCAGAACCAAGAAATGCTGTTAGAATTTGTGCTGATGCTCATATTGCTGCTGATGCTGTTGCT,0.20915653584758778,0.26516929176492765,0.260716920829829,0.16521210902644848,0.04965556031108242,0.03580988378452085,0.009339627228225202,0.004940071207378609,402.46646856083566
GATATCTTTGCTGCTGTTGAACCAGCTGCTGATCCAGTTGCTCCTAAATTGGCTGAACCAGAACCAAGAAATGCTGTTAGAATTTGTGCTGATGCTCATATTGCTGCTGACTTTGTTGCT,0.11449670730160633,0.11519784043058404,0.10553598966891145,0.1272019575485452,0.16297059238984993,0.15936593732743468,0.1494522538776967,0.06577872145537182,1289.7652580763727
GATATCTTTGCTGCTGTTGAACCAGCTGCTGATCCAGTTGCTCCTAAATTGGCTGAACCAGAACCAAGAAATGCTGTTAGAATTTGTGCTGATGCTCATATTGCTGCTGATGCTGTTGCT,0.5758715323519329,0.21472303236664486,0.0907185086286912,0.05059911196017433,0.04449851930907005,0.020340523835433087,0.0025164708840240877,0.0007323006640294046,262.88705317513245
GATATCTTTGCTGCTGTTGAACCAGCTGCTGATCCAGTTGCTCCTAAATTGGCTGCTCCAGAACCAAGAAATGCTGTTAGAATTTGTGCTGATGCTCATATTGCTGCTGACTTTGTTGCT,0.025699555632808402,0.03942541752703383,0.042744413945477885,0.04155491252941762,0.022315655629644243,0.035451142806061015,0.3461975525174736,0.4466113494120833,3849.4400947379354
GATATCTTTGCTGCTGTTGAACCAGCTGCTGATCCAGTTGCTCCTAAATTGGCTGCTCCAGAACCAAGAAATGCTGTTAGAATTTGTGCTGATGCTCATATTGCTGCTGATGCTGTTGCT,0.2968099316461209,0.27420345116531064,0.1939702519271264,0.13619967091001636,0.05087881827475399,0.0264920253377621,0.012988933998789195,0.008456916740120331,401.3540845676522
GATATCTTTGCTGCTGTTGATCCAACTGCTGATCCAGTTACTCCTAAATTGGCTACTCCAGAACCAAGAAATGCTGTTAGAATTTGTTCTGATTCTCATATTGCTTCTGATTATGTTACT,0.4264026351924716,0.22988482391131612,0.17202372569928528,0.0965809092870756,0.041808483030651655,0.01511403793178527,0.01739613684324292,0.0007892481041714161,323.49288786384784
GATATCTTTGCTGCTGTTGATCCAACTGCTGATCCAGTTACTCCTAAATTGGCTGATCCAGAACCAAGAAATGCTGTTAGAATTTGTTCTGATTCTCATATTGCTTCTGATTATGTTACT,0.1972800451019726,0.2259458989787088,0.21971827334452187,0.17878253708050768,0.09258155175753596,0.06604454851481062,0.013760314965933777,0.005886830256008733,476.4481431969614
GATATCTTTGCTGCTGTTGATCCAACTGCTGATCCAGTTGATCCTAAATTGGCTACTCCAGAACCAAGAAATGCTGTTAGAATTTGTTCTGATTCTCATATTGCTTCTGATTATGTTACT,0.32118105576955086,0.16056282068721012,0.006502612170700279,0.2018563306166676,0.08041083721163225,0.12306428146268189,0.0905939205784238,0.015828141503133136,750.292222227592
GATATCTTTGCTGCTGTTGATCCAACTGCTGATCCAGTTGATCCTAAATTGGCTGATCCAGAACCAAGAAATGCTGTTAGAATTTGTTCTGATTCTCATATTGCTTCTGATTATGTTACT,0.2191239652498745,0.17637263588290278,0.14542195016815132,0.04868785833667795,0.05758031209030469,0.12051012588629524,0.1625808929015587,0.06972225948423488,1219.1355265461077
GATATCTTTGCTGCTGTTGATCCAACTGCTGATCCAGTTGATCCTAAATTGGCTGCTCCAGAACCAAGAAATGCTGTTAGAATTTGTTCTGATTCTCATATTGCTTCTGATTATGTTACT,0.21337175770501396,0.22138706188064589,0.09126851826962344,0.12593216662899756,0.06570559621230031,0.11001245923863825,0.09276151963253913,0.07956092043224147,1121.9072934572444
GATATCTTTGCTGCTGTTGATCCAACTGCTGATCCAGTTGCTCCTAAATTGGCTGATCCAGAACCAAGAAATGCTGTTAGAATTTGTTCTGATTCTCATATTGCTTCTGATTATGTTACT,0.005136003217213488,0.021408024109949377,0.04564977166977455,0.15161458752829135,0.28197282670391555,0.3470238791580788,0.12180634654886634,0.025388561063910575,1263.4320960144303
GATATCTTTGCTGCTGTTGATCCAACTGCTGATCCAGTTGCTCCTAAATTGGCTGCTCCAGAACCAAGAAATGCTGTTAGAATTTGTTCTGATTCTCATATTGCTTCTGATTATGTTACT,0.06359572724962514,0.08632918770457909,0.11053795328987258,0.11326860708742803,0.11837220945144869,0.23501929366708563,0.21626637841155683,0.05661064313840386,1453.9012557964236
GATATCTTTGCTGCTGTTGATCCAGATGCTGATCCAGTTGATCCTAAATTGGCTGATCCAGAACCAAGAAATGCTGTTAGAATTTGTGATGATGATCATATTGCTGATGATGATGTTGAT,0.03183021512923182,0.09207225144736784,0.10397052568666598,0.19449259048387,0.25484630868349034,0.21152416625463802,0.05904174825261581,0.052222194062120246,1126.114897641283
GATATCTTTGCTGCTGTTGATCCAGATGCTGATCCAGTTGATCCTAAATTGGCTGCTCCAGAACCAAGAAATGCTGTTAGAATTTGTGATGATGATCATATTGCTGATGACTTTGTTGAT,0.06078398430207361,0.06115620168814377,0.0630302857770918,0.16882236120678673,0.28950183142969776,0.1485731419809774,0.07516532503018183,0.1329668685850471,1593.1787994881627
GATATCTTTGCTGCTGTTGATCCAGATGCTGATCCAGTTGATCCTAAATTGGCTGCTCCAGAACCAAGAAATGCTGTTAGAATTTGTGATGATGATCATATTGCTGATGATGATGTTGAT,0.10352873863860748,0.11110688875739809,0.06011862815800925,0.09968132758889205,0.10201788758583798,0.05061066714029339,0.21763975074104103,0.25529611138992064,2444.73132039495
GATATCTTTGCTGCTGTTGATCCAGATGCTGATCCAGTTGCTCCTAAATTGGCTGATCCAGAACCAAGAAATGCTGTTAGAATTTGTGATGATGATCATATTGCTGATGACTTTGTTGAT,0.20862337189983668,0.2078026941112894,0.24823887433381328,0.18183377344355042,0.08274085288699903,0.051940335335319686,0.009069141622755952,0.009750956366435628,470.24859472478084
GATATCTTTGCTGCTGTTGATCCAGATGCTGATCCAGTTGCTCCTAAATTGGCTGATCCAGAACCAAGAAATGCTGTTAGAATTTGTGATGATGATCATATTGCTGATGATGATGTTGAT,0.3836487993418212,0.3504162422384402,0.06739246176749562,0.11673759870431254,0.05437205659770844,0.002630620510668344,0.024470824128742314,0.00033139671081125916,329.06848646234084
GATATCTTTGCTGCTGTTGATCCAGATGCTGATCCAGTTGCTCCTAAATTGGCTGCTCCAGAACCAAGAAATGCTGTTAGAATTTGTGATGATGATCATATTGCTGATGACTTTGTTGAT,0.00655587895483678,0.005702830655563823,0.020260850417197104,0.09953235298231271,0.2552730940424975,0.34606264047636986,0.22819005456216676,0.03842229790905534,1562.9297289910714
GATATCTTTGCTGCTGTTGATCCAGATGCTGATCCAGTTGCTCCTAAATTGGCTGCTCCAGAACCAAGAAATGCTGTTAGAATTTGTGATGATGATCATATTGCTGATGATGATGTTGAT,0.048556932291288483,0.09974414680278117,0.17371225119618697,0.2719732351748624,0.21332373607505764,0.09643301707885761,0.060045382678521136,0.03621129870244453,902.4972148861568
GATATCTTTGCTGCTGTTGATCCAGCTGCTGATCCAGTTGATCCTAAATTGGCTGATCCAGAACCAAGAAATGCTGTTAGAATTTGTGCTGATGCTCATATTGCTGCTGACTTTGTTGCT,0.1837619140802179,0.19721301364279753,0.1524423394407384,0.13610216831998723,0.0845040824914943,0.06737486510177236,0.09089581183994036,0.08770580508305195,1140.3867165567967
GATATCTTTGCTGCTGTTGATCCAGCTGCTGATCCAGTTGATCCTAAATTGGCTGATCCAGAACCAAGAAATGCTGTTAGAATTTGTGCTGATGCTCATATTGCTGCTGATGCTGTTGCT,0.4501769062939013,0.3055517710421436,0.1566878287257211,0.03955478170695988,0.014467220047836567,0.012121487391184035,0.011270426074365967,0.010169578717887639,330.73145678163746
GATATCTTTGCTGCTGTTGATCCAGCTGCTGATCCAGTTGATCCTAAATTGGCTGCTCCAGAACCAAGAAATGCTGTTAGAATTTGTGCTGATGCTCATATTGCTGCTGACTTTGTTGCT,0.35080722421581634,0.31146346162696337,0.11339650492036554,0.14615059690606458,0.04680294132220361,0.02019672416345497,0.007417379050448665,0.003765167794682746,340.1881089699134
GATATCTTTGCTGCTGTTGATCCAGCTGCTGATCCAGTTGATCCTAAATTGGCTGCTCCAGAACCAAGAAATGCTGTTAGAATTTGTGCTGATGCTCATATTGCTGCTGATGCTGTTGCT,0.44236014550666464,0.3336158841020542,0.17310415147398336,0.024737643127999,0.0007281146731200348,0.0058026226490173185,0.002685593619959416,0.016965844847201997,336.1900301810706
GATATCTTTGCTGCTGTTGATCCAGCTGCTGATCCAGTTGCTCCTAAATTGGCTGATCCAGAACCAAGAAATGCTGTTAGAATTTGTGCTGATGCTCATATTGCTGCTGACTTTGTTGCT,0.18436639670014152,0.1508233500348203,0.11149173964626669,0.13782604182987349,0.1613009775255573,0.14845958943996024,0.054333357930532795,0.05139854689284766,961.377436812928
GATATCTTTGCTGCTGTTGATCCAGCTGCTGATCCAGTTGCTCCTAAATTGGCTGATCCAGAACCAAGAAATGCTGTTAGAATTTGTGCTGATGCTCATATTGCTGCTGATGCTGTTGCT,0.15392680397623537,0.19552260692191686,0.14604794762337847,0.2052089487610302,0.13272040828583062,0.07936320359501604,0.048181206218978555,0.03902887461761396,800.5046531331113
GATATCTTTGCTGCTGTTGATCCAGCTGCTGATCCAGTTGCTCCTAAATTGGCTGCTCCAGAACCAAGAAATGCTGTTAGAATTTGTGCTGATGCTCATATTGCTGCTGACTTTGTTGCT,0.07745234456699933,0.10348656793739967,0.13878368641147432,0.19962887126256937,0.22957669776606515,0.17265555304140318,0.054018441311532446,0.0243978377025565,886.959049899549
GATATCTTTGCTGCTGTTGATCCAGCTGCTGATCCAGTTGCTCCTAAATTGGCTGCTCCAGAACCAAGAAATGCTGTTAGAATTTGTGCTGATGCTCATATTGCTGCTGATGCTGTTGCT,0.06396234455256736,0.08274088925458041,0.14781246004101992,0.22333141253083874,0.26787285626111673,0.154946037516143,0.04025405014339223,0.019079949700341593,830.5885594313729
GATATCTTTGCTGCTGTTGCTCCAACTGCTGATCCAGAAGAACCTAAATTGGAAGAACCAGAACCAAGAAATGCTGTTAGAATTTGTTCTGATTCTCATATTGCTTCTGATTATGTTACT,0.025390945167782602,0.03406190586907697,0.02106342384036459,0.11910246563004834,0.1779228538952425,0.16032840021860273,0.26688623130461303,0.19524377407426927,2365.9680897285107
GATATCTTTGCTGCTGTTGCTCCAACTGCTGATCCAGAAGAACCTAAATTGGCTGCTCCAGAACCAAGAAATGCTGTTAGAATTTGTTCTGATTCTCATATTGCTTCTGATTATGTTACT,0.05487811438787956,0.22085666613043625,0.10243109086194543,0.06096772336276023,0.10815449658067537,0.15090472796401855,0.2035864225932823,0.09822075811900234,1565.554641046872
GATATCTTTGCTGCTGTTGCTCCAACTGCTGATCCAGATGATCCTAAATTGGATGATCCAGAACCAAGAAATGCTGTTAGAATTTGTTCTGATTCTCATATTGCTTCTGATTATGTTACT,0.13007685983206568,0.12269381224846192,0.12139552166753742,0.14902694653510185,0.08812277212953509,0.19747328322025748,0.162109385866803,0.029101418500237477,1103.1536629444897
GATATCTTTGCTGCTGTTGCTCCAACTGCTGATCCAGATGATCCTAAATTGGCTGCTCCAGAACCAAGAAATGCTGTTAGAATTTGTTCTGATTCTCATATTGCTTCTGATTATGTTACT,0.045043277277408963,0.06420206501971325,0.07940338465702604,0.18348569424781297,0.25152030566452377,0.2649243467687523,0.08006933298783814,0.031351593376924586,1100.0766749251777
GATATCTTTGCTGCTGTTGCTCCAACTGCTGATCCAGTTACTCCTAAATTGGCTACTCCAGAACCAAGAAATGCTGTTAGAATTTGTTCTGATTCTCATATTGCTTCTGATTATGTTACT,0.16568715603483486,0.1964069302226212,0.20839702928277537,0.2129921469513797,0.11765381224307177,0.07635350179389286,0.01599577574887368,0.006513647722550558,520.9072349747902
GATATCTTTGCTGCTGTTGCTCCAACTGCTGATCCAGTTACTCCTAAATTGGCTGCTCCAGAACCAAGAAATGCTGTTAGAATTTGTTCTGATTCTCATATTGCTTCTGATTATGTTACT,0.032003757295563824,0.04059966688962383,0.022509085079687918,0.03864683547643346,0.04799064428507186,0.05484335306628939,0.22713049068594848,0.5362761672213813,4150.288498746421
GATATCTTTGCTGCTGTTGCTCCAACTGCTGATCCAGTTGAACCTAAATTGGCTGAACCAGAACCAAGAAATGCTGTTAGAATTTGTTCTGATTCTCATATTGCTTCTGATTATGTTACT,0.09881744334281124,0.1118503831291331,0.1537039344781769,0.20584280100797223,0.164320897688584,0.11322075272384777,0.08592005155015985,0.06632373607931495,1117.5048499246711
GATATCTTTGCTGCTGTTGCTCCAACTGCTGATCCAGTTGAACCTAAATTGGCTGCTCCAGAACCAAGAAATGCTGTTAGAATTTGTTCTGATTCTCATATTGCTTCTGATTATGTTACT,0.24725290279503073,0.14741747142462144,0.12154797186145756,0.12886671984170597,0.17746952858233567,0.11191770165913684,0.050958721601413765,0.014568982234297935,688.5839946026477
GATATCTTTGCTGCTGTTGCTCCAACTGCTGATCCAGTTGATCCTAAATTGGCTGATCCAGAACCAAGAAATGCTGTTAGAATTTGTTCTGATTCTCATATTGCTTCTGATTATGTTACT,0.4005838569741494,0.28868908111261493,0.20779437716235052,0.05532834247262531,0.013364987231566434,0.022798250402874018,0.00597861656730318,0.005462488076516355,314.0977380830116
GATATCTTTGCTGCTGTTGCTCCAACTGCTGATCCAGTTGATCCTAAATTGGCTGCTCCAGAACCAAGAAATGCTGTTAGAATTTGTTCTGATTCTCATATTGCTTCTGATTATGTTACT,0.49174427756816186,0.2968040176117511,0.13696242419343277,0.03543787406300416,0.011282310339827618,0.015734384080173157,0.007513390048917843,0.0045213220947313325,283.02179655145846
GATATCTTTGCTGCTGTTGCTCCAACTGCTGATCCAGTTGCTCCTAAATTGGAAGAACCAGAACCAAGAAATGCTGTTAGAATTTGTTCTGATTCTCATATTGCTTCTGATTATGTTACT,0.051671549878637216,0.15063179971799304,0.20690546665202286,0.25390823008018104,0.20954500938799706,0.09836810649032143,0.02027498140771023,0.008694856385137112,638.9741457929781
GATATCTTTGCTGCTGTTGCTCCAACTGCTGATCCAGTTGCTCCTAAATTGGATGATCCAGAACCAAGAAATGCTGTTAGAATTTGTTCTGATTCTCATATTGCTTCTGATTATGTTACT,0.47094704202032917,0.199280667608889,0.23678029212444562,0.027704341097008367,0.002973831659401859,0.0320296702864353,0.028578454897047308,0.0017057003064433966,338.6579153809222
GATATCTTTGCTGCTGTTGCTCCAACTGCTGATCCAGTTGCTCCTAAATTGGCTACTCCAGAACCAAGAAATGCTGTTAGAATTTGTTCTGATTCTCATATTGCTTCTGATTATGTTACT,0.015891216303518113,0.02238393907015743,0.011864508387350862,0.052963806626599,0.07829653581087773,0.06409028857382067,0.23876012234752597,0.5157495828801504,4082.797382914637
GATATCTTTGCTGCTGTTGCTCCAACTGCTGATCCAGTTGCTCCTAAATTGGCTGAACCAGAACCAAGAAATGCTGTTAGAATTTGTTCTGATTCTCATATTGCTTCTGATTATGTTACT,0.07368813809952271,0.08473071483985753,0.1833871651340082,0.2455950647473858,0.14522553424104823,0.15438387496143838,0.08786819228860948,0.02512131568812964,920.888393771892
GATATCTTTGCTGCTGTTGCTCCAACTGCTGATCCAGTTGCTCCTAAATTGGCTGATCCAGAACCAAGAAATGCTGTTAGAATTTGTTCTGATTCTCATATTGCTTCTGATTATGTTACT,0.11149797485011868,0.18817415275637206,0.20139985681734085,0.19579525512168686,0.13113614526305004,0.08571583198908841,0.04336489277797734,0.04291589042436571,826.0046004271455
GATATCTTTGCTGCTGTTGCTCCAACTGCTGATCCAGTTGCTCCTAAATTGGCTGCTCCAGAACCAAGAAATGCTGTTAGAATTTGTTCTGATTCTCATATTGCTTCTGATTATGTTACT,0.25583197604065333,0.23797228240192686,0.1621750640364294,0.10725307409985785,0.10940122769573635,0.04866918260297251,0.026860855790286287,0.051836337332137356,749.6611328086467
GATATCTTTGCTGCTGTTGCTCCAGAAGAAGATCCAGAAGAACCTAAATTGGAAGAACCAGAACCAAGAAATGCTGTTAGAATTGAAGAAGATGAAGAAGAAGAAGAAGATGAAGAAGAA,0.1689441398120738,0.16312470841304255,0.2932978693721318,0.211909428337694,0.06444334696206386,0.05494858771910105,0.030326502555901226,0.01300541682799176,548.9998892475907
GATATCTTTGCTGCTGTTGCTCCAGAAGAAGATCCAGATGAACCTAAATTGGCTGCTCCAGAACCAAGAAATGCTGTTAGAATTGAAGAAGATGAAGAAGAAGAAGAAGATGAAGAAGAA,0.1947042614601422,0.19589655433283798,0.18170968626827133,0.3244647438052534,0.0,0.0,0.04514452675770619,0.05808022737578899,777.9473017466637
GATATCTTTGCTGCTGTTGCTCCAGAAGAAGATCCAGTTGCTCCTAAATTGGAAGAACCAGAACCAAGAAATGCTGTTAGAATTGAAGAAGATGAAGAAGAAGAAGAAGATGAAGAAGAA,0.20336555149080202,0.2659941475382708,0.05061144566231606,0.13555933715767163,0.060119318298398734,0.11184357759839525,0.07544440177752633,0.0970622204766191,1186.7431876665937
GATATCTTTGCTGCTGTTGCTCCAGAAGAAGATCCAGTTGCTCCTAAATTGGCTGCTCCAGAACCAAGAAATGCTGTTAGAATTGAAGAAGATGAAGAAGAAGAAGAAGATGAAGAAGAA,0.10947606873156322,0.07343097162020217,0.13622617162332165,0.08108279894717145,0.17979737510667682,0.06689757051109804,0.135377836509374,0.21771120695059262,2083.3010450847332
GATATCTTTGCTGCTGTTGCTCCAGAAGCTGATCCAGTTGAACCTAAATTGGCTGAACCAGAACCAAGAAATGCTGTTAGAATTTGTGAAGATGAACATATTGCTGAAGACTTTGTTGAA,0.37976636401280606,0.28668246222764143,0.20408711191706458,0.04617961589178633,0.07201440832350114,0.0018053596109196728,0.001826715651857376,0.007637962364423384,324.88228630268696
GATATCTTTGCTGCTGTTGCTCCAGAAGCTGATCCAGTTGAACCTAAATTGGCTGAACCAGAACCAAGAAATGCTGTTAGAATTTGTGAAGATGAACATATTGCTGAAGATGAAGTTGAA,0.08558908791924862,0.05382075129652278,0.10650248876364304,0.09508657309632716,0.03162751497098851,0.06864499264449865,0.18852617291084312,0.3702024183979281,3066.6419990048958
GATATCTTTGCTGCTGTTGCTCCAGAAGCTGATCCAGTTGAACCTAAATTGGCTGCTCCAGAACCAAGAAATGCTGTTAGAATTTGTGAAGATGAACATATTGCTGAAGACTTTGTTGAA,0.20760486216007665,0.1990543905811254,0.2178414282475583,0.18436896403691022,0.10260823662442972,0.06144215982666458,0.019314632755366306,0.007765325767868731,501.50072445524626
GATATCTTTGCTGCTGTTGCTCCAGAAGCTGATCCAGTTGAACCTAAATTGGCTGCTCCAGAACCAAGAAATGCTGTTAGAATTTGTGAAGATGAACATATTGCTGAAGATGAAGTTGAA,0.5563111249341717,0.24005212724364774,0.16970494916396991,0.02096005122757428,0.00014833387973116233,0.006806875765690231,0.005956666781409009,5.987100380595074e-05,229.6297872170054
GATATCTTTGCTGCTGTTGCTCCAGAAGCTGATCCAGTTGCTCCTAAATTGGCTGAACCAGAACCAAGAAATGCTGTTAGAATTTGTGAAGATGAACATATTGCTGAAGACTTTGTTGAA,0.5106933327836036,0.21648580561560413,0.22782031701322772,0.031174987269661576,0.001063524608434513,0.010252427740158526,0.0014559587675132947,0.0010536462017964857,241.61588686386534
GATATCTTTGCTGCTGTTGCTCCAGAAGCTGATCCAGTTGCTCCTAAATTGGCTGAACCAGAACCAAGAAATGCTGTTAGAATTTGTGAAGATGAACATATTGCTGAAGATGAAGTTGAA,0.2895633230191742,0.29501929235431545,0.23131281045492602,0.10780679416401615,0.033905031580631996,0.026108289079149246,0.00778453866248655,0.008499920685300321,376.96457011072175
GATATCTTTGCTGCTGTTGCTCCAGAAGCTGATCCAGTTGCTCCTAAATTGGCTGCTCCAGAACCAAGAAATGCTGTTAGAATTTGTGAAGATGAACATATTGCTGAAGACTTTGTTGAA,0.23802483964066376,0.21553416973721365,0.09872846498537725,0.1322187609627715,0.08600211180539843,0.15272239733884785,0.029434092947798182,0.04733516258192935,834.6277944556305
GATATCTTTGCTGCTGTTGCTCCAGAAGCTGATCCAGTTGCTCCTAAATTGGCTGCTCCAGAACCAAGAAATGCTGTTAGAATTTGTGAAGATGAACATATTGCTGAAGATGAAGTTGAA,0.29498070003198573,0.2698064060549303,0.12513348579401978,0.0893764228939829,0.046243891055375325,0.049160164097406395,0.037306268787716715,0.08799266128458279,950.6062162669908
GATATCTTTGCTGCTGTTGCTCCAGATGATGATCCAGATGATCCTAAATTGGATGATCCAGAACCAAGAAATGCTGTTAGAATTGATGATGATGATGATGATGATGATGATGATGATGAT,0.7058626433788548,0.2065682537066711,0.024632870029631607,0.060741170054404096,0.00018578034371159464,0.0012096641490113495,0.00034970673213000644,0.00044991160558545016,195.06476255023844
GATATCTTTGCTGCTGTTGCTCCAGATGATGATCCAGATGATCCTAAATTGGCTGCTCCAGAACCAAGAAATGCTGTTAGAATTGATGATGATGATGATGATGATGATGATGATGATGAT,0.23295776582164793,0.16602221832146524,0.09662673299440414,0.14018776135620042,0.057389521688275894,0.05338258652916588,0.12603281184119683,0.12740060144764367,1426.964025459278
GATATCTTTGCTGCTGTTGCTCCAGATGATGATCCAGTTGCTCCTAAATTGGATGATCCAGAACCAAGAAATGCTGTTAGAATTGATGATGATGATGATGATGATGATGATGATGATGAT,0.014878936652935859,0.050132258627773235,0.11969874398187653,0.27447478174059603,0.29050822836285034,0.21059784848277813,0.028561636322840117,0.011147565828349708,843.8319617445219
GATATCTTTGCTGCTGTTGCTCCAGATGATGATCCAGTTGCTCCTAAATTGGCTGCTCCAGAACCAAGAAATGCTGTTAGAATTGATGATGATGATGATGATGATGATGATGATGATGAT,0.12675992008640005,0.14028976317637748,0.07886663646549952,0.12674337383425288,0.2248380788375129,0.12780770997581314,0.12931957867492908,0.045374938949215016,1111.5264288479354
GATATCTTTGCTGCTGTTGCTCCAGATGCTGATCCAGTTGATCCTAAATTGGCTGATCCAGAACCAAGAAATGCTGTTAGAATTTGTGATGATGATCATATTGCTGATGACTTTGTTGAT,0.41595990646133774,0.2707408122646375,0.19398817942752555,0.07153059922047725,0.014031220513911384,0.020292849801092132,0.0037158092300156207,0.00974062308100273,333.7752783616956
GATATCTTTGCTGCTGTTGCTCCAGATGCTGATCCAGTTGATCCTAAATTGGCTGATCCAGAACCAAGAAATGCTGTTAGAATTTGTGATGATGATCATATTGCTGATGATGATGTTGAT,0.2383931043808509,0.22247228351887693,0.1719673298120579,0.20343293525517914,0.07830470148925116,0.05383639007886433,0.019225847266119516,0.012367408198800106,505.3609127864047
GATATCTTTGCTGCTGTTGCTCCAGATGCTGATCCAGTTGATCCTAAATTGGCTGCTCCAGAACCAAGAAATGCTGTTAGAATTTGTGATGATGATCATATTGCTGATGACTTTGTTGAT,0.16251141037498668,0.24292404209944096,0.19644278849715158,0.17022782584961288,0.10981014390332515,0.05532756777086332,0.05167573949423282,0.011080482010386607,593.6038817877528
GATATCTTTGCTGCTGTTGCTCCAGATGCTGATCCAGTTGATCCTAAATTGGCTGCTCCAGAACCAAGAAATGCTGTTAGAATTTGTGATGATGATCATATTGCTGATGATGATGTTGAT,0.2733091299085651,0.27977951071601426,0.22831195957957162,0.132812795396918,0.04113265947860884,0.028507126223945512,0.01080823309566424,0.005338585600712444,378.6857085764483
GATATCTTTGCTGCTGTTGCTCCAGATGCTGATCCAGTTGCTCCTAAATTGGCTGATCCAGAACCAAGAAATGCTGTTAGAATTTGTGATGATGATCATATTGCTGATGACTTTGTTGAT,0.1666367048638539,0.18055382474688428,0.15950293358134277,0.2136089146243277,0.10420694626304129,0.09693121953590654,0.05944111676879455,0.01911833961584886,711.7742255038722
GATATCTTTGCTGCTGTTGCTCCAGATGCTGATCCAGTTGCTCCTAAATTGGCTGATCCAGAACCAAGAAATGCTGTTAGAATTTGTGATGATGATCATATTGCTGATGATGATGTTGAT,0.17590470341447467,0.18739257367150525,0.09012970068432367,0.1034598483442881,0.1223559745693709,0.12329750666963483,0.12955433164896557,0.06790536099743695,1180.5034071935015
GATATCTTTGCTGCTGTTGCTCCAGATGCTGATCCAGTTGCTCCTAAATTGGCTGCTCCAGAACCAAGAAATGCTGTTAGAATTTGTGATGATGATCATATTGCTGATGACTTTGTTGAT,0.3929103631646887,0.3269035367216666,0.12574486647927932,0.13120413362563824,0.005753820077119644,0.005697384515411325,0.001222832178915717,0.010563063237280446,322.3893694369115
GATATCTTTGCTGCTGTTGCTCCAGATGCTGATCCAGTTGCTCCTAAATTGGCTGCTCCAGAACCAAGAAATGCTGTTAGAATTTGTGATGATGATCATATTGCTGATGATGATGTTGAT,0.03420395500763464,0.044245808579287824,0.02432089966094521,0.02171396208882171,0.03851976929686125,0.03583031984030773,0.2764380116927402,0.5247272738334015,4165.000598844139
GATATCTTTGCTGCTGTTGCTCCAGCTGCTGATCCAGAAGAACCTAAATTGGAAGAACCAGAACCAAGAAATGCTGTTAGAATTTGTGCTGATGCTCATATTGCTGCTGACTTTGTTGCT,0.11466911386929449,0.17149788246439468,0.18896534754626843,0.17903950704360333,0.1252114350361668,0.13067273332918486,0.060360616411172886,0.029583364299914445,826.3281471502437
GATATCTTTGCTGCTGTTGCTCCAGCTGCTGATCCAGAAGAACCTAAATTGGAAGAACCAGAACCAAGAAATGCTGTTAGAATTTGTGCTGATGCTCATATTGCTGCTGATGCTGTTGCT,0.4334985150007429,0.31379804443996817,0.18398055042025852,0.04861746871492171,0.00048530482055153046,0.002160371203584308,0.016998027519837932,0.000461717880135027,272.35809005866895
GATATCTTTGCTGCTGTTGCTCCAGCTGCTGATCCAGAAGAACCTAAATTGGCTGCTCCAGAACCAAGAAATGCTGTTAGAATTTGTGCTGATGCTCATATTGCTGCTGACTTTGTTGCT,0.005460015962343448,0.010030886175981385,0.033517617381477405,0.11364438890803093,0.2842238004050768,0.3685115738739716,0.16140675584583652,0.023204961447282034,1358.2467605012748
GATATCTTTGCTGCTGTTGCTCCAGCTGCTGATCCAGAAGAACCTAAATTGGCTGCTCCAGAACCAAGAAATGCTGTTAGAATTTGTGCTGATGCTCATATTGCTGCTGATGCTGTTGCT,0.17643219086396997,0.20608482509926573,0.2917212456937408,0.1658031305663202,0.08514250371774754,0.0443064928422316,0.016811476948472428,0.01369813426825165,508.40287471831874
GATATCTTTGCTGCTGTTGCTCCAGCTGCTGATCCAGATGATCCTAAATTGGATGATCCAGAACCAAGAAATGCTGTTAGAATTTGTGCTGATGCTCATATTGCTGCTGACTTTGTTGCT,0.3233625294093223,0.30039768955524476,0.20703199359055416,0.10424091454327179,0.02774406635485509,0.024230596545212472,0.008515632259672527,0.004476577741866888,342.3911860223841
GATATCTTTGCTGCTGTTGCTCCAGCTGCTGATCCAGATGATCCTAAATTGGATGATCCAGAACCAAGAAATGCTGTTAGAATTTGTGCTGATGCTCATATTGCTGCTGATGCTGTTGCT,0.4149944589444523,0.32414918920241964,0.1394470548200063,0.07173062589833436,0.042368117961496456,0.0010651345103966138,0.005725463189059633,0.0005199554738345216,270.6916768446919
GATATCTTTGCTGCTGTTGCTCCAGCTGCTGATCCAGATGATCCTAAATTGGCTGCTCCAGAACCAAGAAATGCTGTTAGAATTTGTGCTGATGCTCATATTGCTGCTGACTTTGTTGCT,0.17025703258532524,0.20763590324132042,0.15407909532458752,0.1705213991458787,0.06990515805640107,0.07921151920582437,0.062204830545184775,0.08618506189547794,1078.833526256732
GATATCTTTGCTGCTGTTGCTCCAGCTGCTGATCCAGATGATCCTAAATTGGCTGCTCCAGAACCAAGAAATGCTGTTAGAATTTGTGCTGATGCTCATATTGCTGCTGATGCTGTTGCT,0.4259213178198647,0.33146626954809644,0.13284628992120548,0.08130717150514305,0.008677295178352881,0.0019730202842213797,0.01677460619396707,0.001034029549149062,283.46338991028523
GATATCTTTGCTGCTGTTGCTCCAGCTGCTGATCCAGTTGAACCTAAATTGGCTGAACCAGAACCAAGAAATGCTGTTAGAATTTGTGCTGATGCTCATATTGCTGCTGACTTTGTTGCT,0.21764185153073884,0.21561585981465548,0.26733306062731965,0.16092789924276674,0.08216061933629881,0.04553846482415119,0.0059889388611080755,0.0047933057629611486,420.9575683897066
GATATCTTTGCTGCTGTTGCTCCAGCTGCTGATCCAGTTGAACCTAAATTGGCTGAACCAGAACCAAGAAATGCTGTTAGAATTTGTGCTGATGCTCATATTGCTGCTGATGCTGTTGCT,0.4331570312294418,0.3025849863417234,0.13645741091328717,0.058579712155642824,0.03255696616770463,0.01581075182968876,0.00961309106104271,0.011240050301468655,351.61517534445375
GATATCTTTGCTGCTGTTGCTCCAGCTGCTGATCCAGTTGAACCTAAATTGGCTGCTCCAGAACCAAGAAATGCTGTTAGAATTTGTGCTGATGCTCATATTGCTGCTGACTTTGTTGCT,0.003896276459176398,0.001057732638054368,0.019433622694202818,0.08285640526693888,0.2976026683070252,0.40144423624287395,0.1765058044347013,0.01720325395702702,1392.6454511950694
GATATCTTTGCTGCTGTTGCTCCAGCTGCTGATCCAGTTGAACCTAAATTGGCTGCTCCAGAACCAAGAAATGCTGTTAGAATTTGTGCTGATGCTCATATTGCTGCTGATGCTGTTGCT,0.4870496294277367,0.2484948134319229,0.18666958336379813,0.033381688824816395,0.017717007009611752,0.009160102570895359,0.002089541130362621,0.015437634240856337,337.70941330080245
GATATCTTTGCTGCTGTTGCTCCAGCTGCTGATCCAGTTGATCCTAAATTGGCTGATCCAGAACCAAGAAATGCTGTTAGAATTTGTGCTGATGCTCATATTGCTGCTGACTTTGTTGCT,0.0432844660972188,0.07113088800225659,0.048474789586001994,0.09617514684516396,0.17345468909068973,0.22085624950095933,0.27431800295093983,0.0723057679267698,1692.2040971989052
GATATCTTTGCTGCTGTTGCTCCAGCTGCTGATCCAGTTGATCCTAAATTGGCTGATCCAGAACCAAGAAATGCTGTTAGAATTTGTGCTGATGCTCATATTGCTGCTGATGCTGTTGCT,0.3323566054651657,0.3158366724362467,0.11030093189943681,0.13350690312097535,0.020908817981182347,0.017903953543867753,0.03724302658300187,0.031943088970123615,564.6131753048991
GATATCTTTGCTGCTGTTGCTCCAGCTGCTGATCCAGTTGATCCTAAATTGGCTGCTCCAGAACCAAGAAATGCTGTTAGAATTTGTGCTGATGCTCATATTGCTGCTGACTTTGTTGCT,0.0024384949951188595,0.001460373444244615,0.0025286107545126235,0.0010965344915541096,0.08988022835008332,0.13160703531988371,0.5456325367417197,0.22535618590288295,3098.1965874898883
GATATCTTTGCTGCTGTTGCTCCAGCTGCTGATCCAGTTGATCCTAAATTGGCTGCTCCAGAACCAAGAAATGCTGTTAGAATTTGTGCTGATGCTCATATTGCTGCTGATGCTGTTGCT,0.3380267608533558,0.35343093608541926,0.19375894967893545,0.056341305790369466,0.03190220839740385,0.017616609035367808,0.007347710013377593,0.0015755201457708073,302.3081163392772
GATATCTTTGCTGCTGTTGCTCCAGCTGCTGATCCAGTTGCTCCTAAATTGGAAGAACCAGAACCAAGAAATGCTGTTAGAATTTGTGCTGATGCTCATATTGCTGCTGACTTTGTTGCT,0.5628800159348479,0.21519309653453356,0.1633162655315403,0.028658887263896107,0.018888023950651193,0.0018227476974527618,0.0017930786089262035,0.0074478844781517995,270.2183684715525
GATATCTTTGCTGCTGTTGCTCCAGCTGCTGATCCAGTTGCTCCTAAATTGGAAGAACCAGAACCAAGAAATGCTGTTAGAATTTGTGCTGATGCTCATATTGCTGCTGATGCTGTTGCT,0.03968344269968378,0.02053360214121939,0.17847327016332323,0.20657889168573393,0.17373491049414636,0.372054649048408,0.004206209772083812,0.004735023995401452,852.8163785633866
GATATCTTTGCTGCTGTTGCTCCAGCTGCTGATCCAGTTGCTCCTAAATTGGATGATCCAGAACCAAGAAATGCTGTTAGAATTTGTGCTGATGCTCATATTGCTGCTGACTTTGTTGCT,0.20258402287657137,0.20247473675308533,0.15358805098387326,0.14904899127073715,0.11369519186333804,0.10944619357033318,0.04354977616676307,0.02561303651529855,713.6072574777763
GATATCTTTGCTGCTGTTGCTCCAGCTGCTGATCCAGTTGCTCCTAAATTGGATGATCCAGAACCAAGAAATGCTGTTAGAATTTGTGCTGATGCTCATATTGCTGCTGATGCTGTTGCT,0.4284084791443448,0.3399090072242559,0.1788939016732191,0.03639778342962482,0.0013679730452817013,0.012521018177896344,0.0019055199090224316,0.0005963173963551095,246.7701966881721
GATATCTTTGCTGCTGTTGCTCCAGCTGCTGATCCAGTTGCTCCTAAATTGGCTGAACCAGAACCAAGAAATGCTGTTAGAATTTGTGCTGATGCTCATATTGCTGCTGACTTTGTTGCT,0.47533354785816095,0.2450196476952281,0.1779351727827689,0.04513671679181426,0.021853751122902165,0.015915231028094168,0.01212432602023027,0.006681606700801099,320.73404372772535
GATATCTTTGCTGCTGTTGCTCCAGCTGCTGATCCAGTTGCTCCTAAATTGGCTGAACCAGAACCAAGAAATGCTGTTAGAATTTGTGCTGATGCTCATATTGCTGCTGATGCTGTTGCT,0.021908861248689408,0.03232976642193927,0.02998843820231666,0.12088867459498123,0.20797531793613022,0.3085900274423854,0.2147076168744342,0.06361129727912372,1622.3810551504248
GATATCTTTGCTGCTGTTGCTCCAGCTGCTGATCCAGTTGCTCCTAAATTGGCTGATCCAGAACCAAGAAATGCTGTTAGAATTTGTGCTGATGCTCATATTGCTGCTGACTTTGTTGCT,0.12420800210300097,0.14769016766572224,0.13348173853837816,0.13171856404672494,0.12239536733890141,0.11902471296719219,0.120432685443895,0.1010487618961851,1372.7964735214478
GATATCTTTGCTGCTGTTGCTCCAGCTGCTGATCCAGTTGCTCCTAAATTGGCTGATCCAGAACCAAGAAATGCTGTTAGAATTTGTGCTGATGCTCATATTGCTGCTGATGCTGTTGCT,0.4110908294454577,0.33447478659440977,0.1826049291410294,0.04259305889474046,0.009209478873221481,0.014914711532857238,0.0003248582277635371,0.004787347290520454,279.06988590239104
GATATCTTTGCTGCTGTTGCTCCAGCTGCTGATCCAGTTGCTCCTAAATTGGCTGCTCCAGAACCAAGAAATGCTGTTAGAATTTGTGCTGATGCTCATATTGCTGCTGATGCTGTTGCT,0.007858285794715907,0.09693254820861885,0.08272552665359048,0.30590932404205284,0.16912034557406247,0.3023797232012007,0.022884799227301855,0.012189447298456868,879.7457231714881
GATATCTTTGCTGCTGTTTATCCAACTGCTGATCCAGTTACTCCTAAATTGGCTACTCCAGAACCAAGAAATGCTGTTAGAATTTGTTCTGATTCTCATATTGCTTCTGATTATGTTACT,0.08111076902222705,0.07480683805934156,0.06728660530923765,0.09011131272724762,0.18649650964700834,0.2664085384915094,0.16925857346427306,0.06452085327915533,1452.3468480054107
GATATCTTTGCTGCTGTTTATCCAACTGCTGATCCAGTTTATCCTAAATTGGCTTATCCAGAACCAAGAAATGCTGTTAGAATTTGTTCTGATTCTCATATTGCTTCTGATTATGTTACT,0.07645321772600602,0.1923034684483363,0.2854028998237675,0.16987386248611655,0.11300624165972431,0.07007743221260611,0.04727093021263546,0.045611947430807806,829.015389227451
GATATCTTTGCTGCTGTTTCTCCAACTGCTGATCCAGTTACTCCTAAATTGGCTACTCCAGAACCAAGAAATGCTGTTAGAATTTGTTCTGATTCTCATATTGCTTCTGATTATGTTACT,0.11669050170964447,0.09783755731582093,0.06050142775833303,0.10263102439709038,0.20122825433799674,0.28968101497851056,0.10822438989872037,0.023205829603883447,1089.1361789116047
GATATCTTTGCTGCTGTTTCTCCAACTGCTGATCCAGTTTCTCCTAAATTGGCTTCTCCAGAACCAAGAAATGCTGTTAGAATTTGTTCTGATTCTCATATTGCTTCTGATTATGTTACT,0.041097455980857664,0.11834403526235517,0.1669380685989675,0.2671248345154927,0.2173841977393406,0.15111359053881798,0.026724842872735292,0.011272974491433137,734.0677272164709
GATATCTTTGCTGCTGTTTCTGAAACTGCTGATCCAGTTTCTGAGAAATTGGCTTCTGAAGAACCAAGAAATGCTGTTAGAATTTGTTCTGATTCTCATATTGCTTCTGATTATGTTACT,0.4442703035822083,0.30607293754611986,0.15249303831614916,0.05216950956350234,0.018408075449522318,0.015609562063189631,0.008799717174995055,0.0021768563043133224,285.29907097037676
GATATCTTTGCTGCTGTTTCTGGTACTGCTGATCCAGTTTCTGGTAAATTGGCTTCTGGTGAACCAAGAAATGCTGTTAGAATTTGTTCTGATTCTCATATTGCTTCTGATTATGTTACT,0.4498483361902499,0.31830397418988515,0.14609097566272877,0.04091168268498972,0.013600208414420138,0.020072792055140374,0.007318027424159447,0.0038540033784265158,290.6336313008727
GATATCTTTGCTGCTGTTTCTTCTACTGCTGATCCAGTTTCTTCTAAATTGGCTTCTTCTGAACCAAGAAATGCTGTTAGAATTTGTTCTGATTCTCATATTGCTTCTGATTATGTTACT,0.3799370746307141,0.41068134315205423,0.014360822674605853,0.13665017287977843,0.02663543386255449,0.0217135772916572,0.006760133081447752,0.0032614424271879463,312.09942758925763
GATATGAATGCTGATGGTGCTTCTCCACCACCACCAAGACCAGCTGGTGGTCCTAAGAATACTCCAGCTGCTCCACCATTGTATGCTACTGGTAGATTGTCTCAAGCTCAATTGATGCCA,0.5592753941500158,0.27747064437301694,0.08281467016891866,0.026406368795021545,0.02406736821914658,0.008617827306280077,0.016381410035325523,0.004966316952274716,292.0431680772127
GATATGGAATTGGATAAAGAAGAACAAGAGAAAGATAGAGATAATGAGAATCAAGGTGAAGAAGATCCAACTTGGTTTGATTCTGGTTCTCAATTTATCTTAAATTCTCAACAATTGGTT,0.12226361129448217,0.1773763509411038,0.17416926341445202,0.2878980449436459,0.12632227147772732,0.09606878097461671,0.01370941894304404,0.00219225801092812,535.1283623119343
GATATGGTTGTTGCTCCATCTAATAATGGATTTACTTCTTCTGGATTTACTAATATTCCATCTTCTCCATGTCAAACTCCAAGGAAAGGTGGTAGAGTTAATATTAAATCTAAAGCTAAA,0.18541943538807804,0.04663871790281853,0.17304453009779064,0.05149867560553558,0.09135675448380466,0.21244556966972242,0.12897518420246934,0.11062113264978073,1518.46702970586
GATATGTTGGAAGATAAAGAAGAACAAGAGAAAGATAGAGATAATGAGAATCAAGGTGAAGAAGATCCAACTTGGTTTGATTCTGGTTCTCAATTTATCTTAAATTCTCAACAATTGGTT,0.06911821506476287,0.10431220203874328,0.04300350723589411,0.07678799212399567,0.13621907090407093,0.1583853229113227,0.2884660230271695,0.12370766669404094,1941.9931607066533
GATATGTTGGAGAAAGATGAAGAACAAGAGAAAGATAGAGATAATGAGAATCAAGGTGAAGAAGATCCAACTTGGTTTGATTCTGGTTCTCAATTTATCTTAAATTCTCAACAATTGGTT,0.016335454979063878,0.019030563810201358,0.014977765542393552,0.004775825343880305,0.005930496829049614,0.02285378005777376,0.3580252150114565,0.558070898426181,4525.5922642286605
GATATGTTGGATGATAAAGATGATCAAGATAAAGATAGAGATAATGATAATCAAGGTGATGATGATCCAACTTGGTTTGATTCTGGTTCTCAATTTATCTTAAATTCTCAACAATTGGTT,0.029945653465761935,0.11467245025429273,0.17678697739611732,0.24220298715763375,0.21795141187088402,0.18064400599695285,0.030641289454788553,0.007155224403568945,747.48667202347
GATATTAAGAGAGATATTGAAGAATGTCAGAAGATTGTTATTGATCCATCTAATATTGAAATTGATACTCCACCAGAAATTAGAATTTCTCAAATTGAAATTGGTTCTCAAGATTCTATT,0.15808055991468833,0.20676315860103703,0.1376949027703649,0.28099542277385775,0.06230944181471549,0.07244874742390459,0.04398345683914717,0.03772430986228474,754.371208608793
GATATTGATTGTCATTCTGAAGATGTTGAAGAAGAATCTGGTGATGGTAGGAAAGAAGCTGGTCCATCTAGAACTGGTTTGGGTTCTAAGAGATCTAGATCTGCTGAAGTTCATAATTTG,0.6392648022854307,0.21703750173919817,0.08719221382734833,0.029750121370250612,0.005130963054846398,0.006681807055955056,0.01227990720654748,0.0026626834604233174,249.85229083671177
GATATTGGTGCTGATCCATATTTGAATGATTCATTTGATACTGATCCAATGTTCTCTAATGATGTTTCTTTGGCTTCTGATAATTGGTTCTCTTTGTTTCCAGAAGATGTTTCTGAATCT,0.04907149434093446,0.12107892543359479,0.17882427076889482,0.22845120771859023,0.2014806975005673,0.16813652098794624,0.029257242833406385,0.023699640416065745,817.5735338912398
GATATTGGTGCTGATCCATATTTGAATGATTCATTTGATACTTCTCCAATGTTCTCTAATGATGTTTCTTTGGCTTCTGATAATTGGTTCTCTTTGTTTCCAGAAGATGTTTCTGAATCT,0.2407481354823839,0.2402530953940748,0.14613371649792686,0.15438921785798848,0.0655770901542403,0.055616278629908394,0.04356710493619281,0.05371536104728445,796.1723759581306
GATATTGGTGCTGCTCCATATTTGAATGATTCATTTGATACTGCTCCAATGTTCTCTAATGATGTTTCTTTGGCTTCTGATAATTGGTTCTCTTTGTTTCCAGAAGATGTTTCTGAATCT,0.13202250112186437,0.14304872116667186,0.06318528755380858,0.16923752299153755,0.11008108280552602,0.20479044798488918,0.14128156659791183,0.03635286977779065,1117.8879909731963
GATATTGGTGCTGCTCCATATTTGAATGATTCATTTGATACTTCTCCAATGTTCTCTAATGATGTTTCTTTGGCTTCTGATAATTGGTTCTCTTTGTTTCCAGAAGATGTTTCTGAATCT,0.13160965774102398,0.1931060598491313,0.21153370204701166,0.2619665080093711,0.04322966886680303,0.05026421790558204,0.05594468621279024,0.052345499368286634,841.4042073721241
GATATTGGTGCTTCTCCATATTTGAATGATTCATTTGATACTGATCCAATGTTCTCTAATGATGTTTCTTTGGCTTCTGATAATTGGTTCTCTTTGTTTCCAGAAGATGTTTCTGAATCT,0.013370414483828573,0.050367672699959724,0.14777571794043373,0.2297379251821226,0.3234261312244658,0.18858543315719203,0.0322297081965708,0.01450699711542681,857.7359924106535
GATATTGGTGCTTCTCCATATTTGAATGATTCATTTGATACTGCTCCAATGTTCTCTAATGATGTTTCTTTGGCTTCTGATAATTGGTTCTCTTTGTTTCCAGAAGATGTTTCTGAATCT,0.13891893524761373,0.18815141229849597,0.1595661247869339,0.2255654047175414,0.07897593222385128,0.12243639058250345,0.05450927707683758,0.03187652306622275,798.8541905193272
GATATTGGTGCTTCTCCATATTTGAATGATTCATTTGATACTTCTCCAATGTTCTCTAATGATGTTTCTTTGGCTTCTGATAATTGGTTCTCTTTGTTTCCAGAAGATGTTTCTGAATCT,0.016816020061982143,0.03504648923444611,0.049323113020031215,0.17080711141351573,0.2615789901027041,0.3258887013755051,0.11474190209027538,0.02579767270154027,1218.4912426775443
GATATTTCTGATAATGCTAAAGAATTGTGTAAAGCTGTTTCTGTTTCTATGGGTTTGGGTGTTGAAGCTTTGGAACATTTGGATCCAGGTGAACAATTGAGAGGTGATTGTATGGATGCT,0.15898539066108092,0.1599589551158413,0.09461574769643379,0.14590957106258595,0.143042167066991,0.09503926147565862,0.12821800556408253,0.07423090135732577,1207.775459357126
GATCAAACTTCTTGTGGTGGTGGTGATGAACCAAGAGTTACTAAACCATGTTTGGCTGCTTATGCTCATTTGTCTACTGAAGACTTTAAGAAAGATTTGGAAGAATGTCAAAGATTGGAA,0.030742014818538096,0.02176574338372793,0.025502480650120132,0.016444198598411126,0.01682965550951233,0.016698249948785923,0.28511624761646964,0.5869014094744348,4531.82048382007
GATCAAAGATTTGATTGTAAAGAATTGGAGAAGATTGTCTTGGATCCATCTAATATTGAATTGGATACTCCACCAGAATTTAGATTGTCTCAATTGGAATTTGGTTCTCAAGATTCATTT,0.21870174003177484,0.22804247442381595,0.1929725403694754,0.14136448802323437,0.09012240833256893,0.06925092221847277,0.04056690482593263,0.018978521774725057,608.318606063417
GATCAAAGGAAGAATGATAATGAAGGTGAAGAAGATCCAACTTGGTTTGATTCTGGTTCTCAATTTATCTTAAATTCTCAACAATTGGTTGAAGCTTTGTCTTTGTGTGATGATTTGTTG,0.15361812063263397,0.1416789165196639,0.07964757620935,0.09955430367055795,0.21444974140740614,0.0938714659365651,0.09498189449456429,0.1221979811292587,1447.9135406639293
GATCAAATTGCTCAAGTTTGTCAACAAGGTTCTGCTGTTGATATGTCTAATGATGTTTCTGTTACTGGTATTCAAATTAAATCTAGACAAGCTCAACCATCTGGTTATACTAATGATTAT,0.2050766326648303,0.10316622094438685,0.0,0.11391659086629634,0.15156287857457457,0.1409807616809178,0.28529691526899426,0.0,1158.8134532051808
GATCAACAATTGCATCATTTGCCATCTGGTCCACCATGGTGGCCACCAATTTGTGATCCACCACAACCATCTAAGACTCAAGGTCAATCTAGAGGTCAATCTAGAGGTAGAGGTAGAGGT,0.04192129553385119,0.1255531316957929,0.16255951564008586,0.22636710857920603,0.2055868902151538,0.16889253552415634,0.0470174663896942,0.022102056422059636,851.2960052994993
GATCAAGATCAGAAATTGTGGGAAGGTGATGATCAATTTGAATTGTTGGATGATCAACAATTGGCTGAAGGTTTGGCTTTGTGTGATGAGTTCTTGTTGGATCAAGATCAAACTTCTTGT,0.00027998683963926835,0.00017791665456074759,0.00020170564879941385,0.0003601699667520804,0.00030494303344187444,0.0011886366065125907,0.2738869714924528,0.7235996697578412,5312.01983787368
GATCAAGATCAGAAATTGTGGGAAGGTGATTCTCAATTTGAATTGTTGGATTCTCAACAATTGGCTGAAGGTTTGGCTTTGTGTGATGAGTTCTTGTTGTCTCAATCTCAAACTTCTTGT,0.17164708657964498,0.09419901071798616,0.11650279909306539,0.12135078462081605,0.13838902978709897,0.15733264644772182,0.14472161168226405,0.055857031071402614,1196.7536765232658
GATCAAGCTCCACAAGATTGGACTGGTTTGCCAGCTGGTGTTAAATTTGATCCAAATGATAAAGAAATCTTGGATCATTTGGCTGCTAAGATTGGTAGAGGTGGTAAACCACATGCTTTG,0.1831927356816696,0.17958852270978318,0.19873022140796184,0.16177303467281934,0.078687902047898,0.09902706070507318,0.02613873288420042,0.07286178989059447,940.2934150859946
GATCAATCTCCATCTAGAGGTGGTCATGGTACTGGTGCTTCTGGTAAATCTGGTTTGTCTGATTATGCTAGATTGGGTCCAGAACATTTGAAGAAAGATTTGGAAGAATGTCAGAATTTG,0.07572818383144532,0.09697152647674705,0.10279866163069303,0.1376696342990296,0.16281390841799578,0.24610014790527077,0.09577358723859507,0.08214435020022347,1367.020324000984
GATCAATTGGATACTCCACCATCTGATTTGAGATTGTCTCAATTGGATACTCCACCAGACTTTAGATTGTCTCAATTGGATTTGCCATCTGGTTCTCAAGATTCATTCTTGGGTTGGGCT,0.14113048235342465,0.19067861100296954,0.14049218634257965,0.13887218630736728,0.15099125053829213,0.12936096222527407,0.07479497412892139,0.033679347101171334,880.959806254455
GATCAATTGGATGATCCACCATCTGATTTGAGATTGGATCAATTGGATGATCCACCAGACTTTAGATTGGATCAATTGGATTTGCCATCTGGTGATCAAGATTCATTCTTGGGTTGGGCT,0.13028202484926954,0.13107982109935296,0.11945388880086605,0.1447389098322376,0.14189451158372932,0.08170651039175322,0.09539196543650051,0.15545236800629073,1616.5597228613224
GATCAATTTGAATTGTTGGATGATCAACAATTGGCTGAAGGTTTGGCTTTGTGTGATGAGTTCTTGTTGGATCAAGATCAAACTTCTTGTGGTGGTGGTGATGAACCAAGAGAAACTAAA,0.0011131026702146515,0.00034211561870901684,0.0004926118367061639,0.0006459540856591916,0.0002829242692220721,0.0008130420477319121,0.321631965109231,0.674678284362526,5124.6470905745355
GATCAATTTGAATTGTTGGATTCTCAACAATTGGCTGAAGGTTTGGCTTTGTGTGATGAGTTCTTGTTGTCTCAATCTCAAACTTCTTGTGGTGGTGGTGATGAACCAAGAGAAACTAAA,0.13389118653149484,0.1736276192211547,0.17771417593264682,0.23634494378980286,0.13340320913453937,0.08863499997655735,0.038632885887679644,0.017750979526124512,671.0743063980588
GATCACTTCTTTCATAAAGCTATTAAAGCTGATGATGATGGTGATAGGAAGAGAAGGAAGATTCATGATGATGACTTTGGTGATGTTAGATGGCATAAAGATGGTAGAGATAAACCAGTT,0.3631558165288224,0.3232204516104465,0.1651142742658667,0.04655236064083988,0.02752739128207535,0.04480950148502703,0.012954161157467227,0.016666043029454923,428.7662481352788
GATCAGAAAGTCTTGATTTCTCCAAATATTGAATTGGATACTCCACCAGAATTTAGATTGTCTCAATTGGAATTTGGTTCTCAAGATTCATTCTTGGCTTGGGGTACTGGTAAGACTGAT,0.003864519412575641,0.0017449222538833237,0.0025978582875739614,0.007797118326892568,0.030139547324688994,0.09666365834770833,0.4213739426971907,0.43581843334948644,4023.540224637519
GATCAGAATAATGATGAGAAGAGAGGTGAAGAAGATCCAACTTGGTTTGATTCTGGTTCTCAATTTATCTTAAATTCTCAACAATTGGTTGAAGCTTTGTCTTTGTGTGATGATTTGTTG,0.21304565247152693,0.13932766955976209,0.21208210308210512,0.13017757081528586,0.08397462467059023,0.13669515684661382,0.05927663885620308,0.025420583697912807,764.0604669365357
GATCAGAATCAAGGTACTACTTTGAATTGCTTCTCTTCTCCAGTCTTAAATTCTATTCAAGCTGATATCTTTCATAGGATTCCATTGTATCAAACTCAATCTTTGCAAGTTTCTATGAAT,0.21182387595460805,0.262302772506979,0.16220450179897555,0.18102241548423284,0.06422542006373737,0.029870601314184658,0.03022394797190377,0.058326464905378746,773.9197964565475
GATCAGAATGTTACTCCAATCTTTGAAGATATCTTTCCACATTCTTCTTTGGGTTCTTTGGGTTCTAAAGCTTTGTTGCATTGGATTATTGAACCAGATTCTCCAGACTTTAAAGTTGGT,0.30767905353484015,0.26312868593362615,0.09571484443443033,0.03418209905654312,0.04547833892616699,0.08460608457814722,0.11414254756150966,0.055068345974736393,952.0950567465934
GATCAGAATGTTACTCCAATCTTTGAAGATGATGGTATTTGTTATACTCATCCTAAGAATTTGCCAGGTGTTAAATCTGATGGTACTGTTTCTCACTTCTTTCATAAAGCTATTAAAGCT,0.3748925543121573,0.3066403821482097,0.1470824111270443,0.10280521189609242,0.0421128735080184,0.012449222520429773,0.007183539011865513,0.0068338054761824685,337.4698428185008
GATCATAATGATAATCATGGTGAAGAAGAAGCTAAATGGTGGGATAATGAAGATCAATTCTTGTTGGATGATCAACAATTGGTTGAAGGTTTGTCTATTTGTGATGAGTTCTTGCAATCT,0.16106189880976646,0.1215361342422249,0.037578154277437145,0.08946715280257046,0.029758394087969414,0.0830419909752224,0.34543329509028,0.13212297971452927,1979.6007773328424
GATCATAATGATAATCATGGTGAAGAAGAAGCTAAATGGTGGGATAATGAAGATCAATTCTTGTTGGATTCTCAACAATTGGTTGAAGGTTTGTCTATTTGTGATGAGTTCTTGCAATCT,0.00021653662830437378,0.0005582729485465043,0.0006736165317201974,0.0011426830285296361,0.0012135793658906793,0.01379426567423225,0.3718051526697233,0.610595893153053,4865.972972472781
GATCATAATGATAATCATGGTGAAGAAGAAGCTAAATGGTGGGATAATGAAGCTCAATTCTTGTTGGATGCTCAACAATTGGTTGAAGGTTTGTCTATTTGTGATGAGTTCTTGCAATCT,0.11090594052141055,0.12320853157133631,0.20413302846348036,0.1338471701697618,0.1782425940998679,0.1468882908263979,0.09903289067725007,0.0037415536704951237,796.7590959394136
GATCATAATGATAATCATGGTGAAGAAGAAGCTAAATGGTGGGATAATGAAGCTCAATTCTTGTTGGATTCTCAACAATTGGTTGAAGGTTTGTCTATTTGTGATGAGTTCTTGCAATCT,0.13960272802809612,0.1349494594240892,0.10218481003514267,0.07602641905004483,0.0755261182535553,0.13799674097739056,0.24879373719081474,0.08491998704086647,1554.4544995737147
GATCATAATGATAATCATGGTGAAGAAGAAGCTAAATGGTGGGATAATGAATCTCAATTCTTGTTGGATGCTCAACAATTGGTTGAAGGTTTGTCTATTTGTGATGAGTTCTTGCAATCT,0.32014211437487294,0.2963754997696289,0.21127490621945436,0.07613319776255402,0.020157834300688255,0.022500497696608137,0.0180236070951146,0.03539234278107874,541.7255415474486
GATCATAATGATAATCATGGTGAAGAAGAAGCTAAATGGTGGGATAATGAATCTCAATTCTTGTTGGATTCTCAACAATTGGTTGAAGGTTTGTCTATTTGTGATGAGTTCTTGCAATCT,0.10502304106508988,0.12679939339336266,0.1306850618797499,0.11667703575081995,0.02069807656925452,0.07701174924907964,0.27272959031409294,0.1503760517785505,1928.957976623434
GATCATAGAGTTGAAGATTGTGAAAGACCACATTCTGATTTGGATATTGGTAAAGAACCAGAATGTTCTCATTTGACTACATTCTCTCAACATCCAGAAACTAGATATTTGGAAGATGAA,0.09532394869278434,0.11508921040111508,0.04744641178622098,0.21180334632748252,0.2442253699371895,0.15727400301258604,0.10608962380519983,0.022748086037421716,982.8337329750182
GATCATAGAGTTGAAGATTGTGAAAGACCACATTCTGATTTGGATATTGGTAAAGAACCAGAATGTTCTCATTTGACTACATTTGATCAACATCCAGAAACTAGATATTTGGAAGATGAA,0.08973580711322153,0.12639943982066768,0.06699746676437923,0.15950949991157076,0.22990823386335177,0.06580186029639114,0.13316049323106116,0.1284871989993568,1572.384994448387
GATCATAGAGTTGAAGATTGTGAAAGACCACATTCTGATTTGGATATTGGTAAAGAACCAGAATGTTCTCATTTGACTACATTTGCTCAACATCCAGAAACTAGATATTTGGAAGATGAA,0.1656552746521863,0.1666696828721764,0.12367954459751809,0.11042243420237316,0.06529511094097559,0.04555215578382568,0.1843640135579886,0.13836178339295627,1628.1978766721145
GATCATGAACAACCAGAAGATGCTGATTTGACTGGATTTGCTGATTCTTTGGAAACTATGTTGGAAGGTCATGAAGATAGAGAACAACCAGAAGAAGCTGAATTGACTGTTACTCAACAA,0.8350232856290032,0.028479208209691093,0.023481545061489736,0.015723432922721423,0.02324399259258538,0.030269536547725837,0.0043753717582877966,0.039403627278495605,465.18458987438163
GATCATTTGGGTGTTGTTGCTTATAATAGGAAACAAAGATCTATTCCATTGTCTCCAATTGTTCCAGAATCTTCTGATCCAGCTGCTTTGAAGAGAGCTAGAAATACTGAAGCTGCTAGA,0.140669473744523,0.09435391911716251,0.11669438562852384,0.15627901316404041,0.15401845310393303,0.14326488804991439,0.10147172244555787,0.09324814474634482,1327.733014638876
GATGAAAGAGATAATAAGAATCAAGGTGAAGAAGATCCAACTTGGTTTGATTCTGGTTCTCAATTTATCTTAAATTCTCAACAATTGGTTGAAGCTTTGTCTTTGTGTGATGATTTGTTG,0.00028214098944225275,0.0005677374213928988,0.0004681082333951567,0.06446602492961438,0.1987868403284427,0.473087468719886,0.16886510811894295,0.0934765712588838,1862.9465993854067
GATGAAATGATTCCAACTGTTAATCAAGATGATGGTATTTGTATGACTCATCCTAAGAATATGCCAGGTGTTAAATCTGATGGTACTGTTTCTCATATGATGCATAAAGCTATTAAAGCT,0.2731662826581021,0.07232606481900752,0.1252313002908084,0.11180785845743582,0.05666943555539293,0.10542555358891455,0.06667041142446367,0.18870309320587503,1712.6495176696085
GATGAAATTATTCCAACTGTTAATCAAGATGATGGTATTTGTATTACTCATCCTAAGAATATTCCAGGTGTTAAATCTGATGGTACTGTTTCTCATATTATTCATAAAGCTATTAAAGCT,0.08203943086994285,0.09905016997363748,0.12250258218868233,0.3645720981420355,0.161684369889055,0.13535601362228208,0.015217463672630672,0.019577871641734017,726.082194778482
GATGAACAAGATACTATTAAACCTAAATTGGCTGATTATGCTAATTTGCCAGTTGAAGATTTGAAACAAGATTTGGAGAAATGTCATGAATTGGGTTTGTCTGATGCTGACTTTAGATTG,0.009455650668025154,0.009513553380650146,0.015127851294330738,0.007503505080216991,0.015973130104518972,0.019810515342915034,0.34076259926247654,0.5818531948668664,4633.780857826765
GATGAACATATTGCTGAAGATGAAGTTGAACCAGAAGATGAAGTTGAAGCTCATGAAGTTGAATTGGCTGAAGAAGAAGAAGTTATGTGTATGGAAGATGAAGTTCAAGAAATTCAACCA,0.19650815407293304,0.32951915546606547,0.08150808309762751,0.07277129756661434,0.1290936026429866,0.030020072526840826,0.12150074926454905,0.03907888536238305,873.3923734900438
GATGAACATATTGCTGAAGATGAAGTTGAACCAGAAGATGAAGTTGAAGCTCATGAAGTTGAATTGGCTGAAGAAGAAGAAGTTATGTGTATGGAAGATGAAGTTCAATCTATTCAACCA,0.13208035567718787,0.0664445821015414,0.08217686937895326,0.07336839718713334,0.13015283538621203,0.060532783621719315,0.06124884074257184,0.393995335904681,2944.6192401632825
GATGAACCAACTTGGTTTGATTCTGGTTCTCAATTTATCTTAAATTCTCAACAATTGGTTGAAGCTTTGTCTTTGTGTGATGATTTGTTGGGTTCTCAAGATAGAGAAGAGAATACTAAT,0.059320697857008366,0.14920988662061432,0.03690775372514894,0.09885492432564556,0.08768249809284748,0.1631210159568581,0.19255905013335436,0.21234417328852287,2243.5106117745186
GATGAACCAGCTATGTTGTTTGATACTTCTAATTCTTCTGTTGTTGCTGAAATTGAATGGACTACTTTGTTTGAAACTTCTTTGAAGAATGAAACTGATCCATATTCTGATATTAATAAA,0.39523894203698645,0.28084683188844994,0.1752088178218533,0.09330812445325024,0.017039356500154215,0.02264238428430271,0.006873067977814457,0.00884247503718878,345.4608863227287
GATGAAGAACAACAACCATCTCAACCACAATCTGCTTTGGAATGTCATCCAGAAAGAGGTTGTGTTCCAGAACCAGGTGCTGCTGTTGCTGCTTCTAAAGGTTTGCCACAACAATTGCCA,0.032330980583123475,0.0,0.040230945088705394,0.17959311304927,0.22301409929544905,0.17780850833255935,0.2698677730796017,0.07715458057129097,1710.3389225251988
GATGAAGAAGAAGAAGAAGATGAAGAAGAAGAAGAAGATGAAGAAGAAGAAGAAGAAGAAGAATTGGCTGAAGAAGAAGAAGTTATGTGTATGGAAGATGAAGTTCAATCTATTCAACCA,0.08949207033639259,0.0,0.0,0.29826796246309684,0.17637212799958446,0.24608674477402995,0.08299925504672823,0.10678183938016797,1523.602581359091
GATGAAGATCCAGACTTTGGTTCTGGATTTGATGTTGATCCAAACTTTGCTGGTTCTGACTTTGATGCTGGTGGTAATGATGTTTGGTTTCCATTGTTTCCACAATCTAATACTCAACAA,0.28004553837462215,0.26232867425607503,0.20427769070815388,0.0643698812442288,0.0856423495531878,0.026554267521847943,0.05373676891005388,0.023044829431830623,590.2252825328274
GATGAAGATCCAGACTTTGGTTCTGGATTTGATGTTTCTCCAAACTTTGCTGGTTCTGACTTTGATGCTGGTGGTAATGATGTTTGGTTTCCATTGTTTCCACAATCTAATACTCAACAA,0.08438377411155502,0.10612563424451624,0.12000304074314833,0.2142800236476762,0.2375780454665275,0.1657427636150423,0.05031101260598095,0.02157570556555349,858.6866620519164
GATGAAGATCCAGAGAAACATAAATATGTCTTGCAATCTGGATTTGATGTTGTTGCTCCAGATCAAATTGCTCAAGTTTGTCAACAAGGTTCTGCTGTTGATATGTCTAATGATGTTTCT,0.06565596825474435,0.11009669961369885,0.1361646324960316,0.14588310674732316,0.21565938362722523,0.10030102507073872,0.1217850125498635,0.10445417164037457,1435.0549246271044
GATGAAGCTATTCCAACTGTTAATCAAGATGATGGTATTTGTGCTACTCATCCTAAGAATGCTCCAGGTGTTAAATCTGATGGTACTGTTTCTCATGCTGCTCATAAAGCTATTAAAGCT,0.3006187672266941,0.2419677113417479,0.07481478692449255,0.100193175598499,0.08886950233649223,0.1377743926858944,0.055761663886179764,0.0,575.8149241188295
GATGAAGCTATTCCAACTGTTAATCAAGATGATGGTATTTGTTATACTCATCCTAAGAATTTGCCAGGTGTTAAATCTGATGGTACTGTTTCTCATGCATTTCATAAAGCTATTAAAGCT,0.1076022568255018,0.12991340523813624,0.16067340022568496,0.2151764225308479,0.16965113393877101,0.216983381241058,0.0,0.0,631.2271260443522
GATGAAGCTCCAAGAATGCCAGAAGCTGCTCCACCAGTTGCTCCAGCTCCAGCTGCTCCAACTCCAGCTGCTCCAGCTCCAGCTCCATCTTGGCCATTGTCTTCTTCTGTTCCATCTCAA,0.2659760683702303,0.27281788251721223,0.21276412123397226,0.11320735675102177,0.04424972673869412,0.047492552051392176,0.020823553001195042,0.022668739336281947,525.7918758649887
GATGAAGCTCCAGACTTTGGTTCTGGATTTGATGTTGCTCCAAACTTTGCTGGTTCTGACTTTGATGCTGGTGGTAATGATGTTTGGTTTCCATTGTTTCCACAATCTAATACTCAACAA,0.00016944908715371137,0.0015343805448011132,0.0014967134214569338,0.0010585327910108443,0.004026590598666791,0.012035867895683826,0.4141993872634607,0.565479078397766,4689.29194251217
GATGAAGCTCCAGACTTTGGTTCTGGATTTGATGTTTCTCCAAACTTTGCTGGTTCTGACTTTGATGCTGGTGGTAATGATGTTTGGTTTCCATTGTTTCCACAATCTAATACTCAACAA,0.1466569896842491,0.13620467060786884,0.1123028451814788,0.10026519399910526,0.08893338133206971,0.12408608186554328,0.15694240814297875,0.13460842918670615,1640.0589837093817
GATGAAGGTCAGAATGAAAGAGATAAGAATGAAGATCCAACTTGGTTTGATTCTGGTTCTCAATTTATCTTAAATTCTCAACAATTGGTTGAAGCTTTGTCTTTGTGTGATGATTTGTTG,0.2477085342703186,0.24254903607959327,0.2199084261152706,0.15867366974749592,0.06678181037306069,0.04695312152000826,0.011819418638195713,0.005605983256057034,425.21855035826945
GATGAAGTTATTCCAACTGTTAATCAAGATGATGGTATTTGTGTTACTCATCCTAAGAATGTTCCAGGTGTTAAATCTGATGGTACTGTTTCTCATGTTGTTCATAAAGCTATTAAAGCT,0.023076985516005833,0.02321829996463525,0.05743153596720186,0.10255099211623124,0.25014231600474135,0.3172873430844035,0.17122166014065013,0.055070867206130816,1498.1963636749833
GATGAATATATTCCAACTGTTAATCAAGATGATGGTATTTGTTATACTCATCCTAAGAATTATCCAGGTGTTAAATCTGATGGTACTGTTTCTCATTATTATCATAAAGCTATTAAAGCT,0.0681974328219442,0.18297345939222678,0.29701434783232844,0.21466759715347605,0.11200365114009887,0.11460191451237212,0.01054159714755354,0.0,525.8733981116424
GATGAATCTCCAGACTTTGGTTCTGGATTTGATGTTGATCCAAACTTTGCTGGTTCTGACTTTGATGCTGGTGGTAATGATGTTTGGTTTCCATTGTTTCCACAATCTAATACTCAACAA,0.18416871882996655,0.15441374679443104,0.1336823339015695,0.08525216614843034,0.10586394279697266,0.08440502109239163,0.14233911459361134,0.10987495584262699,1413.60728740926
GATGAATCTCCAGACTTTGGTTCTGGATTTGATGTTGCTCCAAACTTTGCTGGTTCTGACTTTGATGCTGGTGGTAATGATGTTTGGTTTCCATTGTTTCCACAATCTAATACTCAACAA,0.0662553817143113,0.10475316311705904,0.14722260283128372,0.15773031726928688,0.2191827575821115,0.20387942220327926,0.06144843117891519,0.039527924103753026,1018.1449090795504
GATGAATCTCCAGACTTTGGTTCTGGATTTGATGTTTCTCCAAACTTTGCTGGTTCTGACTTTGATGCTGGTGGTAATGATGTTTGGTTTCCATTGTTTCCACAATCTAATACTCAACAA,0.2015333106257586,0.2080114069789546,0.24861541250677846,0.17950336566595265,0.08217609338537249,0.0541439802324459,0.017724384969662915,0.008292045635074496,483.98957140941195
GATGAATGGATTCCAACTGTTAATCAAGATGATGGTATTTGTTGGACTCATCCTAAGAATTGGCCAGGTGTTAAATCTGATGGTACTGTTTCTCATTGGTGGCATAAAGCTATTAAAGCT,0.00795967290998668,0.032033659355771675,0.05942755053947577,0.0884292657368171,0.08627864393134475,0.16050934176804676,0.4134022991068095,0.15195956665174778,2394.568638443975
GATGAATTGATTCCAACTGTTAATCAAGATGATGGTATTTGTTTGACTCATCCTAAGAATTTGCCAGGTGTTAAATCTGATGGTACTGTTTCTCATTTGTTGCATAAAGCTATTAAAGCT,0.08104715213117962,0.11158577812480752,0.14862215274141996,0.1516473878222758,0.13871183017032476,0.1563963311483962,0.13055326485976695,0.08143610300182907,1337.7666797000286
GATGAATTGGAAATGGAAGAGAAAGATCAGAAAGATAGAGATAATGAGAATCAAGGTGAAGAAGATCCAACTTGGTTTGATTCTGGTTCTCAATTTATCTTAAATTCTCAACAATTGGTT,0.03895746333965465,0.1665831004434949,0.13331061215586187,0.270502625944305,0.17275021173294638,0.12498017443167522,0.08129481140598872,0.011621000546073276,809.0645392726694
GATGAATTTATTAAGACTGTTAATCAAGATGATGGTATTTGTTATACTCATCCTAAGAATTTGCCAGGTGTTAAATCTGATGGTACTGTTTCTCACTTCTTTCATAAAGCTATTAAAGCT,0.08722127856360143,0.13163308142548188,0.0542667498042202,0.19379976306133326,0.1718968222467321,0.23984248477059833,0.12133982012803268,0.0,930.5488237743668
GATGAATTTATTACTCCAGTTAATCAAGATGATGGTATTTGTTATACTCATCCTAAGAATTTGCCAGGTGTTAAATCTGATGGTACTGTTTCTCACTTCTTTCATAAAGCTATTAAAGCT,0.054654844482364795,0.018329843136457066,0.034004784382406214,0.050599731726743535,0.05385723668368983,0.27553309072828525,0.3717232521754853,0.141297216684568,2327.3724616949403
GATGAATTTATTACTGATGTTAATCAAGATGATGGTATTTGTTATACTCATCCTAAGAATTTGCCAGGTGTTAAATCTGATGGTACTGTTTCTCACTTCTTTCATAAAGCTATTAAAGCT,0.04586588186405608,0.0,0.02853652659828517,0.05095543876584825,0.0,0.06306137248635003,0.3190367045204413,0.4925440757650191,4084.8150258066808
GATGAATTTATTCCAACTGCTAATCAAGATGATGGTATTTGTTATACTCATCCTAAGAATTTGCCAGGTGCTAAATCTGATGGTACTGCTTCTCACTTCTTTCATAAAGCTATTAAAGCT,0.15238677415623486,0.2810865406433776,0.0948109805634011,0.1692965364158485,0.12513575940257357,0.0931190267168989,0.023555138621777452,0.06060924347988786,872.4862226621728
GATGAATTTATTCCAACTGTTAAGAAAGATGATGGTATTTGTTATACTCATCCTAAGAAATTGCCAGGTGTTAAATCTGATGGTACTGTTTCTCACTTCTTTCATAAAGCTATTAAAGCT,0.23872482532580327,0.07205600488298526,0.08911692592466368,0.10608607290997855,0.18819278754318403,0.08752658560004423,0.13284293852219328,0.0854538592911476,1285.6513194067393
GATGAATTTATTCCAACTGTTAATCAAGATAATAAACCACATACTTATTGTATTGGTGATTTGCCAGGTGTTAAATCTGATGGTACTGTTTCTCACTTCTTTCATAAAGCTATTAAAGCT,0.11250174218086915,0.12733949128770475,0.20415377212642208,0.16664749197059842,0.07852579311351388,0.08593308699068457,0.11303449367621653,0.11186412865399065,1376.92477056279
GATGAATTTATTCCAACTGTTAATCAAGATGATGGTATTTGCTTTACTCATCCTAAGAACTTTCCAGGTGTTAAATCTGATGGTACTGTTTCTCACTTCTTTCATAAAGCTATTAAAGCT,0.11197265964901322,0.11265833649570947,0.20899919398642688,0.18659673935101442,0.05516929093783255,0.15395211672464015,0.10384883600898899,0.06680282684637417,1148.9968025521537
GATGAATTTATTCCAACTGTTAATCAAGATGATGGTATTTGTGCTACTCATCCTAAGAATTTGCCAGGTGTTAAATCTGATGGTACTGTTTCTCACTTCTTTCATAAAGCTATTAAAGCT,0.3654434783586301,0.2839815007740829,0.16267062646478908,0.10232402043955863,0.029277265317603857,0.032679752746019884,0.016533164771968447,0.007090191127347066,379.14549147348885
GATGAATTTATTCCAACTGTTAATCAAGATGATGGTATTTGTGCTACTCATCCTAAGAATTTGCCAGGTGTTAAATCTGATGGTACTGTTTCTCACTTTGCTCATAAAGCTATTAAAGCT,0.0957259019939352,0.06420806002698831,0.09926349890067644,0.07089881976345659,0.11005040896473511,0.04387143934223665,0.19235842314668758,0.32362344786128416,2797.4006914692272
GATGAATTTATTCCAACTGTTAATCAAGATGATGGTATTTGTGCTACTCATCCTAAGAATTTGCCAGGTGTTAAATCTGATGGTACTGTTTCTCATGCATTTCATAAAGCTATTAAAGCT,0.03093339458323662,0.012449127445347916,0.06158698196911769,0.12371742711586801,0.256048520893879,0.3062201383549106,0.1721347174218452,0.03690969221579504,1384.7935490454222
GATGAATTTATTCCAACTGTTAATCAAGATGATGGTATTTGTTATACTCATCCAAATAATTTGCCAGGTGTTAATTCTGATGGTACTGTTTCTCACTTCTTTCATAATGCTATTAATGCT,0.3215918784726009,0.3034237608309995,0.19722641307457675,0.10659748692833351,0.01837826532869003,0.037970294052783495,0.01178843572453387,0.0030234655874820456,351.46118560869195
GATGAATTTATTCCAACTGTTAATCAAGATGATGGTATTTGTTATACTCATCCACAGAATTTGCCAGGTGTTCAATCTGATGGTACTGTTTCTCACTTCTTTCATCAAGCTATTCAAGCT,0.002632508591444516,0.0019864717846242745,0.003685222192847345,0.11259816791675291,0.4364558049107866,0.2370744587549212,0.2047820892634412,0.0007852765851820604,1254.3063086922562
GATGAATTTATTCCAACTGTTAATCAAGATGATGGTATTTGTTATACTCATCCAGAGAATTTGCCAGGTGTTGAATCTGATGGTACTGTTTCTCACTTCTTTCATGAAGCTATTGAAGCT,0.09172442755191293,0.05767882008212393,0.06420204992665308,0.14648517047767382,0.2033681472344129,0.15238612890558376,0.1541887417410332,0.12996651408060642,1710.587573332775
GATGAATTTATTCCAACTGTTAATCAAGATGATGGTATTTGTTATACTCATCCAGATAATTTGCCAGGTGTTGATTCTGATGGTACTGTTTCTCACTTCTTTCATGATGCTATTGATGCT,0.016097050034954267,0.04048905521023164,0.030045463717752054,0.06259146775577337,0.05551747967602607,0.04426392895679497,0.32844194395368315,0.42255361069478437,3693.075188046898
GATGAATTTATTCCAACTGTTAATCAAGATGATGGTATTTGTTATACTCATCCAGCTAATTTGCCAGGTGTTGCTTCTGATGGTACTGTTTCTCACTTCTTTCATGCTGCTATTGCTGCT,0.12640646782197373,0.16155364834274663,0.11053053651855901,0.14043329745192304,0.1009960132336648,0.031314824593658114,0.10456134256330771,0.22420386947416684,1978.5317744026067
GATGAATTTATTCCAACTGTTAATCAAGATGATGGTATTTGTTATACTCATCCTAAGAATGCTCCAGGTGTTAAATCTGATGGTACTGTTTCTCATGCATTTCATAAAGCTATTAAAGCT,0.13050792791800536,0.19696066126541292,0.2841949138959527,0.10874241035843626,0.0,0.11962427146831195,0.1210393362693456,0.03893047882453521,936.7074546791083
GATGAATTTATTCCAACTGTTAATCAAGATGATGGTATTTGTTATACTCATCCTAAGAATGTTACTGGTGATTCTAAAGTTGGTCCATTGTCTCACTTCTTTCATAAAGCTATTAAAGCT,0.07583968354944934,0.1335321682783235,0.20447017670619547,0.21063828896712777,0.09341614237546596,0.08110090738552737,0.14067474836425026,0.06032788437366043,1143.3835126217725
GATGAATTTATTCCAACTGTTAATCAAGATGATGGTATTTGTTATACTCATCCTAAGAATTTGCCAGGTGTTAAATCTGATGGTACTGTTGCTAAGATTGCTAAACACTTCTTTCATTCT,0.20266809470058314,0.13108445677187644,0.21616230029192282,0.1286613587218176,0.09985522461822854,0.07961428714449982,0.10740808539098762,0.03454619236008406,878.4431598758215
GATGAATTTATTCCAACTGTTAATCAAGATGATGGTATTTGTTATACTCATCCTAAGAATTTGCCAGGTGTTAAATCTGATGGTACTGTTTCTCACTTCTTTCATAAAGCTATTAAAGCT,0.1452171132939612,0.07305318309705267,0.07228016726370816,0.09679877185576456,0.20033703364037717,0.11979611119174251,0.18855388024191452,0.10396373941547918,1577.6864279272545
GATGAATTTATTCCAACTGTTAATCAAGATGATGGTATTTGTTATACTCATCCTAAGAATTTGCCAGGTGTTAAATCTGATGGTACTGTTTCTCATGCATTTCATAAAGCTATTAAAGCT,0.07500845510209396,0.2641372215763315,0.14000477176879206,0.041665924490496935,0.14782763204147006,0.13750630997971197,0.10434967934496521,0.08950000569613821,1281.7167312918848
GATGAATTTATTCCAACTGTTAATCAAGATGATGGTATTTGTTATACTCATCCTAAGAATTTGCCAGGTGTTAAATCTGCTGGTACTGTTTCTCACTTCTTTCATAAAGCTATTAAAGCT,0.27849838968436724,0.2471497909770637,0.18015807713482523,0.09454233836147119,0.05904005789283217,0.0782317685364012,0.049583069974945146,0.012796507438094133,566.9214706832107
GATGAATTTATTCCAACTGTTAATCAAGCTGATGGTATTTGTTATACTCATCCTAAGAATTTGCCAGGTGTTAAATCTGATGGTACTGTTTCTCACTTCTTTCATAAAGCTATTAAAGCT,0.1363404752435413,0.22199860530315688,0.260639475850068,0.20149500436894888,0.10710782413986085,0.056707557019762315,0.010451543164778558,0.005259514909883208,477.10304793170144
GATGAATTTATTCCAACTGTTAATCAAGCTGCTGGTATTTGTTATACTCATCCTAAGAATTTGCCAGGTGTTAAATCTGATGGTACTGTTTCTCACTTCTTTCATAAAGCTATTAAAGCT,0.0123964171351423,0.009977862362685053,0.0046276317766952395,0.05508799557090172,0.1539154196266331,0.23634255603567403,0.36790509231856305,0.15974702517370556,2443.245328642407
GATGAATTTATTCCAACTGTTAATCAAGCTGCTGGTATTTGTTATACTCATCCTAAGAATTTGCCAGGTGTTAAATCTGCTGGTACTGTTTCTCACTTCTTTCATAAAGCTATTAAAGCT,0.28754189120706086,0.24757906114948636,0.18880088430679792,0.20165040652581145,0.040031937363469515,0.03375199839698353,0.0003917926468598029,0.000252028403530614,340.26777297561875
GATGAATTTATTCCAACTGTTAGAAGAGATGATGGTATTTGTTATACTCATCCTAAGAGATTGCCAGGTGTTAAATCTGATGGTACTGTTTCTCACTTCTTTCATAAAGCTATTAAAGCT,0.33421625021144874,0.218570859018993,0.08317616952842094,0.05569543737110715,0.04940082767131811,0.015317220985047827,0.12398729714393757,0.11963593806972667,1296.1575386854115
GATGAATTTATTCCAACTGTTGAAGAAGATGATGGTATTTGTTATACTCATCCACAGAAATTGCCAGGTTTGAAACAAGATGGTTCTGTTTCTCACTTCTTTCATAGAACTTATAAAGCT,0.08768726570652376,0.18905191774976476,0.06235048520894682,0.2087519516528382,0.11109548296682878,0.08037462125505118,0.08132539233217795,0.1793628831278685,1725.9191916953432
GATGAATTTATTCCAACTGTTGAAGAAGATGATGGTATTTGTTATACTCATCCTAAAGAATTGCCAGGTGTTAAATCTGATGGTACTGTTTCTCACTTCTTTCATAAAGCTATTAAAGCT,0.06589150503112856,0.18231124691959869,0.2357266230287731,0.12810564679800288,0.18667350432717564,0.14344170964347427,0.03819434651398542,0.019655417737861444,757.1908329158716
GATGAATTTATTCCAACTGTTGATGAAGATGATGGTATTTGTTATACTCATCCACAGAATTTGCCAGGTGTTAAACAAGATGGTTCTGTTTCTCACTTCTTTCATAGAGCTATTAGAGCT,0.21727969315901086,0.26297232513362107,0.2214651203815536,0.16312026210910172,0.06027327000934373,0.06404076446933783,0.006442532960433741,0.004406031777597313,424.9711674099321
GATGAATTTATTCCAACTGTTGATGATGATGATGGTATTTGTTATACTCATCCTAAAGATTTGCCAGGTGTTAAATCTGATGGTACTGTTTCTCACTTCTTTCATAAAGCTATTAAAGCT,0.26909224448625313,0.2552691997315771,0.22960732381601692,0.10249795020253454,0.045456897491261215,0.06342464684203163,0.0071305458356758404,0.027521191594649535,540.5131626813112
GATGAATTTATTCCAACTGTTGCTGCTGATGATGGTATTTGTTATACTCATCCTAAAGCTTTGCCAGGTGTTAAATCTGATGGTACTGTTTCTCACTTCTTTCATAAAGCTATTAAAGCT,0.24474542669929475,0.19699532170301992,0.12181925378892856,0.10876154646158115,0.11254773782006228,0.08973399189204367,0.10592805679910669,0.019468664835962973,783.3367585614088
GATGAATTTATTCCAGAAGAGAATCAAGATGATGGTATTTGTTATACTCATCCTAAGAATTTGCCAGGTGTTAAATCTGATGGTACTGTTTCTCACTTCTTTCATAAAGCTATTAAAGCT,0.08043776293046691,0.0924918084375048,0.11439137729809991,0.0765973935349841,0.21514484703876516,0.2001234384864599,0.13854630102159804,0.08226707125212109,1430.5291145459341
GATGAATTTATTCCAGAAGAGAATCAAGATGATGGTATTTGTTATGCTCATCCTAAGAATTTGCCAGGTGTTAAAGCTGATGGTACTGTTGCTCACTTCTTTCATAAAGCTATTAAAGCT,0.08127494114594229,0.08177263715079792,0.025283548746097735,0.09029370238720935,0.26028876845999743,0.16761836235706448,0.24497945479527258,0.048488584957618104,1457.071181284946
GATGAATTTATTCCAGAAGTTAATCAAGATGATGGTATTTGTGAAGAACATCCTAAGAATTTGCCAGGTGTTAAAGAAGATGGTGAAGTTGAACACTTCTTTCATAAAGCTATTAAAGCT,0.13403938382521957,0.2355855293142648,0.26668522156859786,0.21165137075615345,0.08417200396504891,0.05126662648089764,0.009343096871253556,0.007256767218564141,471.4976707959146
GATGAATTTATTCCAGAAGTTAATCAAGATGATGGTATTTGTTATGAACATCCTAAGAATTTGCCAGGTGTTAAAGAAGATGGTACTGTTGAACACTTCTTTCATAAAGCTATTAAAGCT,0.1363091997445741,0.2742878081206752,0.2544238296102839,0.0757174483354869,0.1343199656377513,0.12494174855122857,0.0,0.0,480.3460071931228
GATGAATTTATTCCAGAAGTTAATCAAGATGATGGTATTTGTTATGCTCATCCTAAGAATTTGCCAGGTGTTAAAGCTGATGGTACTGTTGCTCACTTCTTTCATAAAGCTATTAAAGCT,0.030819233478286537,0.031007958430388477,0.2300988465017015,0.20543473717145272,0.09110841504922114,0.08474722748723992,0.1429162053237666,0.1838673765579433,1912.815255830546
GATGAATTTATTCCAGATGATAATCAAGATGATGGTATTTGTTATACTCATCCTAAGAATTTGCCAGGTGTTAAATCTGATGGTACTGTTTCTCACTTCTTTCATAAAGCTATTAAAGCT,0.3514360058513107,0.4714507503052956,0.0,0.06507224669144343,0.057717884924217,0.0,0.05432311222773343,0.0,380.067965424091
GATGAATTTATTCCAGATGATAATCAAGATGATGGTATTTGTTATGCTCATCCTAAGAATTTGCCAGGTGTTAAAGCTGATGGTACTGTTGCTCACTTCTTTCATAAAGCTATTAAAGCT,0.0865455327448292,0.13061325569201127,0.13461579701310764,0.12018643856308467,0.08528252682995503,0.13882417964982033,0.20066623552349372,0.10326603398369813,1578.323350390725
GATGAATTTATTCCAGATGTTAATCAAGATGATGGTATTTGTGATGATCATCCTAAGAATTTGCCAGGTGTTAAAGATGATGGTGATGTTGATCACTTCTTTCATAAAGCTATTAAAGCT,0.038137597444560564,0.0575567058000807,0.039546990763820886,0.23303267325427646,0.26933074935261686,0.2621784581962491,0.10021682518839543,0.0,971.2279529918006
GATGAATTTATTCCAGATGTTAATCAAGATGATGGTATTTGTTATACTCATCCTAAGAATTTGCCAGGTGTTAAATCTGATGGTACTGTTTCTCACTTCTTTCATAAAGCTATTAAAGCT,0.32215808229539505,0.17827196893060318,0.18039433844030497,0.07158134006441366,0.04761849819189898,0.05905836757507554,0.04481773760059075,0.09609966690171809,1028.1505762508032
GATGAATTTATTCCAGATGTTAATCAAGATGATGGTATTTGTTATGCTCATCCTAAGAATTTGCCAGGTGTTAAAGCTGATGGTACTGTTGCTCACTTCTTTCATAAAGCTATTAAAGCT,0.13652882387874346,0.18315316411593321,0.2548337624203578,0.17695870690558516,0.08969092311851536,0.08342870481238106,0.02110390084794942,0.05430201390053459,816.4576620459477
GATGAATTTATTCCAGCTGTTAATCAAGATGATGGTATTTGCTTTGCTCATCCTAAGAATTTGCCAGGTGTTAAAGCTGATGGTGCTGTTGCTCACTTCTTTCATAAAGCTATTAAAGCT,0.22109057009036964,0.31777777487754805,0.07860379844887573,0.07017832084135728,0.06224687869934663,0.08685120446866867,0.0878785886346282,0.07537286393920574,1041.2017607005705
GATGAATTTATTCCAGCTGTTAATCAAGATGATGGTATTTGTGCTGCTCATCCTAAGAATTTGCCAGGTGTTAAAGCTGATGGTGCTGTTGCTCACTTCTTTCATAAAGCTATTAAAGCT,0.0026424417564247424,0.00016495106439958293,0.00010800372350929547,0.00013928328801585607,0.0034971807833461595,0.03916868778559336,0.46904603008696144,0.4852334215117496,4357.063985922316
GATGAATTTATTCCAGCTGTTAATCAAGATGATGGTATTTGTTATACTCATCCTAAGAATTTGCCAGGTGTTAAATCTGATGGTACTGTTTCTCACTTCTTTCATAAAGCTATTAAAGCT,0.1501606186216587,0.30216028723636384,0.09342592605136439,0.08341167656926822,0.07398462162201763,0.13763803389118656,0.0696330939495836,0.08958574205855702,1159.8831460895703
GATGAATTTATTCCAGCTGTTAATCAAGATGATGGTATTTGTTATGAACATCCTAAGAATTTGCCAGGTGTTAAAGAAGATGGTACTGTTGAACACTTCTTTCATAAAGCTATTAAAGCT,0.29950918902056034,0.3244674046751575,0.21920124169226984,0.10554497048099672,0.010002265904038979,0.01969327175476185,0.011632972420615704,0.009948684051599111,372.18077829275774
GATGAATTTATTCCAGCTGTTAATCAAGATGATGGTATTTGTTATGAAGAACCTAAGAATTTGCCAGGTGTTGAAGAAGATGGTACTGAAGAACACTTCTTTCATAAAGCTATTAAAGCT,0.36099700115490435,0.20754720333406035,0.12834439527579228,0.0,0.05081839657958353,0.04727025723299043,0.14348828604430872,0.06153446037836035,1011.3841528587163
GATGAATTTATTCCAGCTGTTAATCAAGATGATGGTATTTGTTATGATCATCCTAAGAATTTGCCAGGTGTTAAAGATGATGGTACTGTTGATCACTTCTTTCATAAAGCTATTAAAGCT,0.20879668354133937,0.2520903274851774,0.05196308777989991,0.1391796192329273,0.08229984010207064,0.0,0.11618885868893308,0.14948158316965227,1489.933883406074
GATGAATTTATTCCAGCTGTTAATCAAGATGATGGTATTTGTTATGATGATCCTAAGAATTTGCCAGGTGTTGATGATGATGGTACTGATGATCACTTCTTTCATAAAGCTATTAAAGCT,0.0713026500290159,0.08198774813356069,0.03168757451675016,0.13579684330806074,0.27101092540506555,0.2894354593582756,0.09447072976921574,0.024308069480055657,1110.4087196202677
GATGAATTTATTCCAGCTGTTAATCAAGATGATGGTATTTGTTATGCTCATCCTAAGAATTTGCCAGGTGTTAAAGCTGATGGTACTGTTGCTCACTTCTTTCATAAAGCTATTAAAGCT,0.10458399270019982,0.05261221211774515,0.06506936677441195,0.058094633956,0.15458661262856752,0.07988521038270341,0.1939924610370558,0.2911755104033163,2660.089842812919
GATGAATTTATTCCATATGTTAATCAAGATGATGGTATTTGTTATACTCATCCTAAGAATTTGCCAGGTGTTAAATCTGATGGTACTGTTTCTCACTTCTTTCATAAAGCTATTAAAGCT,0.23194742847063674,0.2427024953143316,0.21935347175909875,0.17007257803129402,0.08228249776915818,0.03826876778008867,0.0043023842672770055,0.011070376608114985,443.7118519270629
GATGAATTTATTCCATCTGTTAATCAAGATGATGGTATTTGTTATACTCATCCTAAGAATTTGCCAGGTGTTAAATCTGATGGTACTGTTTCTCACTTCTTTCATAAAGCTATTAAAGCT,0.2039197583411704,0.27783232116042866,0.26255750835267694,0.14316570804242246,0.04604963152864332,0.042834447254440224,0.023640625320217955,0.0,407.1113180333472
GATGAATTTATTTCTCCAGTTAATCAAGATGATGGTATTTGTTATACTCATCCTAAGAATTTGCCAGGTGTTAAATCTGATGGTACTGTTTCTCACTTCTTTCATAAAGCTATTAAAGCT,0.1738413572046592,0.08745294689892597,0.10815944907494356,0.0965659251714495,0.08565219798042045,0.07967196337580076,0.1612288450816112,0.20742731521218935,2040.2085790013646
GATGAATTTATTTCTGAAGTTAATCAAGATGATGGTATTTGTTATACTCATCCTAAGAATTTGCCAGGTGTTAAATCTGATGGTACTGTTTCTCACTTCTTTCATAAAGCTATTAAAGCT,0.09949689161678729,0.15015925759703885,0.24761723343592623,0.16580650677986647,0.049022439747548725,0.18239877627200754,0.04613910401567814,0.059359790535146714,995.9362273881977
GATGAATTTATTTCTGGTGTTAATCAAGATGATGGTATTTGTTATACTCATCCTAAGAATTTGCCAGGTGTTAAATCTGATGGTACTGTTTCTCACTTCTTTCATAAAGCTATTAAAGCT,0.35043671893885503,0.37734203652888965,0.20086733905214804,0.017406930457727586,0.041068517604009605,0.00016555195924572268,0.012605151121903658,0.00010775433722048931,280.9409888225706
GATGAATTTATTTCTTCTGTTAATCAAGATGATGGTATTTGTTATACTCATCCTAAGAATTTGCCAGGTGTTAAATCTGATGGTACTGTTTCTCACTTCTTTCATAAAGCTATTAAAGCT,0.03849462710468764,0.0774607063408264,0.03193377170187605,0.3421297983648729,0.16437570121257028,0.2469906815174482,0.08330413159089957,0.015310582166818866,977.5016876524479
GATGAATTTCCAACTTGGGATTCTGGTTCTCAATTTATCTTAAATTCTCAACAATTGGTTGAAGCTTTGTCTTTGTGTGATGATTTGTTGGGTTCTCAAGATAGAGAAGAGAATACTAAT,0.16381980081077907,0.164822969305646,0.13589907248903274,0.20222026796370893,0.1434925240681254,0.06673693957550428,0.10128958076463068,0.021718845022572885,808.6243924724248
GATGACTTCTGGGAAACTTCTCCAGGTTCTCAATTTATCTTAAATTCTCAACAATTGGTTGAAGCTTTGTCTTTGTGTGATGATTTGTTGGGTTCTCAAGATAGAGAAGAGAATACTAAT,0.05388885287999325,0.11928146378173698,0.1341128194695098,0.13171111225332133,0.12744581666967036,0.05927377625747623,0.12994570392246915,0.24434045476582297,2213.9842099637513
GATGACTTCTTTCATAAAGCTATTGATGATGATGATGATGATGATGATAAGAGAAGGAAGATTCATGATGATGACTTTGGTGATGTTAGATGGCATAAAGATGATAGAGATGATCCAGTT,0.2135764652634108,0.186233080924221,0.03543508585791645,0.1107288967845949,0.21045962802929344,0.14356125033548875,0.06602703250967194,0.03397856029540277,886.8084675447114
GATGACTTTATTCCAACTGTTAATCAAGATGATGGTATTTGTTATACTCATCCTAAGAATTTGCCAGGTGTTAAATCTGATGGTACTGTTTCTCACTTCTTTCATAAAGCTATTAAAGCT,0.003551035813611426,0.0049125738342887144,0.006628078900582443,0.08136728162449797,0.3044315850582027,0.3328133820787242,0.26470715318759297,0.0015889095024995779,1429.595024298415
GATGACTTTGATTATCATAATGAAGTTAGACATCCAGATGGATTTGTTAATAAAGAAGCTCCAGTCTTCTTGGGTGATGGTAACTTCTCTGGTATGTTTGATTTGTCTAATGATCAAGTT,0.004692464913457357,0.0030818942723469266,0.02218029032317601,0.09587473513079427,0.2264590648572447,0.35018152943350817,0.23558319126739907,0.061946829802073375,1712.8721512784616
GATGACTTTGTTCCATGGTTGAATCATCATCCAGATTTGGATGGTTATTGTGATGACTTCTTGAGAGATGTTGATTCTCCAGTTACTGTTAATGAACAAGAATCTGATATGGCTGTTAAT,0.10537414169587296,0.060582521025765904,0.09365853767756939,0.16723870948663613,0.23734025068585146,0.11038457976623724,0.15357422573830226,0.07184703392376458,1331.0565439244438
GATGACTTTGTTCCATGGTTGAATCATCATCCAGCTTTGGATGGTTATTGTGCTGACTTCTTGAGAGATGTTGCTTCTCCAGTTACTGTTAATGAACAAGAATCTGATATGGCTGTTAAT,0.044421172245108505,0.198210331504798,0.23819089813482927,0.27697555620053504,0.15320518492195095,0.07721714778738521,0.011701301966325782,7.840723906721033e-05,521.121343238804
GATGACTTTGTTCCATGGTTGAATCATCATCCATCTTTGGATGGTTATTGTTCTGACTTCTTGAGAGATGTTTCTTCTCCAGTTACTGTTAATGAACAAGAATCTGATATGGCTGTTAAT,0.14580708703557557,0.1613699479750065,0.036286909993285606,0.11339070906697844,0.17241509412769082,0.026729512666090086,0.13522851308497355,0.20877222605039952,1974.2417073026747
GATGAGAATGCTCCACCACAAGAAGAAGGTTGGGTTGTTTGTAGAGCATTTAAGAAGAAACCAATGACTGGTCAAGCTAAGAATACTGAAACTTGGTCTTCTTCTTACTTCTATGATGAA,0.27512419973477353,0.22226448716700806,0.21444831866281364,0.1596983071482124,0.06278070703220397,0.038724289650635166,0.018549317429750887,0.008410373174602238,444.04382523915314
GATGAGTTCTGGCCAGATTCTACTGGTTCTCAATTTATCTTAAATTCTCAACAATTGGTTGAAGCTTTGTCTTTGTGTGATGATTTGTTGGGTTCTCAAGATAGAGAAGAGAATACTAAT,0.1186684101032384,0.10447070297237408,0.12920655139298481,0.16479572229687295,0.1023195404093739,0.0679825659414226,0.2063602450849583,0.10619626179877495,1546.5524216767917
GATGAGTTCTTGCAAGATCAAACTTCTGGTGATGAACAAGATACTATTAAACCTAAATTGGCTGATTATGCTAATTTGCCAGTTGAAGATTTGAAACAAGATTTGGAGAAATGTCATGAA,0.07335676683869535,0.1230099583930572,0.0,0.16299375870668983,0.33733574812136474,0.11206534768093439,0.045356398448577,0.14588202181068152,1578.154905761123
GATGAGTTCTTGCAAGCTCAAACTTCTGGTGATGAACAAGATACTATTAAACCTAAATTGGCTGATTATGCTAATTTGCCAGTTGAAGATTTGAAACAAGATTTGGAGAAATGTCATGAA,0.11591243033313976,0.19992382765230424,0.08242013495104136,0.055189190489415306,0.01631726533552346,0.0758899711191432,0.13821784590888372,0.31612933421054895,2602.3135583365806
GATGAGTTCTTGCAATCTCAAACTTCTGGTGATGAACAAGATACTATTAAACCTAAATTGGCTGATTATGCTAATTTGCCAGTTGAAGATTTGAAACAAGATTTGGAGAAATGTCATGAA,0.1764111123992678,0.10649483110192935,0.0878066256942056,0.03919735223720008,0.0347673298647333,0.09701962694374577,0.16361215978204494,0.29469096197687317,2555.7389941851457
GATGATAAAGAATTGGAACAAGAAGAAATGAAAGATAGAGATAATGAGAATCAAGGTGAAGAAGATCCAACTTGGTTTGATTCTGGTTCTCAATTTATCTTAAATTCTCAACAATTGGTT,0.17701817003064851,0.2798748231481163,0.3618753535297568,0.05618890903435192,0.024919263976238795,0.034769102259126806,0.03518039448407852,0.030173983537682393,588.8609711713085
GATGATAAGAGAAATGAGAATCAAGGTGAAGAAGATCCAACTTGGTTTGATTCTGGTTCTCAATTTATCTTAAATTCTCAACAATTGGTTGAAGCTTTGTCTTTGTGTGATGATTTGTTG,0.11692598952064298,0.1372489983962875,0.16974586425071728,0.2598016153625723,0.03840654170567825,0.08931249449271114,0.07229519508887262,0.1162633011825179,1309.3699385163322
GATGATAATGAAAGGAAGAATCAAGGTGAAGAAGATCCAACTTGGTTTGATTCTGGTTCTCAATTTATCTTAAATTCTCAACAATTGGTTGAAGCTTTGTCTTTGTGTGATGATTTGTTG,0.24749248367236262,0.1660053540040842,0.10265547513981624,0.061101278501781625,0.13548927310020537,0.0504117659968097,0.20403239648688715,0.03281197309805306,1050.3070607265151
GATGATAGATCTAAGAAAGTTGTTCCATGTTTGTCTGAATATACTAATATTGGTGCTGCTCATTTGAAGAAAGATTTGGAATCTTGTCAGAATTTGGATCAATCTGAATTGCCTAAGATT,0.1312748985029463,0.15094717111269262,0.16335147087849888,0.1944559450380758,0.07391950439172415,0.12032728084808561,0.04638120446446742,0.1193425247635092,1303.3006314276063
GATGATAGATCTAAGAAAGTTGTTCCATGTTTGTCTGAATATACTAATATTGGTGCTGCTCATTTGAAGAAAGATTTGGAATCTTGTCAGAATTTGGCTCAATCTGAATTGCCTAAGATT,0.15453328156030605,0.18657549964477171,0.05768788808164415,0.03433624666444126,0.07613904677000903,0.07082302017649593,0.14332160605089792,0.276583411051434,2387.8761973697256
GATGATAGATCTAAGAAAGTTGTTCCATGTTTGTCTGAATATACTAATATTGGTGCTGCTCATTTGAAGAAAGATTTGGAATCTTGTCAGAATTTGTCTCAATCTGAATTGCCTAAGATT,0.12211989386674146,0.40955902804561484,0.10130631478497862,0.09044737280552442,0.040112577333014265,0.07462383610787056,0.11325986960884107,0.04857110744741468,927.3638499411368
GATGATAGATTGTTTAAAGAAGAATGTCAGAAGATTGTCTTGGATCCATCTAATATTGAATTGGATACTCCACCAGAATTTAGATTGTCTCAATTGGAATTTGGTTCTCAAGATTCATTT,0.1625815635152326,0.23368164218340765,0.1878572543627723,0.15481937274752847,0.08010446127487886,0.053222549661908786,0.08616341157616919,0.04156974467810219,838.4290151141013
GATGATAGGAAGAATGAGAATCAAGGTGAAGAAGATCCAACTTGGTTTGATTCTGGTTCTCAATTTATCTTAAATTCTCAACAATTGGTTGAAGCTTTGTCTTTGTGTGATGATTTGTTG,0.11793049908695726,0.3128115566423545,0.09338408107292435,0.15483801713758316,0.06338698654377176,0.07861507802476858,0.08948816441341181,0.0895456170782286,1154.6651628131383
GATGATATGAGAGCTTTGCCAGAACAAACTGAGAATCAAGATCAAATTATTGAGAATCAAATTGATGAAACTGGTACTAAAGTTGATAATGAAACTGGTGATGATCCTAAATGGTGGGAT,0.07710281518308146,0.038787481358797206,0.04797131215739137,0.21414652995121683,0.15195522393751915,0.4240371404974026,0.0,0.04599949691459143,1128.4836376893288
GATGATATGGAGAAAGAAGAATTGCAAGAGAAAGATAGAGATAATGAGAATCAAGGTGAAGAAGATCCAACTTGGTTTGATTCTGGTTCTCAATTTATCTTAAATTCTCAACAATTGGTT,0.13331785159946483,0.13413423806719346,0.0,0.07405580518113493,0.13137227185908817,0.24439972537647275,0.12364539478852651,0.15907471312811924,1854.056097681411
GATGATATGTTGGAAGAGAAAGAACAAGAGAAAGATAGAGATAATGAGAATCAAGGTGAAGAAGATCCAACTTGGTTTGATTCTGGTTCTCAATTTATCTTAAATTCTCAACAATTGGTT,0.2679631657749716,0.3157205528156583,0.1711068802367053,0.1410148357639515,0.05906440495414036,0.016158979259337406,0.016350127782039824,0.012621053413195575,429.18132996567556
GATGATCAACAATTGGCTGAGAATTTGGCTATTTGTGATGAGTTCTTGCAAGATCAAGATCAAACTTCTTGTGGTGGTGGTGATGATGAAACTGATAAGATTAAACCAAGATTGGCTGTT,0.1536722194765612,0.1299000493150537,0.2847774866428052,0.29724888111665254,0.06381603248490712,0.061394260740136264,0.005743036223554652,0.003448034000329189,461.12312827873745
GATGATCAACAATTGGCTGAGAATTTGGCTATTTGTGATGAGTTCTTGCAATCTCAATCTCAAACTTCTTGTGGTGGTGGTGATGATGAAACTGATAAGATTAAACCAAGATTGGCTGTT,0.08531551182345735,0.15667475494814337,0.21557047778613864,0.23138491054874097,0.1780355625369028,0.11217782759757472,0.014552253816537443,0.006288700942504774,601.563588746885
GATGATCAACCACCACCACCACCACCACATCATCCACCAGATGATCCAGTTCCAGTTGATGATGATCCAGTTATTCCACCAATTAGAAGACATTTGGCATTTGCTGATGATAAACCACCA,0.4691215199000209,0.30009543573817826,0.11527020396269494,0.06618238996689854,0.02640315015164052,0.012331675896829382,0.0065085060268202455,0.0040871183569172066,289.8960014984044
GATGATCAAGATAGAGAAGAAGATGATGATGATGATGATTTGAAAGATAAACAACCATGTATTGCTGATTATGCTCATTTGGGTCCAGAAGACTTTAAGAGAGATTTGGAAGAATGTCAA,0.7135567563990953,0.0,0.013660183212988078,0.012195959218132565,0.010817591315548974,0.040249229298415144,0.09163203139822333,0.11788824915759646,1164.811680283065
GATGATCAAGATAGAGAAGAGAATGCTAATGCTGGTGCTTTGAAAGATAAACAACCATGTATTGCTGATTATGCTCATTTGGGTCCAGAAGACTTTAAGAGAGATTTGGAAGAATGTCAA,0.11495587044850705,0.21686215371245793,0.1788061801801768,0.25542414445558315,0.14159782132676535,0.07902687870836483,0.01332695116814482,0.0,502.95062426263064
GATGATCATATTGCTGATGATGATGTTGATCCAGATGATGATGTTGATGCTCATGAAGTTGATTTGGCTGAAGATGATGAAGTTATGTGTATGGAAGATGAAGTTCAAGATATTCAACCA,0.45004843875674055,0.3299296502786538,0.1241333510559339,0.06969960105877934,0.00948731976974054,0.011079105632822415,0.005435230587358545,0.00018730285997104815,256.40630787318736
GATGATCATATTGCTGATGATGATGTTGATCCAGATGATGATGTTGATGCTCATGAAGTTGATTTGGCTGAAGATGATGAAGTTATGTGTATGGAAGATGAAGTTCAATCTATTCAACCA,0.1902652822345654,0.19879309993680022,0.19122596210051535,0.247962975122376,0.07211101451612988,0.06036860254246872,0.030541358762564898,0.008731704784579662,530.9261766912316
GATGATCCAACTTGGTTTGATTCTGGTTCTCAATTTATCTTAAATTCTCAACAATTGGTTGATGCTTTGTCTTTGTGTGATGATTTGTTGGGTTCTCAAGATAGAGATGATAATACTAAT,0.041869618843953106,0.04212601204128616,0.05210031697817957,0.32561008285705534,0.20629296389840301,0.07675583745396033,0.15532760210265775,0.09991756582450469,1493.1751170135649
GATGATCCAGGTCCAGGATTTACTCCACATGATTCTGCTCCATATGGTGCTTTGGATATGGCTGACTTTGAATTTGAACAAATGTTTACTGATGCTTTGGGTATTGATGAATATGGTGGT,0.2086257114573469,0.24926011395166958,0.11357617703759942,0.10140203844300925,0.08994174142606064,0.10756544270288847,0.036279286888488464,0.09334948809293724,1080.0775626618642
GATGATCCAGTTATTCCACCAATTAGAAGACATTTGGCATTTGCTGATGATAAACCACCATTTCATCCAGATGATGATTATCATAGATTTAATCCAGATGATTTGGATAATAATAATGAT,0.05589133556569356,0.1874453076043077,0.16227911516712962,0.14488454800892997,0.14686848795140742,0.08538383331825451,0.1727877191830859,0.04445965320119137,1137.2075755223689
GATGATGAAGGTATTTGTTCTAAACATCCAGAGAAATTGCCAGGTGTTAAATCTGATGGTTCTTCTTCTCACTTCTTTCATAGACCATCTAATGCTTATACTAAAGGTACTAGGAAGAGA,0.13634687742040985,0.10059999580366888,0.12441936502885412,0.12118140423249958,0.14331423302700957,0.14163978866067228,0.13488496979367437,0.09761336603321147,1418.020797318143
GATGATGATGATAAAGATAAACAACCATGTATTGCTGATTATGCTCATTTGGGTCCAGAAGACTTTAAGAGAGATTTGGAAGAATGTCAGAAGATTGTCTTGGATCCAGATGATATTGAA,0.24061236313709378,0.1966946956805354,0.11227693911275516,0.15036309717141605,0.10373167716489429,0.08270497175646889,0.04184165456016895,0.07177460141666747,949.5651634559131
GATGATGATGATAATGAGAATCAAGGTGAAGAAGATCCAACTTGGTTTGATTCTGGTTCTCAATTTATCTTAAATTCTCAACAATTGGTTGAAGCTTTGTCTTTGTGTGATGATTTGTTG,0.03612188027611222,0.07268615313345099,0.06292739341493038,0.12841658740392295,0.08542736179010973,0.02648760841447311,0.23450819718153937,0.3534248183854613,3062.342139946771
GATGATGATGATGATGATAGACAAGTTGTTTGGAAAGATGATGATGATAGACATTGTCCTAAATGTCAACATGTTATTGATAATTCTGATGTTGTTGATGATTGGCCAGGTTTGCCAAGA,0.05601349674487113,0.04696375127319328,0.10455030458984532,0.1348297050617852,0.16558818418976612,0.3337247783184468,0.14719057275780598,0.011139207064286089,1155.0642103940988
GATGATGATGATGATGATGATGATAGGAAGATTCATGATGATGACTTTGGTGATGTTAGATGGCATAAAGATGATAGAGATGATCCAGTTGTCTTGGATGGTGTTCAAAGAGGTTGTAAA,0.45684097216721453,0.2917000594558163,0.19671947882777438,0.039220271192190875,0.01184954619560463,0.002426908874273177,0.0007162217339822233,0.00052654155314401,237.5984574453795
GATGATGATGATGATGATGATGATGATGATGATGATGATGATGATGATGATGATGATGATGATTTGGCTGATGATGATGATGTTATGTGTATGGAAGATGAAGTTCAATCTATTCAACCA,0.014853827545105445,0.0747239329257316,0.018483309492820357,0.16502098491345935,0.2781040940343006,0.3267623649129819,0.06888077436370213,0.05317071181189864,1283.7591669311882
GATGATGATGATGATGATGATGATGATGATGATTTGGCTGATGATGATGATGTTATGTGTATGGAAGATGAAGTTCAATCTATTCAACCAAATCATGAAAGAGATGATGATGATCCAGAA,0.24068572817718667,0.21525297208717578,0.033277384722668314,0.08913122627328073,0.07905775692038655,0.09805059473000077,0.1488156888388366,0.0957286482504647,1329.5873803121372
GATGATGATGGTGATAGGAAGAGAAGGAAGATTCATGATGATGACTTTGGTGATGTTAGATGGCATAAAGATGGTAGAGATAAACCAGTTGTCTTGGATGGTGTTCAAAGAGGTTGTAAA,0.6228720028652065,0.10471253147119344,0.0880402518788171,0.11579948745921059,0.001556242631304233,0.02562226874056969,0.027829483378913476,0.013567731574784978,395.36916757476115
GATGATGCTGATGATGATGATGTTATGTGTATGGAAGATGAAGTTCAATCTATTCAACCAAATCATGAAAGAGATGATGATGATCCAGAATTGGAACATGGTTTGGAGAATGGTGCTAAA,0.08425971880522279,0.05337728782190373,0.03883270105710987,0.02773620418046196,0.1414586395042161,0.19737300054483414,0.34152923686902825,0.11543321121722327,2049.2439294992555
GATGATGCTGTTGTTGAATCATTCTTCTCTTCTTCTACTGATTCTACTCCAATGTTTGAATATGAGAATGCTGAAGATAATTCTAAAGAATGGACTTCTGCATTTGATAATGATATTCCA,0.11425859039643867,0.2873956634761614,0.07108864304832536,0.15867177218117812,0.16888672919318254,0.07854753071260281,0.052984459125520876,0.06816661186659013,993.8291366893984
GATGATGCTGTTGTTGAATCATTCTTCTCTTCTTCTACTGATTCTACTCCAATGTTTGAATATGAGAATTTGGAAGATAATTCTAAAGAAGCTACTTCTGCTGCTGATAATGATATTCCA,0.009977088682323644,0.12673207903155354,0.16826699525410357,0.2947211483435597,0.2441193487032871,0.14770894225164025,0.008261814676661204,0.00021258305687087668,643.2164737165672
GATGATGCTGTTGTTGAATCATTCTTCTCTTCTTCTACTGATTCTACTCCAATGTTTGAATATGAGAATTTGGAAGATAATTCTAAAGAATGGACTTCTTTGTTTGATAATGATATTCCA,0.27926251241285066,0.2513633860808601,0.22361505386657185,0.1349523058649272,0.06231815109530764,0.03214017377944847,0.008130091941409179,0.008218324958624793,405.059168235272
GATGATGCTGTTGTTGAATCATTCTTCTCTTCTTCTACTGATTCTACTCCAGCTGCTGAAGCTGAGAATGCTGAAGATAATTCTAAAGAATGGACTTCTTTGTTTGATAATGATATTCCA,0.02584045834832235,0.07799608567664273,0.17684967271965307,0.172247235575069,0.2291701906784694,0.18948402927781705,0.0898713198100214,0.038541007914004985,1078.2343678355228
GATGATGCTGTTGTTGAATCATTCTTCTCTTCTTCTACTGATTCTGATCCAATGTTTGAATATGAGAATTTGGAAGATAATTCTAAAGAATGGACTTCTTTGTTTGATAATGATATTCCA,0.2163223511493961,0.20210080870786923,0.07690856504094161,0.12016339673080248,0.09135661787689553,0.14163016799811878,0.11464443675044177,0.036873655745534514,958.6171048345191
GATGATGCTGTTGTTGAATCATTCTTCTCTTCTTCTACTGATTCTGCTCCAATGTTTGAATATGAGAATTTGGAAGATAATTCTAAAGAATGGACTTCTTTGTTTGATAATGATATTCCA,0.0935013875142275,0.18814790700537584,0.17452219754662518,0.13850249269887938,0.2149860324191636,0.1428397945001094,0.028905896281630136,0.018594292033989143,737.6964463763175
GATGATGCTGTTGTTGAATCTGCTGCTTCTTCTTCTACTGATTCTACTCCAATGGCTGAAGCTGAGAATTTGGAAGATAATTCTAAAGAAGCTACTTCTTTGGCTGATAATGATATTCCA,0.252737214689736,0.21208213623367433,0.17442451632168565,0.1244644989179054,0.09574778500172404,0.07348887533485275,0.04678164475193995,0.020273328748481995,629.6886486811138
GATGATGCTGTTGTTGAATCTGCTGCTTCTTCTTCTACTGATTCTACTCCAATGTTTGAATATGAGAATTTGGAAGATAATTCTAAAGAATGGACTTCTTTGTTTGATAATGATATTCCA,0.13430342729351086,0.13512584904196065,0.16712001031885118,0.0,0.19851519676845608,0.0,0.12455946514236342,0.2403760514348578,2111.926335336056
GATGATGCTGTTGTTGAATCTGCTGCTTCTTCTTCTACTGATTCTACTCCAGCTGCTGAAGCTGAGAATGCTGAAGATAATTCTAAAGAAGCTACTTCTGCTGCTGATAATGATATTCCA,0.12166103572906939,0.21761073850301094,0.23549321230329567,0.105125442631958,0.07992371348475238,0.13629630949610655,0.08776001303850679,0.01612953481330017,775.9984727261003
GATGATTTGATGTTGGATCCAGATGATATTGAACAATGGTTTGATGAAGATCCAGGTCCAGATGAAGCTCCAAGAATGCCAGAAGCTGCTCCACCAGTTGCTCCAGCTCCAGCTGCTCCA,0.005896572798574155,0.013505541828193484,0.04783146125072569,0.14382252675220877,0.29457046610809035,0.3375234576067892,0.13254248780259983,0.0243074858528185,1276.4017009634251
GATGATTTGATGTTGGCTCCAGATGATATTGAACAATGGTTTGCTGAAGATCCAGGTCCAGATGAAGCTCCAAGAATGCCAGAAGCTGCTCCACCAGTTGCTCCAGCTCCAGCTGCTCCA,0.003547325379286528,0.0026654914060017265,0.01089556872348298,0.04250248541339161,0.09884905173819025,0.3137900973152256,0.47229671438201554,0.05545326564240563,2106.710814924499
GATGATTTGATGTTGTCTCCAGATGATATTGAACAATGGTTTACTGAAGATCCAGGTCCAGATGAAGCTCCAAGAATGCCAGAAGCTGCTCCACCAGTTGCTCCAGCTCCAGCTGCTCCA,0.13968732454268304,0.14960998712250131,0.11214157706017779,0.1902303029469598,0.14208907522876912,0.10738684050182226,0.08358241979632791,0.07527247280075867,1136.7415291900802
GATGATTTGGGTGATGTTAGATGGCATAAGACTGGTAGAACTAAGACTGTTGTCTTGGATGGTGTTCAAAGAGGTTGTAAGAAGATTATGGTCTTGTATGAAGGTAAATCTGTTAAGACT,0.04604466249592676,0.08338791965470448,0.022918207305701724,0.13300055075523276,0.1633417479160524,0.2279058459308051,0.21352018517811833,0.10988088076345846,1787.884499542998
GATGATTTGGGTTTGCCAGATTTGGTTAATGCTAAAGATCACTTTCAAGCTGGTGTTAAGAATAATAATATTGATCAAGCTAATAGATTTAATGATTTGCCAATTACTGATGCTAAAGAT,0.17494705772516334,0.3327039342158151,0.2821969277168284,0.1906368697483758,0.007705988012491941,0.007782352333510661,0.0026938776817180634,0.0013329925660967945,321.9292339740506
GATGCATTTATTCCAACTGTTAATCAAGATGATGGTATTTGTTATACTCATCCTAAGAATTTGCCAGGTGTTAAATCTGATGGTACTGTTTCTCACTTCTTTCATAAAGCTATTAAAGCT,0.12933165486267892,0.21713645573236032,0.25913044944856595,0.2274046054353738,0.08990541946950546,0.06185266114523603,0.00975058326654461,0.005488170639734834,480.24781270539756
GATGCATTTATTCCAACTGTTAATCAAGATGATGGTATTTGTTATACTCATCCTAAGAATTTGCCAGGTGTTAAATCTGCTGGTACTGTTTCTCACTTCTTTCATAAAGCTATTAAAGCT,0.1580454733074665,0.19434956698098904,0.15296037871177323,0.11705543946889292,0.13843469330441102,0.048288444758054355,0.0651462141280933,0.1257197893403196,1317.6535976050955
GATGCATTTATTCCAACTGTTAATCAAGATGCTGGTATTTGTTATACTCATCCTAAGAATTTGCCAGGTGTTAAATCTGATGGTACTGTTTCTCACTTCTTTCATAAAGCTATTAAAGCT,0.10567443938654074,0.07088103226104074,0.04383187571756728,0.07826714479165048,0.10413227495860049,0.03228725392677389,0.2286843143202949,0.3362416646375316,2939.62311913617
GATGCATTTATTCCAACTGTTAATCAAGATGCTGGTATTTGTTATACTCATCCTAAGAATTTGCCAGGTGTTAAATCTGCTGGTACTGTTTCTCACTTCTTTCATAAAGCTATTAAAGCT,0.36958526393234814,0.27819225238885537,0.2252533023051927,0.051809985543975194,0.06208843165119907,0.010876191258912864,0.0007677801201417479,0.001426792799374946,293.5500341665619
GATGCATTTATTCCAACTGTTAATCAAGCTGATGGTATTTGTTATACTCATCCTAAGAATTTGCCAGGTGTTAAATCTGATGGTACTGTTTCTCACTTCTTTCATAAAGCTATTAAAGCT,0.12785782400643284,0.3216019384927785,0.23864916887716686,0.0710228524680354,0.06299596270553752,0.0,0.17787225345004876,0.0,718.1135623701546
GATGCATTTATTCCAACTGTTAATCAAGCTGATGGTATTTGTTATACTCATCCTAAGAATTTGCCAGGTGTTAAATCTGCTGGTACTGTTTCTCACTTCTTTCATAAAGCTATTAAAGCT,0.2532387634609487,0.19816961015322923,0.14005190622983607,0.08127590615804528,0.08318103759678007,0.046424003613918026,0.08350784803746047,0.1141509247497822,1239.533097559974
GATGCATTTATTCCAACTGTTAATCAAGCTGCTGGTATTTGTTATACTCATCCTAAGAATTTGCCAGGTGTTAAATCTGATGGTACTGTTTCTCACTTCTTTCATAAAGCTATTAAAGCT,0.22099023128845996,0.3613081699121854,0.03437355479076927,0.1534454062123688,0.05444130023609471,0.025320104917404596,0.05123924527782276,0.09888198736489467,1041.5743774029233
GATGCATTTATTCCAACTGTTAATCAAGCTGCTGGTATTTGTTATACTCATCCTAAGAATTTGCCAGGTGTTAAATCTGCTGGTACTGTTTCTCACTTCTTTCATAAAGCTATTAAAGCT,0.32691992034656286,0.20557615643073515,0.05085021056681123,0.13619885281991598,0.08053725014439948,0.037457070543356556,0.1137004782101327,0.048760060938086186,897.3350202915866
GATGCTAAGAGAGATGCTGAAGAATGTCAGAAGATTGTCTTGGATCCATCTAATATTGAATTGGATACTCCACCAGAATTTAGATTGTCTCAATTGGAATTTGGTTCTCAAGATTCATTT,0.00030612147147375925,0.028438301011567003,0.085961218781918,0.2437315749774917,0.41396994191998965,0.147124050015316,0.08034703722180886,0.00012175460043502401,883.911478830217
GATGCTAAGAGAGATGCTGAAGAATGTCAGAAGATTGTTGCTGATCCATCTAATATTGAATTGGATACTCCACCAGAATTTAGATTGTCTCAATTGGAATTTGGTTCTCAAGATTCATTT,0.14875248285271847,0.20408643405765722,0.2692358446191851,0.2253531300951705,0.07551176278163965,0.04958084692417729,0.016722450301300682,0.010757048368151109,506.00152455351747
GATGCTAAGAGAGATTTGGAAGAATGTCAGAAGATTGTCTTGGATCCATCTAATATTGAAGCTGATACTCCACCAGAATTTAGATTGTCTCAATTGGAATTTGGTTCTCAAGATTCATTT,0.0007145954924245545,0.02139997214566561,0.06993331519367894,0.25712739830886155,0.346118797535437,0.25922670837297934,0.04537890065077856,0.00010031230017435085,892.949797939974
GATGCTAAGAGAGATTTGGAAGAATGTCAGAAGATTGTCTTGGATCCATCTAATATTGAATTGGATACTCCACCAGAAGCTAGATTGTCTCAATTGGAAGCTGGTTCTCAAGATTCTGCT,0.14238611675744375,0.20747715231338287,0.22809080296543888,0.2072783973091003,0.08708784759533997,0.06000546367833743,0.036429169801469104,0.031245049579487597,688.0507903201609
GATGCTAAGAGAGATTTGGAAGAATGTCAGAAGATTGTCTTGGATCCATCTAATATTGAATTGGATACTCCACCAGAAGCTAGATTGTCTCAATTGGAATTTGGTTCTCAAGATTCATTT,0.020758038298084362,0.01566386431455784,0.0,0.005765369084869218,0.015341328737150063,0.04756732499193011,0.31284506842967935,0.5820590061437291,4597.357904516498
GATGCTAAGAGAGATTTGGAAGAATGTCAGAAGATTGTCTTGGATCCATCTAATATTGAATTGGATACTCCACCAGAATTTAGAGCTTCTCAATTGGAATTTGGTTCTCAAGATTCATTT,0.1671035623156367,0.2017522071405329,0.10396737306440772,0.12067015271915127,0.0905657111525342,0.061267211028977996,0.15497988967869764,0.09969389290006163,1354.2186963488268
GATGCTAAGAGAGATTTGGAAGAATGTCAGAAGATTGTCTTGGATCCATCTAATATTGAATTGGATACTCCACCAGAATTTAGATTGTCTCAAGCTGAATTTGGTTCTCAAGATTCATTT,0.45074933567099074,0.23406944443997527,0.10855904397866876,0.0,0.04298431994130865,0.013327718551875332,0.0809122523900658,0.06939788502711547,859.6386585888151
GATGCTAAGAGAGATTTGGAAGAATGTCAGAAGATTGTCTTGGATCCATCTAATATTGAATTGGATACTCCACCAGAATTTAGATTGTCTCAATTGGAAGCTGGTTCTCAAGATTCATTT,0.028291565262732785,0.1992536823314757,0.10561353735920935,0.18858581534850186,0.19515083770828265,0.15559320896025164,0.02623895985517067,0.10127239317437549,1252.8648953576615
GATGCTAAGAGAGATTTGGAAGAATGTCAGAAGATTGTCTTGGATCCATCTAATATTGAATTGGATACTCCACCAGAATTTAGATTGTCTCAATTGGAATTTGGTTCTCAAGATTCATTT,0.002496502415136279,0.0025117900211389047,0.0,0.10594882652504041,0.0009840278403630384,0.45766151894954255,0.427418510327249,0.002978823921529911,1803.952146687907
GATGCTAAGAGAGATTTGGAAGAATGTCAGAAGATTGTCTTGGATCCATCTAATATTGAATTGGATACTCCACCAGAATTTAGATTGTCTCAATTGGAATTTGGTTCTCAAGATTCTGCT,0.05091196935119073,0.08017260347346605,0.13650476513949616,0.21728914979262612,0.2718447860286976,0.2062479248879237,0.03460775903529971,0.0024210422912999325,773.9353919301848
GATGCTAAGAGAGATTTGGAAGAATGTCAGAAGATTGTTGCTGATCCATCTAATATTGAATTGGATACTCCACCAGAATTTAGATTGTCTCAATTGGAATTTGGTTCTCAAGATTCATTT,0.27659140140935146,0.15460285508518565,0.2294503761080104,0.10242788789749871,0.15141941834617817,0.0,0.08550806115377566,0.0,541.5823287544183
GATGCTACTATTGATAATGAATTGACTCAAATCTTGAATGAATATAATATGAACTTTAATGATAATTTGGGTACTTCTACTTCTGGTAAGAATAAATCTGCTTGTCCATCTTCATTTGAT,0.022959330554155777,0.04619984905947708,0.11427745773721798,0.1275351867892435,0.3393640888009176,0.27358040275274037,0.02129358864090986,0.05479009566533781,1153.7305823842676
GATGCTCAACAATTGGCTGAGAATTTGGCTATTTGTGATGAGTTCTTGCAAGCTCAAGCTCAAACTTCTTGTGGTGGTGGTGATGATGAAACTGATAAGATTAAACCAAGATTGGCTGTT,0.1713861811437039,0.14010399259784742,0.226592796230841,0.22213827186859783,0.13721910281316738,0.049091718473830356,0.03642645338444728,0.017041483487564707,616.7152350418704
GATGCTCAACAATTGGCTGAGAATTTGGCTATTTGTGATGAGTTCTTGCAATCTCAATCTCAAACTTCTTGTGGTGGTGGTGATGATGAAACTGATAAGATTAAACCAAGATTGGCTGTT,0.14386390798480284,0.08220946748994631,0.678698712311087,0.06362082301581373,0.009634475412161276,0.012162438172178313,0.006477005595620849,0.0033331700183894513,357.9091845499456
GATGCTCATATTGCTGCTGATGCTGTTGCTCCAGCTGATGCTGTTGCTGCTCATGAAGTTGCTTTGGCTGAAGCTGCTGAAGTTATGTGTATGGAAGATGAAGTTCAAGCTATTCAACCA,0.07829212819348068,0.1247216344761069,0.15749977605678422,0.21455041602369232,0.22116209690884747,0.1518983234933041,0.03630594471474258,0.015569680133041634,768.6425206538153
GATGCTCATATTGCTGCTGATGCTGTTGCTCCAGCTGATGCTGTTGCTGCTCATGAAGTTGCTTTGGCTGAAGCTGCTGAAGTTATGTGTATGGAAGATGAAGTTCAATCTATTCAACCA,0.19891947422779174,0.2504576522627976,0.23953281821446878,0.16527716939935772,0.07647065894295606,0.052768076414292424,0.011255965970669902,0.005318184567665775,441.81499313387604
GATGCTCCAGGTCCAGGATTTACTCCACATGATTCTGCTCCATATGGTGCTTTGGATATGGCTGACTTTGAATTTGAACAAATGTTTACTGATGCTTTGGGTATTGATGAATATGGTGGT,0.14500670815297947,0.12157889384516272,0.10024366735658738,0.1700473964221567,0.08732200069211331,0.1772185756328564,0.11207183597603927,0.08651092192210486,1315.226862807581
GATGCTGATGATGATCCAAGACAAGTTGTTTGGAAAGATAATCCAGATAGACATTGTCCTAAATGTCAACATGTTATTGATAATGATGATGTTGTTGATGATTGGCCAGGTTTGCCAAGA,0.08372873523446486,0.07413248243826205,0.03334002088459101,0.07069503612529787,0.15841312583792846,0.2517275715828277,0.264023805939079,0.06393922195754902,1632.0713753108598
GATGCTGATGATGATCCAAGACAAGTTGTTTGGAAAGATAATCCAGATAGACATTGTCCTAAATGTCAACATGTTATTGATAATTCTGATGTTGTTGATGATTGGCCAGGTTTGCCAAGA,0.27744531411154055,0.17303815168882666,0.22573700125074944,0.14633919575654797,0.1241194426988317,0.02935611991711237,0.001909503041682746,0.02205527153470853,508.43106490636603
GATGCTGATGTTTCTGTCTTGCAATTGCAAGCTGAAATTGAGAATTTGGCTTTGGAAGAACAAGCTTTGGATAATCAAATTAGACAAACTGAAGAAAGATTGAGAGATTTGTCTGAGAAT,0.03927369283829551,0.15805675839351457,0.0977401706667014,0.08726348079219187,0.15480220212260287,0.03599847893227638,0.14569725501978817,0.2811679612346292,2451.9541172975546
GATGCTGTTGTTGAATCATTCTTCTCTTCTTCTACTGATTCTACTCCAATGTTTGAATATGAGAATTTGGAAGATAATTCTAAAGAATGGACTTCTTTGTTTGATAATGATATTCCAGTT,0.25304075006654975,0.14143904045407105,0.10495679724239593,0.21864864699908776,0.11082132849459485,0.025770946435890885,0.07822739181636851,0.06709509849104128,961.2508610310609
GATGCTTTGGAATTGGATACTCCACCAGATATGTTGGAATATCCAGTTGTTACTGATCAAGAAGTTAAAGATTGGTTGGGTAAACATCCAATCTTGGGTTTGGATAATACTGATTCTCAA,0.11828363405119123,0.1269418206303306,0.05887433415972523,0.0788454628182458,0.08159021976304831,0.14094524300894867,0.21574714383087445,0.17877214173763567,2056.1588090450523
GATGCTTTGGAATTGGATACTCCACCAGATATGTTGGAATATCCAGTTGTTACTGCTCAAGAAGTTAAAGATTGGTTGGGTAAACATCCAATCTTGGGTTTGGATAATACTGATTCTCAA,0.026462795787318555,0.02662484361602149,0.06585777882462139,0.0,0.026076609850927888,0.0727678245507404,0.24542870988961343,0.5367814374807567,4199.934156943473
GATGCTTTGGAATTGGATACTCCACCAGATATGTTGGAATATCCAGTTGTTACTTCTCAAGAAGTTAAAGATTGGTTGGGTAAACATCCAATCTTGGGTTTGGATAATACTGATGATCAA,0.04093049913765155,0.3294491322607452,0.0,0.045472395988065906,0.08066635631355043,0.07503423306593511,0.37960915691703856,0.048838226317013275,1565.3737903095976
GATGCTTTGGAATTGGATACTCCACCAGATATGTTGGAATATCCAGTTGTTACTTCTCAAGAAGTTAAAGATTGGTTGGGTAAACATCCAATCTTGGGTTTGGATAATACTGATGCTCAA,0.06008824726612945,0.08060827230699988,0.19938827981828047,0.0,0.07894846249696351,0.0367181412791748,0.18576244581989648,0.35848615101255543,2965.6148384118897
GATGCTTTGGAATTGGATGATCCACCAGATATGTTGGAATATCCAGTTGTTACTGATCAAGAAGTTAAAGATTGGTTGGGTAAACATCCAATCTTGGGTTTGGATAATACTGATGATCAA,0.25807586636644536,0.3635187110847962,0.0,0.2293708259146632,0.10172385009150112,0.047310746542594095,0.0,0.0,378.08868588848327
GATGCTTTGGAATTGGATGATCCACCAGATATGTTGGAATATCCAGTTGTTACTTCTCAAGAAGTTAAAGATTGGTTGGGTAAACATCCAATCTTGGGTTTGGATAATACTGATTCTCAA,0.22746201873714464,0.2323577885593299,0.17954848837969173,0.16760885822173163,0.06556550550859953,0.06240604248390825,0.04843451672583421,0.01661678138376002,595.8396996316075
GATGCTTTGGAATTGGATGCTCCACCAGATATGTTGGAATATCCAGTTGTTACTGCTCAAGAAGTTAAAGATTGGTTGGGTAAACATCCAATCTTGGGTTTGGATAATACTGATGCTCAA,0.1395291063093068,0.23397254679270618,0.05787418870860565,0.12917675302509116,0.20623932353852287,0.08526208819723721,0.06470300573825698,0.08324298769027319,1130.5965382722518
GATGCTTTGGAATTGGATGCTCCACCAGATATGTTGGAATATCCAGTTGTTACTTCTCAAGAAGTTAAAGATTGGTTGGGTAAACATCCAATCTTGGGTTTGGATAATACTGATTCTCAA,0.17032432161173142,0.29132444612877306,0.16955398955290377,0.0946122715567222,0.050351605912949564,0.15612019293524337,0.04739009307855146,0.020323079223125186,699.781067624873
GATGCTTTGTCTTTGTGTGATGATTTGTTGGGTTCTCAAGATAGAGATGATAATACTAATTCTGGTTCTTTGAAAGATAAACAACCATGTATTGCTGATTATGCTCATTTGGGTCCAGAT,0.09064946844432621,0.08418883420981539,0.052061241211914085,0.07746806475994283,0.07558402209700447,0.08308979228032165,0.24575091597348558,0.29120766102318973,2748.01807536612
GATGGTAATGAGAATGATAAAGAAAATTCTAAACCATCTTTGGCTGATTATGCTCAATTGGGTCCAGAAGATTTGAAGAAAGATTTGGAAGAATGTCAACATTTGGTCTTGGATCCAGCT,0.16617496315900837,0.08359627687424798,0.17231603912073074,0.2153838710777885,0.13645823480243544,0.1269307238092279,0.0,0.09913989115656122,1114.3982664846822
GATGGTACTGACTTTGAACCATCTTCTTGGCAATTTATCTTAAATTCTCAACAATTGGTTGAAGCTTTGTCTTTGTGTGATGATTTGTTGGGTTCTCAAGATAGAGAAGAGAATACTAAT,0.08000068004448646,0.07636285128103949,0.1301789025547518,0.22333456590189105,0.24054228767188876,0.178622057854907,0.03424453046878845,0.03671412422224687,933.1927199197395
GATGGTATTTGCTTTGCTCATCCTAAGAATTTGCCAGGTGTTAAAGCTGATGGTGCTGTTGCTCACTTCTTTCATAAAGCTATTAAAGCATTTGCTGCTGGTGCTAGGAAGAGAAGGAAA,0.12688340251357982,0.11784035716385546,0.09108861223087127,0.12469817620893053,0.1298406366481941,0.13866778343150363,0.17199059699227826,0.09899043481078695,1501.8137033078758
GATGGTATTTGTGAAGAACATCCTAAGAATTTGCCAGGTGTTAAAGAAGATGGTGAAGTTGAACACTTCTTTCATAAAGCTATTAAAGCTGAAGAAGAAGGTGAAAGGAAGAGAAGGAAA,0.21499381795318515,0.13311406532157355,0.16463189040327542,0.23885083815067096,0.08148319097010658,0.15158807268898633,0.015338124512201998,0.0,542.5487475288438
GATGGTATTTGTGATGATCATCCTAAGAATTTGCCAGGTGTTAAAGATGATGGTGATGTTGATCACTTCTTTCATAAAGCTATTAAAGCTGATGATGATGGTGATAGGAAGAGAAGGAAA,0.08921780615989446,0.12965931502147554,0.024670638198452718,0.11013106217622129,0.08791580230922456,0.10903669719930749,0.16548977848740953,0.28387890044801445,2555.6307351934443
GATGGTATTTGTGCTGCTCATCCTAAGAATTTGCCAGGTGTTAAAGCTGATGGTGCTGTTGCTCACTTCTTTCATAAAGCTATTAAAGCTGCTGCTGCTGGTGCTAGGAAGAGAAGGAAA,0.056173944380662096,0.11303586336459176,0.09319980736883164,0.16641959073101542,0.16606250259893773,0.1544680222704945,0.13892912207322286,0.11171114721224404,1556.0316256949077
GATGGTATTTGTTATACTCATCCAAGAAATTTGCCAGGTGTTAAACAAGATGGTTCTGTTGCTCACTTCTTTCATAGAGCTATTAAAGCTTATAATACTGGTACTAGGAAGAGAAGGAAA,0.5032526097038104,0.34682191165708987,0.11191578746602114,0.0017943977968408993,0.004020878686453338,0.004908935093744215,0.017345093644399814,0.009940385951640473,311.5479994160315
GATGGTATTTGTTATACTCATCCACAGAAATTGCCAGGTTTGAAACAAGATGGTTCTGTTTCTCACTTCTTTCATAGAACTTATAAAGCTTATAATACTGGTACTAGGAAGAGAAGAAGA,0.10256186388446364,0.14287834065108418,0.18652519884718732,0.23665032982615675,0.14771056432551374,0.11570308709822631,0.025609449085744695,0.04236116628162331,832.9901837870003
GATGGTATTTGTTATACTCATCCACAGAATTTGCCAGGTGTTAAACAAGATGGTTCTGTTTCTCACTTCTTTCATAGAGCTATTAGAGCTTATTCTACTGGTACTAGGAAGAGAAGGAAA,0.06674388991735125,0.16934134780092194,0.15166114374207618,0.22245059230028827,0.148697075053228,0.13033533416275767,0.04844464998882272,0.062325967034554015,1022.4630132654129
GATGGTATTTGTTATACTCATCCTAAGAATTTGCCAGGTGTTAAATCTGATGGTACTGTTTCTCACTTCTTTCATAAAGCTATTAAAGCTTATTCTACTGGTACTAGGAAGAGAAGGAAA,0.4177299994773116,0.23139452504997915,0.1545475437969228,0.001203328931888466,0.1914079562294076,0.0013237461477947849,0.0006697025325693497,0.001723197834126367,330.5939286069896
GATGGTATTTGTTATGAACATCCTAAGAATTTGCCAGGTGTTAAAGAAGATGGTACTGTTGAACACTTCTTTCATAAAGCTATTAAAGCTGAAGAAGAAGGTGAAAGGAAGAGAAGGAAA,0.14280017985859306,0.16163396145236028,0.19990452972034337,0.22805384834906212,0.15830574677692463,0.05726499448898591,0.041387425808546055,0.01064931354518463,611.403089097955
GATGGTATTTGTTATGAAGAACCTAAGAATTTGCCAGGTGTTGAAGAAGATGGTACTGAAGAACACTTCTTTCATAAAGCTATTGAAGAAGAAGAAGAAGAAGAAGAGAAGAGAAGGAAA,0.2530958065638773,0.19805774057933712,0.20995926739419768,0.15621158605532462,0.027711360237869936,0.12888276833653986,0.026081470832853466,0.0,493.7416698022138
GATGGTATTTGTTATGATCATCCTAAGAATTTGCCAGGTGTTAAAGATGATGGTACTGTTGATCACTTCTTTCATAAAGCTATTAAAGCTGATGATGATGGTGATAGGAAGAGAAGGAAA,0.27708404146148513,0.17059720348615523,0.12865245489762436,0.12864577853996073,0.11818166727819433,0.10613952839047064,0.046026462370056496,0.024672863576053146,698.2349556341474
GATGGTATTTGTTATGATGATCCTAAGAATTTGCCAGGTGTTGATGATGATGGTACTGATGATCACTTCTTTCATAAAGCTATTGATGATGATGATGATGATGATGATAAGAGAAGGAAA,0.0015632737241356755,0.0016181474834190451,0.005972468592738288,0.03137344133609341,0.08842914924209479,0.19957496147271686,0.4168684824877371,0.2546000756610649,3057.599053033079
GATGGTATTTGTTATGCTCATCCTAAGAATTTGCCAGGTGTTAAAGCTGATGGTACTGTTGCTCACTTCTTTCATAAAGCTATTAAAGCATTTGCTGCTGGTGCTAGGAAGAGAAGGAAA,0.001574761252669362,0.0031688089513946527,0.0031352780443427647,0.005948321516738748,0.11746973898396428,0.4084920110036772,0.38805735024093807,0.07215373000627492,2117.7572731246055
GATGGTATTTGTTATGCTCATCCTAAGAATTTGCCAGGTGTTAAAGCTGATGGTACTGTTGCTCACTTCTTTCATAAAGCTATTAAAGCTGCTGCTGCTGGTGCTAGGAAGAGAAGGAAA,0.3061263631083608,0.3004415011641146,0.2182713473866844,0.10884204807652073,0.03076560011143322,0.021982645350822807,0.008907884505257277,0.004662610296806321,347.305494235087
GATGGTCATGCATTTAATGGTACTCCAATGTTTGATGATTTGGACTTTATGGTTGATGGTACTAAAGCTAATTCTAAAGAAGATTGGGTTTCTTTGTTTAAAGATGATGATCCAGTTGAT,0.04070065649467714,0.047774873326854136,0.0337638151184799,0.143187320595351,0.12700451748527317,0.16166124660952172,0.2516516570516934,0.19425591331814956,2303.8276214638845
GATGGTCATGCATTTAATGGTGATCCAATGTTTGATGATTTGGACTTTATGGTTGATGGTACTAAAGCTAATTCTAAAGAAGATTGGGTTTCTTTGTTTAAAGATGATGATCCAGTTGAT,0.03810793730752985,0.12780431811975013,0.09483896285306839,0.12700987664787708,0.13768996084370838,0.1513630781768461,0.2474019516145131,0.07578391443670698,1564.9217002734706
GATGGTCATGCATTTAATGGTGCTCCAATGTTTGATGATTTGGACTTTATGGTTGATGGTACTAAAGCTAATTCTAAAGAAGATTGGGTTTCTTTGTTTAAAGATGATGATCCAGTTGAT,0.2610215243997573,0.2407349251050041,0.16240062048378343,0.0,0.08573743189206977,0.059813434693191024,0.06052098245941236,0.129771080966782,1278.8608455027716
GATGGTGAAGATCAATTCTTGTTGACTGATCAACAATTGGCTGAATCTTTGCCATGTTTGGATGAGTTCTTGCAAGATCAAACTTCTGGTGATGAACAAGATACTATTAAACCTAAATTG,0.1162417095099206,0.10024588144377096,0.10331783827252156,0.19371089370502545,0.2372724717212315,0.1369900011064306,0.09240699291727249,0.019814211323826967,904.9457962103393
GATGGTGAAGATCAATTCTTGTTGACTTCTCAACAATTGGCTGAATCTTTGCCATGTTTGGATGAGTTCTTGCAATCTCAAACTTCTGGTGATGAACAAGATACTATTAAACCTAAATTG,0.02486260296753072,0.1250742592010935,0.030937694951050542,0.2209720675296875,0.1714983865920392,0.13673517682383304,0.23058775119078406,0.05933206074398145,1444.6893155286884
GATGGTGAAGCTCAATTCTTGTTGACTGCTCAACAATTGGCTGAATCTTTGCCATGTTTGGATGAGTTCTTGCAAGCTCAAACTTCTGGTGATGAACAAGATACTATTAAACCTAAATTG,0.15532952631632682,0.16265950791736722,0.1183369988023201,0.05986977922397183,0.04060847627420451,0.08426327745480917,0.235200133512786,0.14373230049821442,1799.1073325567788
GATGGTGAAGCTCAATTCTTGTTGACTTCTCAACAATTGGCTGAATCTTTGCCATGTTTGGATGAGTTCTTGCAATCTCAAACTTCTGGTGATGAACAAGATACTATTAAACCTAAATTG,0.03308183001295931,0.05221930161370188,0.18554391190391198,0.2925480455139313,0.2052762638773141,0.18503409218091582,0.039930941124139606,0.006365613773125983,775.5697511408597
GATGGTGAATCTCAATTCTTGTTGACTGATCAACAATTGGCTGAATCTTTGCCATGTTTGGATGAGTTCTTGCAATCTCAAACTTCTGGTGATGAACAAGATACTATTAAACCTAAATTG,0.0014618943942973598,0.0012722565675100301,0.0005070671187738698,0.0017358790944487204,0.004900163317283971,0.040532069493441666,0.39220253427178325,0.5573881357424612,4620.514847477555
GATGGTGAATCTCAATTCTTGTTGACTGCTCAACAATTGGCTGAATCTTTGCCATGTTTGGATGAGTTCTTGCAATCTCAAACTTCTGGTGATGAACAAGATACTATTAAACCTAAATTG,0.15416165898855244,0.1061249422274949,0.0706744068933575,0.09014124908008575,0.07995362855688366,0.08924552153492994,0.22575307165947883,0.18394552105921708,2052.8592117562257
GATGGTGAATCTCAATTCTTGTTGACTTCTCAACAATTGGCTGAATCTTTGCCATGTTTGGATGAGTTCTTGCAAGATCAAACTTCTGGTGATGAACAAGATACTATTAAACCTAAATTG,0.04677687537397326,0.06050998117825999,0.09978281975014357,0.2895333349083009,0.2436409567071918,0.19600428142366236,0.055778305518717215,0.007973445139750998,845.722784366423
GATGGTGAATCTCAATTCTTGTTGACTTCTCAACAATTGGCTGAATCTTTGCCATGTTTGGATGAGTTCTTGCAAGCTCAAACTTCTGGTGATGAACAAGATACTATTAAACCTAAATTG,0.00013434067859940143,0.00015018147606700368,0.0010215722235516387,0.00021558035266462693,0.012782041070314368,0.15819050220275443,0.507236073947247,0.3202697080488015,3576.8986190778523
GATGGTGAATCTCAATTCTTGTTGACTTCTCAACAATTGGCTGAATCTTTGCCATGTTTGGATGAGTTCTTGCAATCTCAAACTTCTGGTGATGAACAAGATACTATTAAACCTAAATTG,0.04485963213106782,0.09026867000457314,0.1116418595671408,0.12459382362298269,0.1768198847226244,0.24671148631155815,0.12481494844917414,0.08028969519087893,1432.7240899912426
GATGGTGAGAATGAACATAAGAAGAGATCTTCTTTGTCTGTTTATGCTAATTTGGGTCCAGAACATTTGAAGAAAGATATTGTTGAATGTCAGAATTTGGTCTTGGATACTGCTAATGTT,0.10380121204078234,0.11488053514625611,0.12916468311306437,0.219107287794436,0.16365821541731784,0.13320265207176385,0.0866432178398939,0.04954219657648553,1039.1701507702019
GATGGTGATTTGAAAGATAAACAACCATGTATTGCTGATGATGCTCATTTGGGTCCAGAAGACTTTAAGAGAGATTTGGAAGAATGTCAGAAGATTGTCTTGGATCCAGATAATATTGAA,0.39257776206995665,0.26996708092556726,0.1219101768429808,0.06339486951232078,0.06577695109355428,0.05288872771139846,0.029679205591941663,0.003805226252280192,416.5720047780543
GATGGTGTTTCTGGATTTGGTGGTCATCATGAAGAAGATAATAATAAGATTGGTCATTATAATAATGAAGAATCTAATAATAAAGGTTCTGTTGAAACTGCTTCTTCTACTTTGTTGTCT,0.21643004401978824,0.05443884427545031,0.13465699244908266,0.12022321829358248,0.15995367222199622,0.09919047353195289,0.15054573289999099,0.06456102230815622,1207.188885488196
GATGGTTCTTCTGGTCAAATGATGACATTCTTGTACTTTGGATTTAATGATAAAGAAGATATGTCTACTGTTAGAATGAAGACTACTTGGATTATTGATGATCAAAGATTTGCTACTAAA,0.3383152982372783,0.2844199429325302,0.2108957509591882,0.1224116686118306,0.014132135534423192,0.01900959719960654,0.009225751897807628,0.0015898546273353895,316.6483720647219
GATGGTTCTTCTGGTCAAATGATGACATTCTTGTACTTTGGATTTAATGATAAAGAAGATATGTCTACTGTTAGAATGAAGACTACTTGGATTATTGATGCTCAAAGATTTGCTACTAAA,0.3412308666307559,0.1573551976427486,0.08846030449737859,0.09477397917016293,0.08406277486455513,0.11729027062109983,0.06593206997475383,0.05089453659854519,881.8182180508315
GATGTCTTTGGTGATGTTAGATGGCATAAGACTGGTAAGACTAAACCAGTTATCTTGGATGGTGTTCAAAGAGGTTGTAAGAAGATTATGGTCTTGTATGCTTCTATTGTTAGAGGTGGT,0.18126814018894494,0.20843217771572778,0.18413093073499157,0.16850393726075547,0.0801979899831738,0.08138025606827276,0.0651881474113114,0.03089842063682241,756.8235619389067
GATGTTAAGAGAGATGTTGAAGAATGTCAGAAGATTGTTGTTGATCCATCTAATATTGAAGTTGATACTCCACCAGAAGTTAGAGTTTCTCAAGTTGAAGTTGGTTCTCAAGATTCTGTT,0.20640900147887334,0.23074774401021717,0.1569604268790597,0.14013596561849873,0.11299820162916219,0.06306520178586386,0.02127040516710792,0.06841305343121709,868.2047127925796
GATGTTACTCCAGCTTCTCCAATGATTAGAACTACTTCTTCTAGAGCTACTTCTCCATCTGCTAGATCTGTTACTAAACCATCTCATGTTGCTGGTGTTAATGCTAGACAAAGGAAACCA,0.42039020783287445,0.3844104858950702,0.1439210552332444,0.012069729105149113,0.015850967891858768,0.012402670615960907,0.0033846888583047344,0.00757019456753738,292.0642381315363
GATGTTAGATGGCATAAGACTGGTAAGACTAAACCAGTCTTGTTGGATGGTAAACAATTGGGTTCTAAGAAGATTATGGTCTTGTATATGTCTCCAGCTAAAGGTGGTAAAGCTGAGAAA,0.09128471851206314,0.05740231905317365,0.04969554940342615,0.05704550182267287,0.06746441331602158,0.09413107416308197,0.3174819123012201,0.26549451142834063,2762.343018477649
GATGTTGGTCATGGTCCATTGGCTTCTGCTATGAGAATGTTGTGGATGGCTAATTATATTGTTAGACAATCTAGAGGTGATAGAGGTTTGATCTTGCCACAAGGTCCACAAACTGCTCCA,0.007292826663636254,0.3234608008990773,0.3758481286523777,0.003375867923553463,0.2119987553779941,0.06183295978352378,0.006763718595306387,0.009426942104531091,530.0710581725737
GATGTTGTTGAATGGGGTGATGCTTATGTTCCAGAAAGAACTCAAATTGATATTAGAGCTCATGGTGATGTTGCATTTCCAACTTTGCCAGCTACTAGAGATGGTTTGGGTTTGTATTAT,0.16268863034402012,0.06935799660704531,0.041174448942268176,0.04901465739752104,0.02445474308555949,0.04802210618048486,0.16111477896618034,0.4441726384769207,3403.1872106916894
GATGTTTGGTATCCAGGTGGTATGGTTTCTAGAGTTCCATATCCATCTCCAACTTGTGTTAAATCTGAAATGGGTCCATGGATGGATTCTTATTCTGGTCCATATGGTGATATGAGATTG,0.05195618839909744,0.1156460841756432,0.18148481259057023,0.2526705322267122,0.22471035476421192,0.14446699031598076,0.02497566464460341,0.0040893728831807525,679.2663417540947
GATTATAAGAGAGATTATGAAGAATGTCAGAAGATTGTTTATGATCCATCTAATATTGAATATGATACTCCACCAGAATATAGATATTCTCAATATGAATATGGTTCTCAAGATTCTTAT,0.06603494772487706,0.06643931996065028,0.25516059563082266,0.3050339131552464,0.16439056144490835,0.1019418773410425,0.016116839495600627,0.02488194524685215,723.7419286875593
GATTATCCAGTTGTTAGATATGAGAATGGTCCATGTGTTGATGATACTAAATTCTGTAATCCAGTTAAATTGCAATTGGAAGATATTGAGAAATTGTTGAATGAAATTCCAGATGCTCCA,0.10855269703639575,0.1310609176408986,0.10806174177053558,0.10451858195350905,0.14262470484395223,0.19899997656935745,0.15437139695151522,0.051809983233836086,1244.760506173133
GATTATGCTAGATTGGGTCCAGAACATTTGAAGAAAGATTTGGAAGAATGTCAGAATTTGGAATTGGATCCAGCTAATATTGAATTGGATACTCCACCAGAATTTAGATTGGATCAATTG,0.04413068357180313,0.014800307548890395,0.14643697369995642,0.13074051287784716,0.36238883802674926,0.21573558861976141,0.06821486803978576,0.017552227615206507,985.4385888003604
GATTATGCTAGATTGGGTCCAGAACATTTGAAGAAAGATTTGGAAGAATGTCAGAATTTGGAATTGGATCCAGCTAATATTGAATTGGATACTCCACCAGAATTTAGATTGGCTCAATTG,0.1790787528913989,0.11766554204132355,0.15462092124311957,0.16646871816797584,0.10083734828043418,0.05024833222035845,0.06101127845652828,0.17006910669886133,1571.6751996507114
GATTATGCTAGATTGGGTCCAGAACATTTGAAGAAAGATTTGGAAGAATGTCAGAATTTGGAATTGGATCCAGCTAATATTGAATTGGATGATCCACCAGAATTTAGATTGGATCAATTG,0.42711980526697507,0.3114885502074648,0.18667670080408955,0.033654580021788706,0.017155031215005206,0.01209756727304754,0.011657783198854575,0.00014998201277446053,275.21122377474427
GATTATGCTAGATTGGGTCCAGAACATTTGAAGAAAGATTTGGAAGAATGTCAGAATTTGGAATTGGATCCAGCTAATATTGAATTGGATGATCCACCAGAATTTAGATTGTCTCAATTG,0.02952184643174383,0.06803819944961817,0.14352581417940707,0.28110026255962445,0.2549351525762976,0.19154359881182215,0.020900865876926755,0.010434260114559807,783.3144972380596
GATTATGCTAGATTGGGTCCAGAACATTTGAAGAAAGATTTGGAAGAATGTCAGAATTTGGAATTGGATCCAGCTAATATTGAATTGGATGCTCCACCAGAATTTAGATTGGCTCAATTG,0.13707204111457388,0.16089665290186508,0.0852825627280191,0.07614119377694917,0.06753583722487845,0.18846145960543437,0.14831507939261432,0.13629517325566562,1683.4800923579512
GATTATTACTTTCCACCACAGAAGACTTGTTTGATTTGTGGTGATGAAGCTTCTGGTTGTCATTATGGTGCTTTGACTTGTGGTTCTTGTAAAGTCTTCTTTAAGAGAGCTGCTGAAGGT,0.16736301467092687,0.19119277791995495,0.21489662358458989,0.20745888361854528,0.11848543133448805,0.07761815801578027,0.017135253699050935,0.005849857156663714,520.4990934851795
GATTCATTTCATCAAGAAATTGATAATAGAAACTTTCAATTCTCTAATCCAAATAGAATTTCTTCTTTGAGACCAGATTTGACTGAACAGAAGACTGGATTTCATGGTTTGGCTGATACT,0.11601209038864016,0.17906293094105102,0.20669619573290976,0.2387310905698404,0.09223469856561561,0.0676691963257121,0.04768423573179923,0.05190956174443162,860.560770263961
GATTCTATTATTCCAAATAAAGTTCAATTGGAATTGGATACTCCACCAGAATTTAGATTGTCTCAATTGGAATTTGGTTCTCAAGATTCATTCTTGGCTTGGGGTACTGGTAAGACTGAT,0.07496713273388009,0.07542620218297555,0.10883261102583257,0.19433386287409773,0.17237055894860687,0.14888310381535866,0.1506442785091879,0.07454224991006062,1359.8792212365902
GATTCTCAACAATTGGCTGAGAATTTGGCTATTTGTGATGAGTTCTTGCAAGATCAATCTCAAACTTCTTGTGGTGGTGGTGATGATGAAACTGATAAGATTAAACCAAGATTGGCTGTT,0.051026596968198744,0.042410531067750265,0.04140963351019766,0.12939838930330128,0.20003466700401296,0.32434848106640274,0.16769341825766979,0.043678282822466566,1403.6696035417713
GATTCTCAACAATTGGCTGAGAATTTGGCTATTTGTGATGAGTTCTTGCAAGCTCAATCTCAAACTTCTTGTGGTGGTGGTGATGATGAAACTGATAAGATTAAACCAAGATTGGCTGTT,0.2978305012281161,0.29965429892634166,0.2013579273595972,0.13929996718087462,0.022736790554793104,0.02560179429611302,0.008447166583780833,0.005071553870383438,355.1322007588421
GATTCTCAACAATTGGCTGAGAATTTGGCTATTTGTGATGAGTTCTTGCAATCTCAAGATCAAACTTCTTGTGGTGGTGGTGATGATGAAACTGATAAGATTAAACCAAGATTGGCTGTT,0.117896001812612,0.16670630936437475,0.13877356835742172,0.17345795846176498,0.09105645846775617,0.07009564014882665,0.07092481864131009,0.17108924474593354,1624.158180349491
GATTCTCAACAATTGGCTGAGAATTTGGCTATTTGTGATGAGTTCTTGCAATCTCAAGCTCAAACTTCTTGTGGTGGTGGTGATGATGAAACTGATAAGATTAAACCAAGATTGGCTGTT,0.13151025321226203,0.4211651869454364,0.18746042870062013,0.1958046859324003,0.059935861890338775,0.0012915322312023474,0.001851314283170897,0.000980736804569037,334.9447407592005
GATTCTCATACTGTTATTGCTATTAATGGTGAACCAGAACCAGAATTGCAAGTTGAACAACCAGGTAAAGAGAATTTGTTGGGTATGTCTGTTGATGATTTGATTGAACCAATGAATCAA,0.12435631078254605,0.2502356405468942,0.20632313322156012,0.1381556425320294,0.1225415116694206,0.0759904439889418,0.05766701516968614,0.024730302088921664,717.9106129786608
GATTCTCATATTGCTTCTGATTATGTTACTCCATCTGATTATGTTTCTGCTCATGAAGTTTCTTTGGCTGAAACTTCTGAAGTTATGTGTATGGAAGATGAAGTTCAATCTATTCAACCA,0.16676196538488394,0.12304097706765414,0.09683785120640873,0.1852668861971927,0.1862387598864143,0.10190327865406965,0.11341958924070593,0.02653069236267057,921.2017297112075
GATTCTCCAGGTCCAGGATTTACTCCACATGATTCTGCTCCAGCTGGTGCTTTGGATATGGCTGACTTTGAATTTGAACAAATGTTTACTGATGCTTTGGGTATTGATGAAGCTGGTGGT,0.247212230057428,0.20608730787419935,0.14941430792774416,0.1333987090568212,0.055681034939083475,0.0453192130017668,0.07860909440610134,0.08427810273685564,1043.3579513990423
GATTCTCCAGGTCCAGGATTTACTCCACATGATTCTGCTCCATATGGTGCTATTGATATGGCTGACTTTGAATTTGAACAAATGTTTACTGATGCTATTGGTATTGATGAATATGGTGGT,0.23851829107271447,0.2295450194352872,0.10323458071567773,0.14977454288881897,0.06131412110668753,0.07604422733511336,0.06732580148185983,0.07424341596384096,993.5155473219701
GATTCTCCAGGTCCAGGATTTACTCCACATGATTCTGCTCCATATGGTGCTTTGGATATGGCTGACTTTGAATTTGAACAAATGTTTACTGATGCTTTGGGTATTGATGAATATGGTGGT,0.0880460005086809,0.12079794523259597,0.11951971586131423,0.08892374512111485,0.07887372495785976,0.09537679215038586,0.14104580954116294,0.26741626662688556,2380.8509242762175
GATTCTCCAGGTCCAGGTGCTACTCCACATGATTCTGCTCCATATGGTGCTTTGGATATGGCTGATGCTGAAGCTGAACAAATGGCTACTGATGCTTTGGGTATTGATGAATATGGTGGT,0.12586975829182911,0.12255535697838799,0.11620609265748694,0.18043487918919818,0.20005302035173447,0.14886825824901945,0.052720240065853165,0.05329239421649068,1006.7649279620271
GATTCTGAAGATAAAGTCTTGAATGAATCTGTTGCTTCTGCTACTCCTAAAGATAATCAGAAAGCTTGTTTGATTTCTGAAGATTCTTGTAGGAAAGATCAAGAATCTGAGAAAGCTGTT,0.018688603958309624,0.06894450079650112,0.12402720215648223,0.22838645492161125,0.273168753480984,0.2141259413256847,0.03177663712977928,0.0408819062306479,1016.730102525712
GATTCTTCTAAAGATTATCCACAAATTAAAGAAGTTGCTTCTGAATGCTTTCCAAATTATCACTTTCCAGTTACTACTGCTAATCATCATGTTGAATTTCCATTGCAAGAAATGTTGGTT,0.22009989547317954,0.09118434759105332,0.09666372423533938,0.08630241778354107,0.19137163966121043,0.106806045559323,0.19212352075933503,0.01544840893701821,1017.8025755703486
GATTCTTTGCCAGTTGGTTTGAGATTTAGACCAACTGATGAAGAATTGATTAGATATTATTTGAGAAGGAAGATTAATGGTCATGATGATGATGTTAAAGCTATTAGAGAAATTGATATT,0.0913908391919443,0.13792572150984983,0.05686093905640842,0.05076606096888398,0.09005712309125234,0.1884810075996755,0.27547086030271123,0.10904744827927437,1823.5799572962442
GATTCTTTGGGTAATCCATCTTTGTCTGTTATTCCATCTAATCCATATCAAGAACAATTGTCTGATACTCCATTGATTCCATTGACTATCTTTGTTGGTGAGAATACTGGTGTTCCACCA,0.06637675191034896,0.06285479267905196,0.1554742290329738,0.12145793810324972,0.1615964328345031,0.15747157213345228,0.16295557696586369,0.11181270634055653,1608.0780315296702
GATTCTTTGGTTATTCAACCTAAGAATATTGAATTGGATACTCCACCAGAATTTAGATTGTCTCAATTGGAATTTGGTTCTCAAGATTCATTCTTGGCTTGGGGTACTGGTAAGACTGAT,0.13759954200447452,0.1845895304965452,0.171221519383877,0.10191228209818792,0.18078863631063213,0.0840829888229737,0.08507762708817403,0.0547278737951356,993.1426886896332
GATTGGAAGAGAGATTGGGAAGAATGTCAGAAGATTGTTTGGGATCCATCTAATATTGAATGGGATACTCCACCAGAATGGAGATGGTCTCAATGGGAATGGGGTTCTCAAGATTCTTGG,0.15427131873006864,0.11993964876512579,0.19196698772048057,0.11685695557146566,0.12437996209812896,0.16711609177333347,0.05853217463537843,0.06693686070601852,1072.6305116984572
GATTGGACTTTGTGTCATATCTTCTATGAGAAAGTTAAACCAGAATTTGGTAATTTGCATATTGTTGAATCTGAATCTGAATCTGAAGAAGAAGAAGAAGATGAATCTGTTGATAAACCA,0.15301078531831536,0.3078955272456181,0.0,0.08499489582377212,0.15077781591172143,0.07012525603807589,0.1419095697283313,0.09128614993416592,1297.1534435473263
GATTGGCCAGGTTTGCCAAGAGGTGTTAAATTTGATCCATCTGATCCAGAAATTATTTGGCATTTGTTGGCTAAGACTGGTTCTTTGGGTTTGACTCCACATCCATTTATTGATGAATTT,0.0007164621022218569,0.00021625483091553417,0.0005603885043302757,0.007675377651881935,0.02861343008376034,0.10819816279133965,0.45261628667141995,0.4014036373641305,3898.739205431127
GATTGTACTATTGATAAATTTAGAAGGAAGAATTGTCCATCTTGTAGATTGAGGAAATGTTATGAAGCTGGTATGACTTTGGGTGCTAGGAAATTGAAGAAATTGGGTAATTTGAAATTG,0.1577244434104944,0.052896762105547786,0.1962638716038967,0.0,0.07771134251697626,0.024095179422841197,0.14628124320426328,0.3450271577359804,2766.196093496844
GATTGTCAACATGTTATTGATAATTCTGATGTTGTTGATGATTGGCCAGGTTTGCCAGATGGTGTTGACTTTGATCCATCTGATCCAGAAATTATTTGGCATTTGTTGGCTGATTCTGGT,0.0013591048899922824,0.0012510507076470088,0.0006476926674439927,0.0010922821376610457,0.001966163419389307,0.004426434067563023,0.3339250420641621,0.6553322300461413,5040.280981192296
GATTGTGAAGATGAGAAATTGCAAAGATTTAAGATTGTCTTGGATCCATCTAATATTGAATTGGATACTCCACCAGAATTTAGATTGTCTCAATTGGAATTTGGTTCTCAAGATTCATTT,0.11019122370865884,0.12318443526359804,0.1523511914140248,0.13602079037656728,0.2654254616359171,0.11222430075607456,0.056775914745716624,0.043826682099442835,946.2224095166741
GATTTGAAATGGTACTTCTTCTGTCCAAGAGAGAAGAAATATCCTAAAGGTGGTAAAGCTAATAGATCTACTGAATGTGGTTATTGGAAGACTACTGGTAGAGATAGAGATGTTTCTTAT,0.54301598766787,0.21525618167573268,0.16787995887492027,0.04241758645253762,0.00010610157454491981,0.006770378552980456,0.012143101887601352,0.012410703313812735,326.0389021275144
GATTTGAAGAGAGATTTGGAAGAATGTCAGAAGATTGTCTTGGATCCATCTAATATTGAATTGGATACTCCACCAGAATTGAGATTGTCTCAATTGGAATTGGGTTCTCAAGATTCTTTG,0.053764275917102124,0.040570130512460584,0.016725348204285558,0.0398201910722228,0.07946949700302089,0.04517390682841595,0.3074920656870903,0.4169845847754018,3613.309926025323
GATTTGATGAAAGAAGATCAAGAAGAAGAGAAAGATAGAGATAATGAGAATCAAGGTGAAGAAGATCCAACTTGGTTTGATTCTGGTTCTCAATTTATCTTAAATTCTCAACAATTGGTT,0.021940898048183843,0.05624336243371489,0.13815303274614513,0.2160129210719994,0.3078631828117547,0.21784278599669402,0.03627394842382509,0.00566986846768305,832.7007608536031
GATTTGATGAAAGAAGATGAAGAACAAGAGAAAGATAGAGATAATGAGAATCAAGGTGAAGAAGATCCAACTTGGTTTGATTCTGGTTCTCAATTTATCTTAAATTCTCAACAATTGGTT,0.010671919415063309,0.060844530468005704,0.06197130994573665,0.12251345109699747,0.19279660225757383,0.29997946155877586,0.23424442866205025,0.016978296595796798,1369.539493896967
GATTTGATGGAAGATAAAGAAGAACAAGAGAAAGATAGAGATAATGAGAATCAAGGTGAAGAAGATCCAACTTGGTTTGATTCTGGTTCTCAATTTATCTTAAATTCTCAACAATTGGTT,0.030732337777275114,0.04122737415204464,0.025494452921325628,0.13657033874397392,0.15141922049086337,0.15023694272159402,0.25652384826869695,0.2077954849242264,2396.950163868749
GATTTGATGGAGAAAGATGAAGAACAAGAGAAAGATAGAGATAATGAGAATCAAGGTGAAGAAGATCCAACTTGGTTTGATTCTGGTTCTCAATTTATCTTAAATTCTCAACAATTGGTT,0.057520970469890166,0.0,0.09543469711034791,0.0639038468118414,0.13225691672586007,0.17574677381372023,0.3378688783329415,0.13726791673539884,2161.570750629345
GATTTGCAAGCTGATTGTGAAGATTTGGCTAAAGATGATTTGTTGATTGTTGAAACTGAGAATAATGAAGGTATTGATAATATTGAGAATAATGCTGAAGAAGATTCTAAATGGTGGGAT,0.1136809551576225,0.09358125785917375,0.1028789146641758,0.14925853633446987,0.17312482764711837,0.1894555952200477,0.1533573694801418,0.024662543637250237,1091.9653610978644
GATTTGCCAAATGGTGCTAATGATAATTTGTTTATTGATACTAATCCAAATAATTTGAATGAGAAATTGAGAAATCAATTAAATTCTGATACTAATGATTATTCTAATTCTATTTCTAAT,0.04284063049616076,0.04310296978970942,0.05330859200590486,0.07139173069017725,0.10553858483005603,0.25524169613036773,0.3774584031155381,0.05111739294208584,1801.97054892817
GATTTGCCATCTCAACAAACTAATCCAGATAGATTTACTCAAACTCAAGAACCATTGATTACTTCTAATAAACCATCTTTGGTTAACTTCTCTCACTTCTTGAGACCAGCTACATTTGCT,0.2713066734698584,0.18197869973561437,0.0843998827572114,0.18838281889649688,0.1113947283273721,0.062170290487474314,0.07339000442437751,0.02697690190159506,734.6266311469669
GATTTGGAAAGAGATGAGAAATTCTGTCAGAAGATTGTCTTGGATCCATCTAATATTGAATTGGATACTCCACCAGAATTTAGATTGTCTCAATTGGAATTTGGTTCTCAAGATTCATTT,0.0014489491985730891,0.004017221796106329,0.021417205516854713,0.09829975131198486,0.31169924133613136,0.41988678721139244,0.12845292550571175,0.01477791812324556,1297.2289005118905
GATTTGGAAGATTGTCAGAAATTGGTCTTGGATCCATGTAATATTGATTTGGATACTCCACCAGAATTTAGATTGGATCAATTGGAATTTGGTTCTCAAGAATCATTCTTGGCTTGGGGT,0.10714332958226672,0.12319935256834387,0.2476006661939184,0.20405589319423775,0.21115945768549924,0.05611894540896258,0.014195697539181682,0.03652665782758969,734.7571821340312
GATTTGGAAGATTGTCAGAAATTGGTCTTGGATCCATGTAATATTGATTTGGATACTCCACCAGAATTTAGATTGGCTCAATTGGAATTTGGTTCTCAAGAATCATTCTTGGCTTGGGGT,0.22164349719415613,0.15390192980225487,0.18645723550727195,0.15606659547835683,0.07382837184888402,0.06867367652822977,0.07238128569253315,0.06704740794831332,970.7265947041477
GATTTGGAAGATTGTCAGAAATTGGTCTTGGATCCATGTAATATTGATTTGGATACTCCACCAGAATTTAGATTGTCTCAATTGGAATTTGGTGATCAAGAATCATTCTTGGCTTGGGGT,0.1842138408244449,0.13479410505983372,0.14587100351046764,0.037210059592972584,0.1650231893632201,0.18420152863481393,0.1087219546143968,0.03996431839985041,1040.2665430370307
GATTTGGAAGATTGTCAGAAATTGGTCTTGGATCCATGTAATATTGATTTGGATACTCCACCAGAATTTAGATTGTCTCAATTGGAATTTGGTGCTCAAGAATCATTCTTGGCTTGGGGT,0.00081883814337184,0.0008294995106732647,0.0004989829082808579,0.00031524305887523676,0.000314643456032215,0.007519805413401917,0.36734544922460904,0.6223575382847555,4919.621020665179
GATTTGGAAGATTGTCAGAAATTGGTCTTGGATCCATGTAATATTGATTTGGATACTCCACCAGAATTTAGATTGTCTCAATTGGAATTTGGTTCTCAAGAATCATTCTTGGCTTGGGGT,0.00023031727847722323,0.00038621275260104234,0.00028659451758892705,0.00028430520327718344,0.0004539122669462002,0.0011493769996391758,0.33866256061620387,0.6585467203652663,5066.472185569386
GATTTGGAAGATTGTCAGAAATTGGTCTTGGATCCATGTAATATTGATTTGGATGATCCACCAGAATTTAGATTGGATCAATTGGAATTTGGTGATCAAGAATCATTCTTGGCTTGGGGT,0.02203811109367396,0.03801096665311082,0.07051640952862523,0.22210117223172346,0.31333802787799353,0.2755891472864522,0.04525824043294542,0.013147924895475442,962.7865853531366
GATTTGGAAGATTGTCAGAAATTGGTCTTGGATCCATGTAATATTGATTTGGATGATCCACCAGAATTTAGATTGTCTCAATTGGAATTTGGTTCTCAAGAATCATTCTTGGCTTGGGGT,0.0019361725450360297,0.001498483776693316,0.0007413137486251151,0.0008273161590428635,0.0010273398846363205,0.0009556110361809367,0.35983058258991835,0.633183180259867,4961.209806591136
GATTTGGAAGATTGTCAGAAATTGGTCTTGGATCCATGTAATATTGATTTGGATGCTCCACCAGAATTTAGATTGGCTCAATTGGAATTTGGTGCTCAAGAATCATTCTTGGCTTGGGGT,0.2174326691787471,0.19887649267795202,0.0860877812088226,0.1756802320909353,0.13634699035280826,0.03623635612704573,0.05499750728595776,0.0943419710777313,1089.7446094422237
GATTTGGAAGATTGTCAGAAATTGGTCTTGGATCCATGTAATATTGATTTGGATGCTCCACCAGAATTTAGATTGTCTCAATTGGAATTTGGTTCTCAAGAATCATTCTTGGCTTGGGGT,0.12451660446519902,0.18310021654680445,0.09534880665343773,0.05320527822136377,0.10382262516102636,0.043897150784043534,0.13324926279087476,0.26286005537725027,2275.6583119382376
GATTTGGAATGGTACTTCTTCTCTCCAATTGAATATACTAATCCAAATAAGATGAAGATGAAGAGAACTACTGGTTCTGGATTCTGGAAACCATCTGGTGTTGATAGGAAGATTAGAGAT,0.19680184660160796,0.1584055874133474,0.19591176366900545,0.04372803502715547,0.07757192419149606,0.09019481765937937,0.0730094033956501,0.1643766220423583,1569.6467328981462
GATTTGGAATGGTTCTTCTTCTGTCCAAGAGATAAGAAATATGCTAATGGTTCTAGAACTAATAGAGCTACTAAAGCTGGTTATTGGAAAGCTACTGGTAAAGATAGGAAGATTACTTGT,0.07268465497361014,0.1279770579852118,0.1356673526580819,0.060562639404308685,0.05371794627623298,0.0749510406490959,0.23593937068519183,0.23849993736826672,2386.7174673525606
GATTTGGATATGAAAGAAGAAGAACAAGAGAAAGATAGAGATAATGAGAATCAAGGTGAAGAAGATCCAACTTGGTTTGATTCTGGTTCTCAATTTATCTTAAATTCTCAACAATTGGTT,0.01165151224088151,0.01172286155237963,0.05557765769500174,0.19200911658355804,0.29277762273031155,0.3364149296903301,0.07204115646044644,0.02780514304709118,1165.1694182141546
GATTTGTCTAGAGGTGGTTCTTCTGTTAATCATGGTCCACAATTTCAAGTTTCTGGTATGCAACAACAACCAGTTGCTATGGGTATTCCAAGAGTTTCTGGTGGTGGTATCTTTGCTGGT,0.43664656733285395,0.31091460100387996,0.1322731947989746,0.06549777954170519,0.033392112557028335,0.004874213364794331,0.0065926039112906495,0.009808927489472872,324.8591020280983
GATTTGTCTATTACTCAAATGAATATGGCTCCATTGTCTCCAGCTTCTTCTTCTTCTACTTCTTTGGCTACTAATCACTTCTATCATCACTTTCCACAACAAGGTCATCATACTATGAAT,0.11304637348966429,0.16349927392722308,0.07912623832623891,0.14913893948912654,0.1253212047311546,0.07771418729059115,0.1572669748857197,0.1348868078602818,1621.8418339168152
GATTTGTGGAAATTGTTGCCAGAGAATAATGTCTTGGATCCATTGCCAGATCAAGCTATGGATGATTTGATGTTGGATCCAGATGATATTGAACAATGGTTTGATGAAGATCCAGGTCCA,0.04636819511397096,0.0839738445045507,0.09231696795321016,0.09272428514224226,0.191904379318993,0.3145099014090323,0.11181065158535448,0.06639177497264621,1391.7893300342432
GATTTGTGGAAATTGTTGCCAGAGAATAATGTCTTGGCTCCATTGCCAGCTCAAGCTATGGATGATTTGATGTTGGCTCCAGATGATATTGAACAATGGTTTGCTGAAGATCCAGGTCCA,0.017654312544684896,0.04467116240959524,0.23738645369409425,0.30312859660758623,0.22472867143828676,0.14901966531793256,0.018695069433530172,0.004716068554289804,694.2405637579084
GATTTGTGGAAATTGTTGCCAGAGAATAATGTCTTGTCTCCATTGCCATCTCAAGCTATGGATGATTTGATGTTGTCTCCAGATGATATTGAACAATGGTTTACTGAAGATCCAGGTCCA,0.000279095235849226,0.0002674326724739695,0.00031421584941228125,0.0003543603872153464,0.00045837041274758583,0.0005481861434674613,0.27389642701582123,0.7238819122830129,5313.139567509094
GATTTGTTGCAAGATCAATCTCCTAAGAGAGATGGTGAGAATGAACATAAGAAGAGATCTTCTTTGTCTGTTTATGCTAATTTGGGTCCAGAACATTTGAAGAAAGATATTGTTGAATGT,0.437814847447787,0.32452710923435807,0.1780632181795294,0.026126031693155926,0.009434673616909448,0.01084929959194787,0.007590514538256762,0.0055943056980555855,289.7490575169778
GATTTGTTGCAAGCTCAATCTCCTAAGAGAGATGGTGAGAATGAACATAAGAAGAGATCTTCTTTGTCTGTTTATGCTAATTTGGGTCCAGAACATTTGAAGAAAGATATTGTTGAATGT,0.14881961287906847,0.23084808947979785,0.21439963918538502,0.20169944025157124,0.12270646069385681,0.06971118466704694,0.008157655042319637,0.003657917800953997,479.5300656135694
GATTTGTTGCAATCTCAATCTCCTAAGAGAGATGGTGAGAATGAACATAAGAAGAGATCTTCTTTGTCTGTTTATGCTAATTTGGGTCCAGAACATTTGAAGAAAGATATTGTTGAATGT,0.29056861956988267,0.23666262484692344,0.1033051622188294,0.061487976932622514,0.027269351814824302,0.06341351565692312,0.13474366429116516,0.08254908466882933,1144.0819235456079
GATTTGTTGGCTGATCAATCTCCAAATAGAGATGGTAATGAGAATGATAAAGAAAATTCTAAACCATCTTTGGCTGATTATGCTCAATTGGGTCCAGAAGATTTGAAGAAAGATTTGGAA,0.566264539765415,0.32722843223753273,0.0705160648580095,0.02087163828437429,0.0015661046072908194,0.0055878674465732504,0.005785966944857397,0.002179385855947034,231.338310585109
GATTTGTTGGCTGCTCAATCTCCAAATAGAGATGGTAATGAGAATGATAAAGAAAATTCTAAACCATCTTTGGCTGATTATGCTCAATTGGGTCCAGAAGATTTGAAGAAAGATTTGGAA,0.34101688894590665,0.3047114013849656,0.22678467103183314,0.08490046033292944,0.009780948953709232,0.012722077250313303,0.010778351486650786,0.009305200613691915,350.11129347882496
GATTTGTTGGCTTCTCAATCTCCAAATAGAGATGGTAATGAGAATGATAAAGAAAATTCTAAACCATCTTTGGCTGATTATGCTCAATTGGGTCCAGAAGATTTGAAGAAAGATTTGGAA,0.05061399428770881,0.08333007484241275,0.13168827862824967,0.2198098650350337,0.24937678404149707,0.15604938524443912,0.09815115209817,0.010980465822488775,907.4742093031638
GATTTGTTTGATAAAGAAGAAAGATGTCAGAAGATTGTCTTGGATCCATCTAATATTGAATTGGATACTCCACCAGAATTTAGATTGTCTCAATTGGAATTTGGTTCTCAAGATTCATTT,0.015424342463709774,0.07759397557174082,0.05757968334039425,0.15422329090244133,0.19759020665299867,0.09896624915237265,0.21457916817568395,0.18404308374065867,2128.661502359057
GATTTGTTTGATTGTTTGTGTTGTGATTTGGAATCTTGGAGACAATTGGCTGGTTTGTTTCAACCATTTATGTTTGTTAATGGTGCTTTGACTGTTAGAGGTGTTCCAATTGAAGCTAGA,0.2850488609162329,0.2517787948536549,0.19178523530223823,0.14821342412901398,0.04654265212030101,0.03797635540270642,0.02382386394650517,0.014830813329347315,480.30448731208827
GCATTTAAGAGAGATTTGGAAGAATGTCAGAAGATTGTCTTGGATCCATCTAATATTGAATTGGATACTCCACCAGAATTTAGATTGTCTCAATTGGAATTTGGTTCTCAAGATTCATTT,0.0011680168155589362,0.00023503385889440254,0.051160304054234565,0.030623998556895415,0.21799396657965622,0.24474156496230853,0.3588890189013867,0.09518809627106523,2070.29356308652
GCATTTAAGAGAGATTTGGAAGAATGTCAGAAGATTGTCTTGGATCCATCTAATATTGAATTGGATACTCCACCAGAATTTAGATTGTCTCAATTGGAATTTGGTTCTCAAGCTTCATTT,0.02024422182054126,0.0814727581215374,0.07557248450895121,0.022490643663983293,0.1196927214477183,0.07422385215545346,0.4130602535327854,0.1932430647490296,2551.363399272799
GCATTTAAGAGAGATTTGGAAGAATGTCAGAAGATTGTCTTGGATCCATCTAATATTGAATTGGATACTCCACCAGAATTTAGATTGTCTCAATTGGCATTTGGTTCTCAAGATTCATTT,0.06913635782267563,0.05796643490242254,0.04301479517526654,0.07680814811254962,0.2157368092356556,0.26404482881000935,0.24579481736985082,0.02749780857156987,1414.6408322312038
GCATTTAAGAGAGATTTGGAAGAATGTCAGAAGATTGTCTTGGATCCATCTAATATTGAATTGGATACTCCACCAGCATTTAGATTGTCTCAATTGGAATTTGGTTCTCAAGATTCATTT,0.06531093917203151,0.0584096692107773,0.1264191347048669,0.2015506604660194,0.31463823698782584,0.15963829205888683,0.0740330673995922,0.0,816.3718042850866
GCATTTAAGAGAGATTTGGAAGAATGTCAGAAGATTGTCTTGGATCCATCTAATATTGAATTGGCTACTCCACCAGAATTTAGATTGTCTCAATTGGAATTTGGTTCTCAAGATTCATTT,0.07281516915807376,0.1465221216449791,0.0,0.1617903654073988,0.2152576136654086,0.1334855544997852,0.2701291756243546,0.0,1172.7905317791037
GCATTTAAGAGAGATTTGGAAGAATGTCAGAAGATTGTCTTGGATCCATCTAATATTGCTTTGGATACTCCACCAGAATTTAGATTGTCTCAATTGGAATTTGGTTCTCAAGATTCATTT,0.02848769305411367,0.06210130455324113,0.0945295023982613,0.16615651787386562,0.25498693996409444,0.19583979964529133,0.11008690921830225,0.0878113332928304,1438.977342356597
GCATTTAAGAGAGATTTGGAAGAATGTCAGAAGATTGTCTTGGATCCATCTAATATTGCTTTGGCTACTCCACCAGCATTTAGATTGTCTCAATTGGCATTTGGTTCTCAAGCTTCATTT,0.14963835853400556,0.18597931727571546,0.16429586430815177,0.16624313989865744,0.08673800281246766,0.11295474027324601,0.0816363639689463,0.05251421292880982,967.4149291084944
GCATTTAAGAGAGATTTGGAAGAATGTCAGAAGATTGTCTTGGCTCCATCTAATATTGAATTGGATACTCCACCAGAATTTAGATTGTCTCAATTGGAATTTGGTTCTCAAGATTCATTT,0.009681379940547605,0.009366023972210548,0.12603007026192736,0.16960887374140324,0.3074845781587453,0.2450590648170355,0.11810809407913506,0.014661915028995432,1099.4808391805943
GCATTTAAGAGAGATTTGGAAGCTTGTCAGAAGATTGTCTTGGATCCATCTAATATTGAATTGGATACTCCACCAGAATTTAGATTGTCTCAATTGGAATTTGGTTCTCAAGATTCATTT,0.08059419930891597,0.18920469567198506,0.16714519368035477,0.05969161420014563,0.026472681477261745,0.024624359430890155,0.09966258803464557,0.3526046681958011,2694.728105736828
GCATTTAAGAGAGATTTGGAAGCTTGTCAGAAGATTGTCTTGGCTCCATCTAATATTGCTTTGGCTACTCCACCAGCATTTAGATTGTCTCAATTGGCATTTGGTTCTCAAGCTTCATTT,0.326478680392357,0.317876609774476,0.1840414964856328,0.10420670535006658,0.02674458973923066,0.016461602883549056,0.01078995040985261,0.013400364964835126,390.6133173892604
GCATTTAAGAGAGATTTGGCTGAATGTCAGAAGATTGTCTTGGATCCATCTAATATTGAATTGGATACTCCACCAGAATTTAGATTGTCTCAATTGGAATTTGGTTCTCAAGATTCATTT,0.027378734189327746,0.08657437129680758,0.13140758917112014,0.25637054961599615,0.2158334517351323,0.21868931881946246,0.05441219221103194,0.009333792961121721,857.9886221502072
GCATTTAAGAGAGATTTGGCTGAATGTCAGAAGATTGTCTTGGCTCCATCTAATATTGCTTTGGCTACTCCACCAGCATTTAGATTGTCTCAATTGGCATTTGGTTCTCAAGCTTCATTT,0.26671209317127276,0.2204715184534804,0.21190605719359748,0.16832525152332992,0.08020323111672997,0.03213686786597899,0.012774544650099275,0.007470436025511249,429.3072935563399
GCATTTAAGAGAGATTTGGCTGCTTGTCAGAAGATTGTCTTGGATCCATCTAATATTGCTTTGGCTACTCCACCAGCATTTAGATTGTCTCAATTGGCATTTGGTTCTCAAGCTTCATTT,0.154989056384526,0.1913351519614611,0.2023256285997187,0.16056756270469394,0.14148349549838574,0.12724733545174263,0.01410987127050824,0.00794189812896365,582.9147399017847
GCATTTAAGAGAGATTTGGCTGCTTGTCAGAAGATTGTCTTGGCTCCATCTAATATTGAATTGGCTACTCCACCAGCATTTAGATTGTCTCAATTGGCATTTGGTTCTCAAGCTTCATTT,0.13259570347376226,0.19263999562166312,0.22519064136281117,0.2568951579275095,0.10887731064382998,0.060185533967409485,0.012753496856149961,0.010862160146864683,532.3227925354992
GCATTTAAGAGAGATTTGGCTGCTTGTCAGAAGATTGTCTTGGCTCCATCTAATATTGCTTTGGATACTCCACCAGCATTTAGATTGTCTCAATTGGCATTTGGTTCTCAAGCTTCATTT,0.14705465527650113,0.09041704256826828,0.11182536275732667,0.1724489961881324,0.16906004139164346,0.12730269716597215,0.11365463995137526,0.06823656470078067,1196.4100186017206
GCATTTAAGAGAGATTTGGCTGCTTGTCAGAAGATTGTCTTGGCTCCATCTAATATTGCTTTGGCTACTCCACCAGAATTTAGATTGTCTCAATTGGCATTTGGTTCTCAAGCTTCATTT,0.293178227025376,0.25312905245967193,0.23931375163670995,0.13832995388155792,0.023815502540203096,0.030058793615239908,0.008316428325016086,0.013858290516225226,417.9561855876609
GCATTTAAGAGAGATTTGGCTGCTTGTCAGAAGATTGTCTTGGCTCCATCTAATATTGCTTTGGCTACTCCACCAGCATTTAGATTGTCTCAATTGGAATTTGGTTCTCAAGCTTCATTT,0.0012559353687458623,0.0010598155448482696,0.0007562026837326652,0.0007651653866814481,0.096772868959229,0.23811213122951533,0.5004946748206972,0.16078320600655024,2720.316151846356
GCATTTAAGAGAGATTTGGCTGCTTGTCAGAAGATTGTCTTGGCTCCATCTAATATTGCTTTGGCTACTCCACCAGCATTTAGATTGTCTCAATTGGCATTTGGTTCTCAAGATTCATTT,0.3286832649597903,0.3231086562406769,0.22566558312711138,0.06886730155592496,0.02191662418244377,0.016954163392036276,0.005495311371363653,0.00930909517065263,346.0772671864827
GCATTTAAGAGAGATTTGGCTGCTTGTCAGAAGATTGTCTTGGCTCCATCTAATATTGCTTTGGCTACTCCACCAGCATTTAGATTGTCTCAATTGGCATTTGGTTCTCAAGCTTCATTT,0.40185773608584113,0.17824796552710337,0.12366835356498448,0.09121027877494854,0.055353889306267084,0.0316855888959399,0.05610570960088753,0.06187047824402802,810.8151778152783
GCATTTAAGAGAGCTTTGGAAGAATGTCAGAAGATTGTCTTGGATCCATCTAATATTGAATTGGATACTCCACCAGAATTTAGATTGTCTCAATTGGAATTTGGTTCTCAAGATTCATTT,0.18796769534301164,0.19716634190730986,0.20403777247256047,0.14884387336673738,0.043350433800148996,0.06598424855910369,0.08345599049208295,0.06919364405904503,993.4241743790251
GCATTTAAGAGAGCTTTGGAAGAATGTCAGAAGATTGTCTTGGATCCATCTAATATTGAATTGGCTACTCCACCAGCATTTAGATTGTCTCAATTGGCATTTGGTTCTCAAGCTTCATTT,0.2082472717129745,0.08380899867697472,0.18139224611923602,0.23135565415218293,0.0923436928312686,0.11452834426846177,0.03862770936624912,0.04969608287265245,865.9688374955243
GCATTTAAGAGAGCTTTGGAAGAATGTCAGAAGATTGTCTTGGCTCCATCTAATATTGAATTGGCTACTCCACCAGAATTTAGATTGTCTCAATTGGAATTTGGTTCTCAAGCTTCATTT,0.017258884077161505,0.009121894758093782,0.054777477497012915,0.1615230392148647,0.2083897634403942,0.47008201188787124,0.078716591900558,0.00013033722404373553,1108.5929397095194
GCATTTAAGAGAGCTTTGGAAGAATGTCAGAAGATTGTCTTGGCTCCATCTAATATTGCTTTGGCTACTCCACCAGCATTTAGATTGTCTCAATTGGCATTTGGTTCTCAAGCTTCATTT,0.08880479766845278,0.0771647030870979,0.08538941296465836,0.13453516027607199,0.1113748631860804,0.18869758233570974,0.16472369056500977,0.14930978991691907,1844.4344497805473
GCATTTAAGAGAGCTTTGGAAGCTTGTCAGAAGATTGTCTTGGATCCATCTAATATTGCTTTGGCTACTCCACCAGCATTTAGATTGTCTCAATTGGCATTTGGTTCTCAAGCTTCATTT,0.11211846567650158,0.1179325369906685,0.16170967478059461,0.13305252622395403,0.19083299467791368,0.19385855589192472,0.06617167679779928,0.0243235689606436,900.7609680234577
GCATTTAAGAGAGCTTTGGAAGCTTGTCAGAAGATTGTCTTGGCTCCATCTAATATTGAATTGGCTACTCCACCAGCATTTAGATTGTCTCAATTGGCATTTGGTTCTCAAGCTTCATTT,0.06142899065944348,0.0463538683594471,0.09554869298353,0.1535524304942741,0.2459133790354874,0.22522457821218242,0.10326211925215487,0.06871594100348044,1328.264697617416
GCATTTAAGAGAGCTTTGGAAGCTTGTCAGAAGATTGTCTTGGCTCCATCTAATATTGCTTTGGATACTCCACCAGCATTTAGATTGTCTCAATTGGCATTTGGTTCTCAAGCTTCATTT,0.45745033451604744,0.12494559811255827,0.35358410635915255,0.006235727641639005,0.017284298834104823,0.01864991097884381,0.014315570949741221,0.007534452607912738,340.30162084844915
GCATTTAAGAGAGCTTTGGAAGCTTGTCAGAAGATTGTCTTGGCTCCATCTAATATTGCTTTGGCTACTCCACCAGAATTTAGATTGTCTCAATTGGCATTTGGTTCTCAAGCTTCATTT,0.009674359010236267,0.09733601007351808,0.04815302215886412,0.13972250059158284,0.1429976376052268,0.16848382449026866,0.197394259999693,0.19623838607061017,2207.8171544796924
GCATTTAAGAGAGCTTTGGAAGCTTGTCAGAAGATTGTCTTGGCTCCATCTAATATTGCTTTGGCTACTCCACCAGCATTTAGATTGTCTCAATTGGAATTTGGTTCTCAAGCTTCATTT,0.3988777112624128,0.2602919823836232,0.24643281740291825,0.047976491200729034,0.002438414417590729,0.03248596718973939,0.010734654255347299,0.0007619618876393206,303.5383378639873
GCATTTAAGAGAGCTTTGGAAGCTTGTCAGAAGATTGTCTTGGCTCCATCTAATATTGCTTTGGCTACTCCACCAGCATTTAGATTGTCTCAATTGGCATTTGGTTCTCAAGATTCATTT,0.12025489458757899,0.18506872630305252,0.1594053994962444,0.27426744676221493,0.16601041899626892,0.07402375973201092,0.020434200715582863,0.0005351534070465215,532.8127786419698
GCATTTAAGAGAGCTTTGGAAGCTTGTCAGAAGATTGTCTTGGCTCCATCTAATATTGCTTTGGCTACTCCACCAGCATTTAGATTGTCTCAATTGGCATTTGGTTCTCAAGCTTCATTT,0.12245754963701758,0.10223595409332326,0.09402147566859478,0.0955217882844392,0.11810300357598913,0.16000918797232938,0.19573223944863577,0.1119188013196709,1648.0731033640477
GCATTTAAGAGAGCTTTGGCTGAATGTCAGAAGATTGTCTTGGATCCATCTAATATTGAATTGGATACTCCACCAGCATTTAGATTGTCTCAATTGGCATTTGGTTCTCAAGCTTCATTT,0.22876090074187508,0.20278543118462572,0.2794860084445628,0.18300576459616383,0.04780944075497935,0.05203990361099439,0.006013365618165172,9.91850486337356e-05,386.6606093818766
GCATTTAAGAGAGCTTTGGCTGAATGTCAGAAGATTGTCTTGGATCCATCTAATATTGCTTTGGCTACTCCACCAGCATTTAGATTGTCTCAATTGGCATTTGGTTCTCAAGCTTCATTT,0.2594812435539447,0.23447972149158675,0.1913390208984723,0.16549112262818494,0.042615748830743906,0.05946047725800615,0.015598035134446527,0.03153463020461473,591.7910470509885
GCATTTAAGAGAGCTTTGGCTGAATGTCAGAAGATTGTCTTGGCTCCATCTAATATTGAATTGGCTACTCCACCAGCATTTAGATTGTCTCAATTGGCATTTGGTTCTCAAGCTTCATTT,0.10523824743484025,0.1323533567133306,0.15823469760428963,0.16563117386297593,0.09938151323467885,0.1125389368622987,0.15860490402510927,0.06801717026247688,1253.2202982913182
GCATTTAAGAGAGCTTTGGCTGAATGTCAGAAGATTGTCTTGGCTCCATCTAATATTGCTTTGGATACTCCACCAGCATTTAGATTGTCTCAATTGGCATTTGGTTCTCAAGCTTCATTT,0.019005188191968194,0.014022483598687392,0.015766027275001128,0.04222823867290262,0.12984632384091702,0.23110875778066906,0.3983549816895203,0.14966799895033425,2431.6815551758496
GCATTTAAGAGAGCTTTGGCTGAATGTCAGAAGATTGTCTTGGCTCCATCTAATATTGCTTTGGCTACTCCACCAGAATTTAGATTGTCTCAATTGGCATTTGGTTCTCAAGCTTCATTT,0.11240747560846003,0.08225150188968228,0.06357902624665565,0.20435055056830653,0.2114643726298187,0.14986661693020328,0.06634224880566182,0.10973820732121166,1393.7303824975795
GCATTTAAGAGAGCTTTGGCTGAATGTCAGAAGATTGTCTTGGCTCCATCTAATATTGCTTTGGCTACTCCACCAGCATTTAGATTGTCTCAATTGGAATTTGGTTCTCAAGCTTCATTT,0.35982342580597837,0.2887393104190957,0.2377203095176874,0.07436803786953516,0.007421538872573196,0.018649394944804634,0.0009382874521578816,0.012339695118167675,347.64299329035396
GCATTTAAGAGAGCTTTGGCTGAATGTCAGAAGATTGTCTTGGCTCCATCTAATATTGCTTTGGCTACTCCACCAGCATTTAGATTGTCTCAATTGGCATTTGGTTCTCAAGATTCATTT,0.2042599875908446,0.2428763952718093,0.06931915003988824,0.17535184476894644,0.10978860587459174,0.07659237584586177,0.07749840581583929,0.044313234792218575,867.2663038155139
GCATTTAAGAGAGCTTTGGCTGAATGTCAGAAGATTGTCTTGGCTCCATCTAATATTGCTTTGGCTACTCCACCAGCATTTAGATTGTCTCAATTGGCATTTGGTTCTCAAGCTTCATTT,0.05070404129761475,0.17843948022660025,0.15794013861660744,0.19475829447724316,0.20378366721508492,0.18930180822926712,0.017146804957274546,0.007925764980307764,707.2117875704598
GCATTTAAGAGAGCTTTGGCTGCTTGTCAGAAGATTGTCTTGGATCCATCTAATATTGAATTGGATACTCCACCAGAATTTAGATTGTCTCAATTGGAATTTGGTTCTCAAGATTCATTT,0.1450030585349228,0.11671280051784216,0.25260768379295867,0.1288747830805765,0.14288695022989426,0.10632846917201898,0.10758625467178665,0.0,729.4669212705179
GCATTTAAGAGAGCTTTGGCTGCTTGTCAGAAGATTGTCTTGGATCCATCTAATATTGAATTGGATACTCCACCAGAATTTAGATTGTCTCAATTGGCATTTGGTTCTCAAGCTTCATTT,0.13012951799415529,0.17456850713574135,0.12144466542043227,0.13252202323245518,0.2457750623938477,0.10933763398131696,0.06034419034282048,0.02587839949923078,825.3570754470992
GCATTTAAGAGAGCTTTGGCTGCTTGTCAGAAGATTGTCTTGGATCCATCTAATATTGAATTGGCTACTCCACCAGCATTTAGATTGTCTCAATTGGCATTTGGTTCTCAAGCTTCATTT,0.0023954704978286652,0.001807604567864067,0.0033533949593172047,0.004657251300678313,0.0076716643158493344,0.011527431267315634,0.3865713944737012,0.5820157886174455,4727.6816175596805
GCATTTAAGAGAGCTTTGGCTGCTTGTCAGAAGATTGTCTTGGATCCATCTAATATTGCTTTGGATACTCCACCAGCATTTAGATTGTCTCAATTGGCATTTGGTTCTCAAGCTTCATTT,0.1931412633751353,0.18217873599173326,0.18025100277806613,0.08046502175822291,0.10705648957276014,0.05532322655198145,0.10075978538375241,0.10082447458834845,1230.5499379097541
GCATTTAAGAGAGCTTTGGCTGCTTGTCAGAAGATTGTCTTGGATCCATCTAATATTGCTTTGGCTACTCCACCAGAATTTAGATTGTCTCAATTGGCATTTGGTTCTCAAGCTTCATTT,0.033832270341119255,0.055314099676054024,0.04736145359627841,0.11275951380066232,0.1750273227372351,0.24227220068637395,0.2627880409235035,0.07064509823877348,1684.706415157029
GCATTTAAGAGAGCTTTGGCTGCTTGTCAGAAGATTGTCTTGGATCCATCTAATATTGCTTTGGCTACTCCACCAGCATTTAGATTGTCTCAATTGGAATTTGGTTCTCAAGCTTCATTT,0.1185864741496108,0.1312439165552568,0.07378133671990326,0.06587277488633433,0.14022705287149353,0.09782730231185661,0.23096389266312223,0.14149724984242243,1845.0656665865702
GCATTTAAGAGAGCTTTGGCTGCTTGTCAGAAGATTGTCTTGGATCCATCTAATATTGCTTTGGCTACTCCACCAGCATTTAGATTGTCTCAATTGGCATTTGGTTCTCAAGATTCATTT,0.000816114901805437,0.0008758533021896305,0.024846628770080835,0.045696468861456875,0.26506593314740123,0.311540108097064,0.2972110710424241,0.05394782187757786,1774.5716299757673
GCATTTAAGAGAGCTTTGGCTGCTTGTCAGAAGATTGTCTTGGATCCATCTAATATTGCTTTGGCTACTCCACCAGCATTTAGATTGTCTCAATTGGCATTTGGTTCTCAAGCTTCATTT,0.25775100725747246,0.26947074594326975,0.24547612865078114,0.10878200277202225,0.03263552324131418,0.030356911716690006,0.04006436225119441,0.015463318167255819,504.16965393160734
GCATTTAAGAGAGCTTTGGCTGCTTGTCAGAAGATTGTCTTGGCTCCATCTAATATTGAATTGGATACTCCACCAGAATTTAGATTGTCTCAATTGGAATTTGGTTCTCAAGCTTCATTT,0.27343115307932836,0.29902775945270954,0.1923113286749272,0.09773557561134573,0.044516310037565315,0.050125694286411976,0.028667059312482757,0.014185119545229117,489.0477864343484
GCATTTAAGAGAGCTTTGGCTGCTTGTCAGAAGATTGTCTTGGCTCCATCTAATATTGAATTGGATACTCCACCAGCATTTAGATTGTCTCAATTGGCATTTGGTTCTCAAGCTTCATTT,0.054138004594140816,0.09368758230422171,0.177847403759362,0.19727719568687346,0.1771151585436207,0.18658318445290445,0.08234471519084442,0.031006755468032433,986.7487547465159
GCATTTAAGAGAGCTTTGGCTGCTTGTCAGAAGATTGTCTTGGCTCCATCTAATATTGAATTGGCTACTCCACCAGAATTTAGATTGTCTCAATTGGCATTTGGTTCTCAAGCTTCATTT,0.10938584003311874,0.1257779156646175,0.06805694792553621,0.08680282671268902,0.06929325843551475,0.15755716688551835,0.22463861023006038,0.1584874341129451,1968.679754273046
GCATTTAAGAGAGCTTTGGCTGCTTGTCAGAAGATTGTCTTGGCTCCATCTAATATTGAATTGGCTACTCCACCAGCATTTAGATTGTCTCAATTGGAATTTGGTTCTCAAGCTTCATTT,0.2792430124385231,0.2002537252135903,0.2328822393441264,0.1551147567954322,0.06440099030197763,0.032675189758028154,0.02479628443443211,0.010633801713890055,466.64923550027703
GCATTTAAGAGAGCTTTGGCTGCTTGTCAGAAGATTGTCTTGGCTCCATCTAATATTGAATTGGCTACTCCACCAGCATTTAGATTGTCTCAATTGGCATTTGGTTCTCAAGATTCATTT,0.1524992924195226,0.3126718552975178,0.15488679945548647,0.13645302442158452,0.04223911865042304,0.037023254439084184,0.04816441489136654,0.11606224042501484,1159.4695687220337
GCATTTAAGAGAGCTTTGGCTGCTTGTCAGAAGATTGTCTTGGCTCCATCTAATATTGAATTGGCTACTCCACCAGCATTTAGATTGTCTCAATTGGCATTTGGTTCTCAAGCTTCATTT,0.13788711617342883,0.14643878764624765,0.12868452098794728,0.1148909312198475,0.20758658353286433,0.12287729540198727,0.0639415753815803,0.07769318965609685,1141.2483976423555
GCATTTAAGAGAGCTTTGGCTGCTTGTCAGAAGATTGTCTTGGCTCCATCTAATATTGCTTTGGATACTCCACCAGAATTTAGATTGTCTCAATTGGAATTTGGTTCTCAAGATTCATTT,0.07766828100874623,0.11721583685277448,0.0966462597805667,0.15100194432672323,0.15306965128967057,0.17797791444717231,0.1800832587807617,0.046336853513584735,1266.9266827108793
GCATTTAAGAGAGCTTTGGCTGCTTGTCAGAAGATTGTCTTGGCTCCATCTAATATTGCTTTGGATACTCCACCAGAATTTAGATTGTCTCAATTGGCATTTGGTTCTCAAGCTTCATTT,0.21362210403092347,0.23910989465313076,0.22926969340154577,0.12459662802194305,0.08420184030620415,0.0709801006139055,0.02228888532594378,0.015930853646403578,545.1290247818323
GCATTTAAGAGAGCTTTGGCTGCTTGTCAGAAGATTGTCTTGGCTCCATCTAATATTGCTTTGGATACTCCACCAGCATTTAGATTGTCTCAATTGGAATTTGGTTCTCAAGCTTCATTT,0.3009442766087325,0.2325756306975905,0.09769016898482055,0.07752785666681541,0.08595722710202737,0.03997784768537761,0.0768564353274588,0.0884705569271772,1051.6914927931184
GCATTTAAGAGAGCTTTGGCTGCTTGTCAGAAGATTGTCTTGGCTCCATCTAATATTGCTTTGGATACTCCACCAGCATTTAGATTGTCTCAATTGGCATTTGGTTCTCAAGATTCATTT,0.06392380912072142,0.11576745642240142,0.07954337320467926,0.07101718333869711,0.12598186858435076,0.152341562429143,0.1778580554732644,0.21356669142674256,2221.607277748385
GCATTTAAGAGAGCTTTGGCTGCTTGTCAGAAGATTGTCTTGGCTCCATCTAATATTGCTTTGGATACTCCACCAGCATTTAGATTGTCTCAATTGGCATTTGGTTCTCAAGCTTCATTT,0.14262722867911648,0.12410864617265219,0.06235703116971962,0.0685206540454809,0.05317948892093564,0.0459331768612761,0.18590612663431175,0.3173676475165075,2707.2679298912144
GCATTTAAGAGAGCTTTGGCTGCTTGTCAGAAGATTGTCTTGGCTCCATCTAATATTGCTTTGGCTACTCCACCAGAATTTAGATTGTCTCAATTGGAATTTGGTTCTCAAGCTTCATTT,0.11973733939406896,0.06625881025924417,0.14154501123630425,0.2061873891256257,0.21238190538561325,0.13170227023972284,0.07218261301653373,0.05000466134288713,1029.0521175316755
GCATTTAAGAGAGCTTTGGCTGCTTGTCAGAAGATTGTCTTGGCTCCATCTAATATTGCTTTGGCTACTCCACCAGAATTTAGATTGTCTCAATTGGCATTTGGTTCTCAAGATTCATTT,0.4144617083362125,0.276047290470417,0.17233648058520626,0.08346059872271269,0.019769533479681703,0.02550440208790718,0.008061237495124185,0.0003587488227384959,296.59391779699826
GCATTTAAGAGAGCTTTGGCTGCTTGTCAGAAGATTGTCTTGGCTCCATCTAATATTGCTTTGGCTACTCCACCAGAATTTAGATTGTCTCAATTGGCATTTGGTTCTCAAGCTTCATTT,0.07023802904723717,0.0713094557593953,0.12175050632462882,0.24076910171997382,0.2586851249707357,0.18741146350550103,0.04035856226520256,0.009477756407325616,804.974371051641
GCATTTAAGAGAGCTTTGGCTGCTTGTCAGAAGATTGTCTTGGCTCCATCTAATATTGCTTTGGCTACTCCACCAGCATTTAGATTGTCTCAATTGGAATTTGGTTCTCAAGATTCATTT,0.2530107249202424,0.14491547936290014,0.30438526954857154,0.16386284976534504,0.09007192359206609,0.029673182610401954,0.00024083578037911548,0.013839734420093515,450.15528694391026
GCATTTAAGAGAGCTTTGGCTGCTTGTCAGAAGATTGTCTTGGCTCCATCTAATATTGCTTTGGCTACTCCACCAGCATTTAGATTGTCTCAATTGGAATTTGGTTCTCAAGCTTCATTT,0.09770912916213928,0.11029617656108756,0.09786030928209989,0.1959222695952566,0.20900500994350285,0.19004346929781765,0.07072792277126361,0.028435713386832488,952.927730951125
GCATTTAAGAGAGCTTTGGCTGCTTGTCAGAAGATTGTCTTGGCTCCATCTAATATTGCTTTGGCTACTCCACCAGCATTTAGATTGTCTCAATTGGCATTTGGTTCTCAAGATTCATTT,0.3904231459693015,0.21647508855257028,0.20129968399591894,0.1140522580242847,0.008372357322904521,0.038834882614565754,0.010050062609445982,0.02049252091100838,445.81225821066175
GCATTTAAGAGAGCTTTGGCTGCTTGTCAGAAGATTGTCTTGGCTCCATCTAATATTGCTTTGGCTACTCCACCAGCATTTAGATTGTCTCAATTGGCATTTGGTTCTCAAGCTTCATTT,0.13708464479545063,0.19892898697200628,0.21322601100402713,0.2606611287231561,0.09611752856416107,0.057993473387188,0.017114851945754732,0.01887337460825606,581.6677013621121
GCATTTATCTTGGCTTCTGCTGCTTTGGTTGAAGCTTTGTCTTTGTGTGATGATTTGTTGGGTTCTGCTGATAGAGAAGAAGCTACTGCTTCTGGTTCTTTGAAAGATAAAGCTCCATGT,0.1483921966567302,0.20147082041495423,0.25066718717384284,0.2239465313608095,0.08961159663244248,0.0666639310068215,0.017236990406952805,0.002010746347446563,478.47965329765907
GCATTTGCTTTGTGTAGAGTTGTTAAGAAGAATGAATTGAAGAAAAATTCTAAATCTTTGAAGAATAAGAATGAACAAGATATTGGTTCTTGTTATTCTTCTTTGGCTACTTCTCCATGT,0.006294501979350056,0.002111015683903981,0.002610847335121922,0.006992978160126417,0.006202642896865162,0.007692766005844204,0.33470192160614365,0.6333933263326447,4914.9960469450225
GCTAAACATGGTAAATCTGATATTAAACCACATCCATTTATTGATGAATTTATTCCAACTGTTGAAGAAGATGAAGGTATTTGTTATACTCATCCACAGAAATTGCCAGGTGTTAAACAA,0.27655581331070817,0.4066721022626414,0.15882982164609727,0.07090249073589647,0.04192613604321681,0.0,0.01973009056500682,0.02538354543643311,468.6152856233448
GCTAAAGATCACTTTCAAGCTGGTGTTAAGAATAATAATATTACTCAAGCTAATAGATTTAATACTTTGCCAATTACTTCTGCTAAATCTCCACAGAACTTTAGGAAATACTTTACTTCT,0.011117561476173104,0.011185641081675279,0.013834099591204423,0.18526850460559133,0.23006165426341024,0.32609334027325915,0.19590827458579038,0.02653092412289617,1398.108427817819
GCTAAAGATCACTTTCAAGCTGGTGTTAAGAATAATAATATTGCTCAAGCTAATAGATTTAATGCTTTGCCAATTACTGCTGCTAAAGCTCCACAGAACTTTAGGAAATACTTTACTGCT,0.021920702027951423,0.044109871695967987,0.01363847529036479,0.024353156300370455,0.021600801330117297,0.02009263384991543,0.21346830262853694,0.6408160568767757,4701.077460284501
GCTAAAGTTGATACTGAAGAAGAAGATAAGACTATGGTTGATTCTACTTCTTTGTCTTGGGAAGATTTGTTTGACTTTGAATCTTATTCTACTGATTTGATTGCTTCTATTAATCCAGAT,0.0012312420101799862,0.0017435154152306781,0.0005176999660059739,0.00020229978812696912,0.0010837470427918759,0.006186647925452888,0.3318001379149234,0.657234709937288,5048.208627995656
GCTAAATGGTGGGATAATGAAGATCAATTCTTGTTGGATGATCAACAATTGGTTGAAGGTTTGTCTATTTGTGATGAGTTCTTGCAAGATCAATCTCCAAATAGAGAAGGTCATGAGAAT,0.16425676666709504,0.21450332369633696,0.21492683226472778,0.18517627564946967,0.11499128158652142,0.07944939120519816,0.019768125140629034,0.006928003790021964,528.2822028404576
GCTAAATGGTGGGATAATGAAGATCAATTCTTGTTGGATTCTCAACAATTGGTTGAAGGTTTGTCTATTTGTGATGAGTTCTTGCAATCTCAATCTCCAAATAGAGAAGGTCATGAGAAT,0.20159107070321752,0.2551676094374427,0.23466534249033646,0.1372663216824558,0.03844822119379888,0.05960627870708136,0.04221796318208996,0.031037192603577173,651.7520592480354
GCTAAATGGTGGGATAATGAAGCTCAATTCTTGTTGGATGCTCAACAATTGGTTGAAGGTTTGTCTATTTGTGATGAGTTCTTGCAAGCTCAATCTCCAAATAGAGAAGGTCATGAGAAT,0.00040650210739120904,0.004067191933092195,0.042461576927200165,0.1615258615242281,0.3095069333612213,0.4034244943891382,0.07249057334788402,0.006116866409844741,1110.323923395118
GCTAAATGGTGGGATAATGAAGCTCAATTCTTGTTGGATTCTCAACAATTGGTTGAAGGTTTGTCTATTTGTGATGAGTTCTTGCAATCTCAATCTCCAAATAGAGAAGGTCATGAGAAT,0.3003929942839228,0.20490337877224923,0.2027351836384889,0.14140950250629297,0.06020526027238992,0.06066854116529852,0.023610078536684086,0.006075060824673588,457.11327077973203
GCTAAATGGTGGGATAATGAATCTCAATTCTTGTTGGATGATCAACAATTGGTTGAAGGTTTGTCTATTTGTGATGAGTTCTTGCAATCTCAATCTCCAAATAGAGAAGGTCATGAGAAT,0.277292274582582,0.1552825737110649,0.08661361305667545,0.023640845073357463,0.0088416674371481,0.006755241372230792,0.1603805087090512,0.2811932760578901,2336.7014937875883
GCTAAATGGTGGGATAATGAATCTCAATTCTTGTTGGATGCTCAACAATTGGTTGAAGGTTTGTCTATTTGTGATGAGTTCTTGCAATCTCAATCTCCAAATAGAGAAGGTCATGAGAAT,0.10149668496797458,0.06564742138040607,0.027063654157176622,0.24162722948015997,0.2071749410378999,0.1927099911496541,0.1210280305817657,0.043252047244963,1168.3230780151284
GCTAAATGGTGGGATAATGAATCTCAATTCTTGTTGGATTCTCAACAATTGGTTGAAGGTTTGTCTATTTGTGATGAGTTCTTGCAAGATCAATCTCCAAATAGAGAAGGTCATGAGAAT,0.1121226560730187,0.1441451546168166,0.17827484450805758,0.2214479416399997,0.06751946014028973,0.07422438978883703,0.09821084158628993,0.10405471164669078,1286.1761108456485
GCTAAATGGTGGGATAATGAATCTCAATTCTTGTTGGATTCTCAACAATTGGTTGAAGGTTTGTCTATTTGTGATGAGTTCTTGCAAGCTCAATCTCCAAATAGAGAAGGTCATGAGAAT,0.0003932374686539854,0.00079129100273599,0.00038058509915026484,0.003106655909130015,0.022948536545701736,0.10336721096239057,0.4603822608453843,0.4086302221668532,3951.6455196480874
GCTAAATGGTGGGATAATGAATCTCAATTCTTGTTGGATTCTCAACAATTGGTTGAAGGTTTGTCTATTTGTGATGAGTTCTTGCAATCTCAATCTCCAAATAGAGAAGGTCATGAGAAT,0.14379398785810155,0.1001592872956744,0.06881906034287606,0.08601936126328544,0.11989621276553007,0.0811091358484345,0.21543006365620912,0.18477289096988897,2045.7264490758107
GCTAAATTGACTCAAACTAGGAAAGTTAAGAAACCAAATTCTGTTGTTAAGAAATCTCATCATGTTGGTAAAGATGATGAATCTAGATTGGATCATTTGGGTGTTGTTGCTTATAATAGA,0.02037932310234147,0.05383649643853267,0.11391266505322496,0.217720140548641,0.29988016621376307,0.24017677487075206,0.04592635235463332,0.008168081418111433,889.872279630215
GCTAAGATTGCTAAACACTTCTTTCATTCTGTTACTGGTGATTCTAAAGTTGGTCCATTGAATAAACCACATACTTATTGTATTGGTGATGATCAGAATGTTACTCCAATCTTTGAAGAT,0.10445339959767262,0.10509303143179478,0.12997623046843548,0.11604418340542075,0.07719679084938748,0.0,0.21796900242125591,0.2492673618260329,2348.7017007635773
GCTAAGATTGTCTTGGATCCATCTGCTATTGAATTGGATACTCCACCAGAATTTAGATTGTCTGCTTTGGAATTTGGTTCTGCTGATTCATTCTTGGCTTGGGGTACTGGTAAGACTGAT,0.47045398082678724,0.22515387807239282,0.13923212580556343,0.03672734791948343,0.025058831926400824,0.03496383723749163,0.04716991070691935,0.02124008750496114,510.29686537881867
GCTAATGCTATGACTAAGATTAATCCATCTCAACAATTGCAACAACAATTGAATAGAGTTCAACATAAACAATTGACTTCTTCTCATAATAATTCTTCTACTAATATGAAATCATTTAAT,0.025873839286730295,0.02603228057578837,0.09658807021663227,0.21558718264483934,0.2804587314330204,0.2371610080812786,0.07198993311670267,0.04630895464500801,1168.1540134231843
GCTACTAAGATTAAGAATGCTTCTGGTACTAGAGAAACTGAAAGAGTTAAATGGAAATCTAATCCATCTAGAGCTTGTCCAAATTGTCAACATATTATTGATAATTCTGATGTTACTCAA,0.8678846481496044,0.0007895110622599216,0.12107930590699466,0.004358907782052085,0.0015465083844590118,0.0021577968039154056,0.0021833219107145925,0.0,178.88337120499725
GCTACTAGAGATGGTTTGGGTTTGTATTATGAAGCTTTGTCTAGATTCTTTCATGCTGAATTGAGAGCTAGAGAAGAATCTTATAGAACTGTCTTGGCTAACTTCTGTTCTGCTTTGTAT,0.1814527706028685,0.26682418568271027,0.19973742656191157,0.17832773328894205,0.06877105072066761,0.04477862021602063,0.05178093426289778,0.008327278663981436,543.5718852956242
GCTACTCCAAATCCACCAAGAACTGAAAGAAGATCTTGTGATTCTGATCCAGTTCAAGATTCTGCTTGTGGTGGTCCATTGGCTCAACATGTTGAAACTCAATGTGCTGATTTGGATGGT,0.02687717134647752,0.04732307413628744,0.04180564527728438,0.0634517043291187,0.06952296278216988,0.0923841014702004,0.2056492583853359,0.452986082273126,3652.261613634001
GCTACTCCAACTGTTGCTGCATTTATTGATGAATCTGTTGAACAAGAAGCTAAAGATGGTAGGAAAGTTGTCTTGCAACAACCACAACAATACTTTATTAAATCTGTTGTTTATGATGGT,0.08589787428537285,0.03456955173107908,0.021377345204402685,0.11451554912833707,0.2708618240057168,0.2519502573304556,0.15933164913906822,0.061495949175567687,1440.8872948023006
GCTACTCCAACTGTTGCTGCATTTATTGATGATCCAGTTACTCCTAAATTGGCTACTCCAGAACCAAGAAATGCTGTTAGAATTTGTTCTGATTCTCATATTGCTTCTGATTATGTTACT,0.23487672645673502,0.2618225162685192,0.236450034332602,0.165236205454292,0.05124083225609094,0.035211769531716945,0.00948751408391481,0.005674401616129154,402.87353406806534
GCTACTGAAGAACCAGGTGCTCCATTGACTACTCCACCAACTTTGCATGGTAATCAAGCTAGAGCTTCTGGTTACTTTATGGTCTTGATTAGAGCTAAATTGGATTCTTATTCTTCATTT,0.2649663677714671,0.1532886280504321,0.14012674716201118,0.11774745827851604,0.09138484943290835,0.1578652422810465,0.04300494931663289,0.03161575770698594,776.961504205042
GCTACTGAAGATGATTTGTCTGGTACTAATCCAGGTCAATCTCCATTTGTTATTTGTAAATTGTTTAAGAAAGAAGAATTGGTCTTGGGTGAAGAAGATTCTAAATCTGATGAAGTTGAA,0.5183637065747896,0.2797519564127232,0.13971137278559081,0.03348500109382616,0.006686350945396561,0.015276857001951045,0.006673268379632008,5.148680609056912e-05,248.05068930069612
GCTACTGAAGCTGGTTATTGGAAAGCTACTGGTAAAGATAAAGAAATTTATAGAGGTAAATCTTTGGTTGGTATGAAGAAGACTTTGGTCTTCTATAGAGGTAGAGCTCCTAAAGGTCAA,0.02459862684274673,0.04949851845743801,0.09182765148960642,0.13664119960940033,0.26663610308691893,0.22547234195865803,0.20532555855523155,0.0,1158.3729386500727
GCTACTGCTCCACCAACTGATGTTTCTTTGGGTGATGAATTGCATTTGGATGGTGAAGATGTTGCTATGGCTCATGCTGATGCTTTGGATGACTTTGATTTGGATATGTTGGGTGATGGT,0.0010625032912119161,0.0008188158994474543,0.003150589395805336,0.01115106105292248,0.12459271490206454,0.266598919290459,0.4096607899105476,0.18296460625754174,2692.0496345307797
GCTACTGGTAAAGATAGAGTTATTGAATATAATTCTAGATCTGTTGGTTTGAAGAAGACTTTGGTCTTCTATAGAGGTAGAGCTCCAAATGGTGAAAGAACTGATTGGGTTATGCATGAA,0.1061374988612408,0.10678744346167741,0.06603591681299056,0.11791516055472548,0.26147144188788,0.2432155114883455,0.09843702693314017,0.0,909.4121803329886
GCTACTGGTAAAGATAGGAAGATTACTTGTAAATCTTCTCATGTTATTGCTGGTTATAGGAAGACTTTGGTCTTCTATGAAGGTAGAGCTCCATTGGGTGATAGAACTAATTGGTTTATG,0.38931833617925643,0.2154363033109433,0.08477821446839072,0.05766926186630379,0.05434854701709394,0.08623906156840305,0.08124132837049997,0.030968947219108717,731.0663965101038
GCTACTGGTATTGATAAACCAGTTTATTCTAATTTGGATTGTGTTGGTTTGAAGAAATCTTTGGTTTATTATTTGGGTTCTGCTGGTAAAGGTACTAAGACTGATTGGATGATGCATGAA,0.6263157672837658,0.24565242155185366,0.05870394138944485,0.04025379329963288,0.008736364286475744,0.004793750150082883,0.0034052863077906107,0.012138675730953691,287.8454703173322
GCTAGAGAAATTGGTAATGGTTCTAAGACTACTATGGTTGATGAAATTCCAATGTCTGTTCCATCTTTGATGACTGGTTTGGATCAAGATGATGACTTTGTTCCATGGTTGAATCATCAT,0.041598305363300496,0.10540764910042409,0.13803389060441645,0.29097896401633355,0.2231745219409778,0.12709743775176602,0.04429586709412372,0.029413364128657936,865.6270002232482
GCTAGAGAAATTGGTAATGGTTCTAAGACTACTATGGTTGATGAAATTCCAATGTCTGTTCCATCTTTGATGACTGGTTTGGCTCAAGATGATGACTTTGTTCCATGGTTGAATCATCAT,0.12998511429009346,0.11676883247843266,0.09820325175685758,0.185668781494612,0.20585598909663014,0.1361657801986182,0.07749929168839177,0.04985295899636423,1032.1031339032586
GCTAGAGAAATTGGTAATGGTTCTAAGACTACTATGGTTGATGAAATTCCAATGTCTGTTCCATCTTTGATGACTGGTTTGTCTCAAGATGATGACTTTGTTCCATGGTTGAATCATCAT,0.1674906271312506,0.2190711566331448,0.06252491667240849,0.10234202257278638,0.10728012459905034,0.138170531945317,0.09320332333545274,0.10991729711058958,1358.5416940842279
GCTAGAGAAGCTTCTGGTGCTCCAACTTCTTCTAAAGATAATGATTTGGGTGGTACTTCTGATATTTCTGATAATGCTAAAGAATTGTGTAAAGCTGTTTCTGTTTCTATGGGTTTGGGT,0.09495803809331271,0.12738603205487165,0.11816070986283052,0.1054951589011263,0.09357226392365904,0.08703905048672204,0.14678109454871538,0.22660765212876235,2146.45450319393
GCTAGAGAAGCTTCTGGTGCTCCAACTTCTTCTAAAGATAATGCTTTGGGTGGTACTTCTGCTATTTCTGATAATGCTAAAGAATTGTGTAAAGCTGTTTCTGTTTCTATGGGTTTGGGT,0.11758296652579088,0.10953981361221538,0.10296167707623805,0.0870871245641829,0.06007919270386017,0.06386795974034187,0.19387040842867892,0.2650108573486918,2440.1949146523866
GCTAGAGAAGCTTCTGGTGCTCCAACTTCTTCTAAAGATAATTATTTGGGTGGTACTTCTACTATTTCTGATAATGCTAAAGAATTGTGTAAAGCTGTTTCTGTTTCTATGGGTTTGGGT,0.10182156437484188,0.22765573306153186,0.1407792392356198,0.17596491695534797,0.12263243305174379,0.10370021748799525,0.07344883892848669,0.05399705690443275,970.6578861566284
GCTAGAGAATTGCATCAATTTACATTTGATTTGTTGATTAAATCTCATATGGTTTCTGTTGACTTTCCAGAAATGATGGCTGAAATTATTTCTGTTCAAGTTCCTAAGATCTTGTCTGGT,0.21361743391196017,0.2726876597743267,0.24639391322285695,0.1665741507237403,0.04915786012423055,0.04504445776717267,0.0046955819149962314,0.0018289425607165102,381.21149682696534
GCTATCTTGCAATCTCAAGAAGGTAAATTGACTTTGTCTCAAATTTATCATTGGATTCATGTTCACTTTCCATATTATAAACAGAAAGATGCTTCTTGGCAAAATTCTATTAGACATAAT,0.1320078423040055,0.23717179783270848,0.1916407581550531,0.20252527618204558,0.09291527160001918,0.06626141250386249,0.04372515324691317,0.03375248817539234,727.1186423718386
GCTATGTTGGATGATAAAGAAGAACAAGAGAAAGATAGAGATAATGAGAATCAAGGTGAAGAAGATCCAACTTGGTTTGATTCTGGTTCTCAATTTATCTTAAATTCTCAACAATTGGTT,0.11416572494260767,0.17010562831852238,0.1480397581460261,0.2658679205323721,0.16701462881354756,0.11566737233892165,0.019067758117215224,7.120879078742502e-05,571.6485464690404
GCTATGTTGGATGATAAAGAAGAACAAGAGAAAGATAGAGATAATGAGAATCAAGGTGAAGAAGCTCCAACTTGGTTTGATTCTGGTTCTCAATTTATCTTAAATTCTCAACAATTGGTT,0.36540149530749777,0.27572930354220354,0.17050728776132806,0.10148716628994969,0.04500862412960478,0.04186612296941609,0.0,0.0,316.18476087629904
GCTATGTTGGATGATAAAGAAGAACAAGAGAAAGATAGAGATAATGAGAATCAAGGTGAAGCTGATCCAACTTGGTTTGATTCTGGTTCTCAATTTATCTTAAATTCTCAACAATTGGTT,0.01496419566302878,0.08029776295642313,0.09310322841401943,0.28816170458670876,0.2752552140212112,0.19202767571279283,0.032383203018821236,0.023807015626994554,902.0168706261935
GCTATGTTGGATGATAAAGAAGAACAAGAGAAAGATAGAGATAATGAGAATCAAGGTGCTGAAGATCCAACTTGGTTTGATTCTGGTTCTCAATTTATCTTAAATTCTCAACAATTGGTT,0.32386414486513193,0.2606778899454874,0.20597738972564447,0.11993402598647615,0.021275854645712494,0.03298395822660914,0.0266993068365204,0.008587429768417924,420.46655220230747
GCTATGTTGGATGATAAAGAAGAACAAGAGAAAGATAGAGCTAATGAGAATCAAGGTGAAGAAGATCCAACTTGGTTTGATTCTGGTTCTCAATTTATCTTAAATTCTCAACAATTGGTT,0.09083710292766269,0.12185780517015349,0.03767761276220492,0.1681948995557895,0.23869724746855098,0.1942774844755923,0.11232893737972556,0.03612891026032053,1106.903584235911
GCTATGTTGGATGATAAAGAAGAACAAGAGAAAGCTAGAGATAATGAGAATCAAGGTGAAGAAGATCCAACTTGGTTTGATTCTGGTTCTCAATTTATCTTAAATTCTCAACAATTGGTT,0.1451712074853406,0.11684814342098974,0.12645030679634564,0.06451211465209455,0.11444211623315911,0.18629059778136595,0.10771101421813846,0.13857449941256592,1624.9149083999973
GCTATGTTGGATGATAAAGAAGAACAAGCTAAAGATAGAGATAATGAGAATCAAGGTGAAGAAGATCCAACTTGGTTTGATTCTGGTTCTCAATTTATCTTAAATTCTCAACAATTGGTT,0.21643056342159497,0.14517059978948124,0.3590861749520357,0.0801490045416506,0.0,0.13225428210027107,0.06690937519496643,0.0,577.3977288025237
GCTATGTTGGATGATAAAGAAGAACAAGCTAAAGCTAGAGCTAATGCTAATCAAGGTGCTGCTGCTCCAACTTGGTTTGCTTCTGGTTCTCAATTTATCTTAAATTCTCAACAATTGGTT,0.411642038064124,0.21217081631423101,0.12232940502108901,0.1130863651683715,0.06516794745485473,0.032988311580476576,0.022380540722014758,0.020234575674838357,487.7039117992858
GCTATGTTGGATGATAAAGAAGCTCAAGAGAAAGATAGAGATAATGAGAATCAAGGTGAAGAAGATCCAACTTGGTTTGATTCTGGTTCTCAATTTATCTTAAATTCTCAACAATTGGTT,0.07521457101988106,0.07567515568442491,0.0935929941497318,0.3342433470929596,0.07411692397710508,0.13788416390623814,0.20927284416965944,0.0,1009.3591016376718
GCTATGTTGGATGATAAAGCTGAACAAGAGAAAGATAGAGATAATGAGAATCAAGGTGAAGAAGATCCAACTTGGTTTGATTCTGGTTCTCAATTTATCTTAAATTCTCAACAATTGGTT,0.25574964952277546,0.09356936746040112,0.028931018318069473,0.12914962927098242,0.11455334369526284,0.08524418537911474,0.04312627986136692,0.24967652649202707,2035.6142867947212
GCTATGTTGGATGATAAAGCTGCTCAAGCTAAAGATAGAGATAATGCTAATCAAGGTGCTGCTGATCCAACTTGGTTTGATTCTGGTTCTCAATTTATCTTAAATTCTCAACAATTGGTT,0.004276204774301134,0.011565741984528331,0.05369638173756308,0.1794796135896008,0.3261288778993411,0.32110850791237944,0.09590682200817337,0.007837850094112642,1097.3112722021253
GCTATGTTGGATGATAAAGCTGCTCAAGCTAAAGCTAGAGCTAATGCTAATCAAGGTGCTGCTGCTCCAACTTGGTTTGCTTCTGGTTCTCAATTTATCTTAAATTCTCAACAATTGGTT,0.02935631178842782,0.04657612359815125,0.04355431579418879,0.11791167116923455,0.18246828728139192,0.25976717811594696,0.19372671362735533,0.12663939862530343,1889.7964991801598
GCTATGTTGGATGCTAAAGAAGAACAAGAGAAAGATAGAGATAATGAGAATCAAGGTGAAGAAGATCCAACTTGGTTTGATTCTGGTTCTCAATTTATCTTAAATTCTCAACAATTGGTT,0.042745334677417104,0.1290212712497433,0.10638002195969055,0.14246585011512083,0.2527291729011882,0.15672241835508388,0.11893224466523314,0.051003686076522926,1183.23168039175
GCTATGTTGGATGCTAAAGAAGCTCAAGCTAAAGCTAGAGCTAATGCTAATCAAGGTGCTGCTGCTCCAACTTGGTTTGCTTCTGGTTCTCAATTTATCTTAAATTCTCAACAATTGGTT,0.07660434355087663,0.09248812636769742,0.11438682341334311,0.13616772305215213,0.13587554664635532,0.1825614828953686,0.1705117360454449,0.09140421802876182,1514.211289597065
GCTATGTTGGATGCTAAAGCTGAACAAGCTAAAGCTAGAGCTAATGCTAATCAAGGTGCTGCTGCTCCAACTTGGTTTGCTTCTGGTTCTCAATTTATCTTAAATTCTCAACAATTGGTT,0.08781260209737798,0.1720506468869614,0.11502032739458695,0.1745753655343134,0.16395367291955987,0.10590724377331671,0.12001925207405571,0.060660889319827827,1144.384978613589
GCTATGTTGGATGCTAAAGCTGCTCAAGAGAAAGCTAGAGCTAATGCTAATCAAGGTGCTGCTGCTCCAACTTGGTTTGCTTCTGGTTCTCAATTTATCTTAAATTCTCAACAATTGGTT,0.056442421226622935,0.07571740343417543,0.07023393377147219,0.06270561519200364,0.12050724042643887,0.2241868550289578,0.244287955946923,0.14591857497340616,2039.823114079864
GCTATGTTGGATGCTAAAGCTGCTCAAGCTAAAGATAGAGCTAATGCTAATCAAGGTGCTGCTGCTCCAACTTGGTTTGCTTCTGGTTCTCAATTTATCTTAAATTCTCAACAATTGGTT,0.09955046686082346,0.1788572768736979,0.1150270483974912,0.30019237683405753,0.13313255606029073,0.09124849549399196,0.039569098410988976,0.0424226810686582,840.0083118025003
GCTATGTTGGATGCTAAAGCTGCTCAAGCTAAAGCTAGAGATAATGCTAATCAAGGTGCTGCTGCTCCAACTTGGTTTGCTTCTGGTTCTCAATTTATCTTAAATTCTCAACAATTGGTT,0.02793064215725002,0.047772853456774775,0.1077417369664372,0.18773147518748518,0.24908346803870784,0.21761170812028993,0.09714083395801881,0.06498728211503634,1296.7611925742438
GCTATGTTGGATGCTAAAGCTGCTCAAGCTAAAGCTAGAGCTAATGAGAATCAAGGTGCTGCTGCTCCAACTTGGTTTGCTTCTGGTTCTCAATTTATCTTAAATTCTCAACAATTGGTT,0.15036072529294456,0.0986618319551666,0.08134819745852416,0.043577129963942966,0.1288403736087814,0.22171277180983934,0.18189362147112373,0.09360534843967731,1562.223344750717
GCTATGTTGGATGCTAAAGCTGCTCAAGCTAAAGCTAGAGCTAATGCTAATCAAGGTGAAGCTGCTCCAACTTGGTTTGCTTCTGGTTCTCAATTTATCTTAAATTCTCAACAATTGGTT,0.2948054360680523,0.29178777108339377,0.16999908735987015,0.08787090783473779,0.030703588171509023,0.026362951672192582,0.055572511423617056,0.04289774638662722,687.4366157047616
GCTATGTTGGATGCTAAAGCTGCTCAAGCTAAAGCTAGAGCTAATGCTAATCAAGGTGCTGAAGCTCCAACTTGGTTTGCTTCTGGTTCTCAATTTATCTTAAATTCTCAACAATTGGTT,0.20417212748062677,0.3464415338027846,0.30273007279654596,0.08068080031025948,0.003373655276450254,0.014359215681064165,0.012219817507801435,0.036022777144467416,533.9627427400411
GCTATGTTGGATGCTAAAGCTGCTCAAGCTAAAGCTAGAGCTAATGCTAATCAAGGTGCTGCTGATCCAACTTGGTTTGCTTCTGGTTCTCAATTTATCTTAAATTCTCAACAATTGGTT,0.0050996392350298,0.013340255329682249,0.01522972472864261,0.0566552618651642,0.12462539233465539,0.22249938657019172,0.36418312489711224,0.1983672150395219,2641.493231680494
GCTATGTTGGATGCTAAAGCTGCTCAAGCTAAAGCTAGAGCTAATGCTAATCAAGGTGCTGCTGCTCCAACTTGGTTTGATTCTGGTTCTCAATTTATCTTAAATTCTCAACAATTGGTT,0.09195987141438491,0.1281087661294417,0.09682534350265504,0.09430550532246139,0.06970603932133909,0.17506574595445548,0.2427428050648463,0.10128592329041612,1687.332195649799
GCTATGTTGGATGCTAAAGCTGCTCAAGCTAAAGCTAGAGCTAATGCTAATCAAGGTGCTGCTGCTCCAACTTGGTTTGCTTCTGGTTCTCAATTTATCTTAAATTCTCAACAATTGGTT,0.032603192135367165,0.072699382459244,0.1426169646784222,0.19886330850812986,0.12088566784662297,0.12973375847637472,0.17966882657829425,0.12292889931754471,1683.171749275914
GCTATGTTGGCTGATAAAGAAGAACAAGAGAAAGATAGAGATAATGAGAATCAAGGTGAAGAAGATCCAACTTGGTTTGATTCTGGTTCTCAATTTATCTTAAATTCTCAACAATTGGTT,0.16256308199129663,0.16355855483081314,0.10114240748479547,0.12642144843486902,0.04805721322101832,0.02980123975774105,0.13569194664280618,0.2327641076366603,2066.373530370613
GCTATGTTGGCTGATAAAGAAGAACAAGAGAAAGCTAGAGCTAATGCTAATCAAGGTGCTGCTGCTCCAACTTGGTTTGCTTCTGGTTCTCAATTTATCTTAAATTCTCAACAATTGGTT,0.0765874291939489,0.12521668364709188,0.14295195828340693,0.20207933462329825,0.1320720577522335,0.09652562035718279,0.1331828803060612,0.09138403583677666,1346.0667400521684
GCTATGTTGGCTGATAAAGAAGCTCAAGCTAAAGCTAGAGCTAATGCTAATCAAGGTGCTGCTGCTCCAACTTGGTTTGCTTCTGGTTCTCAATTTATCTTAAATTCTCAACAATTGGTT,0.11793783208484952,0.14742610697131273,0.14675553790543744,0.11911357313062715,0.03521718221627992,0.06879247056787816,0.12595413689686183,0.23880316022675316,2123.9731253579366
GCTATGTTGGCTGATAAAGCTGAACAAGCTAAAGCTAGAGCTAATGCTAATCAAGGTGCTGCTGCTCCAACTTGGTTTGCTTCTGGTTCTCAATTTATCTTAAATTCTCAACAATTGGTT,0.0198294579203196,0.020900927957891138,0.6944170673520509,0.050353954380725464,0.08281270254904394,0.08914791359264071,0.04028459650766528,0.0022533797396628655,566.6244505131313
GCTATGTTGGCTGATAAAGCTGCTCAAGAGAAAGCTAGAGCTAATGCTAATCAAGGTGCTGCTGCTCCAACTTGGTTTGCTTCTGGTTCTCAATTTATCTTAAATTCTCAACAATTGGTT,0.03493519337840978,0.041844193883115326,0.08073276411917,0.1885145284376776,0.27622257272911316,0.26532337716799625,0.08563010549715051,0.0267972647873673,1101.3459229392365
GCTATGTTGGCTGATAAAGCTGCTCAAGCTAAAGATAGAGCTAATGCTAATCAAGGTGCTGCTGCTCCAACTTGGTTTGCTTCTGGTTCTCAATTTATCTTAAATTCTCAACAATTGGTT,0.11252073083199565,0.08805203855203458,0.15557198499179803,0.16667561963355543,0.11087865475851667,0.1260564671532004,0.150738096330687,0.08950640774821231,1386.9832481876965
GCTATGTTGGCTGATAAAGCTGCTCAAGCTAAAGCTAGAGATAATGCTAATCAAGGTGCTGCTGCTCCAACTTGGTTTGCTTCTGGTTCTCAATTTATCTTAAATTCTCAACAATTGGTT,0.27085496297607353,0.23277201028018496,0.1544754963680247,0.08776561359998006,0.09452787296499487,0.09827240232852841,0.02093366118754071,0.04039798029467273,706.7011684258059
GCTATGTTGGCTGATAAAGCTGCTCAAGCTAAAGCTAGAGCTAATGAGAATCAAGGTGCTGCTGCTCCAACTTGGTTTGCTTCTGGTTCTCAATTTATCTTAAATTCTCAACAATTGGTT,0.15951690758184547,0.11111104165755586,0.04580638113778622,0.08179286435272866,0.1450975299721333,0.15746129417389237,0.18208450557956274,0.11712947554449532,1648.2186540289135
GCTATGTTGGCTGATAAAGCTGCTCAAGCTAAAGCTAGAGCTAATGCTAATCAAGGTGAAGCTGCTCCAACTTGGTTTGCTTCTGGTTCTCAATTTATCTTAAATTCTCAACAATTGGTT,0.19047359979005513,0.24154623202972678,0.19175185815711676,0.17266764336384097,0.08537466281953997,0.0763827444270439,0.03312269769241426,0.00868056172026233,543.3971043760304
GCTATGTTGGCTGATAAAGCTGCTCAAGCTAAAGCTAGAGCTAATGCTAATCAAGGTGCTGAAGCTCCAACTTGGTTTGCTTCTGGTTCTCAATTTATCTTAAATTCTCAACAATTGGTT,0.3706050322205977,0.3078087587393599,0.15590079877006083,0.07689512962934882,0.03221370646746529,0.024543824258677342,0.007008413016221125,0.025024336898268922,451.52365123723087
GCTATGTTGGCTGATAAAGCTGCTCAAGCTAAAGCTAGAGCTAATGCTAATCAAGGTGCTGCTGATCCAACTTGGTTTGCTTCTGGTTCTCAATTTATCTTAAATTCTCAACAATTGGTT,0.03978674003907002,0.09362810004839017,0.14283532751122194,0.2615021127322163,0.23066480983565615,0.18209894718528194,0.039129005854084645,0.010354956794078832,796.2104375199879
GCTATGTTGGCTGATAAAGCTGCTCAAGCTAAAGCTAGAGCTAATGCTAATCAAGGTGCTGCTGCTCCAACTTGGTTTGATTCTGGTTCTCAATTTATCTTAAATTCTCAACAATTGGTT,0.2743719319747797,0.06495343024813227,0.020083163233153557,0.16137418682406987,0.17494391815365057,0.13314218529589772,0.0748428648943845,0.09628831937593171,1263.5034976132047
GCTATGTTGGCTGATAAAGCTGCTCAAGCTAAAGCTAGAGCTAATGCTAATCAAGGTGCTGCTGCTCCAACTTGGTTTGCTTCTGGTTCTCAATTTATCTTAAATTCTCAACAATTGGTT,0.03032536702081836,0.07246378585297997,0.11792270847932283,0.15160704291864233,0.22412109365076036,0.19457476617111014,0.12304777420500801,0.08593746170135788,1438.422263573853
GCTATGTTGGCTGCTAAAGAAGAACAAGAGAAAGATAGAGCTAATGCTAATCAAGGTGCTGCTGCTCCAACTTGGTTTGCTTCTGGTTCTCAATTTATCTTAAATTCTCAACAATTGGTT,0.3862878480216173,0.2114379636463647,0.22886417553213584,0.1383159225309752,0.0007268947292307759,0.020434542640215405,0.0138348556931872,9.779720627361292e-05,313.987885147102
GCTATGTTGGCTGCTAAAGAAGAACAAGCTAAAGCTAGAGCTAATGCTAATCAAGGTGCTGCTGCTCCAACTTGGTTTGCTTCTGGTTCTCAATTTATCTTAAATTCTCAACAATTGGTT,0.41150589939166254,0.2850895987515829,0.26208407554473295,0.0244805392096252,0.006237565009003232,0.006677840748678788,0.0037107206202125842,0.00021376072450170392,251.14601566029617
GCTATGTTGGCTGCTAAAGAAGCTCAAGAGAAAGCTAGAGCTAATGCTAATCAAGGTGCTGCTGCTCCAACTTGGTTTGCTTCTGGTTCTCAATTTATCTTAAATTCTCAACAATTGGTT,0.3927041934222567,0.312195663312438,0.22124391889500072,0.016058056384171703,0.047510305057633984,0.00723773784530295,0.0027307424747571897,0.0003193826084385922,268.16163371462943
GCTATGTTGGCTGCTAAAGAAGCTCAAGCTAAAGATAGAGCTAATGCTAATCAAGGTGCTGCTGCTCCAACTTGGTTTGCTTCTGGTTCTCAATTTATCTTAAATTCTCAACAATTGGTT,0.12866106653485118,0.1833859936146131,0.18678211767899225,0.10720356010155167,0.10565287148789557,0.12775904738081334,0.10938259575538008,0.05117274744590289,1040.9260092951336
GCTATGTTGGCTGCTAAAGAAGCTCAAGCTAAAGCTAGAGATAATGCTAATCAAGGTGCTGCTGCTCCAACTTGGTTTGCTTCTGGTTCTCAATTTATCTTAAATTCTCAACAATTGGTT,0.3841527885023701,0.236473751387774,0.14793605354201197,0.13571793798877604,0.04185496100130147,0.05291099516084667,0.0006972246436407354,0.0002562877732791502,334.7356587586904
GCTATGTTGGCTGCTAAAGAAGCTCAAGCTAAAGCTAGAGCTAATGAGAATCAAGGTGCTGCTGCTCCAACTTGGTTTGCTTCTGGTTCTCAATTTATCTTAAATTCTCAACAATTGGTT,0.08540904646957652,0.05728803874748386,0.09446973760145866,0.1897731063071782,0.24313647486706075,0.17396976266700837,0.08801384679583292,0.0679399865444008,1234.971925592355
GCTATGTTGGCTGCTAAAGAAGCTCAAGCTAAAGCTAGAGCTAATGCTAATCAAGGTGAAGCTGCTCCAACTTGGTTTGCTTCTGGTTCTCAATTTATCTTAAATTCTCAACAATTGGTT,0.352538264238745,0.28947948796465617,0.23115363472433234,0.08399847666680878,0.021445180020384046,0.009002265867113399,0.0024868349371783656,0.009895855580781763,335.4347229730596
GCTATGTTGGCTGCTAAAGAAGCTCAAGCTAAAGCTAGAGCTAATGCTAATCAAGGTGCTGAAGCTCCAACTTGGTTTGCTTCTGGTTCTCAATTTATCTTAAATTCTCAACAATTGGTT,0.1243650673320598,0.16683550725953467,0.12896103841550213,0.1381653707614761,0.14297516383483247,0.05699684614199105,0.19223691930836098,0.04946408694624276,1168.5310136823573
GCTATGTTGGCTGCTAAAGAAGCTCAAGCTAAAGCTAGAGCTAATGCTAATCAAGGTGCTGCTGATCCAACTTGGTTTGCTTCTGGTTCTCAATTTATCTTAAATTCTCAACAATTGGTT,0.3618503093275784,0.2406528577850439,0.2522903021956589,0.06847255612064349,0.026658576571661843,0.02589168022286762,0.008242054595075002,0.01594166318147082,405.1530726885612
GCTATGTTGGCTGCTAAAGAAGCTCAAGCTAAAGCTAGAGCTAATGCTAATCAAGGTGCTGCTGCTCCAACTTGGTTTGATTCTGGTTCTCAATTTATCTTAAATTCTCAACAATTGGTT,0.15922162048853175,0.10194331096887436,0.10806920660689774,0.0964853557205959,0.19968838017493568,0.09287307090185405,0.12082074325778396,0.12089831188052647,1493.1352423654416
GCTATGTTGGCTGCTAAAGAAGCTCAAGCTAAAGCTAGAGCTAATGCTAATCAAGGTGCTGCTGCTCCAACTTGGTTTGCTTCTGGTTCTCAATTTATCTTAAATTCTCAACAATTGGTT,0.07297618341899662,0.08158117896875162,0.11098714512819016,0.18917281619886606,0.1757829391533698,0.10405167700810773,0.12032289117236913,0.14512516895134875,1670.8681586208295
GCTATGTTGGCTGCTAAAGCTGAACAAGAGAAAGATAGAGATAATGAGAATCAAGGTGAAGAAGATCCAACTTGGTTTGATTCTGGTTCTCAATTTATCTTAAATTCTCAACAATTGGTT,0.009052812782470665,0.01040942705505959,0.011264836617421342,0.021551502616279153,0.028036486260848485,0.014224897853681636,0.27586904669811635,0.6295909901161229,4776.448348782869
GCTATGTTGGCTGCTAAAGCTGAACAAGAGAAAGATAGAGATAATGCTAATCAAGGTGCTGCTGCTCCAACTTGGTTTGCTTCTGGTTCTCAATTTATCTTAAATTCTCAACAATTGGTT,0.34960813674238606,0.27861905363161166,0.2500322490863658,0.09334680205076305,0.001109877949490978,0.021473634938875573,0.005362273046572983,0.00044797255393405096,291.8207601206932
GCTATGTTGGCTGCTAAAGCTGAACAAGAGAAAGCTAGAGCTAATGCTAATCAAGGTGCTGCTGCTCCAACTTGGTTTGCTTCTGGTTCTCAATTTATCTTAAATTCTCAACAATTGGTT,0.05884531484191313,0.06550413510224695,0.05452848548423355,0.09319436060086958,0.17149214680354036,0.26395158871901864,0.2461724981747101,0.04631147027346783,1512.7667055812256
GCTATGTTGGCTGCTAAAGCTGAACAAGCTAAAGATAGAGCTAATGCTAATCAAGGTGCTGCTGCTCCAACTTGGTTTGCTTCTGGTTCTCAATTTATCTTAAATTCTCAACAATTGGTT,0.3279114793327748,0.007135663079290997,0.36339041895279345,0.030589952837658193,0.060431978515541974,0.12236760617526775,0.07274138450067673,0.015431516605996076,685.0718538675376
GCTATGTTGGCTGCTAAAGCTGAACAAGCTAAAGCTAGAGATAATGCTAATCAAGGTGCTGCTGCTCCAACTTGGTTTGCTTCTGGTTCTCAATTTATCTTAAATTCTCAACAATTGGTT,0.3748819380029617,0.28829040015571666,0.23652662051847828,0.03655732124380294,0.029080902620440392,0.027914707046750014,0.003148040279503981,0.0036000701323461296,310.6928924187378
GCTATGTTGGCTGCTAAAGCTGAACAAGCTAAAGCTAGAGCTAATGAGAATCAAGGTGCTGCTGCTCCAACTTGGTTTGCTTCTGGTTCTCAATTTATCTTAAATTCTCAACAATTGGTT,0.04724993371098673,0.029712046159850344,0.04409647003323348,0.05905470759106461,0.19206160789511117,0.1840655636474389,0.34509717580214627,0.09866249516016852,1978.8541985632405
GCTATGTTGGCTGCTAAAGCTGAACAAGCTAAAGCTAGAGCTAATGCTAATCAAGGTGAAGCTGCTCCAACTTGGTTTGCTTCTGGTTCTCAATTTATCTTAAATTCTCAACAATTGGTT,0.03728999591879674,0.037518345293501815,0.09280335771506165,0.15190237485428626,0.28171782128695,0.2620482891170528,0.09222543391302143,0.044494381901329275,1216.368951820645
GCTATGTTGGCTGCTAAAGCTGAACAAGCTAAAGCTAGAGCTAATGCTAATCAAGGTGCTGAAGCTCCAACTTGGTTTGCTTCTGGTTCTCAATTTATCTTAAATTCTCAACAATTGGTT,0.11302522198127493,0.19525053456778346,0.1300280163791127,0.2250732602140601,0.16181010069424692,0.10359952880064771,0.05340143190387429,0.017811905459000032,733.0469071272325
GCTATGTTGGCTGCTAAAGCTGAACAAGCTAAAGCTAGAGCTAATGCTAATCAAGGTGCTGCTGATCCAACTTGGTTTGCTTCTGGTTCTCAATTTATCTTAAATTCTCAACAATTGGTT,0.33943331957806755,0.14062253746123726,0.14907271413937742,0.08872915362030913,0.03935056293940429,0.05490466123313089,0.09259023652670456,0.09529681450176887,1126.3057932433856
GCTATGTTGGCTGCTAAAGCTGAACAAGCTAAAGCTAGAGCTAATGCTAATCAAGGTGCTGCTGCTCCAACTTGGTTTGATTCTGGTTCTCAATTTATCTTAAATTCTCAACAATTGGTT,0.08348736986468461,0.04799920795379768,0.05936412748122231,0.11925210296289562,0.10577442005991705,0.1858463655429988,0.29865936871817433,0.09961703741630956,1843.779243352791
GCTATGTTGGCTGCTAAAGCTGAACAAGCTAAAGCTAGAGCTAATGCTAATCAAGGTGCTGCTGCTCCAACTTGGTTTGCTTCTGGTTCTCAATTTATCTTAAATTCTCAACAATTGGTT,0.10428767293964597,0.19750831045350448,0.13740353901365138,0.14993655691956911,0.10276574634685941,0.13495149764696912,0.13654787195983245,0.036598804719968125,1030.346145912691
GCTATGTTGGCTGCTAAAGCTGCTCAAGAGAAAGATAGAGATAATGAGAATCAAGGTGCTGCTGCTCCAACTTGGTTTGCTTCTGGTTCTCAATTTATCTTAAATTCTCAACAATTGGTT,0.09392583387659352,0.13230139861238607,0.0467505160307147,0.1669574640536695,0.05553307393385988,0.06887434122224577,0.2787562906826101,0.15690108158792046,1998.1782270647614
GCTATGTTGGCTGCTAAAGCTGCTCAAGAGAAAGATAGAGCTAATGCTAATCAAGGTGCTGCTGCTCCAACTTGGTTTGCTTCTGGTTCTCAATTTATCTTAAATTCTCAACAATTGGTT,0.3399329864978004,0.25256463018566755,0.11713692430629585,0.11620123565633828,0.06184101415277794,0.05272966956251433,0.053353421736318074,0.006240117902287625,502.2579470612815
GCTATGTTGGCTGCTAAAGCTGCTCAAGAGAAAGCTAGAGATAATGCTAATCAAGGTGCTGCTGCTCCAACTTGGTTTGCTTCTGGTTCTCAATTTATCTTAAATTCTCAACAATTGGTT,0.2780491804942455,0.3402976581081602,0.2090872080048406,0.08737442024506845,0.028844664277863787,0.04275192698280412,0.001700622408716541,0.011894319478300754,393.3727262428824
GCTATGTTGGCTGCTAAAGCTGCTCAAGAGAAAGCTAGAGCTAATGAGAATCAAGGTGCTGCTGCTCCAACTTGGTTTGCTTCTGGTTCTCAATTTATCTTAAATTCTCAACAATTGGTT,0.09761341729791206,0.12276395468897389,0.11387336427410737,0.1897790914504812,0.20039352445592082,0.18826607345555713,0.06789853744447438,0.019412036932573214,884.3976279397139
GCTATGTTGGCTGCTAAAGCTGCTCAAGAGAAAGCTAGAGCTAATGCTAATCAAGGTGAAGCTGCTCCAACTTGGTTTGCTTCTGGTTCTCAATTTATCTTAAATTCTCAACAATTGGTT,0.3125539663119719,0.3321527262561904,0.2642766608653079,0.046392926546063404,0.005493621152307457,0.025420090687307724,0.013074461065932973,0.0006355471149183047,311.1016632765428
GCTATGTTGGCTGCTAAAGCTGCTCAAGAGAAAGCTAGAGCTAATGCTAATCAAGGTGCTGAAGCTCCAACTTGGTTTGCTTCTGGTTCTCAATTTATCTTAAATTCTCAACAATTGGTT,0.3270999590887213,0.2717149253816515,0.15209145938924445,0.13578889881753956,0.04932397050682775,0.04161224898353956,0.014034830155619347,0.008333707676856438,412.47151072110427
GCTATGTTGGCTGCTAAAGCTGCTCAAGAGAAAGCTAGAGCTAATGCTAATCAAGGTGCTGCTGATCCAACTTGGTTTGCTTCTGGTTCTCAATTTATCTTAAATTCTCAACAATTGGTT,0.18253008500293932,0.14283719953421056,0.11777146726214924,0.11265818453584718,0.06661715720009866,0.04337616411083393,0.15674739777908678,0.17746234457483448,1799.1754488346924
GCTATGTTGGCTGCTAAAGCTGCTCAAGAGAAAGCTAGAGCTAATGCTAATCAAGGTGCTGCTGCTCCAACTTGGTTTGATTCTGGTTCTCAATTTATCTTAAATTCTCAACAATTGGTT,0.1760394334461497,0.1644661851856971,0.15646719057261774,0.13969559891298125,0.1362981670939167,0.10373058983834595,0.09329568389982365,0.030007151050467768,863.7776316272042
GCTATGTTGGCTGCTAAAGCTGCTCAAGAGAAAGCTAGAGCTAATGCTAATCAAGGTGCTGCTGCTCCAACTTGGTTTGCTTCTGGTTCTCAATTTATCTTAAATTCTCAACAATTGGTT,0.11421615625076612,0.16416510199236117,0.08121399046436832,0.1450174569699027,0.1607847684489901,0.04486763382131597,0.2118591255623069,0.07787576648998874,1382.6714844280195
GCTATGTTGGCTGCTAAAGCTGCTCAAGCTAAAGATAGAGATAATGAGAATCAAGGTGAAGCTGCTCCAACTTGGTTTGCTTCTGGTTCTCAATTTATCTTAAATTCTCAACAATTGGTT,0.20243757968579248,0.20367722837974045,0.18542823635882744,0.16867596255142148,0.0886592436677084,0.10566347953550809,0.028684082580737475,0.016774187240264228,614.5818354154386
GCTATGTTGGCTGCTAAAGCTGCTCAAGCTAAAGATAGAGATAATGCTAATCAAGGTGCTGCTGCTCCAACTTGGTTTGCTTCTGGTTCTCAATTTATCTTAAATTCTCAACAATTGGTT,0.013259769915714224,0.00011638793953544671,7.197273428459139e-05,0.0001285160701677529,0.00022798277686731028,0.0032339916210769874,0.272682804709233,0.7102785742331206,5228.672211998581
GCTATGTTGGCTGCTAAAGCTGCTCAAGCTAAAGATAGAGCTAATGAGAATCAAGGTGCTGCTGCTCCAACTTGGTTTGCTTCTGGTTCTCAATTTATCTTAAATTCTCAACAATTGGTT,0.30367602642557395,0.26734366735794995,0.12989563972279097,0.10542930101513394,0.07481107935290995,0.05219082856173462,0.04400683887782304,0.022646618686083586,588.8869272553363
GCTATGTTGGCTGCTAAAGCTGCTCAAGCTAAAGATAGAGCTAATGCTAATCAAGGTGAAGCTGCTCCAACTTGGTTTGCTTCTGGTTCTCAATTTATCTTAAATTCTCAACAATTGGTT,0.3000030895204518,0.2317701468918914,0.21998496428160808,0.11903330533929546,0.06862722788710673,0.03928349312308671,0.014905570193648035,0.006392202762911766,415.1459699055072
GCTATGTTGGCTGCTAAAGCTGCTCAAGCTAAAGATAGAGCTAATGCTAATCAAGGTGCTGAAGCTCCAACTTGGTTTGCTTCTGGTTCTCAATTTATCTTAAATTCTCAACAATTGGTT,0.17951938102340023,0.21595712649907733,0.19910342248401044,0.13006952750896292,0.09998670629851168,0.08227421702250397,0.06515018521289283,0.027939433950640625,742.4104610411155
GCTATGTTGGCTGCTAAAGCTGCTCAAGCTAAAGATAGAGCTAATGCTAATCAAGGTGCTGCTGATCCAACTTGGTTTGCTTCTGGTTCTCAATTTATCTTAAATTCTCAACAATTGGTT,0.0097439033157087,0.09971380050965001,0.10726618458269445,0.18841605513788875,0.29142472955536597,0.24991587850281116,0.04241674610495332,0.011102702290927571,899.1197751136167
GCTATGTTGGCTGCTAAAGCTGCTCAAGCTAAAGATAGAGCTAATGCTAATCAAGGTGCTGCTGCTCCAACTTGGTTTGATTCTGGTTCTCAATTTATCTTAAATTCTCAACAATTGGTT,0.2776511723024896,0.2751819757939563,0.13407240966621709,0.1012857123948146,0.09392213337920255,0.060775298827457754,0.04227727949504578,0.01483401814081617,558.7178109807851
GCTATGTTGGCTGCTAAAGCTGCTCAAGCTAAAGATAGAGCTAATGCTAATCAAGGTGCTGCTGCTCCAACTTGGTTTGCTTCTGGTTCTCAATTTATCTTAAATTCTCAACAATTGGTT,0.16044556110714953,0.1434916151782947,0.06654996170038484,0.1584440669569685,0.28107394130437346,0.11438409710913926,0.03306776417270105,0.04254299247098878,886.2798211647194
GCTATGTTGGCTGCTAAAGCTGCTCAAGCTAAAGCTAGAGATAATGAGAATCAAGGTGAAGAAGCTCCAACTTGGTTTGCTTCTGGTTCTCAATTTATCTTAAATTCTCAACAATTGGTT,0.08200349707541488,0.10191874964226491,0.0960383727651191,0.15005217015572098,0.20439360874755527,0.21665162138498367,0.1028965769137559,0.046045403315185335,1153.931962001004
GCTATGTTGGCTGCTAAAGCTGCTCAAGCTAAAGCTAGAGATAATGAGAATCAAGGTGCTGCTGCTCCAACTTGGTTTGCTTCTGGTTCTCAATTTATCTTAAATTCTCAACAATTGGTT,0.1802233038974359,0.14103204969798916,0.07475341722842295,0.022246886290345446,0.039465157209552515,0.14683880315778688,0.2042917185629722,0.19114866395549496,2070.795106110433
GCTATGTTGGCTGCTAAAGCTGCTCAAGCTAAAGCTAGAGATAATGCTAATCAAGGTGAAGCTGCTCCAACTTGGTTTGCTTCTGGTTCTCAATTTATCTTAAATTCTCAACAATTGGTT,0.11851585044518745,0.19163827806019784,0.09480522411951522,0.08934552483663818,0.10427346815939614,0.06983502974992888,0.09421483389091326,0.23737179073822315,2066.604518783646
GCTATGTTGGCTGCTAAAGCTGCTCAAGCTAAAGCTAGAGATAATGCTAATCAAGGTGCTGAAGCTCCAACTTGGTTTGCTTCTGGTTCTCAATTTATCTTAAATTCTCAACAATTGGTT,0.11434915232270043,0.19244623878544306,0.18627051471682188,0.16399454649207665,0.13316773730282716,0.10671874232806706,0.055918806954865834,0.04713426109719795,896.6462152625822
GCTATGTTGGCTGCTAAAGCTGCTCAAGCTAAAGCTAGAGATAATGCTAATCAAGGTGCTGCTGATCCAACTTGGTTTGCTTCTGGTTCTCAATTTATCTTAAATTCTCAACAATTGGTT,0.2112428287247955,0.0850145589302996,0.10514371651624078,0.09387344654760767,0.16190225917818352,0.2022319316254383,0.0957815323124948,0.04480972616493975,1065.7350171535481
GCTATGTTGGCTGCTAAAGCTGCTCAAGCTAAAGCTAGAGATAATGCTAATCAAGGTGCTGCTGCTCCAACTTGGTTTGATTCTGGTTCTCAATTTATCTTAAATTCTCAACAATTGGTT,0.3054269201329402,0.20216923377265195,0.15002247759604356,0.06250612177136033,0.07128228774722734,0.10314167105403627,0.06708970230330646,0.038361585622434136,786.1157384249232
GCTATGTTGGCTGCTAAAGCTGCTCAAGCTAAAGCTAGAGATAATGCTAATCAAGGTGCTGCTGCTCCAACTTGGTTTGCTTCTGGTTCTCAATTTATCTTAAATTCTCAACAATTGGTT,0.14767333802182475,0.21542028610842884,0.24464919012806088,0.21240632049794553,0.10428229899747363,0.05404227331585678,0.011854599825196193,0.009671693105213259,503.0328505333972
GCTATGTTGGCTGCTAAAGCTGCTCAAGCTAAAGCTAGAGCTAATGAGAATCAAGGTGAAGAAGATCCAACTTGGTTTGCTTCTGGTTCTCAATTTATCTTAAATTCTCAACAATTGGTT,0.17928990853294255,0.12627146694891472,0.08923951374259224,0.17926650542546185,0.159006090261117,0.13147047865688824,0.04988462817887958,0.08557140825320371,1148.2195229178926
GCTATGTTGGCTGCTAAAGCTGCTCAAGCTAAAGCTAGAGCTAATGAGAATCAAGGTGAAGCTGCTCCAACTTGGTTTGCTTCTGGTTCTCAATTTATCTTAAATTCTCAACAATTGGTT,0.22561388566764562,0.23288633935031153,0.22936201204613163,0.16266986168589373,0.08309074830254709,0.04869948718382159,0.013423651502321863,0.004254014261326867,435.3634534698387
GCTATGTTGGCTGCTAAAGCTGCTCAAGCTAAAGCTAGAGCTAATGAGAATCAAGGTGCTGAAGCTCCAACTTGGTTTGCTTCTGGTTCTCAATTTATCTTAAATTCTCAACAATTGGTT,0.19527035188435934,0.2648021499776989,0.17959686540678413,0.11318542771845606,0.10039339079729591,0.054473957084188715,0.03149619592127487,0.0607816612099421,825.6176138185724
GCTATGTTGGCTGCTAAAGCTGCTCAAGCTAAAGCTAGAGCTAATGAGAATCAAGGTGCTGCTGATCCAACTTGGTTTGCTTCTGGTTCTCAATTTATCTTAAATTCTCAACAATTGGTT,0.05169120773439314,0.03900580838035538,0.048241333136755264,0.03589198636594255,0.5412040301313045,0.02369022007011288,0.2217267317328417,0.038548682448294576,1322.1524541312426
GCTATGTTGGCTGCTAAAGCTGCTCAAGCTAAAGCTAGAGCTAATGAGAATCAAGGTGCTGCTGCTCCAACTTGGTTTGATTCTGGTTCTCAATTTATCTTAAATTCTCAACAATTGGTT,0.19418162146965504,0.2262187213568755,0.12717328231934022,0.21572919390446268,0.0906384428117756,0.018735570822492435,0.06635019467214741,0.060972972643251,883.7315527068765
GCTATGTTGGCTGCTAAAGCTGCTCAAGCTAAAGCTAGAGCTAATGAGAATCAAGGTGCTGCTGCTCCAACTTGGTTTGCTTCTGGTTCTCAATTTATCTTAAATTCTCAACAATTGGTT,0.39874822259967024,0.15724608090791262,0.15943668711960124,0.030972160340782796,0.22920862617640914,0.013938360027811129,0.00574576456741388,0.00470409826039894,404.89244994683395
GCTATGTTGGCTGCTAAAGCTGCTCAAGCTAAAGCTAGAGCTAATGCTAATCAAGGTGAAGAAGATCCAACTTGGTTTGATTCTGGTTCTCAATTTATCTTAAATTCTCAACAATTGGTT,0.09075085964599451,0.22862145845409196,0.2042494273717193,0.24899525455804858,0.15715696099356843,0.046701344959850885,0.022514269518505898,0.0010104244982204829,505.73887095691214
GCTATGTTGGCTGCTAAAGCTGCTCAAGCTAAAGCTAGAGCTAATGCTAATCAAGGTGAAGAAGCTCCAACTTGGTTTGCTTCTGGTTCTCAATTTATCTTAAATTCTCAACAATTGGTT,0.016710228918584525,0.010087533501470175,0.0069311053971371555,0.02103976376473114,0.054887891605975445,0.13887128695742162,0.4484050644660231,0.3030671253886569,3338.1639231345625
GCTATGTTGGCTGCTAAAGCTGCTCAAGCTAAAGCTAGAGCTAATGCTAATCAAGGTGAAGCTGATCCAACTTGGTTTGCTTCTGGTTCTCAATTTATCTTAAATTCTCAACAATTGGTT,0.17327423388183444,0.1743352976332379,0.145538910123648,0.11068853245316108,0.1920887425984056,0.11911807383858933,0.06428114704208121,0.020675062429042403,777.8374660783252
GCTATGTTGGCTGCTAAAGCTGCTCAAGCTAAAGCTAGAGCTAATGCTAATCAAGGTGAAGCTGCTCCAACTTGGTTTGATTCTGGTTCTCAATTTATCTTAAATTCTCAACAATTGGTT,0.11133852618544747,0.2862741507186224,0.15393746020538657,0.1236933254687595,0.10971370266578412,0.11339277147343167,0.057367061167521737,0.04428300211504646,864.8076146227587
GCTATGTTGGCTGCTAAAGCTGCTCAAGCTAAAGCTAGAGCTAATGCTAATCAAGGTGAAGCTGCTCCAACTTGGTTTGCTTCTGGTTCTCAATTTATCTTAAATTCTCAACAATTGGTT,0.08059981008060516,0.0648746974771434,0.01002940979527706,0.06268055827405508,0.08736593065468293,0.08126604327192866,0.27658293548548124,0.33660061496082655,3096.053243157743
GCTATGTTGGCTGCTAAAGCTGCTCAAGCTAAAGCTAGAGCTAATGCTAATCAAGGTGCTGAAGATCCAACTTGGTTTGCTTCTGGTTCTCAATTTATCTTAAATTCTCAACAATTGGTT,0.34097502716765554,0.24920294451672514,0.12046731456935321,0.16686380124524103,0.0698968699182147,0.037693524250310244,0.014577171600591602,0.00032334673190848734,374.8068310382823
GCTATGTTGGCTGCTAAAGCTGCTCAAGCTAAAGCTAGAGCTAATGCTAATCAAGGTGCTGAAGCTCCAACTTGGTTTGATTCTGGTTCTCAATTTATCTTAAATTCTCAACAATTGGTT,0.01682565335933089,0.037041978683690406,0.11701886139171187,0.23791588628217158,0.2558835893118936,0.2474087215759975,0.0738916188558985,0.014013690539305545,981.5253789019868
GCTATGTTGGCTGCTAAAGCTGCTCAAGCTAAAGCTAGAGCTAATGCTAATCAAGGTGCTGAAGCTCCAACTTGGTTTGCTTCTGGTTCTCAATTTATCTTAAATTCTCAACAATTGGTT,0.11518134942421114,0.1673918639383198,0.11147540299484231,0.042654190573499326,0.18916740916681613,0.19942104406485195,0.08308590064753428,0.09162283918992489,1330.5979380342783
GCTATGTTGGCTGCTAAAGCTGCTCAAGCTAAAGCTAGAGCTAATGCTAATCAAGGTGCTGCTGATCCAACTTGGTTTGATTCTGGTTCTCAATTTATCTTAAATTCTCAACAATTGGTT,0.11909597719893221,0.1677553842452937,0.02963933436325774,0.10584927230059166,0.1877727119804826,0.13099681897804544,0.08836427495233619,0.17052622598106038,1755.5485617535674
GCTATGTTGGCTGCTAAAGCTGCTCAAGCTAAAGCTAGAGCTAATGCTAATCAAGGTGCTGCTGATCCAACTTGGTTTGCTTCTGGTTCTCAATTTATCTTAAATTCTCAACAATTGGTT,0.07380740572995848,0.13784092852087435,0.1860850835217707,0.2685016958219216,0.16685185143147516,0.1383997350416007,0.017001284911062703,0.011512015021336431,670.2281483113936
GCTATGTTGGCTGCTAAAGCTGCTCAAGCTAAAGCTAGAGCTAATGCTAATCAAGGTGCTGCTGCTCCAACTTGGTTTGATTCTGGTTCTCAATTTATCTTAAATTCTCAACAATTGGTT,0.07313445809463143,0.17869988347386004,0.09100461274698192,0.0928570307205048,0.11324840570739912,0.14364736974276746,0.14534660965611484,0.16206162985774036,1818.7819443147575
GCTATGTTGGCTGCTAAAGCTGCTCAAGCTAAAGCTAGAGCTAATGCTAATCAAGGTGCTGCTGCTCCAACTTGGTTTGCTTCTGGTTCTCAATTTATCTTAAATTCTCAACAATTGGTT,0.15606402043388737,0.14019615674826655,0.17339083031521232,0.24149612353416225,0.1373093692059914,0.11239574018393114,0.025846658390514633,0.013301101188034337,641.456327549302
GCTATTGAATCTACTGAAGAAGTTTCTTTGGTTCCATCTAATTTGGAAGTTTCTACTACTTCATTCTTGCCAACTCCAGTCTTGGAAGATGCTAAATTGACTCAAACTAGGAAAGTTAAA,0.23365808221622214,0.04701778261545347,0.0,0.0,0.13814890983034386,0.08566890396224662,0.21670575601497882,0.27880056536075515,2603.349747105428
GCTATTGTTGATGCATTCTTCTCTTCTTCTACTGAGAATACTCCAATGTTTGCATTTGAAGCTTTGGAATCTAATCCTAAGAATTGGACTCCATTGTTTGATAATGATATTGCTGTTACT,0.01910777413211947,0.04140722423397011,0.04206645751173196,0.029392738387981936,0.04924487819891283,0.10912749269391041,0.38169319491281173,0.32796023992856155,3301.9798692012428
GCTATTGTTGATGCATTCTTCTCTTCTTCTACTGAGAATACTCCAATGTTTGCATTTGAAGCTTTGGAATCTAATCCTAAGAATTGGGATCCATTGTTTGATAATGATATTGCTGTTACT,0.12206808635872479,0.11826685833609835,0.1856494513892258,0.1858407260927415,0.19156767642526867,0.14089633637358373,0.0503163648139512,0.0053945002104058715,702.6142003015452
GCTATTGTTGATGCATTCTTCTCTTCTTCTACTGAGAATACTCCAATGTTTGCATTTGAAGCTTTGGAATCTAATCCTAAGAATTGGGCTCCATTGTTTGATAATGATATTGCTGTTACT,0.3054375526712034,0.13170339984951726,0.1085914782302645,0.04847582273544546,0.04299716239272082,0.11998530434207763,0.24280927977877104,0.0,961.5525964556888
GCTATTGTTGATGCATTCTTCTCTTCTTCTACTGAGAATGATCCAATGTTTGCATTTGAAGCTTTGGAATCTAATCCTAAGAATTGGACTCCATTGTTTGATAATGATATTGCTGTTACT,0.23040198497012296,0.24129221373101728,0.2131597931773958,0.17128023055055228,0.06414501817346667,0.06280675199613985,0.008738084911290267,0.008175922490014927,454.17758654195796
GCTATTGTTGATGCATTCTTCTCTTCTTCTACTGAGAATGATCCAATGTTTGCATTTGAAGCTTTGGAATCTAATCCTAAGAATTGGGATCCATTGTTTGATAATGATATTGCTGTTACT,0.22294064264280916,0.17944467527092203,0.12483694171028056,0.11145577085433067,0.05492178722190819,0.07152200892157745,0.15507441488478396,0.07980375849338796,1219.672590070863
GCTATTGTTGATGCATTCTTCTCTTCTTCTACTGAGAATGCTCCAATGTTTGCATTTGAAGCTTTGGAATCTAATCCTAAGAATTGGACTCCATTGTTTGATAATGATATTGCTGTTACT,0.039493015782538214,0.04966856948836845,0.08600024840530383,0.08775080149338013,0.16539585929873862,0.1176484124637451,0.26555100199985227,0.18849209106807335,2263.759192136181
GCTATTGTTGATGCATTCTTCTCTTCTTCTACTGAGAATGCTCCAATGTTTGCATTTGAAGCTTTGGAATCTAATCCTAAGAATTGGGCTCCATTGTTTGATAATGATATTGCTGTTACT,0.09388573543145264,0.13707669414962248,0.1758575273139727,0.3390037943076211,0.18290111563860767,0.059602065663410565,0.011324516295207726,0.00034855120010522986,522.9395375946575
GCTATTTATAAACAATCTCAACATATGACTGAAGTTGTTAGAAGATGTCCACATCATGAAAGATGTTCTGATTCTGATGGTTTGGCTCCACCACAACATTTGATTAGAGTTGAAGGTAAT,0.07652960003972831,0.2309947122855651,0.1904586920240852,0.12753268410353788,0.18853190516248225,0.14029488930765202,0.0,0.045657517076949185,818.4670053793498
GCTATTTCTGATAATGCTAAAGAATTGTGTAAAGCTGTTTCTGTTTCTATGGGTTTGGGTGTTGAAGCTTTGGAACATTTGGCTCCAGGTGAACAATTGAGAGGTGATTGTATGGCTGCT,0.2777247919480503,0.2768640134096992,0.22580956559864407,0.13009663269275143,0.047129279553320955,0.027979716936604934,0.007371178504887135,0.007024821356041983,382.2437694861967
GCTCAAACTTCTTGTGGTGGTGGTGATGAACCAAGAGTTACTAAACCATGTTTGGCTGCTTATGCTCATTTGTCTACTGAAGACTTTAAGAAAGATTTGGAAGAATGTCAAAGATTGGAA,0.24622463948142603,0.21177126485028472,0.15813614856133157,0.11912540285602236,0.08609499506462656,0.06916332014394103,0.047882058417479854,0.061602170624888056,872.8830008140721
GCTCAACCATCTGGTTATACTAATGATTATATTGCTCAAGGTAATGGTCCAAGAAGATTGAGATTGCAATCTAACTTTAATGGTATTAATACTAAGAATCCAGAATTGCAAGCTATTAAA,0.03474890523239768,0.14858719932973186,0.1243140838945817,0.2075010949149124,0.23541234478590364,0.17518068798450542,0.048341711793075656,0.025913972064891745,893.3227723669812
GCTCAAGATCAGAAATTGTGGGAAGGTGATGCTCAATTTGAATTGTTGGATGCTCAACAATTGGCTGAAGGTTTGGCTTTGTGTGATGAGTTCTTGTTGGCTCAAGCTCAAACTTCTTGT,0.07632538368649126,0.076997177482794,0.08103483963772226,0.07398676895115318,0.07995907835426022,0.0735888919339398,0.19620757976422415,0.3419002801894151,2936.4035997189235
GCTCAAGATCAGAAATTGTGGGAAGGTGATTCTCAATTTGAATTGTTGGATTCTCAACAATTGGCTGAAGGTTTGGCTTTGTGTGATGAGTTCTTGTTGTCTCAATCTCAAACTTCTTGT,0.0005231792681525317,0.0009869681507051653,0.001464786748350468,0.00130777744101981,0.0016755187450298633,0.0013787032092276493,0.3929082264005967,0.5997548400369178,4835.667191211147
GCTCAAGCTCCACAAGATTGGACTGGTTTGCCAGCTGGTGTTAAATTTGATCCAAATGATAAAGAAATCTTGGATCATTTGGCTGCTAAGATTGGTAGAGGTGGTAAACCACATGCTTTG,0.09081660880402193,0.07396840392149412,0.06457562085369715,0.06726278097157687,0.09375276193792802,0.1585580838791836,0.24466140207916034,0.20640433755293788,2319.952288014875
GCTCAATCTCCATCTAGAGGTGGTCATGGTACTGGTGCTTCTGGTAAATCTGGTTTGTCTGATTATGCTAGATTGGGTCCAGAACATTTGAAGAAAGATTTGGAAGAATGTCAGAATTTG,0.4181619572614264,0.4719410234582506,0.022623408740993643,0.02019842384822215,0.021498756153606892,0.016664761221179113,0.020234271315078087,0.008677398001242984,337.1690747552052
GCTCAATTGGATACTCCACCATCTGATTTGAGATTGTCTCAATTGGATACTCCACCAGACTTTAGATTGTCTCAATTGGATTTGCCATCTGGTTCTCAAGATTCATTCTTGGGTTGGGCT,0.09271757941748174,0.08026878581010614,0.09122500684445203,0.21319864170699437,0.23584789916117554,0.22531022028208503,0.0459950509754493,0.015436815802255872,873.4230104390808
GCTCAATTGGATGCTCCACCATCTGATTTGAGATTGGCTCAATTGGATGCTCCACCAGACTTTAGATTGGCTCAATTGGATTTGCCATCTGGTGCTCAAGATTCATTCTTGGGTTGGGCT,0.0005470598521144231,0.0045171565608360725,0.009178145990494125,0.03904365784109928,0.18607427144637836,0.4180782673758332,0.2849842824173215,0.057577158515922974,1842.3961379578773
GCTCAATTTGAATTGTTGGATGCTCAACAATTGGCTGAAGGTTTGGCTTTGTGTGATGAGTTCTTGTTGGCTCAAGCTCAAACTTCTTGTGGTGGTGGTGATGAACCAAGAGAAACTAAA,0.018627591818756086,0.023427074897124693,0.009657991732167182,0.018970070694342856,0.27227694742921965,0.3101804143654876,0.18571834983191288,0.16114155923098902,2160.763035760187
GCTCAATTTGAATTGTTGGATTCTCAACAATTGGCTGAAGGTTTGGCTTTGTGTGATGAGTTCTTGTTGTCTCAATCTCAAACTTCTTGTGGTGGTGGTGATGAACCAAGAGAAACTAAA,0.00043771941250089264,0.0004403998352705414,0.0003631164357111193,0.12870512857769395,0.2537667201280038,0.49536799314496965,0.1205707315864902,0.0003481908793599147,1249.7907535997738
GCTCACTTCTTTCATAAAGCTATTAAAGCATTTGCTGCTGGTGCTAGGAAGAGAAGGAAGATTCATGATGATGACTTTGGTGATGTTAGATGGCATAAAGCTGGTAGAGCTAAACCAGTT,0.2599276575394666,0.2684451101022305,0.2355343772608533,0.1528308666493936,0.04117775776235798,0.023547951219154054,0.011703076999107923,0.0068332024674361315,391.1965057136855
GCTCACTTCTTTCATAAAGCTATTAAAGCTGCTGCTGCTGGTGCTAGGAAGAGAAGGAAGATTCATGATGATGACTTTGGTGATGTTAGATGGCATAAAGCTGGTAGAGCTAAACCAGTT,0.5355830570382494,0.24201667649136288,0.21668058011742589,0.001853353121426832,0.0010959267340057207,0.0016019286693386057,0.0008841154231918711,0.0002843624049988539,215.30430906861187
GCTCACTTCTTTCATAGAGCTATTAAAGCTTATAATACTGGTACTAGGAAGAGAAGGAAGATCTTGGGTGATGACTTTGGTGATGTTAGATGGCATAAGACTGGTAAGACTAAACCAGTT,0.06774267162347554,0.06815750129360362,0.02809845389872337,0.05017320668372608,0.11125677677081987,0.14488436344282646,0.3141390772662201,0.21554794902060495,2528.022335640528
GCTCATATGGCTACTGAGAAACCAGAAGATGGTGATAATCCATCTGATCAAGATCCTAAATGGTGGGAAGGTGAAGATCAATTCTTGTTGGATGATCAACAATTGGCTGAGAATTTGGCT,0.047106130195958426,0.04344504059880959,0.06350104796278916,0.13519439085122423,0.1934111870018406,0.1978979443339403,0.16019114206329418,0.15925311699214342,1951.0990894193894
GCTCATATGGCTACTGAGAAACCAGAAGATGGTGATAATCCATCTGATCAAGATCCTAAATGGTGGGAAGGTGAATCTCAATTCTTGTTGGATTCTCAACAATTGGCTGAGAATTTGGCT,0.08013334003796088,0.1410920793159191,0.16770022542657592,0.2367266910751935,0.18664197081686407,0.12519997533458116,0.04729423869409441,0.015211479298810851,749.8790331568187
GCTCATATGGCTACTGAGAAACCAGAAGATGGTGATAATCCATCTGCTCAAGATCCTAAATGGTGGGAAGGTGAAGCTCAATTCTTGTTGGATGCTCAACAATTGGCTGAGAATTTGGCT,0.1814454370436338,0.23210759838124068,0.27093721066198595,0.17566233185374286,0.06130200182986624,0.03801459826143896,0.031252229330859624,0.009278592637232004,495.43771490825065
GCTCATATGGCTACTGAGAAACCAGAAGATGGTGATAATCCATCTGCTCAAGATCCTAAATGGTGGGAAGGTGAATCTCAATTCTTGTTGGATTCTCAACAATTGGCTGAGAATTTGGCT,0.014988034509106749,0.06316628060707205,0.1190601706167142,0.2453806193135586,0.33494457214432133,0.18210125787366127,0.039913827436685465,0.0004452374988803945,789.6765363647255
GCTCATATGGCTACTGAGAAACCAGAAGATGGTGATAATCCATCTTCTCAAGATCCTAAATGGTGGGAAGGTGAAGATCAATTCTTGTTGGATTCTCAACAATTGGCTGAGAATTTGGCT,0.2106257357803576,0.2615127762045548,0.2156213049670717,0.18089210728811653,0.05151999010629761,0.06161511280486067,0.011083372988917962,0.007129599859822977,449.54492043315963
GCTCATATGGCTACTGAGAAACCAGAAGATGGTGATAATCCATCTTCTCAAGATCCTAAATGGTGGGAAGGTGAAGCTCAATTCTTGTTGGATTCTCAACAATTGGCTGAGAATTTGGCT,0.13350127314201987,0.08547558906196298,0.12081589275963932,0.16179860233476262,0.08371555603826344,0.15574107546405272,0.1575833747839084,0.10136863641539053,1488.1383134687396
GCTCATATGGCTACTGAGAAACCAGAAGATGGTGATAATCCATCTTCTCAAGATCCTAAATGGTGGGAAGGTGAATCTCAATTCTTGTTGGATGATCAACAATTGGCTGAGAATTTGGCT,0.11662094515548767,0.08672593334304549,0.06309429311294686,0.09013002694965523,0.06495423572119291,0.17660977160865393,0.20221194919367458,0.19965284491534319,2186.6244410627623
GCTCATATGGCTACTGAGAAACCAGAAGATGGTGATAATCCATCTTCTCAAGATCCTAAATGGTGGGAAGGTGAATCTCAATTCTTGTTGGATGCTCAACAATTGGCTGAGAATTTGGCT,0.16300619070759753,0.11714598355133989,0.08692979819353075,0.09054717397208067,0.10326044116743541,0.24546315403637942,0.12418339889749619,0.06946385947414015,1302.4775192465208
GCTCCACCAGATGAAGATGATTCTGCTGCTCCATCTACTTTGTCTTTGTTGGGTCCAACATTTCCAGGTTTGTCTTCTTGTTCTGCTGATTTGAAAGATATCTTGTCTGAAGCTTCTACT,0.18320596102583314,0.3227359218611984,0.3200697857091158,0.06455509490814883,0.034171940213620355,0.04702234743792707,0.0025915710415184896,0.025647377802637896,500.7733340433158
GCTCCACCATCTGATTTGAGATTGGCTCAATTGGATGCTCCACCAGACTTTAGATTGGCTCAATTGGATTTGCCATCTGGTGCTCAAGATTCATTCTTGGGTTGGGCTTCTAAAGGTACT,0.07954345706391089,0.0839703347499435,0.20050465561981748,0.3023152852646349,0.19431522018259556,0.12883795685231617,0.002493410635893999,0.008019679630887571,627.8672456500888
GCTCCACCATCTGATTTGAGATTGTCTCAATTGGATACTCCACCAGACTTTAGATTGTCTCAATTGGATTTGCCATCTGGTTCTCAAGATTCATTCTTGGGTTGGGCTTCTAAAGGTACT,0.006413421220382529,0.02418097374808895,0.08575972410751809,0.20505761721732477,0.29450718115864744,0.25693015637858574,0.09286265596458738,0.034288270204865065,1171.7573919040683
GCTCCAGGTTCTACTTATTTGGATACTCCAGATGATTCATTTGAAACTTCTCCAATGTATGAATCTTTGGATACTTCTAAGACTTGGCCATCTTTGTTTCCAGAAGAAGATGTTTCATTT,0.1313181176804246,0.14533448441429694,0.06536210020565882,0.08753398429112323,0.06470086057104497,0.060183447889772215,0.19486519242465758,0.25070181252302154,2348.6305792665567
GCTCCAGGTTCTACTTATTTGGATGCTCCAGATGATTCATTTGAAACTGCTCCAATGTATGAATCTTTGGATACTTCTAAGACTTGGCCATCTTTGTTTCCAGAAGAAGATGTTTCATTT,0.08653905360356696,0.12438426425382958,0.13845159683128377,0.054938258711044644,0.036546918103849926,0.10198563922436409,0.20638410465039983,0.25077016462166124,2411.038786067225
GCTCCATCATTTGAAGCTCCAGGTAACTTCTCTCAGAATACTGCTCCAATGTTTACTGATTTGGATGTTGCTGGTCATGAAGATTGGCCATCTTTGTTTGATCATTCTTCTGAACCATTG,0.21071274286131195,0.2385034486013424,0.11471236033238102,0.12436281413376717,0.10381884874096463,0.12674841240390106,0.07328442880722053,0.007856944119111154,678.6745026483121
GCTCCATCATTTGAATCTCCAGGTAACTTCTCTCAGAATACTTCTCCAATGTTTACTGATTTGGATGTTGCTGGTCATGAAGATTGGCCATCTTTGTTTGATCATTCTTCTGAACCATTG,0.0006761123921054172,0.0029532919510002016,0.0003283192750156035,0.0008793809920814226,0.00048749671985904214,0.0014661863939063504,0.3191119497026881,0.6740972625733437,5116.084704804852
GCTGAAATTGAGAATTTGGCTTTGGAAGAACAAGCTTTGGATAATCAAATTAGACAAACTGAAGAAAGATTGAGAGATTTGTCTGAGAATGAGAAGAATCAGAAATGGTTGTTTGTTACT,0.060422629657298874,0.09118895137292918,0.07518669251643,0.13425498346241738,0.14885212360059397,0.1938429801845684,0.2241554243038114,0.07209621490195087,1539.4030084536287
GCTGAACATGGTGCTGAGAATGGTGCTAAAGAAATGGCTGATGATAAAGAAGAACAAGAGAAAGATAGAGATAATGAGAATCAAGGTGAAGAAGATCCAACTGCTTGGGATTCTGGTTCT,0.09028042847897122,0.06055551371463981,0.11234014234069344,0.10029849330597702,0.29654305734756753,0.24825458476581957,0.055820277564911605,0.03590750248141984,1054.848177534783
GCTGAACATGGTGCTGAGAATGGTGCTAAAGAAATGGCTGATGATAAAGAAGAACAAGAGAAAGATAGAGATAATGAGAATCAAGGTGAAGAAGATCCAACTGGTTGGGATTCTGGTTCT,0.10050284759932827,0.16178926047288067,0.050024149841439554,0.06699315249387079,0.0990361550162009,0.03684858112869249,0.3169180121565642,0.1678878412910232,2117.7611722825877
GCTGAACATGGTTTGGAGAATGGTGCTAAAGAAATGGCTGATGATAAAGAAGAACAAGAGAAAGATAGAGATAATGAGAATCAAGGTGAAGAAGATCCAACTTGGTTTGATTCTGGTTCT,0.39772244945857044,0.2891843348381644,0.15329995225929116,0.0759416980074112,0.02867179036581826,0.033724552326283776,0.01847941094571156,0.0029758117987491273,349.09175678585984
GCTGAACATGGTTTGGAGAATGGTGCTAAAGAAATGTTGGATGATAAAGAAGAACAAGAGAAAGATAGAGATAATGAGAATCAAGGTGAAGAAGATCCAACTGCATTTGATTCTGGTTCT,0.22653892200920814,0.22792615791290233,0.093964310881066,0.08389235236433802,0.2976438888146413,0.0,0.07003436801784417,0.0,571.2161147547241
GCTGAAGACTTTAAGAAAGATTTGGAAGAATGTCAAAGATTGGAACCAACTGATAATACTAATTTGGAATTGGATAATACTGATGAATTTAGATTGGATCAAATTGAATTTGATCAAGAT,0.04936741461456369,0.19867888554238639,0.1228603469927907,0.21938209145321205,0.178372220211753,0.1659182756666637,0.04578571733998079,0.019635048178649583,809.1488149443422
GCTGAAGACTTTAAGAAAGATTTGGAAGAATGTCAAAGATTGGAACCAACTGATAATACTAATTTGGAATTGGATAATACTGATGAATTTAGATTGGATCAAATTGAGTTCTCTCAAGAT,0.05881811176041015,0.05379844628239309,0.06653646923661352,0.1425707493393009,0.28452966779562866,0.25486144913522557,0.09422402086409021,0.0446610855863379,1208.7881413160758
GCTGAAGACTTTAAGAAAGATTTGGAAGAATGTCAAAGATTGGAACCAACTGATAATACTAATTTGGAATTGGATAATACTGATGAATTTAGATTGGCTCAAATTGAATTTGCTCAAGAT,0.1462847378911334,0.04205157957355556,0.05200826090701786,0.0464335374671187,0.2882998506877616,0.13408538068395418,0.11628986527471329,0.1745467875147455,1888.5963314577898
GCTGAATCTTCTTTGGTTATTTCTGGTGATTCTCATTCTGATGCTTGTGATGAAGCTACTACTGCTGAATTGGTTGACTTTAAATGGTATCCAGAATTGGAATCTTTGGACTTTACTTTG,0.007450223122938255,0.007321523394730239,0.0061579817778614826,0.0034888286214024107,0.0011631152314671503,0.0011216095439480457,0.31438110892437,0.6589156093832825,5012.581145832168
GCTGAATTTATTCCAACTGTTAATCAAGATGATGGTATTTGTTATACTCATCCTAAGAATTTGCCAGGTGTTAAATCTGATGGTACTGTTTCTCACTTCTTTCATAAAGCTATTAAAGCT,0.0540680097276523,0.13599775276939277,0.10091901441790217,0.030033862283892373,0.1465171562990898,0.2601849058299877,0.17550846453043983,0.09677083414164293,1626.71560362355
GCTGAATTTATTCCAACTGTTAATCAAGATGCTGGTATTTGTTATACTCATCCTAAGAATTTGCCAGGTGTTAAATCTGATGGTACTGTTTCTCACTTCTTTCATAAAGCTATTAAAGCT,0.05805173553457429,0.11194717491739045,0.09029559815665655,0.10211472225506613,0.11440911012356275,0.1551973916165168,0.2467665507481453,0.12121771664808777,1824.8869235744198
GCTGAATTTATTCCAACTGTTAATCAAGATGCTGGTATTTGTTATACTCATCCTAAGAATTTGCCAGGTGTTAAATCTGCTGGTACTGTTTCTCACTTCTTTCATAAAGCTATTAAAGCT,0.07829661463299156,0.16113287562791567,0.17714204468445857,0.13443118230830386,0.1332659821323962,0.14027205864494796,0.09902188686751127,0.07643735510147495,1210.5065623728133
GCTGAATTTATTCCAACTGTTAATCAAGCTGATGGTATTTGTTATACTCATCCTAAGAATTTGCCAGGTGTTAAATCTGATGGTACTGTTTCTCACTTCTTTCATAAAGCTATTAAAGCT,0.10706101182080635,0.2288203829165042,0.20693151942009264,0.19737602952906633,0.17670201022437396,0.07890546282084399,0.0038645870340765784,0.00033899623423600835,490.60811354274915
GCTGAATTTATTCCAACTGTTAATCAAGCTGATGGTATTTGTTATACTCATCCTAAGAATTTGCCAGGTGTTAAATCTGCTGGTACTGTTTCTCACTTCTTTCATAAAGCTATTAAAGCT,0.3707279622607613,0.39842686513051623,0.11589663868512996,0.035397015032860094,0.03676314926067466,0.03476429329910414,0.00744039556738759,0.0005836807635659455,302.9546590025719
GCTGAATTTATTCCAACTGTTAATCAAGCTGCTGGTATTTGTTATACTCATCCTAAGAATTTGCCAGGTGTTAAATCTGATGGTACTGTTTCTCACTTCTTTCATAAAGCTATTAAAGCT,0.1598895937438222,0.0,0.09947903450724357,0.22203989305868102,0.11816717861531809,0.18319458128039812,0.0741446539373703,0.1430850648571666,1606.8665492304604
GCTGAATTTATTCCAACTGTTAATCAAGCTGCTGGTATTTGTTATACTCATCCTAAGAATTTGCCAGGTGTTAAATCTGCTGGTACTGTTTCTCACTTCTTTCATAAAGCTATTAAAGCT,0.10382220003056178,0.10445796664499399,0.1808671192248891,0.04613717683984023,0.04092282653459246,0.1522623826953562,0.17332147316990434,0.1982088548598619,2070.7708043642506
GCTGATATCTTTCATAGGATTCCATTGTATCAAACTCAATCTTTGCAAGTTTCTATGAATTTGCAATCTCCAGTCTTGACTCAAGAACATTCTGTCTTGCATGCTATGATTGAGAATAAT,0.12572910644458987,0.12649902240010164,0.10430038900139091,0.13968077194091394,0.08259618225303597,0.0768293186001967,0.1943453785600957,0.15001983079967512,1776.635073076983
GCTGATCCAACTTGGTTTGAATCTGGTTCTCAATTTATCTTAAATTCTCAACAATTGGTTGATGCTTTGTCTTTGTGTGATGCTTTGTTGGGTTCTCAAGCTAGAGCTGCTAATACTAAT,0.22582797662650184,0.2115761528644829,0.22827213369181612,0.1834010247445756,0.07285166778001997,0.03520828911572875,0.041739011450811,0.0011237437260638449,467.1433611182123
GCTGATCCAACTTGGTTTGATTCTGGTTCTCAATTTATCTTAAATTCTCAACAATTGGTTGAAGCTTTGTCTTTGTGTGATGATTTGTTGGGTTCTCAAGATAGAGAAGAGAATACTAAT,0.26563768804974747,0.35635246604015663,0.08814542624377644,0.059022891950227516,0.0349014790860723,0.09739397572059291,0.09854607290942673,0.0,596.2831814403451
GCTGATCCAACTTGGTTTGATTCTGGTTCTCAATTTATCTTAAATTCTCAACAATTGGTTGAAGCTTTGTCTTTGTGTGATGATTTGTTGGGTTCTCAAGATAGAGAAGCTAATACTAAT,0.13098282788615917,0.14376536245134983,0.029634187964660694,0.19843292486141864,0.05866878382441122,0.1418885795878513,0.254003179220037,0.04262415420411213,1327.248890316166
GCTGATCCAACTTGGTTTGATTCTGGTTCTCAATTTATCTTAAATTCTCAACAATTGGTTGAAGCTTTGTCTTTGTGTGATGATTTGTTGGGTTCTCAAGATAGAGCTGAGAATACTAAT,0.2138582090501161,0.26629677378586253,0.23844844200064885,0.17525145080442597,0.04485991181965601,0.0368757247090561,0.020619754484833743,0.003789733345400686,420.5560375259257
GCTGATCCAACTTGGTTTGATTCTGGTTCTCAATTTATCTTAAATTCTCAACAATTGGTTGAAGCTTTGTCTTTGTGTGATGATTTGTTGGGTTCTCAAGCTAGAGAAGAGAATACTAAT,0.028886911605732975,0.011625521509273753,0.021567197783029738,0.10269561220765618,0.10816832708157398,0.1535718151640795,0.3322097977208036,0.24127481692785027,2751.9958454563885
GCTGATCCAACTTGGTTTGATTCTGGTTCTCAATTTATCTTAAATTCTCAACAATTGGTTGAAGCTTTGTCTTTGTGTGATGCTTTGTTGGGTTCTCAAGATAGAGAAGAGAATACTAAT,0.004671478837025094,0.0005306547749312608,0.0038752924735706517,0.03286907856039071,0.2273438898553181,0.40074926175534187,0.287346188844479,0.04261415489894329,1756.70664358477
GCTGATCCAACTTGGTTTGATTCTGGTTCTCAATTTATCTTAAATTCTCAACAATTGGTTGAAGCTTTGTCTTTGTGTGCTGATTTGTTGGGTTCTCAAGATAGAGAAGAGAATACTAAT,0.2079112504573053,0.06972813925793371,0.028745961474480927,0.17965293572842483,0.06829236292551069,0.10587365271295505,0.257102539385885,0.08269315805750445,1532.664616566216
GCTGATCCAACTTGGTTTGATTCTGGTTCTCAATTTATCTTAAATTCTCAACAATTGGTTGCTGCTTTGTCTTTGTGTGATGATTTGTTGGGTTCTCAAGATAGAGAAGAGAATACTAAT,0.27680397313405364,0.20520979874630968,0.16315582597601197,0.11869186176629301,0.05263874821590249,0.0489635119575573,0.03603106424057285,0.098505215963299,1027.6049253275319
GCTGATCCAACTTGGTTTGATTCTGGTTCTCAATTTATCTTAAATTCTCAACAATTGGTTGCTGCTTTGTCTTTGTGTGATGATTTGTTGGGTTCTCAAGATAGAGCTGCTAATACTAAT,0.03535323371981046,0.14224226042351307,0.2686618283860931,0.32274474296234906,0.14440798333319366,0.0660113497829971,0.013540787611746258,0.007037813780297244,565.6229437516386
GCTGATCCAACTTGGTTTGATTCTGGTTCTCAATTTATCTTAAATTCTCAACAATTGGTTGCTGCTTTGTCTTTGTGTGCTGCTTTGTTGGGTTCTCAAGCTAGAGCTGCTAATACTAAT,0.05416029287543076,0.0875763471881243,0.0649872403372139,0.045127686010718156,0.032403154990124826,0.06737348009686875,0.2744757893736287,0.3738960091278906,3277.3108971451047
GCTGATCCAACTTGGTTTGCTTCTGGTTCTCAATTTATCTTAAATTCTCAACAATTGGTTGAAGCTTTGTCTTTGTGTGATGATTTGTTGGGTTCTCAAGATAGAGAAGAGAATACTAAT,0.0593920832808095,0.1045726101148907,0.18476083914551245,0.23093906383757826,0.16094469156190214,0.19053686487694077,0.06885384718236615,0.0,769.4088945878185
GCTGATCCAACTTGGTTTGCTTCTGGTTCTCAATTTATCTTAAATTCTCAACAATTGGTTGAAGCTTTGTCTTTGTGTGCTGCTTTGTTGGGTTCTCAAGCTAGAGCTGCTAATACTAAT,0.10960245396766921,0.0735157444001644,0.18184458487936447,0.060882304065246466,0.16200444883768633,0.15069330173480713,0.1524758897031105,0.10898127241195149,1542.294470858262
GCTGATCCAACTTGGTTTGCTTCTGGTTCTCAATTTATCTTAAATTCTCAACAATTGGTTGCTGCTTTGTCTTTGTGTGATGCTTTGTTGGGTTCTCAAGCTAGAGCTGCTAATACTAAT,0.12126212087008593,0.04436533918186349,0.082304784700039,0.12247100228061107,0.1303554293990342,0.04041800538222706,0.14313641952937886,0.31568689865676036,2648.7324196065665
GCTGATCCAACTTGGTTTGCTTCTGGTTCTCAATTTATCTTAAATTCTCAACAATTGGTTGCTGCTTTGTCTTTGTGTGCTGATTTGTTGGGTTCTCAAGCTAGAGCTGCTAATACTAAT,0.11223913441091424,0.08066174503214592,0.13966438294934874,0.07125364037394974,0.1264013346591875,0.161666994796697,0.19332110113430606,0.11479166664345075,1665.5683018442262
GCTGATCCAACTTGGTTTGCTTCTGGTTCTCAATTTATCTTAAATTCTCAACAATTGGTTGCTGCTTTGTCTTTGTGTGCTGCTTTGTTGGGTTCTCAAGATAGAGCTGCTAATACTAAT,0.052740835978556035,0.11370814342463875,0.1718825397945904,0.22879280588719358,0.2202587271740044,0.17034988543819363,0.030280337126117447,0.011986725176705688,760.0132997639705
GCTGATCCAACTTGGTTTGCTTCTGGTTCTCAATTTATCTTAAATTCTCAACAATTGGTTGCTGCTTTGTCTTTGTGTGCTGCTTTGTTGGGTTCTCAAGCTAGAGAAGCTAATACTAAT,0.25425051458162073,0.2720331820090974,0.2404138308449211,0.16630992763916727,0.024510821355917742,0.02137972872969605,0.001478793392914626,0.01962320144666493,438.25718375484064
GCTGATCCAACTTGGTTTGCTTCTGGTTCTCAATTTATCTTAAATTCTCAACAATTGGTTGCTGCTTTGTCTTTGTGTGCTGCTTTGTTGGGTTCTCAAGCTAGAGCTGAGAATACTAAT,0.17814757299612127,0.2410448513021722,0.17581304930680272,0.10237029827598819,0.09685394141181149,0.08446087624111255,0.06267065539468791,0.058638755071303665,916.3483473036542
GCTGATCCAACTTGGTTTGCTTCTGGTTCTCAATTTATCTTAAATTCTCAACAATTGGTTGCTGCTTTGTCTTTGTGTGCTGCTTTGTTGGGTTCTCAAGCTAGAGCTGCTAATACTAAT,0.10597271451800118,0.10177521140512255,0.12587284002889512,0.14448938408956002,0.14714600514438014,0.10596563168344861,0.1250889792713302,0.1436892338592622,1647.4305395103445
GCTGATCCAGTTACTCCAAGATTGTTTACTCCAGAACCAGGTAGACAAGCTGTTCCATTGAGATCTGATTCTCACTTTGCTAATGATTATGTTACTGCTCAAGAAGTTTCTTTGGCTGAA,0.06281800574830625,0.07019443175151313,0.14942838709656445,0.2407569091157534,0.26970782708229946,0.16935342401496473,0.03188477705582596,0.005856238134772711,751.7186845199603
GCTGATGCTGATAATGAGAATCAAGGTGAAGAAGATCCAACTTGGTTTGATTCTGGTTCTCAATTTATCTTAAATTCTCAACAATTGGTTGAAGCTTTGTCTTTGTGTGATGATTTGTTG,0.174629018669993,0.23559555311528266,0.18272872304527973,0.10582195391439599,0.07821843757048323,0.08730867354767642,0.0883414692273975,0.04735617090949151,902.7379988655593
GCTGATTATGCTAATTTGCCAGTTGAAGATTTGAAACAAGATTTGGAGAAATGTCATGAATTGGGTTTGTCTGATGCTGACTTTAGATTGGATCAAATTGAATTTGATCAAGATTCTTGT,0.1614218091859752,0.08120514665822741,0.10043233802921443,0.08966707691163327,0.07953304657232763,0.17755212236701287,0.19462346572696868,0.11556499454864047,1662.374938493883
GCTGATTATGCTAATTTGCCAGTTGAAGATTTGAAACAAGATTTGGAGAAATGTCATGAATTGGGTTTGTCTGATGCTGACTTTAGATTGGATCAAATTGAGTTCTCTCAAGATTCTTGT,0.0024817296513919506,0.002380790664768874,0.002082693540916543,0.018979227103357327,0.05237946378172433,0.2182189081133657,0.49213035396434757,0.2113468331801277,2968.213668732528
GCTGATTATGCTAATTTGCCAGTTGAAGATTTGAAACAAGATTTGGAGAAATGTCATGAATTGGGTTTGTCTGATGCTGACTTTAGATTGGCTCAAATTGAATTTGCTCAAGATTCTTGT,0.0019772081232160665,0.0018787982307537983,0.02972901365271717,0.14943057509141056,0.35075777835490596,0.39795518818779246,0.0677471711266354,0.0005242672325685843,1076.6815659041122
GCTGATTATGCTAATTTGCCAGTTGAAGATTTGAAACAAGATTTGGAGAAATGTCATGAATTGGGTTTGTCTGATGCTGACTTTAGATTGGCTCAAATTGAGTTCTCTCAAGATTCTTGT,0.09619569814654617,0.10558337786323066,0.04352755924225607,0.08743921955431698,0.0517046520721307,0.08817349637484083,0.235207195037396,0.2921688017092826,2723.0741787029992
GCTGATTATGCTAATTTGCCAGTTGAAGATTTGAAACAAGATTTGGAGAAATGTCATGAATTGGGTTTGTCTGATGCTGACTTTAGATTGTCTCAAATTGAATTTGATCAAGATTCTTGT,0.06470095857182358,0.17576233734301566,0.18114843704767927,0.2336118525465704,0.16257969306821696,0.1423325952241346,0.0360040705869341,0.0038600556116254133,662.0610975356482
GCTGATTATGCTAATTTGCCAGTTGAAGATTTGAAACAAGATTTGGAGAAATGTCATGAATTGGGTTTGTCTGATGCTGACTTTAGATTGTCTCAAATTGAATTTGCTCAAGATTCTTGT,0.04451159727729667,0.13435250675689525,0.11077570760772072,0.024725437266811246,0.13158604616500005,0.04079957042558256,0.24769319121137157,0.2655559432893219,2574.870651716524
GCTGATTATGCTAATTTGCCAGTTGAAGATTTGAAACAAGATTTGGAGAAATGTCATGAATTGGGTTTGTCTGATGCTGACTTTAGATTGTCTCAAATTGAGTTCTCTCAAGATTCTTGT,0.043131898501820094,0.05786136187587536,0.10734206070471734,0.1717064389996418,0.3187683847923515,0.18449634502903864,0.0866722988273199,0.03002121126923543,1052.9915518933528
GCTGCATTTATTCCAACTGTTAATCAAGATGATGGTATTTGTTATACTCATCCTAAGAATTTGCCAGGTGTTAAATCTGCTGGTACTGTTTCTCACTTCTTTCATAAAGCTATTAAAGCT,0.08479608269368845,0.19906912852053,0.0351719051413269,0.2826167135795223,0.1392643457542996,0.25908182431063276,0.0,0.0,669.1621254583722
GCTGCATTTATTCCAACTGTTAATCAAGATGCTGGTATTTGTTATACTCATCCTAAGAATTTGCCAGGTGTTAAATCTGATGGTACTGTTTCTCACTTCTTTCATAAAGCTATTAAAGCT,0.20233034198996347,0.1850630309110312,0.18310477738947148,0.10217370270901512,0.10875143210966848,0.06743893965288182,0.08529586423077563,0.06584191100719282,999.3794813433472
GCTGCATTTATTCCAACTGTTAATCAAGATGCTGGTATTTGTTATACTCATCCTAAGAATTTGCCAGGTGTTAAATCTGCTGGTACTGTTTCTCACTTCTTTCATAAAGCTATTAAAGCT,0.042727673284758454,0.04298932087244991,0.09304405965103851,0.13053973761662216,0.1368384067910969,0.2056131843196677,0.20804543302796,0.14020218443640642,1927.4370223122935
GCTGCATTTATTCCAACTGTTAATCAAGCTGATGGTATTTGTTATACTCATCCTAAGAATTTGCCAGGTGTTAAATCTGATGGTACTGTTTCTCACTTCTTTCATAAAGCTATTAAAGCT,0.21681210722858366,0.07388605448784896,0.047865861990249656,0.05827521673808873,0.03790529928505449,0.08654420972796543,0.32432578658503586,0.1543854639571731,2062.6977400905726
GCTGCATTTATTCCAACTGTTAATCAAGCTGATGGTATTTGTTATACTCATCCTAAGAATTTGCCAGGTGTTAAATCTGCTGGTACTGTTTCTCACTTCTTTCATAAAGCTATTAAAGCT,0.13832931891037442,0.06958819682356543,0.1290972110851992,0.07683959026614628,0.1022329530814077,0.15849175085897566,0.16036658859166886,0.1650543903826625,1876.9696592308558
GCTGCATTTATTCCAACTGTTAATCAAGCTGCTGGTATTTGTTATACTCATCCTAAGAATTTGCCAGGTGTTAAATCTGAAGGTACTGTTTCTCACTTCTTTCATAAAGCTATTAAAGCT,0.1019836078204099,0.09835051745578711,0.26381070420385916,0.40947961057129745,0.0029189507879663844,0.00213333191286465,0.04179771843050114,0.07952555881731437,942.3573084903511
GCTGCATTTATTCCAACTGTTAATCAAGCTGCTGGTATTTGTTATACTCATCCTAAGAATTTGCCAGGTGTTAAATCTGATGGTACTGTTTCTCACTTCTTTCATAAAGCTATTAAAGCT,0.3771708476695814,0.28040480114300764,0.2425426744483199,0.05655742975914741,0.03301735741488128,0.008798844964491279,0.0009720701999030918,0.0005359744006679565,272.67163455542277
GCTGCATTTATTCCAACTGTTAATCAAGCTGCTGGTATTTGTTATACTCATCCTAAGAATTTGCCAGGTGTTAAATCTGCTGGTACTGTTTCTCACTTCTTTCATAAAGCTATTAAAGCT,0.0867376240696119,0.10472252569407073,0.17269066526937768,0.17345260403219814,0.18803799269599406,0.1272066793641969,0.06435571916251322,0.08279618971203737,1190.9939447088855
GCTGCTAGAGGTGGTTCTGAAGGTGGTACTTGGAGATCTAATGATGGTAAGAAAGAAATTAAAGATGGTCATATGCAGAAAGGTGATGGTTTGAGAGCTTCTGATGATTTGCAGAAAGTT,0.11447447253468437,0.04188198891150229,0.07769777361647633,0.23123137359418583,0.11280388444852986,0.12400572326268432,0.17373131630298336,0.12417346732895371,1660.4039454049876
GCTGCTATTCCAGAGAATGAATTGTTGGATGAAGATACTATGAATGCTATTTCTTCTTTGAAGAATGATTTGTCTAATATTTCTAATTCTTTGCCAGCTGAAGCTCCACATGAAATTGCT,0.15703310040486557,0.1873590937567354,0.10540810768214033,0.3865606936412161,0.05176753227781437,0.08808498347078768,0.023106990228698342,0.0006794985377421831,513.4622499299039
GCTGCTCAACCACCACCACCACCACCACATCATCCACCAGCTGCTCCAGTTCCAGTTGCTGCTGCTCCAGTTATTCCACCAATTAGAAGACATTTGGCATTTGCTGCTGCTAAACCACCA,0.12419852838954165,0.24736795822897056,0.2050100184854525,0.1717714581716977,0.08991626832035456,0.06969859701426424,0.05876923232190018,0.03326793906781854,756.241171037293
GCTGCTCCAACTTGGTTTGAATCTGGTTCTCAATTTATCTTAAATTCTCAACAATTGGTTGATGCTTTGTCTTTGTGTGATGATTTGTTGGGTTCTCAAGCTAGAGCTGCTAATACTAAT,0.175178457396784,0.17625118186946737,0.1193714863475747,0.12047739061159952,0.08220094434495927,0.06116934095542923,0.1160492401291194,0.14930195834506652,1562.185220018603
GCTGCTCCAACTTGGTTTGATTCTGGTTCTCAATTTATCTTAAATTCTCAACAATTGGTTGAAGCTTTGTCTTTGTGTGATGATTTGTTGGGTTCTCAAGATAGAGAAGAGAATACTAAT,0.275239208015714,0.11716043538494866,0.10538245136563482,0.1528907113524429,0.0938847090881468,0.10673627645584972,0.09818080546167499,0.05052540287558818,970.7972017167388
GCTGCTCCAACTTGGTTTGATTCTGGTTCTCAATTTATCTTAAATTCTCAACAATTGGTTGAAGCTTTGTCTTTGTGTGCTGCTTTGTTGGGTTCTCAAGCTAGAGCTGCTAATACTAAT,0.06034079941512931,0.14165737345666293,0.16685526074336998,0.15641868925251956,0.1651672594199701,0.19050775333906456,0.08705349764107549,0.031999366732208094,990.2468815055558
GCTGCTCCAACTTGGTTTGATTCTGGTTCTCAATTTATCTTAAATTCTCAACAATTGGTTGCTGCTTTGTCTTTGTGTGATGCTTTGTTGGGTTCTCAAGCTAGAGCTGCTAATACTAAT,0.044532254792989605,0.07560835807480563,0.1073637703936397,0.1515135870190709,0.16730154110620066,0.1556205511360634,0.14197341575290323,0.15608652172432694,1835.468900475085
GCTGCTCCAACTTGGTTTGATTCTGGTTCTCAATTTATCTTAAATTCTCAACAATTGGTTGCTGCTTTGTCTTTGTGTGCTGATTTGTTGGGTTCTCAAGCTAGAGCTGCTAATACTAAT,0.014467233271864383,0.03396359157222744,0.07800975966939774,0.13393837807383369,0.1330569808165626,0.15470868162856577,0.2504620296142828,0.20139334535326564,2344.4049903464897
GCTGCTCCAACTTGGTTTGATTCTGGTTCTCAATTTATCTTAAATTCTCAACAATTGGTTGCTGCTTTGTCTTTGTGTGCTGCTTTGTTGGGTTCTCAAGATAGAGCTGCTAATACTAAT,0.0022833222455214365,0.027679716663062286,0.02473961435181565,0.21469089345661105,0.3661464204158692,0.31679442765119,0.03656842434600435,0.01109718086992599,1000.3453280408863
GCTGCTCCAACTTGGTTTGATTCTGGTTCTCAATTTATCTTAAATTCTCAACAATTGGTTGCTGCTTTGTCTTTGTGTGCTGCTTTGTTGGGTTCTCAAGCTAGAGAAGCTAATACTAAT,0.013418827979274984,0.03150233249866864,0.050093018076054985,0.03478501286307048,0.03966899922644858,0.09429823810070596,0.4480296185010223,0.2882039527547541,3195.6183908689045
GCTGCTCCAACTTGGTTTGATTCTGGTTCTCAATTTATCTTAAATTCTCAACAATTGGTTGCTGCTTTGTCTTTGTGTGCTGCTTTGTTGGGTTCTCAAGCTAGAGCTGAGAATACTAAT,0.31943589108909753,0.18770211676018297,0.31908082650194175,0.10525218122651864,0.04627193096274945,0.00831742605649172,0.01371248166280984,0.00022714574020813908,331.81430438437735
GCTGCTCCAACTTGGTTTGATTCTGGTTCTCAATTTATCTTAAATTCTCAACAATTGGTTGCTGCTTTGTCTTTGTGTGCTGCTTTGTTGGGTTCTCAAGCTAGAGCTGCTAATACTAAT,0.1529395794022253,0.22305807292927587,0.27120118721226083,0.22928379125858273,0.07127130106975402,0.03831573028536355,0.011642783789237473,0.0022875540533003314,427.9948684600158
GCTGCTCCAACTTGGTTTGCTTCTGGTTCTCAATTTATCTTAAATTCTCAACAATTGGTTGAAGCTTTGTCTTTGTGTGATGCTTTGTTGGGTTCTCAAGCTAGAGCTGCTAATACTAAT,0.18974821881109416,0.12721662977719164,0.09353186390560866,0.12532059808739568,0.19652798314682152,0.19719544516980783,0.05820803092662855,0.012251230175451882,799.5790655533028
GCTGCTCCAACTTGGTTTGCTTCTGGTTCTCAATTTATCTTAAATTCTCAACAATTGGTTGAAGCTTTGTCTTTGTGTGCTGATTTGTTGGGTTCTCAAGCTAGAGCTGCTAATACTAAT,0.27098089444724427,0.16358416538236623,0.06743882980330033,0.18063034847533088,0.05340526464662167,0.1490295306831437,0.050264145832083086,0.0646668207299098,973.989779357778
GCTGCTCCAACTTGGTTTGCTTCTGGTTCTCAATTTATCTTAAATTCTCAACAATTGGTTGAAGCTTTGTCTTTGTGTGCTGCTTTGTTGGGTTCTCAAGATAGAGCTGCTAATACTAAT,0.2634782168071005,0.2650916545287706,0.16392910888031625,0.06272472009855344,0.05563567205107855,0.03450079375705656,0.08727228023758336,0.06736755363954068,930.5487696827795
GCTGCTCCAACTTGGTTTGCTTCTGGTTCTCAATTTATCTTAAATTCTCAACAATTGGTTGAAGCTTTGTCTTTGTGTGCTGCTTTGTTGGGTTCTCAAGCTAGAGAAGCTAATACTAAT,0.10707922220135478,0.1346686669347746,0.16655457980343003,0.1635719019521596,0.06594784813476812,0.12268674161770353,0.11172422981527043,0.1277668095405389,1502.0078927122822
GCTGCTCCAACTTGGTTTGCTTCTGGTTCTCAATTTATCTTAAATTCTCAACAATTGGTTGAAGCTTTGTCTTTGTGTGCTGCTTTGTTGGGTTCTCAAGCTAGAGCTGAGAATACTAAT,0.11052635540017179,0.18312096627236044,0.24172543383415981,0.2558065843253886,0.11840021941556524,0.07288272277092425,0.011555421617165548,0.005982296364264371,522.3739306685852
GCTGCTCCAACTTGGTTTGCTTCTGGTTCTCAATTTATCTTAAATTCTCAACAATTGGTTGAAGCTTTGTCTTTGTGTGCTGCTTTGTTGGGTTCTCAAGCTAGAGCTGCTAATACTAAT,0.04106887655035785,0.15701739199526651,0.04088313283550018,0.11862793435785217,0.2104415879946683,0.25597888731347695,0.10411062641668326,0.07187156253619476,1353.2389284367018
GCTGCTCCAACTTGGTTTGCTTCTGGTTCTCAATTTATCTTAAATTCTCAACAATTGGTTGATGCTTTGTCTTTGTGTGATGATTTGTTGGGTTCTCAAGATAGAGCTGCTAATACTAAT,0.0007183810235081886,0.0007227801083961384,0.045854527119584876,0.1966274402452647,0.34026263527974965,0.35903791427698756,0.051919017102924056,0.004857304843584916,1029.6485839025129
GCTGCTCCAACTTGGTTTGCTTCTGGTTCTCAATTTATCTTAAATTCTCAACAATTGGTTGCTGCTTTGTCTTTGTGTGATGATTTGTTGGGTTCTCAAGATAGAGAAGAGAATACTAAT,0.09230311083980776,0.05462843473517338,0.11485706021707805,0.15683448497298014,0.2514668134593022,0.14930387616994675,0.11582035501696514,0.06478586458874658,1251.0307721235117
GCTGCTCCAACTTGGTTTGCTTCTGGTTCTCAATTTATCTTAAATTCTCAACAATTGGTTGCTGCTTTGTCTTTGTGTGATGATTTGTTGGGTTCTCAAGATAGAGAAGCTAATACTAAT,0.009383207861945903,0.006836345042253936,0.01006548500373237,0.03522736931069446,0.11733202385147014,0.17557288983476774,0.42011773371719185,0.22546494537794362,2876.093552842072
GCTGCTCCAACTTGGTTTGCTTCTGGTTCTCAATTTATCTTAAATTCTCAACAATTGGTTGCTGCTTTGTCTTTGTGTGATGATTTGTTGGGTTCTCAAGCTAGAGCTGCTAATACTAAT,0.12826291732444642,0.14748382782677857,0.1140025160018658,0.16285228556539988,0.2347263415389552,0.08397605902519278,0.08496943239162996,0.04372662032573138,964.9744195633929
GCTGCTCCAACTTGGTTTGCTTCTGGTTCTCAATTTATCTTAAATTCTCAACAATTGGTTGCTGCTTTGTCTTTGTGTGATGCTTTGTTGGGTTCTCAAGCTAGAGAAGCTAATACTAAT,0.16824365115220485,0.23082805851711832,0.14274096257216562,0.12744067419475819,0.06782251920130702,0.1331839883624205,0.05674082289478973,0.0729993231052359,1033.4930721340695
GCTGCTCCAACTTGGTTTGCTTCTGGTTCTCAATTTATCTTAAATTCTCAACAATTGGTTGCTGCTTTGTCTTTGTGTGATGCTTTGTTGGGTTCTCAAGCTAGAGCTGAGAATACTAAT,0.04730604828982323,0.050395481002977124,0.08656635200273455,0.21640464920816901,0.1809785435548458,0.14028552130874206,0.16517235559995,0.11289104903275829,1629.5912654084698
GCTGCTCCAACTTGGTTTGCTTCTGGTTCTCAATTTATCTTAAATTCTCAACAATTGGTTGCTGCTTTGTCTTTGTGTGATGCTTTGTTGGGTTCTCAAGCTAGAGCTGCTAATACTAAT,0.09735228789590328,0.0839558016811486,0.08652856172448563,0.12360581623732447,0.09136340299035547,0.11472895643740648,0.15908097015748512,0.24338420287589085,2309.3730718360443
GCTGCTCCAACTTGGTTTGCTTCTGGTTCTCAATTTATCTTAAATTCTCAACAATTGGTTGCTGCTTTGTCTTTGTGTGCTGATTTGTTGGGTTCTCAAGATAGAGAAGAGAATACTAAT,0.1647703424493267,0.08119804001144731,0.1548196376098502,0.12701724210514803,0.1292298901707794,0.12637152676307248,0.11227294229204147,0.10432037859833442,1382.7243039139007
GCTGCTCCAACTTGGTTTGCTTCTGGTTCTCAATTTATCTTAAATTCTCAACAATTGGTTGCTGCTTTGTCTTTGTGTGCTGATTTGTTGGGTTCTCAAGATAGAGCTGCTAATACTAAT,0.223196632573722,0.21569905680187118,0.13521258881649734,0.1468207225162128,0.12443939907631073,0.08614031101970732,0.054474553658108785,0.014016735537569894,643.739949499646
GCTGCTCCAACTTGGTTTGCTTCTGGTTCTCAATTTATCTTAAATTCTCAACAATTGGTTGCTGCTTTGTCTTTGTGTGCTGATTTGTTGGGTTCTCAAGCTAGAGAAGCTAATACTAAT,0.00019003366003848113,0.0007169900698940998,0.0073699110676054376,0.020927364116478445,0.10132347912519529,0.20227335195043347,0.43436651355269973,0.23283235645765507,2973.266193984021
GCTGCTCCAACTTGGTTTGCTTCTGGTTCTCAATTTATCTTAAATTCTCAACAATTGGTTGCTGCTTTGTCTTTGTGTGCTGATTTGTTGGGTTCTCAAGCTAGAGCTGAGAATACTAAT,0.14239603576650287,0.3125847567041248,0.24935468267472777,0.17775608721526623,0.040309526834819434,0.03512200790365849,0.02641298797938485,0.01606391492151551,513.0323822541452
GCTGCTCCAACTTGGTTTGCTTCTGGTTCTCAATTTATCTTAAATTCTCAACAATTGGTTGCTGCTTTGTCTTTGTGTGCTGATTTGTTGGGTTCTCAAGCTAGAGCTGCTAATACTAAT,0.3310828064291367,0.3432477568550717,0.18145207465468915,0.09533371204559743,0.006445482708715511,0.029926271044123737,0.002116779753693339,0.010395116508972301,353.1842047972897
GCTGCTCCAACTTGGTTTGCTTCTGGTTCTCAATTTATCTTAAATTCTCAACAATTGGTTGCTGCTTTGTCTTTGTGTGCTGCTTTGTTGGGTTCTCAAGATAGAGAAGCTAATACTAAT,0.29680605259830484,0.4125125463179004,0.17668993021505774,0.07952261683500983,0.01000614170007018,0.009154930921644504,0.013122904691975893,0.002184876720036603,306.1488699964405
GCTGCTCCAACTTGGTTTGCTTCTGGTTCTCAATTTATCTTAAATTCTCAACAATTGGTTGCTGCTTTGTCTTTGTGTGCTGCTTTGTTGGGTTCTCAAGATAGAGCTGAGAATACTAAT,0.28763413712059,0.375377619562407,0.22747934697608677,0.08231410354420503,0.0025927235281820067,0.002025827687266304,0.021571617404475243,0.0010046241767875368,313.08766634437103
GCTGCTCCAACTTGGTTTGCTTCTGGTTCTCAATTTATCTTAAATTCTCAACAATTGGTTGCTGCTTTGTCTTTGTGTGCTGCTTTGTTGGGTTCTCAAGATAGAGCTGCTAATACTAAT,0.6474987689305132,0.20084332789949447,0.04037720218725978,0.026076407271007268,0.009353225157275054,0.005867565400282068,0.028456531837538164,0.04152697131662998,521.1021967226606
GCTGCTCCAACTTGGTTTGCTTCTGGTTCTCAATTTATCTTAAATTCTCAACAATTGGTTGCTGCTTTGTCTTTGTGTGCTGCTTTGTTGGGTTCTCAAGCTAGAGAAGAGAATACTAAT,0.46164204281495985,0.2707850302966408,0.11274647155772075,0.13068485410142364,0.0010031987871307747,0.004156783455399346,0.0004291790882464137,0.018552439898478386,357.5142845712212
GCTGCTCCAACTTGGTTTGCTTCTGGTTCTCAATTTATCTTAAATTCTCAACAATTGGTTGCTGCTTTGTCTTTGTGTGCTGCTTTGTTGGGTTCTCAAGCTAGAGAAGCTAATACTAAT,0.040833357857336536,0.06455963705244017,0.03629346368885121,0.07776767197906673,0.05173387008668758,0.026734340222050706,0.22181481569023515,0.480262843423332,3775.423247436856
GCTGCTCCAACTTGGTTTGCTTCTGGTTCTCAATTTATCTTAAATTCTCAACAATTGGTTGCTGCTTTGTCTTTGTGTGCTGCTTTGTTGGGTTCTCAAGCTAGAGCTGAGAATACTAAT,0.09860821022760602,0.10747971910470855,0.12270278907139404,0.09129198025952019,0.10526659770855058,0.10544895430513376,0.18290800424256626,0.18629374508052052,2008.4642797366646
GCTGCTCCAACTTGGTTTGCTTCTGGTTCTCAATTTATCTTAAATTCTCAACAATTGGTTGCTGCTTTGTCTTTGTGTGCTGCTTTGTTGGGTTCTCAAGCTAGAGCTGCTAATACTAAT,0.4350250862429976,0.29561290160737497,0.17604088706031865,0.0629399038469913,0.0004751194559549304,0.013424128760154244,0.00756470230868854,0.008917270717519734,317.2174301095529
GCTGCTCCAGTTATTCCACCAATTAGAAGACATTTGGCATTTGCTGCTGCTAAACCACCATTTCATCCAGCTGATGATTATCATAGATTTAATCCAGCTGCTTTGGCTAATAATAATGAT,0.13683668092841456,0.18069793262454528,0.11706217587179922,0.16152221726981764,0.07584735881390035,0.1489424732751031,0.08724988699541641,0.09184127422100342,1251.5681479043185
GCTGCTGATGATTGGCCAGGTTTGCCAAGAGGTGCTAAATTTGATCCATCTGATCCAGAAATTATTTGGCATTTGTTGGCTAAATCTGGTTTGTCTGGTTTGTCTTCTCATCCATTTATT,0.13755901688676314,0.08141257329100009,0.08055110216107472,0.10787534196445128,0.12757792331321646,0.11867043547551243,0.24014843423401988,0.10620517267396197,1676.622568022191
GCTGCTGCTGCTAATGAGAATCAAGCTGCTGCTGCTCCAACTTGGTTTGATTCTGGTTCTCAATTTATCTTAAATTCTCAACAATTGGTTGAAGCTTTGTCTTTGTGTGATGATTTGTTG,0.13305253177333262,0.17745199374382467,0.15016221040793026,0.2234440741246786,0.1372090018490883,0.11061186267470965,0.045916027686214056,0.022152297740221982,736.2942382238921
GCTGCTGCTGCTAATGAGAATCAAGGTGAAGAAGATCCAACTTGGTTTGATTCTGGTTCTCAATTTATCTTAAATTCTCAACAAGCTGCTGCTGCTTTGTCTTTGTGTGATGATTTGTTG,0.029682161084321302,0.03865563871304261,0.02614783497384799,0.04029528529363028,0.08453505745957766,0.31732825007014515,0.39260507817882384,0.07075069422661123,2007.4420015888584
GCTGCTGCTGCTAATGAGAATCAAGGTGAAGAAGATCCAACTTGGTTTGATTCTGGTTCTCAATTTATCTTAAATTCTCAACAATTGGTTGAAGCTGCTGCTGCTGCTGATGATTTGTTG,0.07574430891225681,0.09413946395182586,0.19404858876106945,0.19304852625993332,0.24147889479031537,0.1306873271827548,0.04958747234211682,0.021265417799727456,820.2023690194305
GCTGCTGCTGCTAATGAGAATCAAGGTGAAGAAGATCCAACTTGGTTTGATTCTGGTTCTCAATTTATCTTAAATTCTCAACAATTGGTTGAAGCTTTGTCTTTGTGTGATGATTTGTTG,0.0480533108864819,0.052164484067763695,0.053500765331651,0.13346399550486382,0.17445489470777342,0.17618369697961128,0.1841318900055173,0.17804696251633761,2086.356589851193
GCTGCTGCTGCTAATGAGAATCAAGGTGAAGAAGATCCAACTTGGTTTGATTCTGGTTCTCAATTTATCTTAAATTCTCAACAATTGGTTGAAGCTTTGTCTTTGTGTGCTGCTGCTGCT,0.2354373269653254,0.2926453068815421,0.17939072393124855,0.11039774347651979,0.029948739577247314,0.07763235462538709,0.05149448030214335,0.02305332424058652,625.5856559498013
GCTGCTGCTGCTAATGAGAATCAAGGTGAAGAAGATCCAACTTGGTTTGATTCTGGTTCTCAATTTATCTTGGCTGCTGCTGCTTTGGTTGAAGCTTTGTCTTTGTGTGATGATTTGTTG,0.07319023032751167,0.13971452309581575,0.21442566883416123,0.2602734498720934,0.18096569579092567,0.11169029089779066,0.014157082524619898,0.005583058657081695,605.4466867790813
GCTGCTGCTGCTAATGAGAATCAAGGTGAAGAAGATCCAACTTGGTTTGATTCTGGTTCTGCTGCTGCTGCTAATTCTCAACAATTGGTTGAAGCTTTGTCTTTGTGTGATGATTTGTTG,0.2490878262365712,0.1846623157659947,0.3507346877030565,0.09467014793236535,0.03875569775447068,0.03604977577812575,0.030396847836456364,0.01564270099295952,499.42624997129565
GCTGCTGCTGCTAATGAGAATCAAGGTGAAGAAGATCCAACTTGGTTTGCTGCTGCTGCTCAATTTATCTTAAATTCTCAACAATTGGTTGAAGCTTTGTCTTTGTGTGATGATTTGTTG,0.08201790393955004,0.10315018694806934,0.1020586981950417,0.13667866326920486,0.154906863322593,0.15035610729013896,0.16481259871134876,0.1060189783240534,1562.6687890913565
GCTGCTGCTGCTAATGAGAATCAAGGTGAAGAAGATGCTGCTGCTGCTGATTCTGGTTCTCAATTTATCTTAAATTCTCAACAATTGGTTGAAGCTTTGTCTTTGTGTGATGATTTGTTG,0.022244046272408755,0.07911603136412743,0.24638207541223678,0.24533277949764487,0.2726323775850205,0.11412816798376908,0.01639917944762279,0.0037653424371698677,655.7228307850468
GCTGCTGCTGCTAATTCTCAACAAGCTGCTGCTGCTTTGTCTTTGTGTGATGATTTGTTGGGTTCTCAAGATAGAGAAGAGAATACTAATTCTGGTTCTTTGAAAGATAAACAACCATGT,0.2182954028150501,0.3843562775954559,0.10186317665021614,0.030314848365876345,0.10755484978248422,0.1250567156303257,0.0,0.03255872916059158,632.3381146579129
GCTGCTGCTGCTAATTCTCAACAATTGGTTGAAGCTGCTGCTGCTGCTGATGATTTGTTGGGTTCTCAAGATAGAGAAGAGAATACTAATTCTGGTTCTTTGAAAGATAAACAACCATGT,0.24997409812865085,0.19946935736925922,0.09653412844516472,0.11491561768178919,0.06795202496289383,0.06320761605432185,0.06395531442303803,0.14399184293488232,1391.3017760698133
GCTGCTGCTGCTAATTCTCAACAATTGGTTGAAGCTTTGTCTTTGTGTGATGATTTGTTGGCTGCTGCTGCTAGAGAAGAGAATACTAATTCTGGTTCTTTGAAAGATAAACAACCATGT,0.5500511937783832,0.2371503921989604,0.12694937425578132,0.05336880356766513,0.0065054393845093254,0.010188021765704425,0.007003303991206052,0.008783471057790291,297.24326435502246
GCTGCTGCTGCTAATTCTCAACAATTGGTTGAAGCTTTGTCTTTGTGTGATGATTTGTTGGGTTCTCAAGATAGAGAAGAGAATACTAATTCTGGTGCTGCTGCTGCTAAACAACCATGT,0.07010590969441247,0.09297823256546735,0.12688879840788828,0.18409249737347766,0.1978280643381325,0.24535428423769026,0.08275221338293141,0.0,865.8597311529593
GCTGCTGCTGCTAATTCTCAACAATTGGTTGAAGCTTTGTCTTTGTGTGATGATTTGTTGGGTTCTCAAGATAGAGAAGAGAATACTAATTCTGGTTCTTTGAAAGATAAACAACCATGT,0.03122449245597909,0.03926962381977807,0.03237840864403272,0.07516026231533358,0.06153763299326075,0.1645680957794069,0.39094781967583414,0.20491366431637467,2649.0823352081784
GCTGCTGCTGCTAATTCTCAACAATTGGTTGAAGCTTTGTCTTTGTGTGATGATTTGTTGGGTTCTCAAGATAGAGAAGAGAATACTAATTCTGGTTCTTTGAAAGATGCTGCTGCTGCT,0.17107775261950084,0.0983573519870256,0.09123429267354093,0.14933409810249418,0.14449810470582464,0.08960616678026763,0.1246659425963213,0.13122629053502502,1542.3079574426426
GCTGCTGCTGCTAATTCTCAACAATTGGTTGAAGCTTTGTCTTTGTGTGATGATTTGTTGGGTTCTCAAGATAGAGAAGAGAATGCTGCTGCTGCTTCTTTGAAAGATAAACAACCATGT,0.04217459371602368,0.09224533578346171,0.10610048829951192,0.1863995944178575,0.16171917262713195,0.11597238102472407,0.16411188128150506,0.13127655284978415,1696.7533494183006
GCTGCTGCTGCTAATTCTCAACAATTGGTTGAAGCTTTGTCTTTGTGTGATGATTTGTTGGGTTCTCAAGATGCTGCTGCTGCTACTAATTCTGGTTCTTTGAAAGATAAACAACCATGT,0.08384495012283028,0.11247784514556165,0.13910956915083866,0.26392186965913866,0.12393203291305174,0.0896615230497648,0.1036824584713333,0.08336975148748095,1229.6141599957425
GCTGCTGCTGCTAATTCTCAACAATTGGTTGAAGCTTTGTCTTTGTGTGCTGCTGCTGCTGGTTCTCAAGATAGAGAAGAGAATACTAATTCTGGTTCTTTGAAAGATAAACAACCATGT,0.13888500406762083,0.09781483712231469,0.1901031876752377,0.2005854862577218,0.19160145179112245,0.10184219576239584,0.012880864004424165,0.06628697331916246,945.6352424740467
GCTGCTGCTGCTAGAGAAGAGAATACTAATTCTGGTGCTGCTGCTGCTAAACAACCATGTATTGCTGATTATGCTCATTTGGGTCCAGAAGACTTTAAGAGAGATTTGGAAGAATGTCAA,0.0030310755142094865,0.006562259423772667,0.029326957518085898,0.10687416549529904,0.242570472775227,0.33486054169352336,0.23226186974182667,0.04451265783805594,1593.299435372103
GCTGCTGCTGCTAGAGAAGAGAATACTAATTCTGGTTCTTTGAAAGATAAACAACCATGTATTGCTGATTATGCTCATTTGGGTCCAGAAGACTTTAAGAGAGATTTGGAAGAATGTCAA,0.11060340721284716,0.058289890105471844,0.1376289714060351,0.12287663322887249,0.2127886561433746,0.13517290707491192,0.16608016488571417,0.056559369942772754,1274.3949493204318
GCTGCTGCTGCTAGAGAAGAGAATACTAATTCTGGTTCTTTGAAAGATAAACAACCATGTATTGCTGATTATGCTCATTTGGGTCCAGAAGACTTTAAGAGAGATTTGGCTGCTGCTGCT,0.05842570549070011,0.06858072864783715,0.03029242781705411,0.04327265115141337,0.08156184558453855,0.031239435004009667,0.2799651976714581,0.40666200863298896,3472.4340325681587
GCTGCTGCTGCTAGAGAAGAGAATACTAATTCTGGTTCTTTGAAAGATAAACAACCATGTATTGCTGATTATGCTCATTTGGGTCCAGAAGACTTTGCTGCTGCTGCTGAAGAATGTCAA,0.02986355803374658,0.0767853231621501,0.13625559302705723,0.18800526589601924,0.15694796228693553,0.17336295752131803,0.14771680875731494,0.09106253131545841,1478.490518447159
GCTGCTGCTGCTAGAGAAGAGAATACTAATTCTGGTTCTTTGAAAGATAAACAACCATGTATTGCTGATTATGCTCATTTGGGTGCTGCTGCTGCTAAGAGAGATTTGGAAGAATGTCAA,0.1387193760581035,0.0348922098381326,0.1294612357932822,0.19264065098857225,0.10252122670551693,0.22251412605639914,0.09649127148995665,0.08275990307003676,1323.6954054937783
GCTGCTGCTGCTAGAGAAGAGAATACTAATTCTGGTTCTTTGAAAGATAAACAACCATGTATTGCTGATTATGCTGCTGCTGCTCCAGAAGACTTTAAGAGAGATTTGGAAGAATGTCAA,0.22374842100871178,0.07503952299128724,0.0928068607563854,0.165717936765534,0.14698875927038618,0.06836300364365218,0.13834337270924874,0.08899212285479444,1292.831831998386
GCTGCTGCTGCTAGAGAAGAGAATACTAATTCTGGTTCTTTGAAAGATAAACAACCATGTGCTGCTGCTGCTGCTCATTTGGGTCCAGAAGACTTTAAGAGAGATTTGGAAGAATGTCAA,0.31250839617967746,0.08983487873583883,0.222210716421313,0.1487940970328433,0.1319776249722403,0.0,0.041405047686288346,0.05326923897179873,760.705460829987
GCTGCTGCTGCTAGAGAAGAGAATACTAATTCTGGTTCTTTGAAAGATGCTGCTGCTGCTATTGCTGATTATGCTCATTTGGGTCCAGAAGACTTTAAGAGAGATTTGGAAGAATGTCAA,0.34500747610148985,0.07713781492734562,0.04770098585145062,0.042587955742487735,0.11332419827264589,0.14054920694402023,0.14221179793093677,0.09148056422962318,1334.8153857649697
GCTGCTGCTGCTAGAGAAGAGAATGCTGCTGCTGCTTCTTTGAAAGATAAACAACCATGTATTGCTGATTATGCTCATTTGGGTCCAGAAGACTTTAAGAGAGATTTGGAAGAATGTCAA,0.09633112991988313,0.1130745281702526,0.25971684262346834,0.1070206173387526,0.17402974870642052,0.10301390618121022,0.08934212820315658,0.05747109885685598,1050.9968659906067
GCTGCTGCTGCTCAATGTAGATATGGTGATTTGGCTTCTTTGCATGGTGCTGGTGCTGCTGGTCCAGGTGATGGTTCTCCATCTGCTGCTGCTTCTTCTTCTTGGCATACTTTGTTTACT,0.10817941410326552,0.12957364594685158,0.1410228116757211,0.15452184743653474,0.20474101396261182,0.14794978575318768,0.06688719829747321,0.04712428282435438,1001.4389700287967
GCTGCTGCTGCTCAATGTAGATATGGTGATTTGGCTTCTTTGCATGGTGCTGGTGCTGCTGGTCCAGGTGCTGGTTCTCCATCTGCTGCTGCTTCTTCTTCTTGGCATACTTTGTTTACT,0.1901903813133398,0.20775689291335617,0.16002909787040615,0.15293737784206024,0.07853573823982575,0.11621968702255298,0.0705566868962737,0.023774137902185275,757.3270772372327
GCTGCTGCTGCTCAATGTAGATATGGTGATTTGGCTTCTTTGCATGGTGCTGGTGCTGCTGGTCCAGGTTCTGGTTCTCCATCTGCTGCTGCTTCTTCTTCTTGGCATACTTTGTTTACT,0.10537157162655268,0.08278026138763198,0.23558268308704422,0.24471237307826044,0.1619807702949629,0.1295550701420201,0.03850163019679894,0.0015156401867286384,643.0184592647004
GCTGCTGCTGCTGATAAAGAAGAACAAGAGAAAGATAGAGATAATGAAGCTGCTGCTGCTGAAGATCCAACTTGGTTTGATTCTGGTTCTCAATTTATCTTAAATTCTCAACAATTGGTT,0.1543956248126069,0.03883527083335934,0.09606083378452639,0.21441037668184118,0.03803561142298103,0.1768998292933859,0.14319393655494997,0.13816851661634919,1687.405013631128
GCTGCTGCTGCTGATAAAGAAGAACAAGAGAAAGATAGAGATAATGAGAATCAAGGTGAAGAAGATCCAACTGCTGCTGCTGCTGGTTCTCAATTTATCTTAAATTCTCAACAATTGGTT,0.22221616220431525,0.22357692721483483,0.16590835276053315,0.21395800191826486,0.10218751255311515,0.04073690684733956,0.01373959789805779,0.01767653860353936,526.5341154574583
GCTGCTGCTGCTGATAAAGAAGAACAAGAGAAAGATAGAGATAATGAGAATCAAGGTGAAGAAGATCCAACTTGGTTTGATTCTGCTGCTGCTGCTATCTTAAATTCTCAACAATTGGTT,0.2752336759539119,0.2769190995173448,0.09785316661032403,0.043682182395985286,0.07749058331196863,0.036040096233209924,0.14586569342849862,0.04691550254875676,944.9189465014612
GCTGCTGCTGCTGATAAAGAAGAACAAGAGAAAGATAGAGATAATGAGAATCAAGGTGAAGAAGATCCAACTTGGTTTGATTCTGGTTCTCAATTTATCTTAAATTCTCAACAATTGGTT,0.11352293557286679,0.12849536891699764,0.05297320370006795,0.04729504882230175,0.055933116890927594,0.1560836036495076,0.2763774209335091,0.16931930151382146,2136.440598901168
GCTGCTGCTGCTGATAAAGAAGAACAAGAGAAAGATAGAGATAATGAGAATCAAGGTGAAGAAGATCCAACTTGGTTTGATTCTGGTTCTCAATTTGCTGCTGCTGCTCAACAATTGGTT,0.03892954916390705,0.19583969261251513,0.04844185132939431,0.17299763379525016,0.3068914330529501,0.035683034981967,0.1083154150227087,0.0929013900413077,1309.836935236178
GCTGCTGCTGCTGATAAAGAAGAACAAGAGAAAGATAGAGATAATGAGAATCAAGGTGAAGCTGCTGCTGCTTGGTTTGATTCTGGTTCTCAATTTATCTTAAATTCTCAACAATTGGTT,0.1258793287559117,0.7548349811006441,0.03759300290910948,0.022375626213207912,0.014885076409821974,0.023076334496409674,0.009339724043258977,0.01201592607163631,364.1457302477544
GCTGCTGCTGCTGATAAAGAAGAACAAGAGAAAGATGCTGCTGCTGCTAATCAAGGTGAAGAAGATCCAACTTGGTTTGATTCTGGTTCTCAATTTATCTTAAATTCTCAACAATTGGTT,0.1793008665754559,0.25616634580267744,0.15171644557225336,0.09959859002088764,0.05300526952479511,0.019721777102646137,0.11640457986209642,0.12408612553918802,1343.7823771141782
GCTGCTGCTGCTGATAAAGAAGAAGCTGCTGCTGCTAGAGATAATGAGAATCAAGGTGAAGAAGATCCAACTTGGTTTGATTCTGGTTCTCAATTTATCTTAAATTCTCAACAATTGGTT,0.13352745987341333,0.2351039773256435,0.16615443791413226,0.11125835853280064,0.0,0.0,0.15479974449295356,0.19915602186105652,1851.2253265850882
GCTGCTGCTGCTGATCCAAGACAAGTTGTTTGGAAAGCTAATCCAGCTAGACATTGTCCTAAATGTCAACATGTTATTGATAATGCTGATGTTGTTGATGATTGGCCAGGTTTGCCAAGA,0.06227954027575217,0.1566522896566209,0.05812299966919703,0.08648807054152725,0.15342665288640892,0.15698584804181148,0.15884287208131193,0.16720172684737025,1915.041737863318
GCTGCTGCTGCTGATCCAAGACAAGTTGTTTGGAAAGCTAATCCAGCTAGACATTGTCCTAAATGTCAACATGTTATTGATAATTCTGATGTTGTTGATGATTGGCCAGGTTTGCCAAGA,0.33495132162162305,0.3108616259639187,0.18034244080909226,0.10505000142111148,0.04167923485077598,0.016671842932365413,0.010248332196296037,0.00019520020481704855,315.89764166318196
GCTGCTGCTGCTGATTTGGAAGAAGCTGCTGCTGCTGTCTTGGATCCATCTAATATTGAATTGGATACTCCACCAGAATTTAGATTGTCTCAATTGGAATTTGGTTCTCAAGATTCATTT,0.03827444975727962,0.05562386200641171,0.05821038742904464,0.11811559786689914,0.11314766983817498,0.13643220627686345,0.27214801833071145,0.20804780849461507,2396.952100238346
GCTGCTGCTGCTGATTTGGAAGAATGTCAGAAGATTGCTGCTGCTGCTTCTAATATTGAATTGGATACTCCACCAGAATTTAGATTGTCTCAATTGGAATTTGGTTCTCAAGATTCATTT,0.06787188849047221,0.23900628301983853,0.14779826645952202,0.1696575725576601,0.05016104789823113,0.04665880462230774,0.1573691434936267,0.12147699345834163,1480.1172685627755
GCTGCTGCTGCTGATTTGGAAGAATGTCAGAAGATTGTCTTGGATCCAGCTGCTGCTGCTTTGGATACTCCACCAGAATTTAGATTGTCTCAATTGGAATTTGGTTCTCAAGATTCATTT,0.011811876632298402,0.015845610603617954,0.06859098530933068,0.06123877304725699,0.0543176643708322,0.06856992273118283,0.32499545943923075,0.3946297078662502,3544.4910531499245
GCTGCTGCTGCTGATTTGGAAGAATGTCAGAAGATTGTCTTGGATCCATCTAATATTGAAGCTGCTGCTGCTCCAGAATTTAGATTGTCTCAATTGGAATTTGGTTCTCAAGATTCATTT,0.023307302428199506,0.0419632066537241,0.07174268505968898,0.1962464006279648,0.28890277632118433,0.26535839086283736,0.09784226568426974,0.014636972362131245,1064.6737719113585
GCTGCTGCTGCTGATTTGGAAGAATGTCAGAAGATTGTCTTGGATCCATCTAATATTGAATTGGATACTCCACCAGAATTTAGAGCTGCTGCTGCTGAATTTGGTTCTCAAGATTCATTT,0.12241490435545127,0.18474678814715537,0.11424492560242729,0.11899895512146985,0.10554988258467804,0.07012885148050282,0.15610853024351537,0.1278071624647998,1551.6150350098853
GCTGCTGCTGCTGATTTGGAAGAATGTCAGAAGATTGTCTTGGATCCATCTAATATTGAATTGGATACTCCACCAGAATTTAGATTGTCTCAATTGGAATTTGGTTCTCAAGATTCATTT,0.002295146353363965,0.002852542329575714,0.030743542644502474,0.0031497896744927607,0.18705192732775294,0.41159123635690253,0.3597383413451755,0.0025774739682340787,1668.0981297077212
GCTGCTGCTGCTGATTTGGAAGAATGTCAGAAGATTGTCTTGGATCCATCTAATATTGAATTGGATACTCCACCAGAATTTAGATTGTCTCAATTGGAATTTGGTTCTGCTGCTGCTGCT,0.05329728386002894,0.1340591390396477,0.04642420499390784,0.059211474275479486,0.0945350778241155,0.05862309382769237,0.1977218692010754,0.3561278569780526,3013.239965475155
GCTGCTGCTGCTGATTTGGAAGAATGTCAGAAGATTGTCTTGGATCCATCTAATATTGAATTGGATACTCCACCAGAATTTAGATTGTCTCAATTGGCTGCTGCTGCTCAAGATTCATTT,0.12394982613734001,0.16808583655324782,0.14082466890900755,0.22152390954779982,0.04248381185223702,0.09385428344737566,0.09996264078895004,0.10931502276404205,1326.5454768551704
GCTGCTGCTGCTGATTTGGAAGAATGTCAGAAGATTGTCTTGGATCCATCTAATATTGAATTGGATACTCCAGCTGCTGCTGCTTTGTCTCAATTGGAATTTGGTTCTCAAGATTCATTT,0.0981305866528099,0.07757475003871346,0.09594236127927158,0.19467812986258945,0.24174628440188017,0.1702568699387496,0.10076221291564562,0.020908804910340157,972.4171557022541
GCTGCTGCTGCTGCTCATTTGGGTCCAGAAGACTTTAAGAGAGATTTGGAAGAATGTCAAGCTGCTGCTGCTGATCCATCTAATATTGAATTGGATACTCCACCAGAATTTAGATTGTCT,0.18388967762261513,0.1835335420950672,0.2246837296765248,0.19432340129359496,0.10720012560816472,0.08147903461614575,0.01976206162776846,0.005128427460118926,516.7232375486793
GCTGCTGCTGCTGCTCATTTGGGTCCAGAAGACTTTAAGAGAGATTTGGAAGAATGTCAGAAGATTGTCTTGGATCCATCTAATATTGAATTGGATACTCCACCAGAAGCTGCTGCTGCT,0.15122498550095173,0.13524535845746638,0.12545086225861482,0.1960068000719862,0.17385442344664737,0.09240909221352932,0.0857103701617622,0.04009810788904209,928.3495033637098
GCTGCTGCTGCTGCTCATTTGGGTCCAGAAGACTTTAAGAGAGATTTGGAAGAATGTCAGAAGATTGTCTTGGATCCATCTAATATTGAATTGGATACTCCACCAGAATTTAGATTGTCT,0.2580536975645646,0.28528944310779225,0.20497620585507165,0.1628914225036982,0.0334192438074249,0.0322545562731076,0.012770649124365738,0.010344781763975077,420.60496722331413
GCTGCTGCTGCTGCTCATTTGGGTCCAGAAGACTTTAAGAGAGATTTGGAAGAATGTCAGAAGATTGTCTTGGATCCATCTAATATTGAATTGGATGCTGCTGCTGCATTTAGATTGTCT,0.06548396816965352,0.15933556847505495,0.18429068297018722,0.2351394140639254,0.19269919721926643,0.14169955560402744,0.015320289494318688,0.006031324003566441,642.7598300833554
GCTGCTGCTGCTGCTCATTTGGGTCCAGAAGACTTTAAGAGAGATTTGGAAGAATGTCAGAAGATTGTCTTGGATCCATCTAATGCTGCTGCTGCTACTCCACCAGAATTTAGATTGTCT,0.08130930982943715,0.08180721629469083,0.10117696153812718,0.1642397905975014,0.15296155437149075,0.2235856573720629,0.1508203379101518,0.044099172086537824,1239.010618289658
GCTGCTGCTGCTGCTCATTTGGGTCCAGAAGACTTTAAGAGAGATTTGGAAGAATGTCAGAAGATTGTCTTGGCTGCTGCTGCTATTGAATTGGATACTCCACCAGAATTTAGATTGTCT,0.23334487292500827,0.26373938276580833,0.1923176183575966,0.12625238847603787,0.05375210133330667,0.04444367180840928,0.04637470085086548,0.039775263482967525,696.5989940208226
GCTGCTGCTGCTGCTCATTTGGGTCCAGAAGACTTTAAGAGAGATTTGGCTGCTGCTGCTAAGATTGTCTTGGATCCATCTAATATTGAATTGGATACTCCACCAGAATTTAGATTGTCT,0.056663633511398935,0.12827389382564552,0.07050919852129593,0.14164059270562873,0.16751013109364693,0.16879912548970455,0.13138145513922733,0.13522196971345216,1690.8014164026295
GCTGCTGCTGCTGCTCATTTGGGTCCAGAAGACTTTGCTGCTGCTGCTGAAGAATGTCAGAAGATTGTCTTGGATCCATCTAATATTGAATTGGATACTCCACCAGAATTTAGATTGTCT,0.11161689759212462,0.1263379453772578,0.10416757851935679,0.10850226332567861,0.21997602329498483,0.1278858138258069,0.16821818836483787,0.033295289699952615,1125.9415667786375
GCTGCTGCTGCTGCTCATTTGGGTGCTGCTGCTGCTAAGAGAGATTTGGAAGAATGTCAGAAGATTGTCTTGGATCCATCTAATATTGAATTGGATACTCCACCAGAATTTAGATTGTCT,0.11909170472194838,0.09585678065676757,0.05927654214966778,0.026461368759750588,0.04694149394455699,0.0873280797116506,0.3092638673307314,0.25578016272492665,2655.6553610588403
GCTGCTGCTGCTGCTGCTGCTGCTAATATTGAATTGGATACTCCACCAGAATTTAGATTGTCTCAATTGGAATTTGGTTCTCAAGATTCATTCTTGGCTTGGGGTACTGGTAAGACTGAT,0.3340074356487792,0.19434376873312928,0.1452169793819979,0.12965128876451104,0.05155096495189812,0.07377181184222209,0.05225113366892658,0.01920661700853575,603.6726543917569
GCTGCTGCTGCTGCTGCTGCTGCTACTAATTCTGGTTCTTTGAAAGATAAACAACCATGTATTGCTGATTATGCTCATTTGGGTCCAGAAGACTTTAAGAGAGATTTGGAAGAATGTCAA,0.1857904964753752,0.0810022221371068,0.06165007166000429,0.06880231290066764,0.11595013147412159,0.26112141090923935,0.16656735044917365,0.05911600399431141,1353.6505462425994
GCTGCTGCTGCTGCTGCTGCTGCTGCTAAAGAAATGTTGGATGATAAAGAAGAACAAGAGAAAGATAGAGATAATGAGAATCAAGGTGAAGAAGATCCAACTTGGTTTGATTCTGGTTCT,0.43464150785606626,0.2517697392593898,0.11563935480992088,0.12515494570891839,0.018696034289514104,0.032033555793808684,0.021876600637361295,0.0001882616450206706,337.95637441180736
GCTGCTGCTGCTGCTGCTGCTGCTGGTGAAGAAGATCCAACTTGGTTTGATTCTGGTTCTCAATTTATCTTAAATTCTCAACAATTGGTTGAAGCTTTGTCTTTGTGTGATGATTTGTTG,0.2589586245888051,0.11941617695904244,0.0805585696611773,0.08391082199239987,0.07442735442375058,0.15824191577763452,0.16011379814997045,0.06437273844721975,1231.1334699766608
GCTGCTGCTGCTGCTGCTGCTGCTGGTTCTCAATTTATCTTAAATTCTCAACAATTGGTTGAAGCTTTGTCTTTGTGTGATGATTTGTTGGGTTCTCAAGATAGAGAAGAGAATACTAAT,0.044628332593278155,0.13470485722932302,0.19436589548238178,0.12395140877367579,0.15391966492879772,0.04090657064657819,0.22764755468422448,0.07987571566174094,1435.7150381141985
GCTGCTGCTGCTGCTGCTGCTGCTTGTCAGAAGATTGTCTTGGATCCATCTAATATTGAATTGGATACTCCACCAGAATTTAGATTGTCTCAATTGGAATTTGGTTCTCAAGATTCATTT,0.12070823890114177,0.12144740902427209,0.07114873459741786,0.056464319339554,0.13146738103606975,0.11064182359744518,0.2592540970637298,0.1288679964403696,1841.3635442425916
GCTGCTGCTGCTGCTGCTGCTGCTTTGGTTGAAGCTTTGTCTTTGTGTGATGATTTGTTGGGTTCTCAAGATAGAGAAGAGAATACTAATTCTGGTTCTTTGAAAGATAAACAACCATGT,0.1923815395254651,0.15484768716477287,0.07181679317919903,0.12823761835899716,0.13270180793940686,0.10580277478994898,0.05352717086106902,0.16068460818114103,1558.002803692354
GCTGCTGCTGCTGCTGCTGCTGCTTTGTTGGGTTCTCAAGATAGAGAAGAGAATACTAATTCTGGTTCTTTGAAAGATAAACAACCATGTATTGCTGATTATGCTCATTTGGGTCCAGAA,0.069321956639538,0.058122047695378924,0.07188378300282279,0.1411929605197911,0.2846262654811222,0.2753438124327193,0.0857233605589966,0.013785813669630994,1022.1559733165142
GCTGCTGCTGCTTGGTTTGATTCTGCTGCTGCTGCTATCTTAAATTCTCAACAATTGGTTGAAGCTTTGTCTTTGTGTGATGATTTGTTGGGTTCTCAAGATAGAGAAGAGAATACTAAT,0.07076565650420029,0.1478012396050386,0.19077567013970115,0.23078960307074925,0.20030992263823114,0.13667626836160662,0.014896788843832968,0.007984850836640038,651.217908199655
GCTGCTGCTGCTTGGTTTGATTCTGGTTCTCAATTTATCTTAAATTCTCAACAATTGGTTGAAGCTTTGTCTGCTGCTGCTGCTTTGTTGGGTTCTCAAGATAGAGAAGAGAATACTAAT,0.02190035723124855,0.02203446646768997,0.027251634602549153,0.08515693872498462,0.021580753436070837,0.07025894994788712,0.29451596398389757,0.45730093560567214,3841.5980118530456
GCTGCTGCTGCTTGGTTTGATTCTGGTTCTCAATTTATCTTAAATTCTCAACAATTGGTTGAAGCTTTGTCTTTGTGTGATGATGCTGCTGCTGCTCAAGATAGAGAAGAGAATACTAAT,0.39595426607495465,0.3331472968512627,0.1411842835540296,0.06173919396345779,0.031944224965005166,0.014856939935516988,0.012885159699610198,0.008288634956162938,344.4600317440332
GCTGCTGCTGCTTGGTTTGATTCTGGTTCTCAATTTATCTTAAATTCTCAACAATTGGTTGAAGCTTTGTCTTTGTGTGATGATTTGTTGGGTTCTCAAGATAGAGAAGAGAATACTAAT,0.2314658527714513,0.12702723233201318,0.07855192965895436,0.16364136092521844,0.20735267818135478,0.03857506373792185,0.07806275522643563,0.07532312716665045,1063.6287807638882
GCTGCTGCTGCTTGGTTTGATTCTGGTTCTCAATTTATCTTAAATTCTCAACAATTGGTTGAAGCTTTGTCTTTGTGTGATGATTTGTTGGGTTCTCAAGATAGAGAAGCTGCTGCTGCT,0.03002927606297017,0.035248690895026635,0.07058178422542481,0.2668920557803247,0.14302337230041162,0.3394749580229577,0.06498472521700291,0.049765137495881476,1223.8370140400511
GCTGCTGCTGCTTGGTTTGATTCTGGTTCTCAATTTATCTTAAATTCTCAACAATTGGTTGAAGCTTTGTCTTTGTGTGATGATTTGTTGGGTTCTGCTGCTGCTGCTGAGAATACTAAT,0.05652673635707,0.05213347701743105,0.049237195710929355,0.09315227488832434,0.07241235433206726,0.06476588973434057,0.19921734476419323,0.4125547271956442,3365.413017083465
GCTGCTGCTGCTTGGTTTGATTCTGGTTCTCAATTTATCTTAAATTCTCAACAATTGGTTGCTGCTGCTGCTTTGTGTGATGATTTGTTGGGTTCTCAAGATAGAGAAGAGAATACTAAT,0.0624405970760768,0.1465869041278407,0.11654661505618978,0.13873877014916586,0.0717842621598891,0.07631118460956567,0.16407951263654452,0.22351215418472753,2155.3990831668093
GCTGCTGCTGCTTGGTTTGATTCTGGTTCTCAATTTATCTTAAATTCTGCTGCTGCTGCTGAAGCTTTGTCTTTGTGTGATGATTTGTTGGGTTCTCAAGATAGAGAAGAGAATACTAAT,0.163853731953065,0.13188568658319877,0.12233449850062722,0.10922156250918881,0.09687751532601488,0.16520813706444407,0.15196584052207643,0.05865302754138486,1215.6998918437064
GCTGCTGCTGCTTGGTTTGATTCTGGTTCTCAATTTGCTGCTGCTGCTCAACAATTGGTTGAAGCTTTGTCTTTGTGTGATGATTTGTTGGGTTCTCAAGATAGAGAAGAGAATACTAAT,0.013599275691055781,0.09235722833142603,0.1875545183824819,0.05224965488192067,0.03182693344610347,0.44770733909899696,0.1665917298086224,0.008113320359392847,1229.943938331829
GCTGCTGCTGCTTTGGAGAATGGTGCTAAAGAAATGGCTGCTGCTGCTGAAGAACAAGAGAAAGATAGAGATAATGAGAATCAAGGTGAAGAAGATCCAACTTGGTTTGATTCTGGTTCT,0.14889835967278045,0.204027417333575,0.2714799065083807,0.20775445269518367,0.08660530314944778,0.06373807796764179,0.012156727111048917,0.005339755561941846,479.89842449726893
GCTGCTGCTGCTTTGGAGAATGGTGCTAAAGAAATGTTGGATGATAAAGAAGAACAAGAAGCTGCTGCTGCTAATGAGAATCAAGGTGAAGAAGATCCAACTTGGTTTGATTCTGGTTCT,0.11442672234407439,0.2302548538249972,0.03559662512763365,0.09534315497620813,0.11275683110235843,0.13110518950155894,0.21224970382956548,0.06826691929360365,1379.5607462807432
GCTGCTGCTGCTTTGGAGAATGGTGCTAAAGAAATGTTGGATGATAAAGAAGAACAAGAGAAAGATAGAGATAATGAGAATCAAGCTGCTGCTGCTCCAACTTGGTTTGATTCTGGTTCT,0.5905465274003308,0.15845647213864258,0.1010153874556196,0.06877617807617217,0.041819806432196835,0.03711554714920403,0.0018055094252578203,0.0004645719225762132,281.13990440089214
GCTGCTGCTGCTTTGGAGAATGGTGCTAAAGAAATGTTGGATGATAAAGAAGAACAAGAGAAAGATAGAGATAATGAGAATCAAGGTGAAGAAGATCCAACTTGGTTTGATTCTGGTTCT,0.0878859772414495,0.23579775106666676,0.18226769189062758,0.13018445228275932,0.0866034094927741,0.18796577641566686,0.05433979131837987,0.03495515029167612,878.5733104472101
GCTGCTGCTGCTTTGGAGAATGGTGCTAAAGAAATGTTGGATGATAAAGAAGAACAAGAGAAAGATAGAGATAATGAGAATCAAGGTGAAGAAGATCCAACTTGGTTTGCTGCTGCTGCT,0.38604728622645584,0.3938873797525306,0.12239202906355287,0.07839144721261586,0.0017239281966502228,0.002850779675313284,0.012619697327113153,0.002087452545768234,279.2954664771956
GCTGCTGCTGCTTTGGAGAATGGTGCTAAAGAAATGTTGGATGATAAAGAAGAACAAGAGAAAGATAGAGATAATGAGAATCAAGGTGAAGAAGATGCTGCTGCTGCTGATTCTGGTTCT,0.13471902063755073,0.06777199365868314,0.14668250841546637,0.0374170654073449,0.09956474465789474,0.13891970451916605,0.23427169953810523,0.14065326316578888,1870.4690503538147
GCTGCTGCTGCTTTGGAGAATGGTGCTAAAGAAATGTTGGATGATAAAGAAGAACAAGAGAAAGATAGAGATGCTGCTGCTGCTGGTGAAGAAGATCCAACTTGGTTTGATTCTGGTTCT,0.15449629515446514,0.09326542208469674,0.05767408090936935,0.08582007134003443,0.10656915282780526,0.1274509245723054,0.17194476369268386,0.2027792894186399,2096.491073401595
GCTGCTGCTGCTTTGGAGAATGGTGCTAAAGAAATGTTGGATGATAAAGCTGCTGCTGCTAAAGATAGAGATAATGAGAATCAAGGTGAAGAAGATCCAACTTGGTTTGATTCTGGTTCT,0.21745070042889503,0.16408671270917288,0.10823361408372405,0.06039508780806154,0.16070799328427274,0.15945318899200425,0.09075341239414425,0.038919290299725254,960.4788327823638
GCTGCTGCTGCTTTGGAGAATGGTGCTGCTGCTGCTTTGGATGATAAAGAAGAACAAGAGAAAGATAGAGATAATGAGAATCAAGGTGAAGAAGATCCAACTTGGTTTGATTCTGGTTCT,0.009487290179025406,0.1929091848305836,0.21297461473324084,0.23213626717662084,0.2286695374149952,0.11508308397122907,0.0058186735260030275,0.00292134816830196,597.7949353500848
GCTGCTGCTGCTTTGGATCCATCTAATATTGAATTGGATACTCCACCAGAATTTAGATTGGCTGCTGCTGCATTTGGTTCTCAAGATTCATTCTTGGCTTGGGGTACTGGTAAGACTGAT,0.15160892547403335,0.1525373193362127,0.03773080955600394,0.1347458983345488,0.23903426266996827,0.08337933586373054,0.05624376696384268,0.14471968180165953,1500.8442777939692
GCTGCTGCTGCTTTGGATCCATCTAATATTGAATTGGATACTCCACCAGAATTTAGATTGTCTCAATTGGAAGCTGCTGCTGCTGATTCATTCTTGGCTTGGGGTACTGGTAAGACTGAT,0.22519086998656443,0.22174921581952278,0.19078501359681677,0.0958133937554361,0.047213731370828356,0.08783453934180213,0.11997930008264897,0.011433936046380454,734.9761843187348
GCTGCTGCTGCTTTGGATCCATCTAATATTGAATTGGATACTCCACCAGAATTTAGATTGTCTCAATTGGAATTTGGTTCTCAAGATTCATTCTTGGCTGCTGCTGCTGGTAAGACTGAT,0.2219289774229106,0.19537698584771804,0.12657175843914917,0.14382407961162944,0.11845721736721712,0.084758874631364,0.04288075405765203,0.0662013526223597,929.5910776573451
GCTGCTGCTGCTTTGGATCCATCTAATATTGAATTGGATACTCCACCAGAATTTAGATTGTCTCAATTGGAATTTGGTTCTCAAGATTCATTCTTGGCTTGGGGTACTGCTGCTGCTGCT,0.20362135352748256,0.25208068767849995,0.23147888355387175,0.1703605108004087,0.05614891428611914,0.052996665931100445,0.02331459846536122,0.009998385757156062,488.2256650642527
GCTGCTGCTGCTTTGGATCCATCTAATATTGAATTGGATACTCCACCAGAATTTAGATTGTCTCAATTGGAATTTGGTTCTCAAGATTCATTCTTGGCTTGGGGTACTGGTAAGACTGAT,0.00018152732636613584,0.0037939086580392554,0.00015401107335225777,0.0018058694619748842,0.00028457895391593074,0.03777784969577535,0.44792193786193746,0.5080803169686389,4444.4789301180745
GCTGCTGCTGCTTTGGATCCATCTAATATTGAATTGGATACTCCACCAGAATTTAGATTGTCTCAATTGGAATTTGGTTCTCAAGCTGCTGCTGCTGCTTGGGGTACTGGTAAGACTGAT,0.14963001964400124,0.1505462954595637,0.12412773538665865,0.13852822972896398,0.14744638758513678,0.0914344560020321,0.13877408485910364,0.05951279133453998,1142.6811074853197
GCTGCTGCTGCTTTGGATCCATCTAATATTGAATTGGATACTCCACCAGCTGCTGCTGCTTCTCAATTGGAATTTGGTTCTCAAGATTCATTCTTGGCTTGGGGTACTGGTAAGACTGAT,0.12173770216113221,0.15235712175805752,0.1293155186161139,0.17153209204469194,0.1258128796694431,0.08436947538046978,0.09087508337597959,0.12400012699411204,1416.063561946263
GCTGCTGCTGCTTTGGATCCATCTAATATTGAATTGGCTGCTGCTGCTGAATTTAGATTGTCTCAATTGGAATTTGGTTCTCAAGATTCATTCTTGGCTTGGGGTACTGGTAAGACTGAT,0.056057623431732435,0.10254708805326149,0.15219297153107197,0.22929670679898376,0.18831662767761675,0.10510101889141323,0.08743863398901222,0.07904932962690825,1212.2632764338437
GCTGCTGCTGCTTTGGATCCATCTGCTGCTGCTGCTGATACTCCACCAGAATTTAGATTGTCTCAATTGGAATTTGGTTCTCAAGATTCATTCTTGGCTTGGGGTACTGGTAAGACTGAT,0.13098242393855508,0.14028673555654916,0.13669921967823156,0.1877639089801583,0.14572523943998225,0.15104221568507872,0.0822925013302768,0.025207755391168263,880.9610324424499
GCTGCTGCTGCTTTGTGTGATGATGCTGCTGCTGCTCAAGATAGAGAAGAGAATACTAATTCTGGTTCTTTGAAAGATAAACAACCATGTATTGCTGATTATGCTCATTTGGGTCCAGAA,0.08840949636177117,0.13081011999558909,0.11324770301853325,0.11555288375827187,0.13067893292180421,0.15492295339084655,0.16399044763409434,0.1023874629190896,1525.868919878813
GCTGCTGCTGCTTTGTGTGATGATTTGTTGGGTTCTCAAGATAGAGAAGAGAATACTAATGCTGCTGCTGCTAAAGATAAACAACCATGTATTGCTGATTATGCTCATTTGGGTCCAGAA,0.1501268285411542,0.13216537829286587,0.11675612845727769,0.04169645337635336,0.07396797314025423,0.17200882715116347,0.31327841104093107,0.0,1216.0642059316729
GCTGCTGCTGCTTTGTGTGATGATTTGTTGGGTTCTCAAGATAGAGAAGAGAATACTAATTCTGGTTCTTTGAAAGATAAACAACCATGTATTGCTGATTATGCTCATGCTGCTGCTGCT,0.21240570152049784,0.11872577283355297,0.08810210269196794,0.18353652224052697,0.1627935165709083,0.140611042720586,0.06566509162063663,0.028160249801323315,844.2990334143673
GCTGCTGCTGCTTTGTGTGATGATTTGTTGGGTTCTCAAGATAGAGAAGAGAATACTAATTCTGGTTCTTTGAAAGATAAACAACCATGTATTGCTGATTATGCTCATTTGGGTCCAGAA,0.07130560963465747,0.050641593420689295,0.10438693108477193,0.1770757826359402,0.243860910763851,0.24990246732618368,0.07780265378732606,0.025024051346580617,1033.337759062207
GCTGCTGCTGCTTTGTGTGATGATTTGTTGGGTTCTCAAGATAGAGAAGAGAATACTAATTCTGGTTCTTTGAAAGATAAACAACCATGTATTGCTGCTGCTGCTGCTTTGGGTCCAGAA,0.19240337185898052,0.13980891526489858,0.1330091542149192,0.10687680945677137,0.13693010143542675,0.06858365485146095,0.15861702331338012,0.0637709696041625,1173.206376355177
GCTGCTGCTGCTTTGTGTGATGATTTGTTGGGTTCTCAAGATAGAGAAGAGAATACTAATTCTGGTTCTTTGAAAGATAAACAAGCTGCTGCTGCTGATTATGCTCATTTGGGTCCAGAA,0.04121018678324029,0.12438762562834874,0.10255950989851863,0.11445779868500656,0.10152196042201633,0.2455276183049209,0.17199140166495175,0.09834389861299679,1609.381458339312
GCTGCTGCTGCTTTGTGTGATGATTTGTTGGGTTCTCAAGATAGAGAAGAGAATACTAATTCTGGTTCTTTGGCTGCTGCTGCTCCATGTATTGCTGATTATGCTCATTTGGGTCCAGAA,0.13914766737726453,0.13999975336049875,0.1731479238955811,0.13526479567720182,0.10855096622803845,0.09565762748324083,0.1182978927577022,0.08993337322047232,1269.1875053756496
GCTGCTGCTGCTTTGTGTGATGATTTGTTGGGTTCTCAAGATAGAGAAGCTGCTGCTGCTTCTGGTTCTTTGAAAGATAAACAACCATGTATTGCTGATTATGCTCATTTGGGTCCAGAA,0.00355280779668944,0.006464636667536051,0.008935910673892674,0.015284317149739957,0.04461861462150644,0.13673931422308785,0.5215285081630802,0.2628758907044674,3256.4313403584893
GCTGCTGCTGCTTTGTGTGATGATTTGTTGGGTTCTGCTGCTGCTGCTGAGAATACTAATTCTGGTTCTTTGAAAGATAAACAACCATGTATTGCTGATTATGCTCATTTGGGTCCAGAA,0.1940213999418643,0.09009669749411685,0.07428611239899574,0.07295578847532476,0.1000070457401817,0.10944065408991631,0.21316536469535224,0.14602693716424817,1817.2067752517728
GCTGCTGCTGGTGCTAGGAAGAGAAGGAAGATTCATGATGATGACTTTGGTGATGTTAGATGGCATAAAGCTGGTAGAGCTAAACCAGTTGTCTTGGATGGTGTTCAAAGAGGTTGTAAA,0.4121544542137823,0.3713929885127142,0.1120963502778806,0.050964645888219286,0.0023422125758238207,0.03725541679262877,0.013226708856509136,0.0005672228824418741,300.4379151824535
GCTGCTGCTGGTTCTTCTGGTACTTTGGAATTGCCATCTACTTTGTCTTTGGATAAATCTGGTGCTTTGGATGAAGCTGCTGCTGATCAATCTAGAGATGATAACTTTCCATTGGCTTGA,0.16350466995106858,0.1075615556934288,0.13302923478257309,0.06287820281754629,0.06196867599713133,0.057642024383529736,0.180804046616922,0.23261158975780014,2197.8339979404113
GCTGCTGCTGGTTCTTCTGGTACTTTGGAATTGCCATCTACTTTGTCTTTGGCTAAATCTGGTGCTTTGGATGAAGCTGCTGCTGCTCAATCTAGAGATGCTAACTTTCCATTGGCTTGA,0.1205605095013688,0.08339290780379453,0.042192859943491624,0.0795260651724791,0.07425069035985156,0.09323978683939806,0.22362724292899552,0.28320993745062073,2654.5478706700383
GCTGCTGCTGGTTCTTCTGGTACTTTGGAATTGCCATCTACTTTGTCTTTGTATAAATCTGGTGCTTTGGATGAAGCTGCTGCTTATCAATCTAGAGATTATTATAACTTTCCATTGGCT,0.19402972075892042,0.16268156917312,0.12072010963848777,0.06386975922015369,0.08497695100999991,0.12515278171249022,0.1499604212546468,0.09860868723218114,1389.894665985122
GCTGCTTATGCTGAACAAATGATGAGACCAGATTTGTTTGATTGTTTGTGTTGTGATTTGGAATCTTGGAGACAATTGGCTGGTTTGTTTCAACCATTTATGTTTGTTAATGGTGCTTTG,0.06733533352526315,0.08280270633057811,0.0791335757089353,0.16208242097078984,0.16956794075704798,0.21944864113038193,0.12143061483729695,0.09819876673970672,1503.844605335484
GCTGCTTTGGGTTTGCCAGCTTTGGTTAATGCTAAAGATCACTTTCAAGCTGGTGTTAAGAATAATAATATTGCTCAAGCTAATAGATTTAATGCTTTGCCAATTACTGCTGCTAAAGCT,0.21678474237043008,0.19941691198779105,0.1541459157585209,0.17202892458693,0.06103459571652285,0.10219169082212433,0.05744474519876021,0.03695247355892075,783.5806157453919
GCTGCTTTGTCTTTGTGTGATGATTTGTTGGGTTCTCAAGATAGAGAAGAGAATACTAATTCTGGTTCTTTGAAAGATAAACAACCATGTATTGCTGATTATGCTCATTTGGGTCCAGAA,0.4607617533702372,0.22503737640924987,0.17205599807188066,0.11366354987489193,0.0018460982444279022,0.015168632727996926,0.010907745160339691,0.000558846140975786,286.4031518048596
GCTGCTTTGTCTTTGTGTGATGATTTGTTGGGTTCTCAAGATAGAGAAGAGAATACTAATTCTGGTTCTTTGAAAGATAAACAACCATGTATTGCTGATTATGCTCATTTGGGTCCAGCT,0.07579096276185242,0.11438261553654809,0.047155112621047886,0.10525148555583473,0.22405471236498847,0.0868380071703839,0.21087656453344858,0.1356505394558958,1805.8550034138905
GCTGCTTTGTCTTTGTGTGATGATTTGTTGGGTTCTCAAGATAGAGAAGAGAATACTAATTCTGGTTCTTTGAAAGATAAACAACCATGTATTGCTGCTTATGCTCATTTGGGTCCAGAA,0.3223591740234142,0.29301073268614697,0.2546496984743819,0.08000283430640123,0.02220760389621645,0.008743224754118054,0.004309906654232575,0.014716825205088583,373.32339728364747
GCTGCTTTGTCTTTGTGTGATGATTTGTTGGGTTCTCAAGATAGAGAAGAGAATACTAATTCTGGTTCTTTGAAAGCTAAACAACCATGTATTGCTGATTATGCTCATTTGGGTCCAGAA,0.2445806591820404,0.13250374072900473,0.11705504099072048,0.1254096069378312,0.09269667727871286,0.12071443619526008,0.12214239682181054,0.044897441864619796,1005.0234645463898
GCTGCTTTGTCTTTGTGTGATGATTTGTTGGGTTCTCAAGATAGAGAAGCTAATACTAATTCTGGTTCTTTGAAAGATAAACAACCATGTATTGCTGATTATGCTCATTTGGGTCCAGAA,0.14699671875878367,0.08216492737107069,0.040647747584807346,0.03629074838336793,0.1448515158884422,0.23953419767451828,0.21207174306187784,0.09744240127713205,1680.1781695380541
GCTGCTTTGTCTTTGTGTGATGATTTGTTGGGTTCTCAAGATAGAGAAGCTAATACTAATTCTGGTTCTTTGAAAGCTAAACAACCATGTATTGCTGCTTATGCTCATTTGGGTCCAGCT,0.012967216624257798,0.16308278494585027,0.014118747691390956,0.2701150830177339,0.0271532053679007,0.07428637987720545,0.17137650017607386,0.26690008229958706,2438.9719453955813
GCTGCTTTGTCTTTGTGTGATGATTTGTTGGGTTCTCAAGATAGAGCTGAGAATACTAATTCTGGTTCTTTGAAAGATAAACAACCATGTATTGCTGATTATGCTCATTTGGGTCCAGAA,0.16887641457048627,0.22250190782495952,0.18012067608638585,0.12954435851908314,0.1307522145507855,0.10319535568172401,0.04102060239151749,0.02398847037505824,700.6210688454569
GCTGCTTTGTCTTTGTGTGATGATTTGTTGGGTTCTCAAGATAGAGCTGCTAATACTAATTCTGGTTCTTTGAAAGATAAACAACCATGTATTGCTGATTATGCTCATTTGGGTCCAGCT,0.1175790556118645,0.1182990638383564,0.12086403551928177,0.1306263419535786,0.1309757468335682,0.14994587450017832,0.1280134301923337,0.10369645155083851,1445.4744450977848
GCTGCTTTGTCTTTGTGTGATGATTTGTTGGGTTCTCAAGCTAGAGAAGAGAATACTAATTCTGGTTCTTTGAAAGATAAACAACCATGTATTGCTGATTATGCTCATTTGGGTCCAGAA,0.30521929165724254,0.20937841051569478,0.18126750478765324,0.08477206964151042,0.07519126523411994,0.08901634347057308,0.03860114554113848,0.01655396915206738,580.1836190536019
GCTGCTTTGTCTTTGTGTGATGATTTGTTGGGTTCTCAAGCTAGAGCTGCTAATACTAATTCTGGTTCTTTGAAAGCTAAACAACCATGTATTGCTGCTTATGCTCATTTGGGTCCAGCT,0.2592789604687905,0.22703634978826281,0.26916579931277984,0.10907467534401018,0.060489985200726674,0.050892481606641476,0.01998294077745885,0.0040788075013295415,427.5216261002968
GCTGCTTTGTCTTTGTGTGATGCTTTGTTGGGTTCTCAAGATAGAGAAGAGAATACTAATTCTGGTTCTTTGAAAGATAAACAACCATGTATTGCTGATTATGCTCATTTGGGTCCAGAA,0.08851878696588394,0.10255490834108388,0.13351278757602453,0.17880248972373122,0.2352485333654387,0.16964966882055366,0.05970660740771758,0.0320062177995665,939.9616545135459
GCTGCTTTGTCTTTGTGTGATGCTTTGTTGGGTTCTCAAGATAGAGCTGCTAATACTAATTCTGGTTCTTTGAAAGCTAAACAACCATGTATTGCTGCTTATGCTCATTTGGGTCCAGCT,0.17351496632831306,0.2453521681087445,0.26259659365067606,0.14066944624604144,0.08780196209159769,0.05588058963389054,0.017397419942406865,0.016786853998329816,534.5080541627257
GCTGCTTTGTCTTTGTGTGATGCTTTGTTGGGTTCTCAAGCTAGAGAAGCTAATACTAATTCTGGTTCTTTGAAAGCTAAACAACCATGTATTGCTGCTTATGCTCATTTGGGTCCAGCT,0.26924401967729966,0.2555492294111263,0.2146304354431798,0.13846029360827322,0.045082787536827006,0.03277686624899483,0.022922585527015222,0.021333782547283967,512.5198762191255
GCTGCTTTGTCTTTGTGTGATGCTTTGTTGGGTTCTCAAGCTAGAGCTGAGAATACTAATTCTGGTTCTTTGAAAGCTAAACAACCATGTATTGCTGCTTATGCTCATTTGGGTCCAGCT,0.5515835436659954,0.28648259760793665,0.09797023023878153,0.02618473557799185,0.012206477208535719,0.015828791179376585,0.007541118400604241,0.0022025061207781673,258.1135542881695
GCTGCTTTGTCTTTGTGTGATGCTTTGTTGGGTTCTCAAGCTAGAGCTGCTAATACTAATTCTGGTTCTTTGAAAGATAAACAACCATGTATTGCTGCTTATGCTCATTTGGGTCCAGCT,0.6310523785682196,0.22170067880742,0.0509787283067838,0.03132919592395319,0.005248923788522441,0.00545684922507966,0.02993179799880469,0.024301447381216687,420.26649746733176
GCTGCTTTGTCTTTGTGTGATGCTTTGTTGGGTTCTCAAGCTAGAGCTGCTAATACTAATTCTGGTTCTTTGAAAGCTAAACAACCATGTATTGCTGATTATGCTCATTTGGGTCCAGCT,0.002659184838516778,0.0019410262741545608,0.002725015635256594,0.007472550480900333,0.012690849884719831,0.0375649925773252,0.5035514575311747,0.4313949227779519,4114.029137677202
GCTGCTTTGTCTTTGTGTGATGCTTTGTTGGGTTCTCAAGCTAGAGCTGCTAATACTAATTCTGGTTCTTTGAAAGCTAAACAACCATGTATTGCTGCTTATGCTCATTTGGGTCCAGAA,0.0036479378720268903,0.004779894871485659,0.026391273325322283,0.10292062467494151,0.28849569764829053,0.3621326036005017,0.15413563388098406,0.05749633412644746,1542.9568989500312
GCTGCTTTGTCTTTGTGTGATGCTTTGTTGGGTTCTCAAGCTAGAGCTGCTAATACTAATTCTGGTTCTTTGAAAGCTAAACAACCATGTATTGCTGCTTATGCTCATTTGGGTCCAGCT,0.07166276019636043,0.07210159495826585,0.11559503213189497,0.22410118717101693,0.2563133619365103,0.18002959259160972,0.05169382893643466,0.028502642077907103,933.6949034832178
GCTGCTTTGTCTTTGTGTGCTGATTTGTTGGGTTCTCAAGATAGAGAAGAGAATACTAATTCTGGTTCTTTGAAAGATAAACAACCATGTATTGCTGATTATGCTCATTTGGGTCCAGAA,0.05122570592234027,0.04638545292937599,0.05099402554261147,0.028455010732157424,0.045430327262844704,0.0986028931977665,0.36106981492992757,0.3178367694829762,3175.224682226533
GCTGCTTTGTCTTTGTGTGCTGATTTGTTGGGTTCTCAAGATAGAGAAGAGAATACTAATTCTGGTTCTTTGAAAGCTAAACAACCATGTATTGCTGCTTATGCTCATTTGGGTCCAGCT,0.15413866163445245,0.19385318326639256,0.12467124560627917,0.11986997678035488,0.14429477089100237,0.11302746367841547,0.08577336991849704,0.06437132822460603,1065.2861411346962
GCTGCTTTGTCTTTGTGTGCTGATTTGTTGGGTTCTCAAGATAGAGCTGCTAATACTAATTCTGGTTCTTTGAAAGCTAAACAACCATGTATTGCTGCTTATGCTCATTTGGGTCCAGCT,0.5633393384478397,0.3656027643200936,0.04932541768548608,0.010824869187449985,0.0003134007616631764,0.00151059911410607,0.007669157039129629,0.0014144534442316465,221.62431540177687
GCTGCTTTGTCTTTGTGTGCTGATTTGTTGGGTTCTCAAGCTAGAGAAGCTAATACTAATTCTGGTTCTTTGAAAGCTAAACAACCATGTATTGCTGCTTATGCTCATTTGGGTCCAGCT,0.3354464954558358,0.13710522957852173,0.12598476453519303,0.0816625464111328,0.1448663507416925,0.11065227602876423,0.052580621896702845,0.011701715352157005,636.6358638530913
GCTGCTTTGTCTTTGTGTGCTGATTTGTTGGGTTCTCAAGCTAGAGCTGAGAATACTAATTCTGGTTCTTTGAAAGCTAAACAACCATGTATTGCTGCTTATGCTCATTTGGGTCCAGCT,0.277013025548132,0.3964250934173925,0.13805136389452483,0.09244031235600707,0.019870890504949702,0.062389716047973755,0.0074042646675007056,0.0064053335635194265,385.17026438972044
GCTGCTTTGTCTTTGTGTGCTGATTTGTTGGGTTCTCAAGCTAGAGCTGCTAATACTAATTCTGGTTCTTTGAAAGATAAACAACCATGTATTGCTGCTTATGCTCATTTGGGTCCAGCT,0.06127450699308883,0.024230163597298068,0.01785205965076386,0.0410699957935412,0.1938251181826713,0.2994565273483988,0.2944672717854023,0.06782435664883571,1793.720065203614
GCTGCTTTGTCTTTGTGTGCTGATTTGTTGGGTTCTCAAGCTAGAGCTGCTAATACTAATTCTGGTTCTTTGAAAGCTAAACAACCATGTATTGCTGATTATGCTCATTTGGGTCCAGCT,0.6507879237476729,0.1942525100600032,0.06064753452178969,0.055611614599317065,0.004176277570481904,0.025638953743408213,0.007817612009816005,0.001067573747511058,253.2497664726372
GCTGCTTTGTCTTTGTGTGCTGATTTGTTGGGTTCTCAAGCTAGAGCTGCTAATACTAATTCTGGTTCTTTGAAAGCTAAACAACCATGTATTGCTGCTTATGCTCATTTGGGTCCAGAA,0.6166114278412297,0.24543348710819848,0.11213675482176112,0.01279918009241247,0.0006730812525630647,0.001961738433553374,0.008699968712403094,0.0016843617378788135,227.94820348570093
GCTGCTTTGTCTTTGTGTGCTGATTTGTTGGGTTCTCAAGCTAGAGCTGCTAATACTAATTCTGGTTCTTTGAAAGCTAAACAACCATGTATTGCTGCTTATGCTCATTTGGGTCCAGCT,0.15815511920071326,0.21640809518024542,0.11807986893010322,0.11947938100830403,0.10597601150231623,0.1217713024852778,0.09974285741493658,0.060387364278103546,1061.9217462550334
GCTGCTTTGTCTTTGTGTGCTGCTTTGTTGGGTTCTCAAGATAGAGAAGAGAATACTAATTCTGGTTCTTTGAAAGATAAACAACCATGTATTGCTGCTTATGCTCATTTGGGTCCAGCT,0.08955201709821003,0.11584336973698187,0.12735285272095986,0.25582950764503826,0.10085158391541738,0.11726266064324163,0.07118987362290567,0.1221181346172452,1405.2851519953392
GCTGCTTTGTCTTTGTGTGCTGCTTTGTTGGGTTCTCAAGATAGAGAAGCTAATACTAATTCTGGTTCTTTGAAAGCTAAACAACCATGTATTGCTGCTTATGCTCATTTGGGTCCAGCT,0.10346518553415443,0.16153256782429287,0.1465046944623593,0.11098264520549632,0.05273548031706161,0.10137721313272531,0.20846177508957492,0.11494043843433525,1605.6973467619644
GCTGCTTTGTCTTTGTGTGCTGCTTTGTTGGGTTCTCAAGATAGAGCTGAGAATACTAATTCTGGTTCTTTGAAAGCTAAACAACCATGTATTGCTGCTTATGCTCATTTGGGTCCAGCT,0.6814775300854544,0.20212466487252245,0.0715108740580148,0.01602510829811521,0.01703309924536662,0.008427366104087298,0.003271067601551215,0.00013028973488787328,212.82896303673925
GCTGCTTTGTCTTTGTGTGCTGCTTTGTTGGGTTCTCAAGATAGAGCTGCTAATACTAATTCTGGTTCTTTGAAAGATAAACAACCATGTATTGCTGCTTATGCTCATTTGGGTCCAGCT,0.07112575001555717,0.06644977516988297,0.06321791694307431,0.10723911511698608,0.10012539050871276,0.1676423482484198,0.21203178829806207,0.21216791569930496,2303.5538807418598
GCTGCTTTGTCTTTGTGTGCTGCTTTGTTGGGTTCTCAAGATAGAGCTGCTAATACTAATTCTGGTTCTTTGAAAGCTAAACAACCATGTATTGCTGATTATGCTCATTTGGGTCCAGCT,0.5791418882529142,0.2867056665109224,0.09686707814042778,0.016375229275815906,0.0002930958347502174,0.010102526143412751,0.005072702238529088,0.005441813603227657,254.22553855808155
GCTGCTTTGTCTTTGTGTGCTGCTTTGTTGGGTTCTCAAGATAGAGCTGCTAATACTAATTCTGGTTCTTTGAAAGCTAAACAACCATGTATTGCTGCTTATGCTCATTTGGGTCCAGAA,0.5700822564490609,0.2622811218253432,0.08239176578442649,0.05024653848434991,0.013810778246441325,0.010346648601781729,0.010117731519592494,0.0007231590890039606,252.58566291640608
GCTGCTTTGTCTTTGTGTGCTGCTTTGTTGGGTTCTCAAGATAGAGCTGCTAATACTAATTCTGGTTCTTTGAAAGCTAAACAACCATGTATTGCTGCTTATGCTCATTTGGGTCCAGCT,0.011130693305346339,0.044524373945770114,0.10749709039932102,0.19607106925924678,0.31562999796265795,0.24925862409910754,0.07056985436830654,0.005318296660243678,944.1043373041445
GCTGCTTTGTCTTTGTGTGCTGCTTTGTTGGGTTCTCAAGCTAGAGAAGAGAATACTAATTCTGGTTCTTTGAAAGATAAACAACCATGTATTGCTGATTATGCTCATTTGGGTCCAGAA,0.08057855073317659,0.13318968523188093,0.09310566938820013,0.12149147778610368,0.09074585625623062,0.042204991270654815,0.12277470278696363,0.3159090665467895,2587.281142354941
GCTGCTTTGTCTTTGTGTGCTGCTTTGTTGGGTTCTCAAGCTAGAGAAGAGAATACTAATTCTGGTTCTTTGAAAGATAAACAACCATGTATTGCTGATTATGCTCATTTGGGTCCAGCT,0.08869959881082803,0.13386414078027248,0.11037304235094354,0.12317780646725256,0.26221547232347386,0.04065126562251154,0.08226427879664973,0.15875439484806825,1622.0625318553582
GCTGCTTTGTCTTTGTGTGCTGCTTTGTTGGGTTCTCAAGCTAGAGAAGAGAATACTAATTCTGGTTCTTTGAAAGCTAAACAACCATGTATTGCTGCTTATGCTCATTTGGGTCCAGCT,0.2727729478099744,0.18999920965505054,0.1044381798424748,0.06993265183462709,0.16541059950081993,0.0,0.09730106374455827,0.10014534761249497,1170.388128643649
GCTGCTTTGTCTTTGTGTGCTGCTTTGTTGGGTTCTCAAGCTAGAGAAGCTAATACTAATTCTGGTTCTTTGAAAGATAAACAACCATGTATTGCTGCTTATGCTCATTTGGGTCCAGCT,0.09867545944930992,0.1739992718294527,0.19055398726697345,0.22064939345565643,0.18646697031008178,0.10833377102251193,0.015996719676575993,0.00532442698943779,593.0679837365005
GCTGCTTTGTCTTTGTGTGCTGCTTTGTTGGGTTCTCAAGCTAGAGAAGCTAATACTAATTCTGGTTCTTTGAAAGCTAAACAACCATGTATTGCTGATTATGCTCATTTGGGTCCAGCT,0.5927457747383554,0.303474703267002,0.024119591441319914,0.020353029338944197,0.03304300251965269,0.01720463027744032,0.00857133216129396,0.00048793625599147716,250.70567511895717
GCTGCTTTGTCTTTGTGTGCTGCTTTGTTGGGTTCTCAAGCTAGAGAAGCTAATACTAATTCTGGTTCTTTGAAAGCTAAACAACCATGTATTGCTGCTTATGCTCATTTGGGTCCAGAA,0.25114761844460826,0.17372131452261316,0.1367251724429376,0.12206971174594192,0.061870621246944986,0.11510163162774785,0.10190529738776995,0.037458632581436294,889.328492463842
GCTGCTTTGTCTTTGTGTGCTGCTTTGTTGGGTTCTCAAGCTAGAGAAGCTAATACTAATTCTGGTTCTTTGAAAGCTAAACAACCATGTATTGCTGCTTATGCTCATTTGGGTCCAGCT,0.6356798961244849,0.2544180026665069,0.06803236642979893,0.022072406122740647,0.004219440735497147,0.006499390139616118,0.005000517848229464,0.004077979933125901,237.3105317703584
GCTGCTTTGTCTTTGTGTGCTGCTTTGTTGGGTTCTCAAGCTAGAGCTGAGAATACTAATTCTGGTTCTTTGAAAGATAAACAACCATGTATTGCTGATTATGCTCATTTGGGTCCAGAA,0.0004899547714873441,0.00041079588599961486,0.00035564290056830714,0.00043092247757327474,0.0006236226027541758,0.0005800812861604552,0.3089214648456336,0.6881875152298231,5177.302378588303
GCTGCTTTGTCTTTGTGTGCTGCTTTGTTGGGTTCTCAAGCTAGAGCTGAGAATACTAATTCTGGTTCTTTGAAAGATAAACAACCATGTATTGCTGCTTATGCTCATTTGGGTCCAGCT,0.6145219086240268,0.26431563121620555,0.07454269677647495,0.02704737267450758,0.0007681694126669505,0.009014144454951963,0.006784966751265965,0.0030051100899002397,239.6820280537102
GCTGCTTTGTCTTTGTGTGCTGCTTTGTTGGGTTCTCAAGCTAGAGCTGAGAATACTAATTCTGGTTCTTTGAAAGCTAAACAACCATGTATTGCTGATTATGCTCATTTGGGTCCAGCT,0.3581325469019354,0.2793968639755415,0.16205127622345492,0.0851065476102521,0.048123562409883726,0.03774183886356172,0.00888099914366909,0.020566364871701534,455.83352744536614
GCTGCTTTGTCTTTGTGTGCTGCTTTGTTGGGTTCTCAAGCTAGAGCTGAGAATACTAATTCTGGTTCTTTGAAAGCTAAACAACCATGTATTGCTGCTTATGCTCATTTGGGTCCAGAA,0.04865207210163033,0.022592306951274285,0.02794155668654609,0.05405080159919602,0.04794206601712892,0.024012558773538147,0.319326863922763,0.4554817739479232,3840.961813381096
GCTGCTTTGTCTTTGTGTGCTGCTTTGTTGGGTTCTCAAGCTAGAGCTGAGAATACTAATTCTGGTTCTTTGAAAGCTAAACAACCATGTATTGCTGCTTATGCTCATTTGGGTCCAGCT,0.0436121240239078,0.057042943935356596,0.048841737604183866,0.1146687636234863,0.17620024140818635,0.3024783201086214,0.22246391051865336,0.03469195877760426,1437.9132297717908
GCTGCTTTGTCTTTGTGTGCTGCTTTGTTGGGTTCTCAAGCTAGAGCTGCTAATACTAATTCTGGTTCTTTGAAAGATAAACAACCATGTATTGCTGATTATGCTCATTTGGGTCCAGCT,0.1943225091384662,0.2526906378333348,0.17565047463350464,0.18329919225702757,0.11380810647112538,0.055451537924396985,0.020402722816578216,0.004374818925566216,479.57815426541674
GCTGCTTTGTCTTTGTGTGCTGCTTTGTTGGGTTCTCAAGCTAGAGCTGCTAATACTAATTCTGGTTCTTTGAAAGATAAACAACCATGTATTGCTGCTTATGCTCATTTGGGTCCAGAA,0.07986691568125476,0.13392664914657357,0.07729720702205553,0.1873176937102442,0.1923811375412479,0.10574264449991334,0.10699350013617676,0.11647425226253397,1470.7357109393383
GCTGCTTTGTCTTTGTGTGCTGCTTTGTTGGGTTCTCAAGCTAGAGCTGCTAATACTAATTCTGGTTCTTTGAAAGATAAACAACCATGTATTGCTGCTTATGCTCATTTGGGTCCAGCT,0.15689093150846697,0.09758103255723982,0.09583855883342517,0.18063870252054595,0.1405466700212142,0.1882565345804217,0.09259612990279979,0.04765144007588631,1073.7793393822133
GCTGCTTTGTCTTTGTGTGCTGCTTTGTTGGGTTCTCAAGCTAGAGCTGCTAATACTAATTCTGGTTCTTTGAAAGCTAAACAACCATGTATTGCTGATTATGCTCATTTGGGTCCAGAA,0.13061513816238898,0.10325786057796221,0.1860134465461293,0.19825292841298603,0.1822146000011179,0.14954550673553782,0.04426373460271687,0.005836784961160762,698.083181235409
GCTGCTTTGTCTTTGTGTGCTGCTTTGTTGGGTTCTCAAGCTAGAGCTGCTAATACTAATTCTGGTTCTTTGAAAGCTAAACAACCATGTATTGCTGATTATGCTCATTTGGGTCCAGCT,0.26743230138209273,0.18569616431430086,0.23435103477122285,0.1673849094544788,0.06681030001145642,0.04488293789360485,0.024453621853754933,0.008988730319088591,475.06247729920904
GCTGCTTTGTCTTTGTGTGCTGCTTTGTTGGGTTCTCAAGCTAGAGCTGCTAATACTAATTCTGGTTCTTTGAAAGCTAAACAACCATGTATTGCTGCTTATGCTCATTTGGGTCCAGAA,0.5990382761180787,0.26483687049329074,0.0712245355563799,0.023434594182194325,0.012169983032376135,0.014932442628351602,0.008737487570982963,0.005625810418345494,273.34276007091665
GCTGCTTTGTCTTTGTGTGCTGCTTTGTTGGGTTCTCAAGCTAGAGCTGCTAATACTAATTCTGGTTCTTTGAAAGCTAAACAACCATGTATTGCTGCTTATGCTCATTTGGGTCCAGCT,0.3736641606014794,0.28522942952717645,0.20904913263214817,0.08626701047643918,0.01987426749636742,0.013679037659375667,0.008484256346023691,0.0037527052609899517,312.94434994469407
GCTGGATTCTGGAAAGCTACTGGTAGAGATAAAGCTGTTTATGATAAATCTAAATTGATTGGTATGAGGAAGACTTTGGTCTTCTATAAAGGTAGAGCTCCAAATGGTCAGAAGACTGAT,0.06289775756683719,0.09492437831255104,0.13044434910597794,0.1543123153396763,0.20401702753162632,0.1849681944099007,0.12153001849153451,0.046905959241896,1173.1908994984121
GCTGGTCAAGAATCTGACTTTACTGCTCCAGATGTTTGGTATCCAGGTGGTATGGTTTCTAGAGTTCCATATCCATCTCCAACTTGTGTTAAATCTGAAATGGGTCCATGGATGGATTCT,0.03568299407212752,0.033208890085371014,0.03996181044626723,0.09514223011240942,0.18635993973252354,0.3033595123716526,0.2349683004796355,0.07131632270001324,1693.0546668413435
GCTGGTGCTTTGAAAGATAAACAACCATGTATTGCTGATGCTGCTCATTTGGGTCCAGAAGACTTTAAGAGAGATTTGGAAGAATGTCAGAAGATTGTCTTGGATCCAGCTAATATTGAA,0.008096069278634786,0.05701952511986582,0.07052021277919149,0.16190024961685195,0.26327132525449426,0.23746882621804055,0.10512158261291009,0.09660220912001091,1531.0170774304079
GCTGGTGGTGGTGCTGGTAATGGTGCTGGTGGTATGGCTGGTGGTGGTGGTGGTCAAGGTGGTGGTGGTGGTAATGGTAATCAAGGTGGTGGTGGTCCAACTGCTTGGGATTCTGGTTCT,0.044155063385137014,0.1066210842059101,0.08791072331968902,0.2158410208888094,0.2349576967789826,0.25902572502244686,0.04095153183663811,0.010537154562386889,873.83482242391
GCTGGTGGTGGTGCTGGTAATGGTGCTGGTGGTATGGCTGGTGGTGGTGGTGGTCAAGGTGGTGGTGGTGGTAATGGTAATCAAGGTGGTGGTGGTCCAACTGGTTGGGATTCTGGTTCT,0.12481460138972204,0.12557891727335665,0.07247922372388109,0.19413070298893909,0.25418576933244635,0.13728688515444593,0.061738171261346494,0.029785728875862408,899.6215745188572
GCTGGTGTTACTAAAGAAAGAAGACCATCTTATAGAAGGAAATCTATGACTCCATCTAGAAGATCTTCTGTTGTTATTGAATCTACTAAAGAATTGGAAGAGAAACCATTTCATTGTCAT,0.6047203894985769,0.1855480118459402,0.13251866175694982,0.02576573246588796,0.017371218793547003,0.01693440544079808,0.012703815354122896,0.004437764844177229,286.29033681421663
GCTGTTTCTGAAGGTTCTTCTTCTGGTAGAGCTAGAGAAGCTTCTGGTGCTCCAACTTCTTCTAAAGATAATGATTTGGGTGGTACTTCTGATATTTCTGATAATGCTAAAGAATTGTGT,0.053420708642010886,0.08599653792482127,0.09971081408051934,0.12463204954434332,0.24741322290901946,0.16158684303761406,0.16349829337362087,0.06374153048805084,1362.7717629581553
GCTGTTTCTGAAGGTTCTTCTTCTGGTAGAGCTAGAGAAGCTTCTGGTGCTCCAACTTCTTCTAAAGATAATGCTTTGGGTGGTACTTCTGCTATTTCTGATAATGCTAAAGAATTGTGT,0.6298592709914144,0.2234905278800317,0.05918966627872802,0.04375135804334489,0.005526736026656036,0.017895748527288983,0.010628281008958069,0.009658411243577901,303.29596694405984
GCTGTTTCTGAAGGTTCTTCTTCTGGTAGAGCTAGAGAAGCTTCTGGTGCTCCAACTTCTTCTAAAGATAATTATTTGGGTGGTACTTCTACTATTTCTGATAATGCTAAAGAATTGTGT,0.002477641175026637,0.0066786622517854355,0.014872018555408179,0.07941015874471725,0.24806490794017028,0.3515591917657529,0.24875822315057064,0.04817919641656864,1668.3038955372308
GCTTATAATCCATTCTCTTCTTCTCCATTGTTGGAAGTTCCACAAGTTTCTTTGGATGGTGGTGAATTAAATTCTATGTTGGATTTGTTCTCTGTTGATAATGATGATTGTTTGTTGTTT,0.08360502823416548,0.06679878838613508,0.0703756914788033,0.08468684861582795,0.16961604202322422,0.19383595734054096,0.21665400677851457,0.11442763714278847,1777.233718039767
GCTTATAATTCTGGTACTAGGAAGAGAAGGAAGATCTTGAATCATTTGAATCCATGTTCTGGTGATGTTAGATGGCATAAGACTGGTAAGACTAGACAAGTTATTGTTGATGGTGTTCAT,0.1702247098196593,0.1998116160558318,0.14121235689894882,0.09455693889587494,0.19569728298557826,0.06501203676197065,0.06578108006510783,0.06770397851702843,1006.056712960808
GCTTCTAAAGGTTTGCCACAACAATTGCCAGCTCCACCAGATGAAGATGATTCTGCTGCTCCATCTACTTTGTCTTTGTTGGGTCCAACATTTCCAGGTTTGTCTTCTTGTTCTGCTGAT,0.2857972015821114,0.40519505541391204,0.08288685556296571,0.10374653855835239,0.0163699322910895,0.09136190384219854,0.007329594923311009,0.0073129178260593125,418.10997983923676
GCTTCTACTTCTACTGCTAAACCAATGGTTGGTCAATTGATCTTTGATAAATTTATTAAGACTGAAGAAGATCCAATTATTAAACAAGATACTCCATCTAATTTGGACTTTGACTTTGCT,0.20911551143578566,0.0,0.26021217129928675,0.0,0.06868792510705941,0.0,0.12929586277044458,0.3326885293874236,2619.9987808696105
GCTTCTGATCCACCACCAGCTTCTATTGCTACTCCATCTCCACCATTGGCTGCTGCTCAACATGTTCCAGCTGCTGATGGTCAATGGTTGGCTTTGTTTCCACATCCATCTTCTATTGAT,0.0033150929235835434,0.000538862668301965,0.0016695623966880662,0.0034658061503642654,0.012051584697317158,0.05592621566168111,0.4058789593351674,0.5171539161668964,4428.059419100526
GCTTCTGATCCACCACCAGCTTCTATTGCTGATCCAGATCCACCATTGGCTGCTGCTCAACATGTTCCAGCTGCTGATGGTCAATGGTTGGCTTTGTTTCCACATCCATCTTCTATTGAT,0.1414357760781983,0.1639565064765663,0.210428952764463,0.16054622621367884,0.14543136736852186,0.0901849016361586,0.051329093018779644,0.03668717644363355,808.835462635156
GCTTCTGCTCCACCACCAGCTTCTATTGCTACTCCATCTCCACCATTGGCTGCTGCTCAACATGTTCCAGCTGCTGATGGTCAATGGTTGGCTTTGTTTCCACATCCATCTTCTATTGAT,0.0456580343197947,0.12196920803394083,0.12403985678651766,0.23267553083252432,0.28534998460607125,0.15754156116231233,0.03098313067017916,0.0017826935886595743,716.9713846230992
GCTTCTGCTCCACCACCAGCTTCTATTGCTGCTCCAGCTCCACCATTGGCTGCTGCTCAACATGTTCCAGCTGCTGATGGTCAATGGTTGGCTTTGTTTCCACATCCATCTTCTATTGAT,0.0035362311396235314,0.0006019654994196726,0.001181561264139485,0.0019791976002800004,0.019502753893156866,0.0598772698117746,0.3867237343121658,0.5265972864794402,4448.779607320398
GCTTCTGCTTGTGAAGGTCCATTGAATCAAACATTTGTTAGAATGTCTTCATTCTCTAGAATTAGATTTAATGGTACTTCTGTTACTTCTAGGAAAGTTACTGTTGCTAAGAAGAGAATT,0.1412804330394517,0.2487547636819676,0.1758018235514213,0.15695776821411087,0.10441398827099982,0.03237460195845385,0.09827270715893638,0.04214391412465849,861.3987588753663
GCTTCTGGTGCTTCTTCTCATCCAGCTATTGATGAAGCTATTCCAACTGTTAATCAAGATGATGGTATTTGTGCTACTCATCCTAAGAATGCTCCAGGTGTTAAATCTGATGGTACTGTT,0.17138874964842923,0.24217433146502823,0.20229002616342381,0.18830700839134262,0.09065289254798845,0.05775582846380817,0.028635127788014955,0.01879603553196461,583.1626014641013
GCTTCTGGTGTTAAACCACATCCATTTATTGATGAATTTATTCCAACTGTTGATGAAGATGATGGTATTTGTTATACTCATCCACAGAATTTGCCAGGTGTTAAACAAGATGGTTCTGTT,0.15181648328059485,0.18164406806520222,0.15827789109254617,0.14131221190806184,0.14151440551368455,0.15419967955531205,0.041860029233671575,0.029375231350926685,801.2417140572289
GCTTCTGGTTTGTCTTCTCATCCAGCTATTGATGAATTTATTCCAACTGTTAATCAAGATGATGGTATTTGTTATACTCATCCTAAGAATTTGCCAGGTGTTAAATCTGATGGTACTGTT,0.02667758965140863,0.0710339783534205,0.12357556395150977,0.23588440428776478,0.2835500305158205,0.21299952004286998,0.040502637003791364,0.0057762761934143664,827.8344517919202
GCTTCTGGTTTGTCTTCTCATCCATTTATTGATGAAGCTATTCCAACTGTTAATCAAGATGATGGTATTTGTTATACTCATCCTAAGAATTTGCCAGGTGTTAAATCTGATGGTACTGTT,0.11700668405261141,0.1965142969088397,0.19718630811290358,0.2548631786269533,0.12165421285046372,0.08444799876771933,0.01623492141673868,0.012092399263770282,580.5674854243691
GCTTCTGGTTTGTCTTCTCATCCATTTATTGATGAATTTATTCCAACTGTTAATCAAGATGATGGTATTTGTGCTACTCATCCTAAGAATTTGCCAGGTGTTAAATCTGATGGTACTGTT,0.3448690926342858,0.16752954914821563,0.210882185806196,0.11357902271671814,0.1062412507569417,0.031067831664930892,0.025748866429716712,8.220084299505343e-05,406.79940766985635
GCTTCTGGTTTGTCTTCTCATCCATTTATTGATGAATTTATTCCAACTGTTAATCAAGATGATGGTATTTGTTATACTCATCCTAAGAATTTGCCAGGTGTTAAATCTGATGGTACTGTT,0.16655710477428404,0.1815417884039631,0.06908492118553015,0.07709970542026907,0.1367720388152287,0.21627845065551599,0.10298205242871865,0.04968393831649043,1111.3581923670947
GCTTCTTCTCCACCACCAGCTTCTATTGCTACTCCAGATCCACCATTGGCTGCTGCTCAACATGTTCCAGCTGCTGATGGTCAATGGTTGGCTTTGTTTCCACATCCATCTTCTATTGAT,0.08060949199280226,0.07434452029296985,0.10030614560709256,0.17164595432699886,0.10591081858831798,0.09235886956162581,0.17444262312716993,0.20038157650302257,2079.6402215582025
GCTTCTTCTCCACCACCAGCTTCTATTGCTACTCCAGCTCCACCATTGGCTGCTGCTCAACATGTTCCAGCTGCTGATGGTCAATGGTTGGCTTTGTTTCCACATCCATCTTCTATTGAT,0.21181184554994523,0.2171298212026202,0.1392431258877836,0.18647665169505837,0.07876255108253057,0.10989502721225805,0.018532500400078283,0.03814847696972559,720.1046604039948
GCTTCTTCTCCACCACCAGCTTCTATTGCTACTCCATCTCCACCATTGGCTGCTGCTCAACATGTTCCAGCTGCTGATGGTCAATGGTTGGCTTTGTTTCCACATCCATCTTCTATTGAT,0.051873230462816416,0.08885348408546564,0.17019361510064654,0.24324602910810356,0.22716319608437976,0.18895319988586282,0.024170301457284077,0.005546943815441328,734.3758340511909
GCTTCTTCTCCACCACCAGCTTCTATTGCTGATCCATCTCCACCATTGGCTGCTGCTCAACATGTTCCAGCTGCTGATGGTCAATGGTTGGCTTTGTTTCCACATCCATCTTCTATTGAT,0.18793460175747875,0.2521139198365944,0.14031346727886476,0.16239141872515794,0.13169206766191688,0.05359258203033442,0.027113270903515882,0.04484867180613686,742.7421950199691
GCTTCTTCTCCACCACCAGCTTCTATTGCTGCTCCATCTCCACCATTGGCTGCTGCTCAACATGTTCCAGCTGCTGATGGTCAATGGTTGGCTTTGTTTCCACATCCATCTTCTATTGAT,0.026886739043094455,0.06882839077242303,0.16557682922863395,0.26010391715231385,0.2620305356704892,0.18858454136334482,0.022646820966874738,0.0053422258028260105,753.9000144472077
GCTTCTTGGCAAAATTCTATTAGACATAATTTGTCTTTGAATGATGCATTTATTAAGACTGAGAAATCTTGTGATGGTAAAGGTCACTTCTGGGAAGTTAGACCAGGTGCTGAAACTAAA,0.6000818346267011,0.21015645536831232,0.12571324260706818,0.03303351049175706,0.0014566023103538006,0.0014070139982118172,0.0014236579113491154,0.026727682686246618,371.6327872773287
GCTTGTCAACATGTTATTGATAATTCTGATGTTGTTGATGATTGGCCAGGTTTGCCAGCTGGTGTTGCATTTGATCCATCTGATCCAGAAATTATTTGGCATTTGTTGGCTGCTTCTGGT,0.05260617730069825,0.10135209636346487,0.11977845195392753,0.25988784620698513,0.26360411847825616,0.15902045656922734,0.03840875673661802,0.005342096390822789,751.8493489560942
GCTTTGCCAACTAATGCTGATTTGTATAGAGAATGTAAATTCTTGTCTACTTTGCCATCTGATGTTGTTGAATGGGGTGATGCTTATGTTCCAGAAAGAACTCAAATTGATATTAGAGCT,0.008003771926110289,0.008052783900222309,0.014939199324653925,0.03874336172554045,0.08901007352198785,0.17135502040006872,0.43318994212167056,0.23670584707974593,2957.1024439195326
GCTTTGGATGAACAAGGTGAAGAACATATTTCTTCTATTACTAATCAAGAAGTCTTGCATAATAATGAACATACTGCTGATAGAGAAGCTTTGCCATATCAACAATTTAAACCAGGTGAA,0.09941235507099834,0.14447494752422643,0.12370342395639874,0.13498681038587673,0.17415391402130978,0.14174518008254952,0.10244422752042434,0.0790791414382162,1251.624631918368
GCTTTGTGTGATGAGTTCTTGTTGGATCAAGATCAAACTTCTTGTGGTGGTGGTGATGAACCAAGAGTTACTAAACCATGTTTGGCTGCTTATGCTCATTTGTCTACTGAAGACTTTAAA,0.05079441402642334,0.07815311037219728,0.2228973837048455,0.14480084670428087,0.2689249850513478,0.21619583111955024,0.01320339071109221,0.005030038310262762,739.4321588789439
GCTTTGTGTGATGAGTTCTTGTTGGATCAATCTCAAACTTCTTGTGGTGGTGGTGATGAACCAAGAGTTACTAAACCATGTTTGGCTGCTTATGCTCATTTGTCTACTGAAGACTTTAAA,0.05990862472921349,0.1431599785154757,0.2706968926694361,0.30638830403259765,0.13150388846151273,0.0749274305046213,0.010273172212813701,0.003141708874329453,531.1097347841237
GCTTTGTGTGATGAGTTCTTGTTGGCTCAAGCTCAAACTTCTTGTGGTGGTGGTGATGAACCAAGAGTTACTAAACCATGTTTGGCTGCTTATGCTCATTTGTCTACTGAAGACTTTAAA,0.04210222708730788,0.05446291459718406,0.09879212310014485,0.19244220064310955,0.2512975704652692,0.25139363838151185,0.08367349845122118,0.02583582727425139,1063.7323109724618
GCTTTGTGTGATGAGTTCTTGTTGGCTCAATCTCAAACTTCTTGTGGTGGTGGTGATGAACCAAGAGTTACTAAACCATGTTTGGCTGCTTATGCTCATTTGTCTACTGAAGACTTTAAA,0.4911570449505923,0.3458770707803639,0.07767636175054474,0.0085808681852095,0.06188675033839066,0.002669382725337924,0.0018789283528903092,0.010273592916670562,305.38179817253774
GCTTTGTGTGATGAGTTCTTGTTGTCTCAAGATCAAACTTCTTGTGGTGGTGGTGATGAACCAAGAGTTACTAAACCATGTTTGGCTGCTTATGCTCATTTGTCTACTGAAGACTTTAAA,0.09013174052183417,0.15291526891262242,0.2512158907202437,0.26249277111979247,0.13573026470192934,0.08705267581900789,0.014462746469812006,0.005998641734758088,559.0239607111735
GCTTTGTGTGATGAGTTCTTGTTGTCTCAAGCTCAAACTTCTTGTGGTGGTGGTGATGAACCAAGAGTTACTAAACCATGTTTGGCTGCTTATGCTCATTTGTCTACTGAAGACTTTAAA,0.16926114968073055,0.14340853799700268,0.09976714701430545,0.0989702079820338,0.13167712886077404,0.1633112461075719,0.14045663060530328,0.05314795175227831,1166.3885949806017
GCTTTGTGTGATGAGTTCTTGTTGTCTCAATCTCAAACTTCTTGTGGTGGTGGTGATGAACCAAGAGTTACTAAACCATGTTTGGCTGCTTATGCTCATTTGTCTACTGAAGACTTTAAA,0.2394398595211496,0.23975165316159125,0.27519374963214444,0.12866655068729946,0.039099345458621176,0.058693203276267994,0.018228186278288875,0.0009274519846372109,408.55632884397346
GGATTTAGATTTCATCCAACTGATGAAGAATTGTTGGGTTATTATTTGAGAAGGAAAGTTGAGAATAAGACTATTAAATTGGAATTGATTAAACAAATTGATATTTATAAATATGATCCA,0.027360181802942845,0.11011089949284368,0.1021366458930504,0.24316987038243595,0.21568719860437438,0.25078490384690694,0.050750299977445894,0.0,822.3377994140651
GGTAAACCAGAGAAGACTAATTGGGTTATGCATCAATATCATTTGGGTACTGAAGAAGATGAGAAAGATGGTGAATATGTTATTTCTAAAGTCTTCTATCAACAACAACAAGTTAAATTT,0.28170408630452853,0.24646011489956826,0.10668533099350816,0.09524981661539411,0.09655409590738104,0.028066465945636433,0.07951571892398582,0.06576437040999775,918.2358339370481
GGTAAAGATAAAGAAATTTATAGAGGTAAATCTTTGGTTGGTATGAAGAAGACTTTGGTCTTCTATAGAGGTAGAGCTCCTAAAGGTCAGAAGACTAATTGGGTTATGCATGAATATAGA,0.28446778200842526,0.2588066903053281,0.23723957680038144,0.13672395301701779,0.03479104122849847,0.024040291960119916,0.013097899478866344,0.010832765201362594,410.0359010649407
GGTAAAGATGAAGAAGATAATCAAAGAAATGAAGATCCAACTTGGTTTGATTCTGGTTCTCAATTTATCTTAAATTCTCAACAATTGGTTGAAGCTTTGTCTTTGTGTGATGATTTGTTG,0.05727802291282435,0.07409413434894316,0.11200154722619776,0.07272450322040924,0.24995802044158863,0.16500422746154425,0.15177827534068886,0.11716126904780376,1655.3580155134741
GGTAAGACTAGACCAGTTGATCAATGTGGTAAGATCTTGGGTCATAAGAAGATTATGGTCTTGTATAGAGCTATGGGTAAGAAATCTAAGAATTTGAAGACTAATTGGGTTATGCATCAA,0.09794015960368536,0.12317488362406592,0.12187150256282904,0.21761638946329678,0.09651086571687216,0.08977247916649109,0.1362516297093283,0.11686209015343153,1482.3385188714403
GGTAAGACTAGACCAGTTGCTCAATGTGGTAAGATCTTGGGTCATAAGAAGATTATGGTCTTGTATAGAGCTATGGGTAAGAAATCTAAGAATTTGAAGACTAATTGGGTTATGCATCAA,0.04756363644604802,0.16749214154358902,0.1183712966057672,0.10568317302133906,0.18747805797440975,0.13079125802572406,0.2426204363831228,0.0,1089.6202202530533
GGTAAGACTGATAGAGAAGAGAATACTAATTCTGGTTCTTTGAAAGATAAACAACCATGTATTGCTGATTATGCTCATTTGGGTCCAGAAGACTTTAAGAGAGATTTGGAAGAATGTCAA,0.5199442138192116,0.22923024901723063,0.12716068853691542,0.02177551007387184,0.041105168102229084,0.03009678878235816,0.011031375437545692,0.019656006230637423,409.3433705948345
GGTAAGATCTTGTCTGTTCATAGGAAAGTTGCTGCTAGAGGTGGTTCTGAAGGTGGTACTTGGAGATCTAATGATGGTAAGAAAGAAATTAAAGATGGTCATATGCAGAAAGGTGATGGT,0.24153004109251852,0.2626309276742151,0.22214349420272933,0.12499923066416224,0.06061003570535019,0.06462871910706845,0.01808748861007184,0.005370062943884525,447.6182620311637
GGTAATAAATCTACTCCACAAACTCCAATTTCTACTAATGCTGGTTCTCCAATTACTTTGACTCCATCTGGTTCTTGTAGATATGATTCTTCTTTGGGTTTGTTGACTAAGAAATTTGTT,0.06666264587382173,0.1296703329834033,0.13825239224868363,0.20243049735647212,0.2102073654866365,0.16090546511817413,0.06800876232710361,0.023862538605705003,894.5689271792735
GGTAATGATATCTTGAGGAAATGGCAAACTCCATCTCATTTGTTTGAAGATTTGTATTGTTCTCCATTGTTTAGAGCTATTGAAGATCCAATTAGAGATATTGATGATCCAGGTGGTGAT,0.004879231844912826,0.033608524742045544,0.08776366699412849,0.1068495688399825,0.2402164042691893,0.3311244517012522,0.17738339264179417,0.018174758966694977,1302.7120820501993
GGTAATGATGGTCATGTTACTTCTAAACCAAGATTGTCTGATTATGCTAATTTGGGTGCTGAAGATTTGAAGAAAGATTTGGAAGATTGTCAAGATTTGGTCTTGGATCCAGCTAATATT,0.056107792490971496,0.06774164964511509,0.0,0.07480062482263905,0.01105779620674116,0.07200018780853218,0.43711137397003075,0.28118057505597016,3087.6219134473
GGTAATGCTATCTTGAGGAAATGGCAAACTCCATCTCATTTGTTTGAAGATTTGTATTGTTCTCCATTGTTTAGAGCTATTGAAGCTCCAATTAGAGCTATTGCTGCTCCAGGTGGTGCT,0.3024761909291741,0.22277267503060694,0.28860589349917193,0.09170761028242175,0.04259425139270243,0.02409958358016305,0.009907228045599719,0.01783656724015997,441.7735384965198
GGTAATGGTTCTACTAGAGATTTGTCTGGTTCTAAAGATCAAACTACTACTAATAATAATTCTAATTTGAAACCAATTAAGAGGAAACAAGGTTCTTCTGATCAATTCTGTGGTTCTTCT,0.09550379872413618,0.15614401838259562,0.16340475970063092,0.21220296089443866,0.11763757496686611,0.22979065627356532,0.011071852677058514,0.014244378380708723,731.5016613798539
GGTAATTCTATCTTGAGGAAATGGCAAACTCCATCTCATTTGTTTGAAGATTTGTATTGTTCTCCATTGTTTAGAGCTATTGAAACTCCAATTAGATATATTACTACTCCAGGTGGTACT,0.01679550416482293,0.03098031433627773,0.06502044314065428,0.15704856415462984,0.23676264177637835,0.24417942341756466,0.18129849806578668,0.06791461094388553,1525.6181335888318
GGTACTAAATGGTGGGATTCTGAAGATCAACATTTGTTGGATGATCAACAATTGGTTGAAGGTTTGTCTTTGTGTGATGAGTTCTTGCAAGATCAATCTCCATCTAGAGGTGGTCATGGT,0.006996665947400385,0.010999235621460513,0.025030547343878988,0.08210293049018164,0.22191864372886566,0.35152252681839946,0.24455587917949903,0.056873570870314465,1698.6888816379355
GGTACTAAATGGTGGGATTCTGAAGATCAACATTTGTTGGATTCTCAACAATTGGTTGAAGGTTTGTCTTTGTGTGATGAGTTCTTGCAATCTCAATCTCCATCTAGAGGTGGTCATGGT,0.0005703658197121535,0.007111746624940569,0.036221718185796316,0.09450542679703923,0.32887495642051756,0.35951862554757347,0.16814157303238492,0.005055587572035789,1272.9559661468425
GGTACTAAATGGTGGGATTCTGAAGCTCAACATTTGTTGGATGCTCAACAATTGGTTGAAGGTTTGTCTTTGTGTGATGAGTTCTTGCAAGCTCAATCTCCATCTAGAGGTGGTCATGGT,0.008280893556062117,0.007069238497432092,0.00967979844329696,0.0493443379123429,0.07418223621432524,0.36134484119172156,0.4871044865983101,0.0029941675865090655,1861.970279777552
GGTACTAAATGGTGGGATTCTGAAGCTCAACATTTGTTGGATTCTCAACAATTGGTTGAAGGTTTGTCTTTGTGTGATGAGTTCTTGCAATCTCAATCTCCATCTAGAGGTGGTCATGGT,0.14054181748123915,0.20974223989597446,0.20815151335372653,0.18425275216630146,0.14833775159438092,0.08626448044701268,0.014824865793130302,0.0078845792682346,549.44341553494
GGTACTAAATGGTGGGATTCTGAATCTCAACATTTGTTGGATGATCAACAATTGGTTGAAGGTTTGTCTTTGTGTGATGAGTTCTTGCAATCTCAATCTCCATCTAGAGGTGGTCATGGT,0.10434153607762116,0.17496747150537484,0.10819752789994118,0.06439994823865397,0.14280392143172016,0.21784670176660814,0.11827611225531896,0.06916678082476159,1277.8433646577214
GGTACTAAATGGTGGGATTCTGAATCTCAACATTTGTTGGATGCTCAACAATTGGTTGAAGGTTTGTCTTTGTGTGATGAGTTCTTGCAATCTCAATCTCCATCTAGAGGTGGTCATGGT,0.0379596046626847,0.025461369639920687,0.031489936138231346,0.04418001553743498,0.02671831396910639,0.07952909397594762,0.35457033430127494,0.4000913317753993,3634.976561680086
GGTACTAAATGGTGGGATTCTGAATCTCAACATTTGTTGGATTCTCAACAATTGGTTGAAGGTTTGTCTTTGTGTGATGAGTTCTTGCAAGATCAATCTCCATCTAGAGGTGGTCATGGT,0.19305738168941342,0.22719449450170606,0.24721087562499772,0.21809309617728317,0.05629512105967627,0.04498776835495606,0.010898091032337317,0.0022631715596299774,416.8804017479157
GGTACTAAATGGTGGGATTCTGAATCTCAACATTTGTTGGATTCTCAACAATTGGTTGAAGGTTTGTCTTTGTGTGATGAGTTCTTGCAAGCTCAATCTCCATCTAGAGGTGGTCATGGT,0.1800301300979653,0.1193828264835573,0.15274082490594476,0.11364054947457698,0.07257389430010025,0.09375942579817223,0.15558438756973791,0.11228796136994539,1461.3182290860827
GGTACTAAGACTGATTGGATGATGCATGAATTTAGATTGCCATCTACTACTAAGACTGATTCTCCAGCTCAACAAGCTGAAGTTTGGACTTTGTGTAGAATCTTTAAGAGAGTTACTTCT,0.3507576521914311,0.2926910669543041,0.2135432488027243,0.08816521362693562,0.01870456823268038,0.018498667629222587,0.008405275560499442,0.009234307002202381,354.08090508426534
GGTACTAATGAAGTTGATACTTATATTTCTGACTTCTTGGATTCTATCTTGAAATCTCCAGATGAAGATCCAGAGAAACATAAATATGTCTTGCAATCTGGATTTGATGTTGTTGCTCCA,0.01879174636239074,0.016205845439711677,0.015032214837014507,0.016403351410863506,0.019840187370222945,0.025836924285901845,0.439443910636584,0.44844581965731073,4059.929104237433
GGTACTAGGAAGAGAAGGAAGATTCAAGATGATGATTTGGGTGATGTTAGATGGCATAAGACTGGTAGAACTAAGACTGTTGTCTTGGATGGTGTTCAAAGAGGTTGTAAGAAGATTATG,0.3458483993544618,0.43593964593901274,0.17631937242318632,0.005637625175563341,0.01327047741280628,0.005188029798048351,0.00941271773086922,0.008383732166051913,309.96376048004987
GGTACTAGGAAGAGAAGGAAGATTCATGGTGATGTCTTTGGTGATGTTAGATGGCATAAGACTGGTAAGACTAAACCAGTTATCTTGGATGGTGTTCAAAGAGGTTGTAAGAAGATTATG,0.1803047428157474,0.16326797279284824,0.11218079496233913,0.12018747149313858,0.03553469157579559,0.08263415045240108,0.13377864008595425,0.17211153582177577,1741.3565640684387
GGTACTCAAGATAGAGAAGAGAATACTAATTCTGGTTCTTTGAAAGATAAACAACCATGTATTGCTGATTATGCTCATTTGGGTCCAGAAGACTTTAAGAGAGATTTGGAAGAATGTCAA,0.09130233095725378,0.11023371693840701,0.20450113774875794,0.1825808261249518,0.07197592520420086,0.15063877725319424,0.10161381349203502,0.0871534722811993,1274.0741848421078
GGTACTCCAGATAGAGAAGAGAATACTAATTCTGGTTCTTTGAAAGATAAACAACCATGTATTGCTGATTATGCTCATTTGGGTCCAGAAGACTTTAAGAGAGATTTGGAAGAATGTCAA,0.14537697720125703,0.1305957223620971,0.1421351990657038,0.1615088898039489,0.10744155907369499,0.1808437945957827,0.10112220638622378,0.030975651511291696,966.298330817464
GGTACTGATGATAGAGAAGAGAATACTAATTCTGGTTCTTTGAAAGATAAACAACCATGTATTGCTGATTATGCTCATTTGGGTCCAGAAGACTTTAAGAGAGATTTGGAAGAATGTCAA,0.11573146673032685,0.06653723488224013,0.08229145984240806,0.055103028593589384,0.09775074398219098,0.1970058765094911,0.3066712419475719,0.0789089475121816,1727.6059861804301
GGTAGAGCTCCAAATGGTCAGAAGACTGATTGGATTATGCATGAATATAGATTGGAATCTGATGAGAATGCTCCACCACAAGAAGAAGGTTGGGTTGTTTGTAGAGCATTTAAGAAGAAA,0.050050348571334585,0.09232086849930898,0.1141799633870109,0.1297432250822475,0.29591962007803113,0.13762925931233672,0.17020337830671434,0.009953336763015795,1051.4473955776516
GGTAGAGTTAATATTAAATCTAAAGCTAAAGGTAATAAATCTACTCCACAAACTCCAATTTCTACTAATGCTGGTTCTCCAATTACTTTGACTCCATCTGGTTCTTGTAGATATGATTCT,0.022710129556955616,0.014688769836172424,0.014129636012960666,0.016219403681157044,0.004795437496046689,0.008921240308236118,0.32045040047952705,0.5980849826289443,4667.831302757277
GGTAGATTGTCTCAAGCTCAATTGATGCCATCTCCACCAATGCCAGTTCCACCAGCTGCTTTGTTTAATAGATTGTTGGATGATTTGGGATTCTCTGCTGGTCCAGCTTTGTGTACTATG,0.2529142835512275,0.16357499003024065,0.42044033372473916,0.1410730768905472,0.003105228860721599,0.009735051417132634,0.004979226893594663,0.0041778086317964275,338.14955794608534
GGTAGGAAATATAGAAATTCTGTTAGACCAAATAGAGTTACTGGTTCTGGATTCTGGAAAGCTACTGGTATTGATAAACCAGTTTATTCTAATTTGGATTGTGTTGGTTTGAAGAAATCT,0.28046787416834057,0.11881488417595226,0.09184190520494094,0.0983969347641019,0.04363813489135995,0.08118264252010075,0.10952396250485558,0.1761336617703481,1695.1969430519764
GGTATGAGATTTAGACCATCTGATTTGGAATTGGCTGTTTACTTCTTGATTAAGAAAGCTTTGGGTTTGCCAATGAAAGCTTTGACTGTTCCAGATGAATGTAATGATATCTTCTCTACT,0.11087634743053594,0.2070188225469564,0.23955890508584893,0.22440800080124443,0.12488981236527813,0.07675155335036181,0.013079516819488794,0.003417041600285693,510.1623238533844
GGTATGAGGAAGACTTTGGTCTTCTATAAAGGTAGAGCTCCAAATGGTCAGAAGACTGATTGGATTATGCATGAATATAGATTGGAATCTGATGAGAATGCTCCACCACAAGAAGAAGGT,0.026010284083653495,0.11215526103159218,0.15720535324891924,0.2807092770575736,0.18673797095705194,0.17710581085440466,0.037907869759064614,0.022168173007740356,843.6571167786822
GGTATGTTCTTGCCAAATGGTCAATTGTATAATAGAGATTCTTCATTTCAATCTCATTTAAATTCATTTGAAGCTACTTCTGGTATGGCTCCATTGTTGGATAATGAGAAAGAAGAATAT,0.18529518532833034,0.18929801239563962,0.18800439676399855,0.21219071604616416,0.07865461569813972,0.06532406440771801,0.037014207306880556,0.044218802053129044,763.8120527999432
GGTATGTTTGATTTGTCTAATGATCAAGTTGTTGAATTGCAAGATTTGATTCAATCTCCAACTCCACATCCACCATCTCCACCAGCTCAAGCTTCTATTCCAGATGATTCTAGATCTAAT,0.00554014724375165,0.018280693491764845,0.06132717147403918,0.17304762544557734,0.3146855068452332,0.3158439956305216,0.0985585937467664,0.012716266122345898,1120.3310247865606
GGTATTGGTGAAGATGAAAGAGATGGTGAATATGTTGTTTCTAAATTGTTCTTTCAACAACAATTTAAACCAGGTGATAAGAATGCTCAAGAATTGACTACTTCTGATGATTTGGAATCT,0.21951873382475418,0.18142316283049048,0.15608993456627737,0.18290839963326422,0.12360867305230067,0.057489159090846995,0.05089806087782051,0.028063876124245588,699.7229276991853
GGTCAAACTTATCATTTGATTGTTGATACTGATTCTTTGGGTAATCCATCTTTGTCTGTTATTCCATCTAATCCATATCAAGAACAATTGTCTGATACTCCATTGATTCCATTGACTATT,0.03967017109179364,0.04941621376081839,0.13163584451144728,0.23505180952179539,0.23827043207244275,0.20431920851273933,0.070080051004861,0.031556269524102336,1020.4449294419422
GGTCAAGACTTTGGTGATGTTAGATGGCATAAGACTGGTAGAACTAAACCAGTTATCTTGAATGGTGTTCAGAAAGGTTGTAAGAAGATTATGGTCTTGTATATTTCTCCAGTTAGAGGT,0.03764858736948182,0.018939566309107397,0.02049595226984289,0.007842431878390907,0.009274790276912274,0.019411255397274643,0.3164363337968138,0.5699510827021763,4497.613625325626
GGTCAATCTGATAGAGAAGAGAATACTAATTCTGGTTCTTTGAAAGATAAACAACCATGTATTGCTGATTATGCTCATTTGGGTCCAGAAGACTTTAAGAGAGATTTGGAAGAATGTCAA,0.06468087641716919,0.0650769568489665,0.08048542730518939,0.12934486695921998,0.2549478131792681,0.21343262615516473,0.08398342281613273,0.10804801031888935,1507.4887325487853
GGTCAATTGATCTTTGATAAATTTATTAAGACTGAAGAAGATCCAATTATTAAACAAGATACTCCATCTAATTTGGACTTTGACTTTGCTTTGCCACAAACTGCTACTGCTCCAGATGCT,0.030903216425877213,0.04145660754234415,0.12818103881274587,0.16021798364874337,0.17256263112435508,0.13218825691095193,0.1624130750665839,0.1720771904683986,1963.233070094309
GGTCATAATTCATTCTTGACTGAGAAATCTACTGTCTTGTTGACTCAAGCTAAGAGAACTTTGGAAGATGAGAAAGAAATGATTACTCCACCATCTTCTACTGTTAGGAAGACTATGAAA,0.09354434165371799,0.08067186057990576,0.1164015815342848,0.10392459011592826,0.14485302593647664,0.13473939080842998,0.19830291790190402,0.12756229146935255,1742.6063326145359
GGTCATTTGGAAGGTGAAGTTCAAACTGAATGTGAACAAATTGATTGTCAGAATATCTTGAAAGCTGAGAATAGAGTTGATGAAGTCTTGGATCATAATGATAATCATGGTGAAGAAGAA,0.06406871357714719,0.10743507560456354,0.15944736913866828,0.237260557579832,0.14731202285158376,0.1174514576676656,0.039613606574056104,0.12741119700648354,1389.3394391981974
GGTCCAACTGATAGAGAAGAGAATACTAATTCTGGTTCTTTGAAAGATAAACAACCATGTATTGCTGATTATGCTCATTTGGGTCCAGAAGACTTTAAGAGAGATTTGGAAGAATGTCAA,0.059455230256970644,0.03418246335548325,0.05284493741569561,0.10379716885395616,0.1673930509263534,0.24912907478809362,0.1811796851025914,0.1520183893008559,1990.1151243750912
GGTCCAATTGATGTTTATTTGGTTTCTGAATTTGAAGGTAAATTTGAAGATACTAATGGTTCTGGTGCTGCTCCACCAGCTTGTTTGCCAATTGCTTCTTCTTCTGGTTCTACTGGTCAT,0.10753051532220262,0.17566527823884578,0.23793500239775134,0.23238217296086902,0.13887998883791502,0.0892079363409456,0.01364278364411854,0.00475632225735205,543.3777338162176
GGTCCAGAAGATTTGAAGAAAGATTTGGAAGAATGTCAACATTTGGTCTTGGATCCAGCTAATATTGATATGGATACTCCACCAGACTTTAGATTGGATCAATTGGACTTTGGTTCTCAA,0.12600456424740772,0.13764269559885817,0.14783372856376353,0.21597962844604354,0.15609403703420038,0.13199595886836718,0.05008401427097253,0.034365372970386894,853.7190115291983
GGTCCAGAAGATTTGAAGAAAGATTTGGAAGAATGTCAACATTTGGTCTTGGATCCAGCTAATATTGATATGGATACTCCACCAGACTTTAGATTGGCTCAATTGGACTTTGGTTCTCAA,0.004286370213906605,0.004638098895693952,0.004629275192053093,0.07673128598907333,0.279329777202128,0.4290666333604043,0.18616808225213685,0.015150476894603773,1421.1845865397795
GGTCCAGAAGATTTGAAGAAAGATTTGGAAGAATGTCAACATTTGGTCTTGGATCCAGCTAATATTGATATGGATACTCCACCAGACTTTAGATTGTCTCAATTGGACTTTGGTGATCAA,0.06674805407685958,0.20147037929247558,0.207644281886226,0.11123223551006313,0.19732189052809898,0.09177244020633422,0.12381071849994242,0.0,779.1659006863349
GGTCCAGAAGATTTGAAGAAAGATTTGGAAGAATGTCAACATTTGGTCTTGGATCCAGCTAATATTGATATGGATACTCCACCAGACTTTAGATTGTCTCAATTGGACTTTGGTGCTCAA,0.13022526063648554,0.20687796202846434,0.13645924849687358,0.19036295620729218,0.1148169377271968,0.10680042162623689,0.05721024174731905,0.05724697153013157,952.1379475548493
GGTCCAGAAGATTTGAAGAAAGATTTGGAAGAATGTCAACATTTGGTCTTGGATCCAGCTAATATTGATATGGATACTCCACCAGACTTTAGATTGTCTCAATTGGACTTTGGTTCTCAA,0.16130154246652958,0.1622892901305788,0.1003575112887514,0.0672002030917394,0.1788160292355347,0.11088739863602277,0.07479940855254671,0.14434861659829662,1529.20449440083
GGTCCAGAAGATTTGAAGAAAGATTTGGAAGAATGTCAACATTTGGTCTTGGATCCAGCTAATATTGATATGGATGATCCACCAGACTTTAGATTGGATCAATTGGACTTTGGTGATCAA,0.007450607983118337,0.0040888541439450575,0.005899815444900886,0.010534837994281978,0.005339547067979491,0.010554322516030818,0.34675900260374004,0.6093730122460036,4800.221170894508
GGTCCAGAAGATTTGAAGAAAGATTTGGAAGAATGTCAACATTTGGTCTTGGATCCAGCTAATATTGATATGGATGATCCACCAGACTTTAGATTGTCTCAATTGGACTTTGGTTCTCAA,0.17005774097162865,0.17109910817636612,0.14869945875871368,0.1582913462985,0.163046915116843,0.10110865536064746,0.07672852080345134,0.010968254513849786,724.0952918406485
GGTCCAGAAGATTTGAAGAAAGATTTGGAAGAATGTCAACATTTGGTCTTGGATCCAGCTAATATTGATATGGATGCTCCACCAGACTTTAGATTGGCTCAATTGGACTTTGGTGCTCAA,0.15561087479124716,0.14452040771855873,0.1266067544341177,0.0664916934018393,0.04128383561838542,0.01645774247624327,0.12766859275686832,0.3213600988027402,2559.280605671887
GGTCCAGAAGATTTGAAGAAAGATTTGGAAGAATGTCAACATTTGGTCTTGGATCCAGCTAATATTGATATGGATGCTCCACCAGACTTTAGATTGTCTCAATTGGACTTTGGTTCTCAA,0.2774174016588964,0.2825777752527321,0.2832572527890296,0.04820764792807736,0.060264315624273423,0.03127845916607795,0.015824229859543102,0.001172917721370098,362.41788697717845
GGTCCATCTAAAGAAACTTCTTTGGCTGCTAAAGCTTCTCATTCTTATGCTCCTAAAGATGGTTTGACTGGTGTTATTTCTGAATCTTGTGTTTCTGATGTTCCACCATTGACTGCTACT,0.1404690093499958,0.10364140359139458,0.1514865137579884,0.18726756482689208,0.09227937925645627,0.12875465249839796,0.09553699672916871,0.1005644799897063,1319.8141970089362
GGTCCATCTAGAACTGGTTTGGGTTCTAAGAGATCTAGATCTGCTGAAGTTCATAATTTGTCTGAAAGAAGAAGAAGAGATAGAATTAATGAGAAGATGAGAGCTTTGCAAGAATTGATT,0.061519866419716115,0.06189659006054121,0.07655203532824557,0.20503945365256235,0.15155518407817975,0.08458416264845658,0.02852824314052234,0.3303244646717762,2554.821620985341
GGTCCTAAGACTCCAGAAATTTCTTCTATGTTGGTTAATAATAATGAAGCTTCATTTGTTGAAGAAACTAATGCTGCTAAGAAATTGAAACCAAATTCTGATGAATCTGATGATTTGATG,0.06686688867926961,0.11441265535601276,0.14627223716683507,0.1906853406926547,0.17207220507337093,0.21041787974334253,0.07742071431650364,0.02185207897201088,937.5216717636287
GGTGAAAGAACTGATTGGGTTATGCATGAATATACTATGGATGAAGAAGAATTGGGTAGATGTAAGAATGCTAAAGAATATTATGCTTTGTATAAATTGTATAAGAAATCTGGTGCTGGT,0.2654234321276325,0.423801868104696,0.13902243791664812,0.10869532590406299,0.019568519202609668,0.021753903297716287,0.01961545480715935,0.002119058639475185,346.8807428241312
GGTGAACAAGATAGAGAAGAGAATACTAATTCTGGTTCTTTGAAAGATAAACAACCATGTATTGCTGATTATGCTCATTTGGGTCCAGAAGACTTTAAGAGAGATTTGGAAGAATGTCAA,0.07654607371586264,0.07701481198301637,0.19049968994917227,0.21260022774419934,0.15085799066366712,0.14032508902865615,0.10648877165240206,0.045667345263024024,1069.9649767262777
GGTGAACAAGATAGAGAAGAGAATGAGAATGAAGGTGAATTGAAAGATAAACAACCATGTATTGCTGATGAAGCTCATTTGGGTCCAGAAGACTTTAAGAGAGATTTGGAAGAATGTCAA,0.0686554823330075,0.01151265028325058,0.05695414305331629,0.07627391175707283,0.2255118521003053,0.25171994337544024,0.15918600014207512,0.15018601695553221,1954.1301414155778
GGTGAACAAGATAGAGAAGAGAATGAGAATGAAGGTGAATTGAAAGATAAACAACCATGTATTGCTGATTATGCTCATTTGGGTCCAGAAGACTTTAAGAGAGATTTGGAAGAATGTCAA,0.2964028530230263,0.24734610423206063,0.20693326809291374,0.14192470773815893,0.04750755560134442,0.046071918796801614,0.009479516168772505,0.004334076346921942,390.7709784529672
GGTGAACAAGATAGAGAAGAGAATGCTAATGCTGGTGCTTTGAAAGATAAACAACCATGTATTGCTGATTATGCTCATTTGGGTCCAGAAGACTTTAAGAGAGATTTGGAAGAATGTCAA,0.10659145061232314,0.14299223338137704,0.04421223564484434,0.1973658092500209,0.28009574331210124,0.16283716536950887,0.06590536242982446,0.0,769.7043367592947
GGTGAACATGGTGGTGAGAATGGTGCTAAAGAAATGGGTGATGATAAAGAAGAACAAGAGAAAGATAGAGATAATGAGAATCAAGGTGAAGAAGATCCAACTGCTTGGGATTCTGGTTCT,0.031975630503809714,0.07077716091548877,0.047746519719738964,0.0923619858898678,0.2016575537881401,0.18171602064052686,0.2135213232940713,0.1602438052483565,2058.321620237877
GGTGAACATGGTGGTGAGAATGGTGCTAAAGAAATGGGTGATGATAAAGAAGAACAAGAGAAAGATAGAGATAATGAGAATCAAGGTGAAGAAGATCCAACTGGTTGGGATTCTGGTTCT,0.033988474640072174,0.10258982036274823,0.29605409503884833,0.07552008455435488,0.20095477433462677,0.1557700969588718,0.09456764374865795,0.0405550103618197,1035.0850616232149
GGTGAAGATCAATTCTTGTTGGATGATCAACAATTGTTGGATGGTTTGTATTTGTGTGATGAAATCTTGCAAGGTCAATCTTTGAGAGAAGATGATAGATCTAAGAAAGTTGTTCCATGT,0.02558710670140354,0.05792353234215089,0.07959807173466518,0.2167513572713004,0.2757748456197796,0.23013531168844178,0.07415848364535277,0.04007129099690577,1123.3592938697748
GGTGAAGATCAATTCTTGTTGGATTCTCAACAATTGTTGGATGGTTTGTATTTGTGTGATGAAATCTTGCAAGGTCAATCTTTGAGAGAAGATGATAGATCTAAGAAAGTTGTTCCATGT,0.0003244675899160736,0.000652909005489342,0.0009690003253257619,0.008110630911135322,0.06589685966296713,0.2633554437256231,0.5177145801060568,0.14297610867348648,2665.608388352655
GGTGAAGCTCAATTCTTGTTGGATGCTCAACAATTGTTGGATGGTTTGTATTTGTGTGATGAAATCTTGCAAGGTCAATCTTTGAGAGAAGATGATAGATCTAAGAAAGTTGTTCCATGT,0.010847706905961195,0.027705109454278808,0.06749153489948581,0.17706338186236925,0.26846840319842064,0.3277387763567842,0.10176770533454742,0.018917381988152765,1155.4180489986506
GGTGAAGCTCAATTCTTGTTGGATTCTCAACAATTGTTGGATGGTTTGTATTTGTGTGATGAAATCTTGCAAGGTCAATCTTTGAGAGAAGATGATAGATCTAAGAAAGTTGTTCCATGT,0.06087282751524933,0.034025327190259524,0.06733057304969313,0.08265601211825935,0.24660285119042893,0.34717736611795336,0.11291278249262005,0.048422260325536405,1344.5646899128528
GGTGAATCTCAATTCTTGTTGGATGATCAACAATTGTTGGATGGTTTGTATTTGTGTGATGAAATCTTGCAAGGTCAATCTTTGAGAGAAGATGATAGATCTAAGAAAGTTGTTCCATGT,0.11700120137549266,0.14714708881033842,0.12739128910054398,0.14623241118804722,0.17294060904672026,0.12064942460649399,0.08138441079669384,0.0872535650756697,1229.1398404995543
GGTGAATCTCAATTCTTGTTGGATGCTCAACAATTGTTGGATGGTTTGTATTTGTGTGATGAAATCTTGCAAGGTCAATCTTTGAGAGAAGATGATAGATCTAAGAAAGTTGTTCCATGT,0.013283086577396443,0.0358729356666473,0.08102822330525787,0.3408547662092888,0.22394409022773562,0.29619053622331215,0.008290105106295619,0.0005362566840661767,804.5758519878697
GGTGAATCTCAATTCTTGTTGGATTCTCAACAATTGTTGGATGGTTTGTATTTGTGTGATGAAATCTTGCAAGGTCAATCTTTGAGAGAAGATGATAGATCTAAGAAAGTTGTTCCATGT,0.12851334963244793,0.08166335697227547,0.07574928015238998,0.14277397166808004,0.16662879552101634,0.11779603024111061,0.125462598241015,0.16141261757166475,1773.4267998118576
GGTGAATTAAATTCTATGTTGGATTTGTTCTCTGTTGATAATGATGATTGTTTGTTGTTTGATGACTTTGATTATCATAATGAAGTTAGACATCCAGATGGATTTGTTAATAAAGAAGCT,0.07596097813840491,0.1681374937191388,0.19849574491804958,0.1772191464966327,0.16467536441748254,0.16014035832162535,0.02817994744968846,0.02719096653897761,794.3527577619276
GGTGAATTGGTTGGTATTAAACATTCATTTACATTTATTGAGAATGAAGAAGAAGAAGAATCTGATAATAAGAATGGTGATGAAGAAGAACCACCACAATGTAATTGGTTCTTGGATGAA,0.17468989497409326,0.11717308512084319,0.22945114951058024,0.18329262773957414,0.12432373095872096,0.10674780070209457,0.01800175776286971,0.04631995323122408,800.949129719948
GGTGACTTTGTTGTTTCTAAGATCTTCTATCAACAACCACAACAATTGGTTGTTAAGAGAGGTGATAAAGCTGAACAAGAAGTTGAAGAAGATATCTTTGCTGCTGTTGCTCCAGAAGCT,0.2856417191642369,0.34841570375713254,0.18450634104793368,0.08868524545162966,0.03573017226998247,0.04568866435650925,0.007520900802596953,0.003811253149978526,361.953048246952
GGTGACTTTGTTGTTTCTAAGATCTTCTATCAACAACCACAACAATTGGTTGTTAAGAGAGGTGATAAAGCTGAACAAGAAGTTGATGAAGATATCTTTGCTGCTGTTGCTCCAGATGCT,0.32193387252236744,0.24292895239122328,0.06676621883017439,0.05960960181174636,0.0,0.049181054331115824,0.09952565813271047,0.1600546419806621,1497.9883862715433
GGTGACTTTGTTGTTTCTAAGATCTTCTATCAACAACCACAACAATTGGTTGTTAAGAGAGGTGATAAAGCTGAACAAGAAGTTGCTGAAGATATCTTTGCTGCTGAAGAACCAGCTGCT,0.3225484794260834,0.1581012606937485,0.11320469401977394,0.11944680609672251,0.06519822655717109,0.08338837071611507,0.06903392086933353,0.06907824162105183,962.1275041893734
GGTGACTTTGTTGTTTCTAAGATCTTCTATCAACAACCACAACAATTGGTTGTTAAGAGAGGTGATAAAGCTGAACAAGAAGTTGCTGAAGATATCTTTGCTGCTGATGATCCAGCTGCT,0.2359446775868918,0.25528054968211467,0.235711604504015,0.16494760502756528,0.05769094460746524,0.03651379547850234,0.008968830683745377,0.004941992429700209,401.8760925774328
GGTGACTTTGTTGTTTCTAAGATCTTCTATCAACAACCACAACAATTGGTTGTTAAGAGAGGTGATAAAGCTGAACAAGAAGTTGCTGAAGATATCTTTGCTGCTGTTGAACCAGCTGCT,0.06014053247381883,0.12801962388337418,0.17550354452730604,0.2721574616763152,0.20459888495797762,0.13948906095014665,0.01637597361418623,0.0037149179168751768,643.7589664986726
GGTGACTTTGTTGTTTCTAAGATCTTCTATCAACAACCACAACAATTGGTTGTTAAGAGAGGTGATAAAGCTGAACAAGAAGTTGCTGAAGATATCTTTGCTGCTGTTGATCCAGCTGCT,0.1922214043159688,0.18900307284231493,0.18482867260237734,0.09706884506656654,0.08609827866932158,0.08809558859274946,0.10534454613473826,0.05733959177596309,1005.4560916812413
GGTGAGAAAGGTGATCAAGATATTCCAGAAACTACTGAAGCTACTACTGTTAAAGTTGATCCAGTTACTCCTAAATCTGTTACTCCAGAACCACCAAGAATTGAGAATAGATGGTCTAAT,0.18446710564022906,0.14847736813431783,0.11477050593322136,0.08197467855190357,0.12724255395912198,0.13526683611707932,0.1197585730651855,0.08804237859894137,1293.0479493501784
GGTGAGAATTGTGCTTCTGATCAACCACATTGGGATGAGAATGTTGAAGATCAAGAAATTAATTCTGTTGGTGATTCTAAATGGTGGGAAGGTGAAGATCAATTCTTGTTGGATGATCAA,0.1650629654711417,0.21220534290458673,0.15975208388686823,0.213942580752885,0.0813270560303162,0.10086507032374846,0.03401940931355057,0.03282549131690319,728.1437741407656
GGTGAGAATTGTGCTTCTGATCAACCACATTGGGATGAGAATGTTGAAGATCAAGAAATTAATTCTGTTGGTGATTCTAAATGGTGGGAAGGTGAATCTCAATTCTTGTTGGATTCTCAA,0.2264049357007628,0.25862787844312285,0.2570406349015091,0.1493854053828825,0.04989172706259953,0.0365496099117689,0.01726181161631485,0.004837996981039471,415.6509393938493
GGTGAGAATTGTGCTTCTGCTCAACCACATTGGGATGAGAATGTTGAAGATCAAGAAATTAATTCTGTTGGTGATTCTAAATGGTGGGAAGGTGAAGCTCAATTCTTGTTGGATGCTCAA,0.38283430818393155,0.1802963828109701,0.11149285488102376,0.19003477672602684,0.08829194454434416,0.03733063767813874,0.0,0.009719095175564936,408.5328106358023
GGTGAGAATTGTGCTTCTGCTCAACCACATTGGGATGAGAATGTTGAAGATCAAGAAATTAATTCTGTTGGTGATTCTAAATGGTGGGAAGGTGAATCTCAATTCTTGTTGGATTCTCAA,0.003275082766491326,0.0023964640687710007,0.0012966984662765172,0.023484901379025674,0.15916396190227794,0.528208251981849,0.18128169956184245,0.10089293987346605,1968.0644128059425
GGTGAGAATTGTGCTTCTTCTCAACCACATTGGGATGAGAATGTTGAAGATCAAGAAATTAATTCTGTTGGTGATTCTAAATGGTGGGAAGGTGAAGATCAATTCTTGTTGGATTCTCAA,0.0007918594858546655,0.0016626960504115334,0.0007711416331663579,0.009677019277300507,0.14520429431383855,0.2191668920787848,0.3418193140601039,0.28090678310053974,3088.781174037318
GGTGAGAATTGTGCTTCTTCTCAACCACATTGGGATGAGAATGTTGAAGATCAAGAAATTAATTCTGTTGGTGATTCTAAATGGTGGGAAGGTGAAGCTCAATTCTTGTTGGATTCTCAA,0.0010410997875600647,0.013294875966517558,0.0006975709780248699,0.0014235403630863998,0.0052873640296207435,0.2155933513275026,0.4934785369163958,0.26918366063129195,3292.6905761802655
GGTGAGAATTGTGCTTCTTCTCAACCACATTGGGATGAGAATGTTGAAGATCAAGAAATTAATTCTGTTGGTGATTCTAAATGGTGGGAAGGTGAATCTCAATTCTTGTTGGATGATCAA,0.06315038865741865,0.02723018441990209,0.033677558612972176,0.05011281388714664,0.11556777286472804,0.19019024383287664,0.326311390489245,0.19375964723571076,2477.6545574164948
GGTGAGAATTGTGCTTCTTCTCAACCACATTGGGATGAGAATGTTGAAGATCAAGAAATTAATTCTGTTGGTGATTCTAAATGGTGGGAAGGTGAATCTCAATTCTTGTTGGATGCTCAA,0.09179972426587427,0.06773203795089267,0.045692269142328476,0.07479001154798148,0.036184016433382676,0.06731529838215804,0.24406652198618298,0.3724201202911995,3200.6949628258744
GGTGAGAATTGTGCTTCTTCTCAACCACATTGGGATGAGAATGTTGAAGATCAAGAAATTAATTCTGTTGGTGATTCTAAATGGTGGGAAGGTGAATCTCAATTCTTGTTGGATTCTCAA,0.30387840128883875,0.2547826949713041,0.1428491296663942,0.11628396045040497,0.066543053090828,0.055707316711014206,0.04384044949052988,0.016114994330685913,551.8976133454213
GGTGATAAAGCTGAACAAGAAGAAGAAGAAGATATCTTTGCTGCTGAAGAACCAGAAGAAGATCCAGAAGAACCTAAATTGGAAGAACCAGAACCAAGAAATGCTGTTAGAATTGAAGAA,0.3555438495236165,0.1300803859025355,0.10054994838349386,0.07181766456569681,0.15925236601189793,0.11850669541776322,0.04496570255175773,0.019283387643238354,675.066983226801
GGTGATAAAGCTGAACAAGAAGAAGAAGAAGATATCTTTGCTGCTGAAGAACCAGAAGAAGATCCAGAAGAACCTAAATTGGCTGCTCCAGAACCAAGAAATGCTGTTAGAATTGAAGAA,0.3711916746423021,0.2987717660174514,0.1539636968482399,0.1099683621255511,0.03657746731431313,0.0,0.0,0.0295270330521425,445.1670593556975
GGTGATAAAGCTGAACAAGAAGAAGAAGAAGATATCTTTGCTGCTGAAGAACCAGAAGAAGATCCAGTTGCTCCTAAATTGGAAGAACCAGAACCAAGAAATGCTGTTAGAATTGAAGAA,0.4059384942171424,0.22973867046699822,0.15785255519328437,0.09865272719398169,0.0375013512682433,0.023255338490901025,0.04706086316944899,0.0,396.4166356810092
GGTGATAAAGCTGAACAAGAAGAAGAAGAAGATATCTTTGCTGCTGAAGAACCAGAAGAAGATCCAGTTGCTCCTAAATTGGCTGCTCCAGAACCAAGAAATGCTGTTAGAATTGAAGAA,0.10068488877119611,0.10456923222345778,0.16570202494955005,0.11546580203634471,0.12481954977215313,0.24114043007011063,0.12049034037944151,0.0271277317977462,1060.6377249800164
GGTGATAAAGCTGAACAAGAAGAAGAAGAAGATATCTTTGCTGCTGTTGCTCCAGAAGAAGATCCAGATGAACCTAAATTGGCTGCTCCAGAACCAAGAAATGCTGTTAGAATTGAAGAA,0.4048615604376897,0.292999504501614,0.17234855975797908,0.05129155232495125,0.006999178877673913,0.042318226341911444,0.01646877654010895,0.012712641218071615,397.02661599831356
GGTGATAAAGCTGAACAAGAAGAAGAAGAAGATATCTTTGCTGCTGTTGCTCCAGAAGAAGATCCAGTTGCTCCTAAATTGGAAGAACCAGAACCAAGAAATGCTGTTAGAATTGAAGAA,0.05912309460213318,0.04163959894373589,0.02207088615482038,0.03941025142273411,0.02330411168207937,0.04335403822011957,0.31255154675330954,0.4585464722210679,3847.1736034074465
GGTGATAAAGCTGAACAAGAAGAAGAAGAAGATATCTTTGCTGCTGTTGCTCCAGAAGAAGATCCAGTTGCTCCTAAATTGGCTGCTCCAGAACCAAGAAATGCTGTTAGAATTGAAGAA,0.08218916049242588,0.051682784262245034,0.038351925262787724,0.10272304019987863,0.2834640531848768,0.3013401133048616,0.06669791172142106,0.07355101157150332,1357.998940541836
GGTGATAAAGCTGAACAAGAAGATGATGAAGATATCTTTGCTGCTGATGATCCAGATGATGATCCAGATGATCCTAAATTGGATGATCCAGAACCAAGAAATGCTGTTAGAATTGATGAT,0.05558903949247742,0.08643641510039074,0.10061386346166037,0.117900752523398,0.11951519668182475,0.20381285511141436,0.15935476017448982,0.1567771174543446,1899.2748834459167
GGTGATAAAGCTGAACAAGAAGATGATGAAGATATCTTTGCTGCTGATGATCCAGATGATGATCCAGATGATCCTAAATTGGCTGCTCCAGAACCAAGAAATGCTGTTAGAATTGATGAT,0.4401539736529486,0.3001761453502032,0.1793003578685333,0.06617822949925659,0.0008514341402363226,0.0006056371383234562,0.002121235505800404,0.010612986844698186,301.1685316562317
GGTGATAAAGCTGAACAAGAAGATGATGAAGATATCTTTGCTGCTGATGATCCAGATGATGATCCAGTTGCTCCTAAATTGGATGATCCAGAACCAAGAAATGCTGTTAGAATTGATGAT,0.09794738752233417,0.11553807202348297,0.09246106638520092,0.12382535914600208,0.06656412976178111,0.06810828603264182,0.20987431940833542,0.22568137972022154,2255.2993367203662
GGTGATAAAGCTGAACAAGAAGATGATGAAGATATCTTTGCTGCTGATGATCCAGATGATGATCCAGTTGCTCCTAAATTGGCTGCTCCAGAACCAAGAAATGCTGTTAGAATTGATGAT,0.10280332012041775,0.09776529422377847,0.04731397140166463,0.05632323341158356,0.016652557067451303,0.011617406920731014,0.20375042258290343,0.4637737942714699,3586.1443385832013
GGTGATAAAGCTGAACAAGAAGATGATGAAGATATCTTTGCTGCTGTTGCTCCAGATGATGATCCAGATGATCCTAAATTGGATGATCCAGAACCAAGAAATGCTGTTAGAATTGATGAT,0.12151874228699934,0.08733062544028174,0.23761796341748756,0.17357554311051202,0.13685183240052615,0.06364842021577986,0.09660199944730044,0.08285487368111291,1171.0419094921838
GGTGATAAAGCTGAACAAGAAGATGATGAAGATATCTTTGCTGCTGTTGCTCCAGATGATGATCCAGATGATCCTAAATTGGCTGCTCCAGAACCAAGAAATGCTGTTAGAATTGATGAT,0.1970154586337443,0.21023535312552832,0.24515551198770788,0.08622446609508815,0.05883039550139264,0.13133486055339136,0.04983316979265948,0.021370784310487875,691.197715911387
GGTGATAAAGCTGAACAAGAAGATGATGAAGATATCTTTGCTGCTGTTGCTCCAGATGATGATCCAGTTGCTCCTAAATTGGATGATCCAGAACCAAGAAATGCTGTTAGAATTGATGAT,0.09892994243106708,0.06635716718013161,0.013678126159796505,0.17096770424970315,0.28162681186306154,0.13098181698458283,0.13253123297278732,0.10492719815886999,1525.020040062234
GGTGATAAAGCTGAACAAGAAGATGATGAAGATATCTTTGCTGCTGTTGCTCCAGATGATGATCCAGTTGCTCCTAAATTGGCTGCTCCAGAACCAAGAAATGCTGTTAGAATTGATGAT,0.3162733610128874,0.2337870089999102,0.16063415299921135,0.07887874940324545,0.08268472570179192,0.04733026458294253,0.04190387763889744,0.03850785966111377,674.9829151868134
GGTGATAAAGCTGAACAAGAAGTTGAAGAAGATATCTTTGCTGCTGTTGAACCAGAAGCTGATCCAGTTGAACCTAAATTGGCTGAACCAGAACCAAGAAATGCTGTTAGAATTTGTGAA,0.12128251886087782,0.14643024678029695,0.15091748745346795,0.12126668758600208,0.16731760816534394,0.11116821170963277,0.12373157247994829,0.05788566696443014,1131.1000401609097
GGTGATAAAGCTGAACAAGAAGTTGAAGAAGATATCTTTGCTGCTGTTGAACCAGAAGCTGATCCAGTTGAACCTAAATTGGCTGCTCCAGAACCAAGAAATGCTGTTAGAATTTGTGAA,0.2293253096473355,0.23693220307763965,0.23533575156917833,0.16000786001613854,0.05578046701912557,0.05659481686216715,0.022108656909649478,0.003914934898765879,447.48820996320813
GGTGATAAAGCTGAACAAGAAGTTGAAGAAGATATCTTTGCTGCTGTTGAACCAGAAGCTGATCCAGTTGCTCCTAAATTGGCTGAACCAGAACCAAGAAATGCTGTTAGAATTTGTGAA,0.12738283403957967,0.1922443151657497,0.1268067150221871,0.12029030611726052,0.10669528714593808,0.14594974192992408,0.11223392504743898,0.06839687553192195,1171.813299288096
GGTGATAAAGCTGAACAAGAAGTTGAAGAAGATATCTTTGCTGCTGTTGAACCAGAAGCTGATCCAGTTGCTCCTAAATTGGCTGCTCCAGAACCAAGAAATGCTGTTAGAATTTGTGAA,0.02138679485856914,0.036887587267828315,0.038017978601332617,0.15613716617134743,0.24085355151692214,0.3192529555304394,0.12184445182097421,0.06561951423258676,1455.1904908267984
GGTGATAAAGCTGAACAAGAAGTTGAAGAAGATATCTTTGCTGCTGTTGCTCCAGAAGCTGATCCAGTTGAACCTAAATTGGCTGAACCAGAACCAAGAAATGCTGTTAGAATTTGTGAA,0.120513182288092,0.06736175442260339,0.06664896272040804,0.163638514296369,0.1451443498195614,0.13501037446431852,0.17386402122150996,0.1278188407671376,1694.6439494699773
GGTGATAAAGCTGAACAAGAAGTTGAAGAAGATATCTTTGCTGCTGTTGCTCCAGAAGCTGATCCAGTTGAACCTAAATTGGCTGCTCCAGAACCAAGAAATGCTGTTAGAATTTGTGAA,0.14429358089909905,0.18943851333997927,0.14889613679566094,0.1622602156230223,0.1265818454413191,0.15484129806775138,0.050592307965769315,0.02309610186739863,781.0083203433308
GGTGATAAAGCTGAACAAGAAGTTGAAGAAGATATCTTTGCTGCTGTTGCTCCAGAAGCTGATCCAGTTGCTCCTAAATTGGCTGAACCAGAACCAAGAAATGCTGTTAGAATTTGTGAA,0.0464291437883974,0.10010026657751146,0.10729447159838039,0.14000612420728073,0.11764691512155562,0.09119400838360239,0.21530311749460815,0.1820259528286638,2064.5271425105575
GGTGATAAAGCTGAACAAGAAGTTGAAGAAGATATCTTTGCTGCTGTTGCTCCAGAAGCTGATCCAGTTGCTCCTAAATTGGCTGCTCCAGAACCAAGAAATGCTGTTAGAATTTGTGAA,0.08223575788667897,0.08273933755809308,0.13643971201187033,0.10658799338923465,0.054023764569727066,0.12562956624902044,0.2160966375594266,0.19624723077594877,2149.206489402165
GGTGATAAAGCTGAACAAGAAGTTGATGAAGATATCTTTGCTGCTGTTGATCCAGATGCTGATCCAGTTGATCCTAAATTGGCTGCTCCAGAACCAAGAAATGCTGTTAGAATTTGTGAT,0.1672880872204545,0.21421590164171592,0.25547444066809327,0.21541865625245396,0.05432450091624236,0.057501436536236114,0.0176307985182097,0.018146178246594126,545.4445372735756
GGTGATAAAGCTGAACAAGAAGTTGATGAAGATATCTTTGCTGCTGTTGATCCAGATGCTGATCCAGTTGCTCCTAAATTGGCTGATCCAGAACCAAGAAATGCTGTTAGAATTTGTGAT,0.22231092438684463,0.16686661389121504,0.14490239147225653,0.15681263185270594,0.0904084465356771,0.12937866270788384,0.05563637370141535,0.03368395545200158,800.6758111025526
GGTGATAAAGCTGAACAAGAAGTTGATGAAGATATCTTTGCTGCTGTTGATCCAGATGCTGATCCAGTTGCTCCTAAATTGGCTGCTCCAGAACCAAGAAATGCTGTTAGAATTTGTGAT,0.507614383139831,0.2909265248913221,0.1126821655338837,0.058903851514568055,0.006283923999958238,0.012033075295039023,0.005297847799971046,0.006258227825426928,283.6146589210753
GGTGATAAAGCTGAACAAGAAGTTGATGAAGATATCTTTGCTGCTGTTGCTCCAGATGCTGATCCAGTTGATCCTAAATTGGCTGATCCAGAACCAAGAAATGCTGTTAGAATTTGTGAT,0.13537566126515244,0.19874760000690145,0.25440028231670864,0.18876454440928606,0.08711840051712903,0.06584158399260663,0.03843486935369783,0.03131705813851783,698.3653154614137
GGTGATAAAGCTGAACAAGAAGTTGATGAAGATATCTTTGCTGCTGTTGCTCCAGATGCTGATCCAGTTGATCCTAAATTGGCTGCTCCAGAACCAAGAAATGCTGTTAGAATTTGTGAT,0.33073135242332113,0.2129642381361637,0.12620695761358214,0.07348626251775894,0.052144769657305065,0.056588026799737325,0.05316760468141808,0.09471078817071354,1033.564991202621
GGTGATAAAGCTGAACAAGAAGTTGATGAAGATATCTTTGCTGCTGTTGCTCCAGATGCTGATCCAGTTGCTCCTAAATTGGCTGATCCAGAACCAAGAAATGCTGTTAGAATTTGTGAT,0.1788371434724781,0.1635747930091941,0.18207440812009604,0.2348059992980263,0.11214463018765697,0.05960839688064422,0.03015675960218543,0.03879786942971895,731.6898388632678
GGTGATAAAGCTGAACAAGAAGTTGATGAAGATATCTTTGCTGCTGTTGCTCCAGATGCTGATCCAGTTGCTCCTAAATTGGCTGCTCCAGAACCAAGAAATGCTGTTAGAATTTGTGAT,0.13705460592992433,0.09849562487293902,0.08527171502183148,0.2392704563153703,0.08682074595399628,0.19741070153497056,0.1089523205813247,0.046723829789643366,1103.214900306763
GGTGATAAAGCTGAACAAGAAGTTGCTGAAGATATCTTTGCTGCTGAAGAACCAGCTGCTGATCCAGAAGAACCTAAATTGGAAGAACCAGAACCAAGAAATGCTGTTAGAATTTGTGCT,0.08658144806573453,0.10888954880872646,0.08978110726432767,0.12825206873810394,0.05687861201273095,0.09258785997314421,0.1873662088837401,0.2496631462534921,2373.3004882756136
GGTGATAAAGCTGAACAAGAAGTTGCTGAAGATATCTTTGCTGCTGAAGAACCAGCTGCTGATCCAGAAGAACCTAAATTGGCTGCTCCAGAACCAAGAAATGCTGTTAGAATTTGTGCT,0.07583943346806812,0.07630384454626005,0.11009896286615753,0.09829754404740726,0.04982177831237655,0.13902966849472945,0.2696257119376749,0.18098305632732617,2190.7543411398783
GGTGATAAAGCTGAACAAGAAGTTGCTGAAGATATCTTTGCTGCTGAAGAACCAGCTGCTGATCCAGTTGCTCCTAAATTGGAAGAACCAGAACCAAGAAATGCTGTTAGAATTTGTGCT,0.29324601938494144,0.2704549315475536,0.136837380400031,0.08823381104982192,0.042140950997043174,0.07839734142550156,0.039662361387662146,0.051027203807445076,761.6419682552842
GGTGATAAAGCTGAACAAGAAGTTGCTGAAGATATCTTTGCTGCTGAAGAACCAGCTGCTGATCCAGTTGCTCCTAAATTGGCTGCTCCAGAACCAAGAAATGCTGTTAGAATTTGTGCT,0.2703481854575445,0.31451180242576093,0.2155090788765038,0.1033692841633711,0.021013164058580766,0.01467782057185587,0.042702542807761486,0.017868121638621604,495.87040439464323
GGTGATAAAGCTGAACAAGAAGTTGCTGAAGATATCTTTGCTGCTGATGATCCAGCTGCTGATCCAGATGATCCTAAATTGGATGATCCAGAACCAAGAAATGCTGTTAGAATTTGTGCT,0.07604544857780533,0.08551242958998108,0.0779280301854479,0.07454462960544969,0.07052769514167676,0.23781251711450846,0.22817950480777233,0.1494497449773585,2013.767385452945
GGTGATAAAGCTGAACAAGAAGTTGCTGAAGATATCTTTGCTGCTGATGATCCAGCTGCTGATCCAGATGATCCTAAATTGGCTGCTCCAGAACCAAGAAATGCTGTTAGAATTTGTGCT,0.14092998885269306,0.18230527167006236,0.14315571389914308,0.20769282407625017,0.124702574016108,0.09754195888967881,0.06935381004862468,0.03431785854743991,839.2224348818755
GGTGATAAAGCTGAACAAGAAGTTGCTGAAGATATCTTTGCTGCTGATGATCCAGCTGCTGATCCAGTTGCTCCTAAATTGGATGATCCAGAACCAAGAAATGCTGTTAGAATTTGTGCT,0.2078924157680765,0.2534380452764217,0.241964184360054,0.1870302746949727,0.05428590141227399,0.03795053536166385,0.010543907589198858,0.0068947355373383205,425.89290914479807
GGTGATAAAGCTGAACAAGAAGTTGCTGAAGATATCTTTGCTGCTGATGATCCAGCTGCTGATCCAGTTGCTCCTAAATTGGCTGCTCCAGAACCAAGAAATGCTGTTAGAATTTGTGCT,0.42958369527704615,0.31666019863551953,0.13877109727376663,0.05231449601395778,0.01676528954204044,0.01753988743000619,0.010858812116937087,0.017506523710726148,385.3381047347641
GGTGATAAAGCTGAACAAGAAGTTGCTGAAGATATCTTTGCTGCTGTTGAACCAGCTGCTGATCCAGTTGAACCTAAATTGGCTGAACCAGAACCAAGAAATGCTGTTAGAATTTGTGCT,0.11547794810287795,0.08520239930941642,0.14369458968740098,0.13684488830984867,0.22758543150663646,0.13407376702391288,0.09281983472641277,0.06430114133349381,1159.5460194371876
GGTGATAAAGCTGAACAAGAAGTTGCTGAAGATATCTTTGCTGCTGTTGAACCAGCTGCTGATCCAGTTGAACCTAAATTGGCTGCTCCAGAACCAAGAAATGCTGTTAGAATTTGTGCT,0.42453249410065874,0.2826205668653486,0.20108145388537751,0.05750703987532125,0.010152178490830187,0.014869368942142703,0.00910106396104824,0.0001358338792729218,275.9100434851658
GGTGATAAAGCTGAACAAGAAGTTGCTGAAGATATCTTTGCTGCTGTTGAACCAGCTGCTGATCCAGTTGCTCCTAAATTGGCTGAACCAGAACCAAGAAATGCTGTTAGAATTTGTGCT,0.4005093575565442,0.30022899324332303,0.14302786047459762,0.1015930499612616,0.03277069053393901,0.004472829827390919,0.01305025035106403,0.004346968051879726,319.03122310495945
GGTGATAAAGCTGAACAAGAAGTTGCTGAAGATATCTTTGCTGCTGTTGAACCAGCTGCTGATCCAGTTGCTCCTAAATTGGCTGCTCCAGAACCAAGAAATGCTGTTAGAATTTGTGCT,0.30313804772993896,0.36053291577254903,0.17226499335638745,0.11532655745753198,0.007996810433400794,0.01986175683882136,0.006219786903735681,0.014659131507634796,385.03364393260597
GGTGATAAAGCTGAACAAGAAGTTGCTGAAGATATCTTTGCTGCTGTTGATCCAGCTGCTGATCCAGTTGATCCTAAATTGGCTGATCCAGAACCAAGAAATGCTGTTAGAATTTGTGCT,0.5231201933443943,0.3353563390733424,0.08469056672352908,0.023663448994098404,0.000856695659021327,0.018185967082097063,0.0013822417532490373,0.012744547370268243,305.38733722689904
GGTGATAAAGCTGAACAAGAAGTTGCTGAAGATATCTTTGCTGCTGTTGATCCAGCTGCTGATCCAGTTGATCCTAAATTGGCTGCTCCAGAACCAAGAAATGCTGTTAGAATTTGTGCT,0.2975640391392171,0.3662164549937027,0.18431306042429857,0.10946624003300917,0.006447613535464559,0.020232941009188297,0.009136671809130211,0.006622979055989351,342.50307731246266
GGTGATAAAGCTGAACAAGAAGTTGCTGAAGATATCTTTGCTGCTGTTGATCCAGCTGCTGATCCAGTTGCTCCTAAATTGGCTGATCCAGAACCAAGAAATGCTGTTAGAATTTGTGCT,0.13988360694255675,0.14074019953233288,0.13054776583207717,0.22339604134803892,0.14645734767045063,0.09616355211793867,0.0810842452705567,0.04172724128604832,925.1384558421267
GGTGATAAAGCTGAACAAGAAGTTGCTGAAGATATCTTTGCTGCTGTTGATCCAGCTGCTGATCCAGTTGCTCCTAAATTGGCTGCTCCAGAACCAAGAAATGCTGTTAGAATTTGTGCT,0.1851387803496771,0.1205292633800607,0.16261892328948435,0.21778189856005745,0.10731585275320824,0.09982306224238315,0.08080311495241829,0.02598910447271087,808.7013876902457
GGTGATAAAGCTGAACAAGAAGTTGCTGAAGATATCTTTGCTGCTGTTGCTCCAGCTGCTGATCCAGAAGAACCTAAATTGGAAGAACCAGAACCAAGAAATGCTGTTAGAATTTGTGCT,0.0030862930659457206,0.004657788479405186,0.007680836437638234,0.015429451026499539,0.0638663154519002,0.17822151207821774,0.3864208671167945,0.340636936343599,3471.2355715322583
GGTGATAAAGCTGAACAAGAAGTTGCTGAAGATATCTTTGCTGCTGTTGCTCCAGCTGCTGATCCAGAAGAACCTAAATTGGCTGCTCCAGAACCAAGAAATGCTGTTAGAATTTGTGCT,0.05726298959120687,0.03456818746828799,0.028502002083555602,0.038170343284524975,0.03949912380113134,0.0787313482164396,0.36113748545187685,0.36212852010297686,3420.5837390291726
GGTGATAAAGCTGAACAAGAAGTTGCTGAAGATATCTTTGCTGCTGTTGCTCCAGCTGCTGATCCAGATGATCCTAAATTGGATGATCCAGAACCAAGAAATGCTGTTAGAATTTGTGCT,0.0004074451256960575,0.0011874128788467986,0.03919657276517924,0.14770689415848254,0.2636602778950676,0.4197891144536243,0.10516908978093902,0.02288319294216452,1279.9168653113095
GGTGATAAAGCTGAACAAGAAGTTGCTGAAGATATCTTTGCTGCTGTTGCTCCAGCTGCTGATCCAGATGATCCTAAATTGGCTGCTCCAGAACCAAGAAATGCTGTTAGAATTTGTGCT,0.2494539821613585,0.19607932886404641,0.22310518172333849,0.07794419386952636,0.053771717312621634,0.06430805636981816,0.07952849925350541,0.05580904044578506,884.7449248277117
GGTGATAAAGCTGAACAAGAAGTTGCTGAAGATATCTTTGCTGCTGTTGCTCCAGCTGCTGATCCAGTTGAACCTAAATTGGCTGAACCAGAACCAAGAAATGCTGTTAGAATTTGTGCT,0.08361385446588294,0.09298122812188149,0.0547603230383966,0.11244839905221964,0.19947931987606854,0.1855516780903719,0.20815385501668573,0.06301134233849313,1454.668754072983
GGTGATAAAGCTGAACAAGAAGTTGCTGAAGATATCTTTGCTGCTGTTGCTCCAGCTGCTGATCCAGTTGAACCTAAATTGGCTGCTCCAGAACCAAGAAATGCTGTTAGAATTTGTGCT,0.24064459522860376,0.19152634424881787,0.15642663821052924,0.1077372462799028,0.12033601634317038,0.1119341582929892,0.04996687714504475,0.021428124250942007,696.131833708356
GGTGATAAAGCTGAACAAGAAGTTGCTGAAGATATCTTTGCTGCTGTTGCTCCAGCTGCTGATCCAGTTGATCCTAAATTGGCTGATCCAGAACCAAGAAATGCTGTTAGAATTTGTGCT,0.06042326703458469,0.05307008279653286,0.04022021632133615,0.022734416215412504,0.007738104095859959,0.007467074306292772,0.24573974057858156,0.5626070986513995,4275.333613083034
GGTGATAAAGCTGAACAAGAAGTTGCTGAAGATATCTTTGCTGCTGTTGCTCCAGCTGCTGATCCAGTTGATCCTAAATTGGCTGCTCCAGAACCAAGAAATGCTGTTAGAATTTGTGCT,0.4089043043440912,0.32677755408645537,0.18844399009472582,0.05578550895454643,0.001733401001863295,0.0017589545252971056,0.006674106109174529,0.009922180883846271,310.5845903626697
GGTGATAAAGCTGAACAAGAAGTTGCTGAAGATATCTTTGCTGCTGTTGCTCCAGCTGCTGATCCAGTTGCTCCTAAATTGGAAGAACCAGAACCAAGAAATGCTGTTAGAATTTGTGCT,0.1325863037562614,0.12196407818115607,0.1367004597731524,0.18938428139056301,0.1530487827288293,0.1875023824908667,0.05621345010053809,0.022600261578633003,848.877777604982
GGTGATAAAGCTGAACAAGAAGTTGCTGAAGATATCTTTGCTGCTGTTGCTCCAGCTGCTGATCCAGTTGCTCCTAAATTGGATGATCCAGAACCAAGAAATGCTGTTAGAATTTGTGCT,0.04576714501888272,0.03149588398162406,0.033159943733281544,0.05980863855085002,0.2100352607823072,0.24976902638759388,0.2580080033426987,0.11195609820276196,1938.1440167711598
GGTGATAAAGCTGAACAAGAAGTTGCTGAAGATATCTTTGCTGCTGTTGCTCCAGCTGCTGATCCAGTTGCTCCTAAATTGGCTGAACCAGAACCAAGAAATGCTGTTAGAATTTGTGCT,0.14120858286769727,0.10074287772026903,0.10223267900275688,0.15402561883604385,0.14167781030305307,0.21415203657516532,0.10000859698052281,0.045951797714491746,1106.1091258943432
GGTGATAAAGCTGAACAAGAAGTTGCTGAAGATATCTTTGCTGCTGTTGCTCCAGCTGCTGATCCAGTTGCTCCTAAATTGGCTGATCCAGAACCAAGAAATGCTGTTAGAATTTGTGCT,0.14823592365303057,0.12117922583738147,0.11528554031414821,0.11322099409709081,0.07760108808395823,0.08067509730322989,0.18903655802867986,0.1547655726824809,1787.2939563973061
GGTGATAAAGCTGAACAAGAAGTTTCTGAAGATATCTTTGCTGCTGAAGAACCAACTGCTGATCCAGAAGAACCTAAATTGGAAGAACCAGAACCAAGAAATGCTGTTAGAATTTGTTCT,0.12341844903048567,0.10643504179047071,0.2852113175846847,0.19587672848877868,0.12161733664274763,0.06464343819260025,0.08176015156624648,0.021037536703985806,760.4642410598308
GGTGATAAAGCTGAACAAGAAGTTTCTGAAGATATCTTTGCTGCTGAAGAACCAACTGCTGATCCAGAAGAACCTAAATTGGCTACTCCAGAACCAAGAAATGCTGTTAGAATTTGTTCT,0.08202182250414099,0.26820329938611925,0.2551589356187139,0.15946605891730686,0.040412416773580616,0.07518164542253365,0.09508873439608885,0.02446708698151591,772.9341534557618
GGTGATAAAGCTGAACAAGAAGTTTCTGAAGATATCTTTGCTGCTGAAGAACCAACTGCTGATCCAGAAGAACCTAAATTGGCTGCTCCAGAACCAAGAAATGCTGTTAGAATTTGTTCT,0.1521527530676069,0.19202701954228482,0.2167338937810244,0.16829515856176389,0.055895815606359284,0.05994506771060061,0.08726773812284432,0.06768255360751564,1002.3463817714265
GGTGATAAAGCTGAACAAGAAGTTTCTGAAGATATCTTTGCTGCTGAAGAACCAACTGCTGATCCAGTTACTCCTAAATTGGAAGAACCAGAACCAAGAAATGCTGTTAGAATTTGTTCT,0.034573208503161465,0.07950839161721975,0.12906316119194022,0.19753540334827005,0.22144630893892422,0.17882208421784845,0.10306561582160727,0.05598582636102859,1200.8243164229045
GGTGATAAAGCTGAACAAGAAGTTTCTGAAGATATCTTTGCTGCTGAAGAACCAACTGCTGATCCAGTTACTCCTAAATTGGCTACTCCAGAACCAAGAAATGCTGTTAGAATTTGTTCT,0.26349176582377853,0.2164579537390561,0.27202607956633157,0.1183855441276075,0.06104898445942498,0.0467801850598667,0.01872256762838086,0.0030869195955537114,416.32581052038825
GGTGATAAAGCTGAACAAGAAGTTTCTGAAGATATCTTTGCTGCTGAAGAACCAACTGCTGATCCAGTTGCTCCTAAATTGGAAGAACCAGAACCAAGAAATGCTGTTAGAATTTGTTCT,0.001311341744487392,0.00021711182988520225,0.009439442677474836,0.09270400093142,0.3102436086488849,0.45599276251015386,0.12329819759131255,0.006793534066381225,1273.6419919665502
GGTGATAAAGCTGAACAAGAAGTTTCTGAAGATATCTTTGCTGCTGAAGAACCAACTGCTGATCCAGTTGCTCCTAAATTGGCTGCTCCAGAACCAAGAAATGCTGTTAGAATTTGTTCT,0.2340220735521066,0.23545513335396817,0.21570708641981934,0.11555137093053026,0.059786964342365155,0.05561263978916331,0.03215456875643754,0.05171016285560969,751.4969195997953
GGTGATAAAGCTGAACAAGAAGTTTCTGAAGATATCTTTGCTGCTGATGATCCAACTGCTGATCCAGATGATCCTAAATTGGATGATCCAGAACCAAGAAATGCTGTTAGAATTTGTTCT,0.12436021985476634,0.14597537883051587,0.154747214156815,0.11513332114887677,0.06127268184721454,0.20898028994355092,0.11533765580117003,0.07419323841709062,1262.781815932961
GGTGATAAAGCTGAACAAGAAGTTTCTGAAGATATCTTTGCTGCTGATGATCCAACTGCTGATCCAGATGATCCTAAATTGGCTACTCCAGAACCAAGAAATGCTGTTAGAATTTGTTCT,0.008215689601688196,0.011021332369199728,0.006815443500733108,0.0060849016219194215,0.045876163653346215,0.08534618180486533,0.3759015552352617,0.4607387322129862,4064.271512560061
GGTGATAAAGCTGAACAAGAAGTTTCTGAAGATATCTTTGCTGCTGATGATCCAACTGCTGATCCAGATGATCCTAAATTGGCTGCTCCAGAACCAAGAAATGCTGTTAGAATTTGTTCT,0.12009928022043252,0.024166944263675407,0.13450061564903606,0.09339835819712854,0.13018126689036064,0.17613383805175922,0.1782173683540861,0.1433023283735215,1827.072709945505
GGTGATAAAGCTGAACAAGAAGTTTCTGAAGATATCTTTGCTGCTGATGATCCAACTGCTGATCCAGTTACTCCTAAATTGGATGATCCAGAACCAAGAAATGCTGTTAGAATTTGTTCT,0.20314899517482188,0.2335920003422222,0.07222507348588578,0.16120831562547716,0.14298880833511526,0.13300533283954818,0.05383147419692948,0.0,618.7009435271987
GGTGATAAAGCTGAACAAGAAGTTTCTGAAGATATCTTTGCTGCTGATGATCCAACTGCTGATCCAGTTACTCCTAAATTGGCTACTCCAGAACCAAGAAATGCTGTTAGAATTTGTTCT,0.18888880325951884,0.21116164948545071,0.07834771205765916,0.1632159296678843,0.10340680359521481,0.07694955424942977,0.07785980937020967,0.10016973831463273,1206.1839868644274
GGTGATAAAGCTGAACAAGAAGTTTCTGAAGATATCTTTGCTGCTGATGATCCAACTGCTGATCCAGTTGCTCCTAAATTGGATGATCCAGAACCAAGAAATGCTGTTAGAATTTGTTCT,0.10119766815606437,0.10181736316207539,0.1385174694051351,0.10118445860108144,0.04986041783978782,0.07420666327683559,0.2158678571972709,0.2173481023617494,2214.7478960198655
GGTGATAAAGCTGAACAAGAAGTTTCTGAAGATATCTTTGCTGCTGATGATCCAACTGCTGATCCAGTTGCTCCTAAATTGGCTGCTCCAGAACCAAGAAATGCTGTTAGAATTTGTTCT,0.24517439825570442,0.12574681814611188,0.10010500623410638,0.03989947836919973,0.1991283118595188,0.023262877736099204,0.130125501584068,0.1365576078151916,1509.6398113838773
GGTGATAAAGCTGAACAAGAAGTTTCTGAAGATATCTTTGCTGCTGTTAAGACTACTGCTGATCCAGTTAAGACTAAATTGGCTAAGACTGAACCAAGAAATGCTGTTAGAATTTGTTCT,0.10373803489892951,0.12756734970094966,0.0932288275047424,0.05122197221939192,0.05679118304015491,0.07395643342146457,0.14966256436601794,0.3438336348483491,2819.6004862541167
GGTGATAAAGCTGAACAAGAAGTTTCTGAAGATATCTTTGCTGCTGTTACTCCAACTGCTCCAACTGCTTTGAAACCAACTGTTCCAGATGAACCAAGAAATGCTGTTAGAATTTGTTCT,0.055949386877962255,0.06332849896177185,0.052215321124739984,0.03107893537833573,0.08959094156959475,0.09615658150735017,0.42809378153088773,0.18358655304935748,2532.830809115005
GGTGATAAAGCTGAACAAGAAGTTTCTGAAGATATCTTTGCTGCTGTTACTCCAACTGCTGATCCAGAAGAACCTAAATTGGAAGAACCAGAACCAAGAAATGCTGTTAGAATTTGTTCT,0.3992738353992077,0.42234279038298844,0.028464506996824925,0.07888061378613383,0.002341946521976511,0.06562525998206942,0.0016531508029753816,0.0014178961278237116,310.53904724618826
GGTGATAAAGCTGAACAAGAAGTTTCTGAAGATATCTTTGCTGCTGTTACTCCAACTGCTGATCCAGAAGAACCTAAATTGGCTACTCCAGAACCAAGAAATGCTGTTAGAATTTGTTCT,0.47428976917124926,0.28291688681639104,0.14798783662283876,0.047991131924436436,0.015751145832527045,0.013076992385495237,0.008595244427787729,0.009390992819274331,320.4986208049587
GGTGATAAAGCTGAACAAGAAGTTTCTGAAGATATCTTTGCTGCTGTTACTCCAACTGCTGATCCAGATGATCCTAAATTGGATGATCCAGAACCAAGAAATGCTGTTAGAATTTGTTCT,0.12033401528036344,0.16142785840554666,0.07486861013387856,0.15596817679819905,0.13834090165911095,0.14706507760779208,0.13020415312135883,0.07179120699375034,1257.756481315223
GGTGATAAAGCTGAACAAGAAGTTTCTGAAGATATCTTTGCTGCTGTTACTCCAACTGCTGATCCAGATGATCCTAAATTGGCTACTCCAGAACCAAGAAATGCTGTTAGAATTTGTTCT,0.35790161424065076,0.23297978752086818,0.18280293457051655,0.06977160630586987,0.1529057900071535,0.0010099165282822075,0.0015327946173085078,0.0010955562093504134,332.6471761711892
GGTGATAAAGCTGAACAAGAAGTTTCTGAAGATATCTTTGCTGCTGTTACTCCAACTGCTGATCCAGTTACTCCTAAATTGGAAGAACCAGAACCAAGAAATGCTGTTAGAATTTGTTCT,0.11408404330151599,0.08608698707796485,0.10647006676213924,0.2218011282268894,0.14052394120123698,0.13071256267547773,0.13225879358852421,0.0680624771662516,1242.2568974801825
GGTGATAAAGCTGAACAAGAAGTTTCTGAAGATATCTTTGCTGCTGTTACTCCAACTGCTGATCCAGTTACTCCTAAATTGGATGATCCAGAACCAAGAAATGCTGTTAGAATTTGTTCT,0.019375121657201632,0.011139295621139684,0.034441951934960933,0.02767513225686843,0.03545725856182686,0.07103736454413188,0.30548015243166987,0.4953937229922007,4095.668405841183
GGTGATAAAGCTGAACAAGAAGTTTCTGAAGATATCTTTGCTGCTGTTACTCCAACTGCTGATCCAGTTACTCCTAAATTGGCTACTCCAGAACCAAGAAATGCTGTTAGAATTTGTTCT,0.08931562877817195,0.06739692211088229,0.0833546978500897,0.06615108904593663,0.1320182960234394,0.12280078145944921,0.23470090817507222,0.20426167655695857,2265.3372288267096
GGTGATAAAGCTGAACAAGAAGTTTCTGAAGATATCTTTGCTGCTGTTACTCCAACTGCTGATCCAGTTACTCCTAAATTGGCTACTCCATCTTGTATTAGAGTTGCTAATAGACCAGAA,0.09521646753022421,0.11906513759879465,0.13033051421345918,0.12542754306838907,0.08980576816131808,0.13839468631079646,0.19301679292493246,0.10874309019208592,1595.8799252106382
GGTGATAAAGCTGAACAAGAAGTTTCTGAAGATATCTTTGCTGCTGTTACTCCAACTGCTGATCCAGTTACTCCTAAATTGGCTCCAACTGAACCAAGAAATGCTGTTAGAATTTGTTCT,0.03585923253372311,0.08761999257513833,0.08924262666752432,0.16504476201899343,0.0908637924801298,0.13617060274210196,0.1140259846739359,0.28117300630845316,2474.476474154842
GGTGATAAAGCTGAACAAGAAGTTTCTGAAGATATCTTTGCTGCTGTTACTCCAACTGCTGATCCAGTTACTCCTAAATTGGCTGAACCAGAACCAAGAAATGCTGTTAGAATTTGTTCT,0.1873318568191521,0.2006389397041084,0.03759770245096934,0.1342705404863167,0.04168342418600161,0.033234075783196544,0.13450883921625625,0.23073462135399891,2045.3039061041563
GGTGATAAAGCTGAACAAGAAGTTTCTGAAGATATCTTTGCTGCTGTTACTCCAACTGCTGATCCAGTTACTCCTAAATTGGCTGATCCAGAACCAAGAAATGCTGTTAGAATTTGTTCT,0.18329335168700545,0.23715912784433393,0.2618086840419772,0.17733417517881284,0.07748908482692532,0.0441979975916759,0.012631930746544458,0.006085648082724915,447.12465157233646
GGTGATAAAGCTGAACAAGAAGTTTCTGAAGATATCTTTGCTGCTGTTACTCCAACTGCTGATCCAGTTACTCCTAAATTGGCTGCTCCAGAACCAAGAAATGCTGTTAGAATTTGTTCT,0.1154951354710612,0.03443033558053365,0.09048783720049888,0.1188066457161656,0.23604964920841112,0.2823025729142407,0.10711574969252688,0.015312074216561913,1055.5754795440994
GGTGATAAAGCTGAACAAGAAGTTTCTGAAGATATCTTTGCTGCTGTTACTCCAACTGCTGATCCAGTTACTCCTAAATTGGCTTATCCAGAACCAAGAAATGCTGTTAGAATTTGTTCT,0.014952325146856552,0.015043887347751044,0.0186058746466124,0.02214870131385643,0.034379608091642935,0.018273842628919866,0.4067801845428887,0.4698155762814721,4115.200761996926
GGTGATAAAGCTGAACAAGAAGTTTCTGAAGATATCTTTGCTGCTGTTACTCCAACTGCTGATCCAGTTACTCCTAAATTGGCTTCTCCAGAACCAAGAAATGCTGTTAGAATTTGTTCT,0.09065485585835487,0.18943613473517018,0.14751561662147614,0.24791254011604977,0.19240712693302128,0.08309473041311218,0.03233756858752905,0.016641426735286388,678.9590691839162
GGTGATAAAGCTGAACAAGAAGTTTCTGAAGATATCTTTGCTGCTGTTACTCCAACTGCTGATCCAGTTCCAACTAAATTGGCTACTCCAGAACCAAGAAATGCTGTTAGAATTTGTTCT,0.29847804396585875,0.3003058069629698,0.06554296463928821,0.21456404657829622,0.12110913785358696,0.0,0.0,0.0,334.0601174365442
GGTGATAAAGCTGAACAAGAAGTTTCTGAAGATATCTTTGCTGCTGTTACTCCAACTGCTGATCCAGTTGAACCTAAATTGGCTACTCCAGAACCAAGAAATGCTGTTAGAATTTGTTCT,0.4185910790650693,0.2885203513568755,0.173812613493332,0.06577495739871694,0.02072647055805107,0.0155702560022706,0.003913523404856686,0.013090748720827949,349.47821292878933
GGTGATAAAGCTGAACAAGAAGTTTCTGAAGATATCTTTGCTGCTGTTACTCCAACTGCTGATCCAGTTGAACCTAAATTGGCTGAACCAGAACCAAGAAATGCTGTTAGAATTTGTTCT,0.39599432462976075,0.28108796449405854,0.07769231525926333,0.13004040885292215,0.05167763277104524,0.043370080540292726,0.019463310332817473,0.0006739631198397736,366.95060963058927
GGTGATAAAGCTGAACAAGAAGTTTCTGAAGATATCTTTGCTGCTGTTACTCCAACTGCTGATCCAGTTGATCCTAAATTGGCTGATCCAGAACCAAGAAATGCTGTTAGAATTTGTTCT,0.3961438098791662,0.2835580316279793,0.1213857650340729,0.1179019536107034,0.015268798097143493,0.032514428075996166,0.02485505091256667,0.008372162762371788,396.00997942324966
GGTGATAAAGCTGAACAAGAAGTTTCTGAAGATATCTTTGCTGCTGTTACTCCAACTGCTGATCCAGTTGCTCCTAAATTGGCTGCTCCAGAACCAAGAAATGCTGTTAGAATTTGTTCT,0.06813306919879983,0.08323963726365348,0.12111593083361098,0.2757407109193464,0.2493725607441275,0.11598068698177177,0.06318988896212771,0.023227515096562314,866.1036284537415
GGTGATAAAGCTGAACAAGAAGTTTCTGAAGATATCTTTGCTGCTGTTACTCCAACTGCTGATCCAGTTTATCCTAAATTGGCTACTCCAGAACCAAGAAATGCTGTTAGAATTTGTTCT,0.10477215631053986,0.1405516534484126,0.06518643714683416,0.11639831129969852,0.10324315938906398,0.18406655479440528,0.20243904689745734,0.08334268071358822,1512.119475021941
GGTGATAAAGCTGAACAAGAAGTTTCTGAAGATATCTTTGCTGCTGTTACTCCAACTGCTGATCCAGTTTCTCCTAAATTGGCTACTCCAGAACCAAGAAATGCTGTTAGAATTTGTTCT,0.08191674317640225,0.08241836932629354,0.20386563829095203,0.18201344534025068,0.16144257539812656,0.10011377219107107,0.025324510629595866,0.16290494564730795,1549.9475132171488
GGTGATAAAGCTGAACAAGAAGTTTCTGAAGATATCTTTGCTGCTGTTACTGATACTGCTGATCCAGTTACTGATAAATTGGCTACTGATGAACCAAGAAATGCTGTTAGAATTTGTTCT,0.25104538184771963,0.09381642613298052,0.2588353257482616,0.17531039591995254,0.12015684532986615,0.07232014511502419,0.019956992133134746,0.00855848777306054,527.2577530905953
GGTGATAAAGCTGAACAAGAAGTTTCTGAAGATATCTTTGCTGCTGTTCCAACTACTGCTGATCCAGTTACTCCTAAATTGGCTACTCCAGAACCAAGAAATGCTGTTAGAATTTGTTCT,0.14038122600346037,0.14766090517343106,0.1985032935821034,0.17013685058446978,0.13833256660815205,0.111127709380445,0.07101616816919105,0.02284128049874733,791.5721778385165
GGTGATAAAGCTGAACAAGAAGTTTCTGAAGATATCTTTGCTGCTGTTCCAACTACTGCTGATCCAGTTCCAACTAAATTGGCTCCAACTGAACCAAGAAATGCTGTTAGAATTTGTTCT,0.19206503411638676,0.2705376315478839,0.1433972809045594,0.1194915328093306,0.0719196074498731,0.04577244032820366,0.060564322574831006,0.09625215026893151,1084.4386913464878
GGTGATAAAGCTGAACAAGAAGTTTCTGAAGATATCTTTGCTGCTGTTGAACCAACTGCTGATCCAGTTACTCCTAAATTGGCTACTCCAGAACCAAGAAATGCTGTTAGAATTTGTTCT,0.06493464221905988,0.05226582129083379,0.06464095993013891,0.23084859078005496,0.2815428693205892,0.19046221984959086,0.08431291928892332,0.030991977320809085,1048.5863055864445
GGTGATAAAGCTGAACAAGAAGTTTCTGAAGATATCTTTGCTGCTGTTGAACCAACTGCTGATCCAGTTACTCCTAAATTGGCTGAACCAGAACCAAGAAATGCTGTTAGAATTTGTTCT,0.08683719020160084,0.08288848841460808,0.08034900657702253,0.11873621217299288,0.09215223012285274,0.08571816341507793,0.16107398275605586,0.29224472633978915,2580.0011072994826
GGTGATAAAGCTGAACAAGAAGTTTCTGAAGATATCTTTGCTGCTGTTGAACCAACTGCTGATCCAGTTGAACCTAAATTGGCTACTCCAGAACCAAGAAATGCTGTTAGAATTTGTTCT,0.034892352356277974,0.015045436927711412,0.013955843344025698,0.00692218209930798,0.025787361995547153,0.059396105947953505,0.365215280414603,0.47878543691457337,4107.927160818869
GGTGATAAAGCTGAACAAGAAGTTTCTGAAGATATCTTTGCTGCTGTTGAACCAACTGCTGATCCAGTTGAACCTAAATTGGCTGAACCAGAACCAAGAAATGCTGTTAGAATTTGTTCT,0.46511420124143965,0.2962419461968048,0.13632494319330837,0.05638411211375515,0.017027024265414328,0.02088948939317471,0.004996831271552538,0.003021452324550539,284.3384904231055
GGTGATAAAGCTGAACAAGAAGTTTCTGAAGATATCTTTGCTGCTGTTGAACCAACTGCTGATCCAGTTGAACCTAAATTGGCTGCTCCAGAACCAAGAAATGCTGTTAGAATTTGTTCT,0.19004526655840218,0.23829782042861697,0.2082454994335445,0.21113384392255521,0.06428734561343072,0.04419911639730231,0.030253089620026995,0.013538018026121161,529.7818631353111
GGTGATAAAGCTGAACAAGAAGTTTCTGAAGATATCTTTGCTGCTGTTGAACCAACTGCTGATCCAGTTGCTCCTAAATTGGCTGAACCAGAACCAAGAAATGCTGTTAGAATTTGTTCT,0.4528343575549373,0.2868228467709485,0.17365888947483513,0.05260344550261286,0.0018399122591799338,0.023345928220187002,0.006638163330553099,0.002256456886746185,281.8014212689659
GGTGATAAAGCTGAACAAGAAGTTTCTGAAGATATCTTTGCTGCTGTTGAACCAACTGCTGATCCAGTTGCTCCTAAATTGGCTGCTCCAGAACCAAGAAATGCTGTTAGAATTTGTTCT,0.053658973408877014,0.15521423502955073,0.07511665500141516,0.08196828625431797,0.21150359558836074,0.1905884060354032,0.22394662021401981,0.00800322846805532,1164.5098178610285
GGTGATAAAGCTGAACAAGAAGTTTCTGAAGATATCTTTGCTGCTGTTGATCCAACTGCTGATCCAGTTACTCCTAAATTGGCTACTCCAGAACCAAGAAATGCTGTTAGAATTTGTTCT,0.0011502750283579348,0.0056901510788438985,0.04687641108872095,0.013950588827312453,0.05242384038626309,0.0294338901098259,0.39045628349295514,0.4600185599877206,4041.000131339007
GGTGATAAAGCTGAACAAGAAGTTTCTGAAGATATCTTTGCTGCTGTTGATCCAACTGCTGATCCAGTTACTCCTAAATTGGCTGATCCAGAACCAAGAAATGCTGTTAGAATTTGTTCT,0.07302692265664412,0.17633786644032867,0.14539328222813852,0.09735652038833108,0.1151379218453565,0.17403586629037537,0.14900310545236878,0.0697085146984571,1303.6874070620058
GGTGATAAAGCTGAACAAGAAGTTTCTGAAGATATCTTTGCTGCTGTTGATCCAACTGCTGATCCAGTTGATCCTAAATTGGCTACTCCAGAACCAAGAAATGCTGTTAGAATTTGTTCT,0.36768747088209436,0.2774542840395263,0.11438266164577784,0.10212207661804953,0.04529020101620151,0.028085360109266624,0.028417588711599263,0.03656035697748451,586.1508665013703
GGTGATAAAGCTGAACAAGAAGTTTCTGAAGATATCTTTGCTGCTGTTGATCCAACTGCTGATCCAGTTGATCCTAAATTGGCTGATCCAGAACCAAGAAATGCTGTTAGAATTTGTTCT,0.08106496900131138,0.09515494242186254,0.05043645843225289,0.10507050220072132,0.08431982970034442,0.08256065370540168,0.23808125910275563,0.2633113854353502,2570.852747440696
GGTGATAAAGCTGAACAAGAAGTTTCTGAAGATATCTTTGCTGCTGTTGATCCAACTGCTGATCCAGTTGATCCTAAATTGGCTGCTCCAGAACCAAGAAATGCTGTTAGAATTTGTTCT,0.16267659476819715,0.14184972768688542,0.14844578041715784,0.09638836161969198,0.1603025669600883,0.11928819617038214,0.08046619030294518,0.09058258207465197,1224.5660313295655
GGTGATAAAGCTGAACAAGAAGTTTCTGAAGATATCTTTGCTGCTGTTGATCCAACTGCTGATCCAGTTGCTCCTAAATTGGCTGATCCAGAACCAAGAAATGCTGTTAGAATTTGTTCT,0.018197328702032698,0.452668357965363,0.09135595500738149,0.39178405329037425,0.01669509174842441,0.01150328948502107,0.011057396477623903,0.006738527323779198,429.5531975965934
GGTGATAAAGCTGAACAAGAAGTTTCTGAAGATATCTTTGCTGCTGTTGATCCAACTGCTGATCCAGTTGCTCCTAAATTGGCTGCTCCAGAACCAAGAAATGCTGTTAGAATTTGTTCT,0.412977372040391,0.2215696937211668,0.21096631959861561,0.07953343373493381,0.043117970392716545,0.014043748763777293,0.01731246865608495,0.00047899309231394483,321.5853101938806
GGTGATAAAGCTGAACAAGAAGTTTCTGAAGATATCTTTGCTGCTGTTGCTCCAACTGCTGATCCAGAAGAACCTAAATTGGAAGAACCAGAACCAAGAAATGCTGTTAGAATTTGTTCT,0.050649432223333735,0.06551947230380287,0.09003635388894259,0.07234688691593526,0.04991027757890281,0.1326444088035258,0.348955079193488,0.18993808909206886,2419.253858195285
GGTGATAAAGCTGAACAAGAAGTTTCTGAAGATATCTTTGCTGCTGTTGCTCCAACTGCTGATCCAGAAGAACCTAAATTGGCTGCTCCAGAACCAAGAAATGCTGTTAGAATTTGTTCT,0.4277795905995841,0.3084200708746814,0.16971827257227323,0.04897332227338047,0.013617933275287724,0.017718243612928987,0.0071013411071228,0.006671225684741284,310.933098241525
GGTGATAAAGCTGAACAAGAAGTTTCTGAAGATATCTTTGCTGCTGTTGCTCCAACTGCTGATCCAGATGATCCTAAATTGGATGATCCAGAACCAAGAAATGCTGTTAGAATTTGTTCT,0.05902652639252049,0.014846995448142981,0.036724728097391565,0.08197058545798613,0.11633024053572395,0.10820806566550642,0.17791813873027185,0.40497471967245674,3337.3404653211064
GGTGATAAAGCTGAACAAGAAGTTTCTGAAGATATCTTTGCTGCTGTTGCTCCAACTGCTGATCCAGATGATCCTAAATTGGCTGCTCCAGAACCAAGAAATGCTGTTAGAATTTGTTCT,0.4211253883322047,0.30731557713969293,0.1902157702207926,0.050044394424023475,0.008895526964081614,0.009892001449985584,0.0018884936523605482,0.010622847816858667,314.27099894909156
GGTGATAAAGCTGAACAAGAAGTTTCTGAAGATATCTTTGCTGCTGTTGCTCCAACTGCTGATCCAGTTACTCCTAAATTGGCTACTCCAGAACCAAGAAATGCTGTTAGAATTTGTTCT,0.1844722868811315,0.19537044540704834,0.14497734260579073,0.20494245256262963,0.09567378037510675,0.03559753564205029,0.08104191211880338,0.057924244407439394,921.2934045332526
GGTGATAAAGCTGAACAAGAAGTTTCTGAAGATATCTTTGCTGCTGTTGCTCCAACTGCTGATCCAGTTACTCCTAAATTGGCTGCTCCAGAACCAAGAAATGCTGTTAGAATTTGTTCT,0.14726900638582283,0.13438749178709272,0.07671084459441496,0.07609807908908235,0.0911217536420711,0.10673435490792964,0.17152455451149776,0.1961539150820887,2023.3359966379526
GGTGATAAAGCTGAACAAGAAGTTTCTGAAGATATCTTTGCTGCTGTTGCTCCAACTGCTGATCCAGTTGAACCTAAATTGGCTGAACCAGAACCAAGAAATGCTGTTAGAATTTGTTCT,0.058613480590587894,0.014743101664856675,0.018233871016030506,0.040698492808053884,0.1371754928851134,0.28877420140893817,0.3193706642137644,0.12239069541265486,2143.927072174357
GGTGATAAAGCTGAACAAGAAGTTTCTGAAGATATCTTTGCTGCTGTTGCTCCAACTGCTGATCCAGTTGAACCTAAATTGGCTGCTCCAGAACCAAGAAATGCTGTTAGAATTTGTTCT,0.02858234585161717,0.03235204459947546,0.06001820597946444,0.166708587120411,0.28869358875449436,0.263624746297986,0.12591605792793226,0.034104423468619284,1239.013351785927
GGTGATAAAGCTGAACAAGAAGTTTCTGAAGATATCTTTGCTGCTGTTGCTCCAACTGCTGATCCAGTTGATCCTAAATTGGCTGATCCAGAACCAAGAAATGCTGTTAGAATTTGTTCT,0.3968216596237923,0.26496616410420826,0.27820529090266355,0.02021553634001469,0.022656758144906423,0.006981856713322498,0.002982766429248837,0.007169967741843472,302.99871093571096
GGTGATAAAGCTGAACAAGAAGTTTCTGAAGATATCTTTGCTGCTGTTGCTCCAACTGCTGATCCAGTTGATCCTAAATTGGCTGCTCCAGAACCAAGAAATGCTGTTAGAATTTGTTCT,0.17388789329361068,0.23547790139475291,0.24978903241766498,0.19909631194982913,0.07396819980028346,0.04895262200185114,0.011796697403261421,0.007031341738746165,459.48556201144606
GGTGATAAAGCTGAACAAGAAGTTTCTGAAGATATCTTTGCTGCTGTTGCTCCAACTGCTGATCCAGTTGCTCCTAAATTGGAAGAACCAGAACCAAGAAATGCTGTTAGAATTTGTTCT,0.16408208111848513,0.09710991512679183,0.08407204908003084,0.12867502989982965,0.0855992870923319,0.17693943716615684,0.12532274796837928,0.13819945254799454,1648.0898430753844
GGTGATAAAGCTGAACAAGAAGTTTCTGAAGATATCTTTGCTGCTGTTGCTCCAACTGCTGATCCAGTTGCTCCTAAATTGGATGATCCAGAACCAAGAAATGCTGTTAGAATTTGTTCT,0.2358277735482169,0.2768172058770984,0.14672574163993046,0.13099832801579342,0.07746207029992926,0.05404025267419682,0.05467950805656691,0.02344911988826776,636.4917568580464
GGTGATAAAGCTGAACAAGAAGTTTCTGAAGATATCTTTGCTGCTGTTGCTCCAACTGCTGATCCAGTTGCTCCTAAATTGGCTACTCCAGAACCAAGAAATGCTGTTAGAATTTGTTCT,0.10824905306437096,0.05445596399913363,0.10102450415647898,0.09019576923046037,0.10666931590216604,0.17363791651544272,0.30118615191550313,0.0645813252164442,1616.5495900623644
GGTGATAAAGCTGAACAAGAAGTTTCTGAAGATATCTTTGCTGCTGTTGCTCCAACTGCTGATCCAGTTGCTCCTAAATTGGCTGAACCAGAACCAAGAAATGCTGTTAGAATTTGTTCT,0.13038984244827637,0.157425958717485,0.09735009264271632,0.17383042983246869,0.2055791883744686,0.10756443032019053,0.09674385449515074,0.031116203169243833,927.3429550209551
GGTGATAAAGCTGAACAAGAAGTTTCTGAAGATATCTTTGCTGCTGTTGCTCCAACTGCTGATCCAGTTGCTCCTAAATTGGCTGATCCAGAACCAAGAAATGCTGTTAGAATTTGTTCT,0.0758382885011961,0.11021500037608373,0.14679640089948273,0.2527612972067049,0.1826770958486603,0.1390275695290941,0.0625209603086257,0.030163387330152433,893.0606740528553
GGTGATAAAGCTGAACAAGAAGTTTCTGAAGATATCTTTGCTGCTGTTGCTCCAACTGCTGATCCAGTTGCTCCTAAATTGGCTGCTCCAGAACCAAGAAATGCTGTTAGAATTTGTTCT,0.03692727900151276,0.011575433411283852,0.05934289275725972,0.16616137238770617,0.37741514892393063,0.3068408491628826,0.03786226154968802,0.0038747628057361812,942.2091237346085
GGTGATAAAGCTGAACAAGAAGTTTCTGAAGATATCTTTGCTGCTGTTTATCCAACTGCTGATCCAGTTACTCCTAAATTGGCTACTCCAGAACCAAGAAATGCTGTTAGAATTTGTTCT,0.16968682439972785,0.2048711043074491,0.23226414141278112,0.03770326106755877,0.13376839400574855,0.07776792977412811,0.0629502925275161,0.08098805250509038,1056.30677195304
GGTGATAAAGCTGAACAAGAAGTTTCTGAAGATATCTTTGCTGCTGTTTATCCAACTGCTGATCCAGTTTATCCTAAATTGGCTTATCCAGAACCAAGAAATGCTGTTAGAATTTGTTCT,0.15081356081101513,0.1264475701421311,0.07819347436767822,0.1396239581333835,0.09907510446251118,0.1843153656370904,0.11655979827045829,0.10497116817573224,1443.0204187982768
GGTGATAAAGCTGAACAAGAAGTTTCTGAAGATATCTTTGCTGCTGTTTCTCCAACTGCTGATCCAGTTACTCCTAAATTGGCTACTCCAGAACCAAGAAATGCTGTTAGAATTTGTTCT,0.02003847016669975,0.0282256491072539,0.024934801803041258,0.04675032716890891,0.08293335917843425,0.20571454357327823,0.3642589847487544,0.22714386425362923,2773.5126805876557
GGTGATAAAGCTGAACAAGAAGTTTCTGAAGATATCTTTGCTGCTGTTTCTCCAACTGCTGATCCAGTTTCTCCTAAATTGGCTTCTCCAGAACCAAGAAATGCTGTTAGAATTTGTTCT,0.22106486760012692,0.19461625971552318,0.08252439352957688,0.12893767338377074,0.11981131142632055,0.09118316312349502,0.1025131012102237,0.059349230010963004,1028.3364204087125
GGTGATAAAGCTGAACAAGAAGTTTCTGAAGATATCTTTGCTGCTGTTTCTGAAACTGCTGATCCAGTTTCTGAGAAATTGGCTTCTGAAGAACCAAGAAATGCTGTTAGAATTTGTTCT,0.015106185609651839,0.028059119985127248,0.06362173361806617,0.18977089090492982,0.2771036422314784,0.24710518632563724,0.13902433093591904,0.040208910389190264,1289.6166583199265
GGTGATAAAGCTGAACAAGAAGTTTCTGAAGATATCTTTGCTGCTGTTTCTGGTACTGCTGATCCAGTTTCTGGTAAATTGGCTTCTGGTGAACCAAGAAATGCTGTTAGAATTTGTTCT,0.26788301206765036,0.19679488031170342,0.13051380378805214,0.08030717389799043,0.031425434515695815,0.044821344084780335,0.11042115727975928,0.1378331940543683,1415.679445230901
GGTGATAAAGCTGAACAAGAAGTTTCTGAAGATATCTTTGCTGCTGTTTCTTCTACTGCTGATCCAGTTTCTTCTAAATTGGCTTCTTCTGAACCAAGAAATGCTGTTAGAATTTGTTCT,0.42786565138040783,0.32901149712951516,0.15901350646564433,0.04250602553887311,0.01975476046450264,0.01121236011021793,0.008385951113587198,0.002250247797251782,280.2725547409775
GGTGATAAAGCTGAACAAGAAGTTTCTGAAGCTACTCCAACTGTTGCTGCATTTATTGATGATCCAGTTACTCCTAAATTGGCTACTCCAGAACCAAGAAATGCTGTTAGAATTTGTTCT,0.39214146708892994,0.11272651094780037,0.09294474154462463,0.04149103492039316,0.09200446045290836,0.08558071102028295,0.1385489059329928,0.0445621680920678,965.3017344901483
GGTGATAATCCACAAGATCAAGATCCTAAATTGTGGGAAGGTGATGATCAATTTGAATTGTTGGATGATCAACAATTGGCTGAAGGTTTGGCTTTGTGTGATGAGTTCTTGTTGGATCAA,0.14950419212849148,0.11460548375274647,0.07972929858921528,0.09491090604210452,0.16836845295866162,0.12398526888735614,0.15846558441447103,0.11043081322695343,1533.7427778958545
GGTGATAATCCACAAGATCAAGATCCTAAATTGTGGGAAGGTGATTCTCAATTTGAATTGTTGGATTCTCAACAATTGGCTGAAGGTTTGGCTTTGTGTGATGAGTTCTTGTTGTCTCAA,0.0005670115951720558,0.0004346542878360263,0.00048717164820696483,0.005204427008420081,0.009458617306942396,0.09242458743465619,0.5020968440826666,0.3893266866360997,3912.652579918752
GGTGATAATCCACAAGCTCAAGATCCTAAATTGTGGGAAGGTGATGCTCAATTTGAATTGTTGGATGCTCAACAATTGGCTGAAGGTTTGGCTTTGTGTGATGAGTTCTTGTTGGCTCAA,0.1743193441587431,0.1628591786318781,0.13169759117422275,0.16599675225714372,0.12883155554397796,0.1084235354043484,0.09815809301292529,0.029713949816760715,878.9969290701081
GGTGATAATCCACAAGCTCAAGATCCTAAATTGTGGGAAGGTGATTCTCAATTTGAATTGTTGGATTCTCAACAATTGGCTGAAGGTTTGGCTTTGTGTGATGAGTTCTTGTTGTCTCAA,0.14146846011222372,0.1298492526604794,0.1266222380744669,0.09650584380635296,0.14918666633860944,0.15014508411627825,0.1381101700764758,0.06811228481511353,1251.4910546393019
GGTGATAATCCACAATCTCAAGATCCTAAATTGTGGGAAGGTGATGATCAATTTGAATTGTTGGATTCTCAACAATTGGCTGAAGGTTTGGCTTTGTGTGATGAGTTCTTGTTGTCTCAA,0.08697285958939209,0.08413985329036398,0.09781818989348964,0.17094997069158596,0.2439256804688483,0.22842786768841095,0.0698043614717652,0.017961216906143895,943.5601398066395
GGTGATAATCCACAATCTCAAGATCCTAAATTGTGGGAAGGTGATGCTCAATTTGAATTGTTGGATTCTCAACAATTGGCTGAAGGTTTGGCTTTGTGTGATGAGTTCTTGTTGTCTCAA,0.06855309147323023,0.059119614718354786,0.06580579232356137,0.08268817261276004,0.10036395053758693,0.0951518597980195,0.1871052027962412,0.34121231574024574,2947.473143864669
GGTGATAATCCACAATCTCAAGATCCTAAATTGTGGGAAGGTGATTCTCAATTTGAATTGTTGGATGATCAACAATTGGCTGAAGGTTTGGCTTTGTGTGATGAGTTCTTGTTGTCTCAA,0.002260494023940267,0.0011025336387845324,0.002655775985215263,0.006864732871769198,0.04408651566810163,0.12545477011772524,0.4977835864027721,0.31979159129169166,3533.2877048243513
GGTGATAATCCACAATCTCAAGATCCTAAATTGTGGGAAGGTGATTCTCAATTTGAATTGTTGGATGCTCAACAATTGGCTGAAGGTTTGGCTTTGTGTGATGAGTTCTTGTTGTCTCAA,0.043006591055569504,0.03416048417903905,0.03802389001124913,0.06412426441012181,0.03680279194171568,0.01971003679788081,0.24561614979223492,0.518555791812189,4046.472609898997
GGTGATAATCCACAATCTCAAGATCCTAAATTGTGGGAAGGTGATTCTCAATTTGAATTGTTGGATTCTCAACAATTGGCTGAAGGTTTGGCTTTGTGTGATGAGTTCTTGTTGGATCAA,0.16799159485639756,0.16251952864334185,0.10451988319153611,0.15074200843579064,0.11460461702423047,0.1480596182640903,0.08988663104740609,0.06167611853720698,1086.3961078873149
GGTGATAATCCACAATCTCAAGATCCTAAATTGTGGGAAGGTGATTCTCAATTTGAATTGTTGGATTCTCAACAATTGGCTGAAGGTTTGGCTTTGTGTGATGAGTTCTTGTTGGCTCAA,0.005427476632359225,0.006825890475045018,0.005065246485610478,0.006971889665230564,0.012033608672632671,0.10447194217786208,0.7327184162634455,0.12648552962781445,2862.5666231853875
GGTGATAATCCACAATCTCAAGATCCTAAATTGTGGGAAGGTGATTCTCAATTTGAATTGTTGGATTCTCAACAATTGGCTGAAGGTTTGGCTTTGTGTGATGAGTTCTTGTTGTCTCAA,0.030365293389465017,0.11914983049986538,0.1473613009191417,0.21590278926718648,0.27827605255077037,0.15864805378670335,0.03942712923701864,0.010869550349849131,789.3604931844214
GGTGATAATCCATCTGATCAAGATCCTAAATGGTGGGAAGGTGAAGATCAATTCTTGTTGGATGATCAACAATTGGCTGAGAATTTGGCTATTTGTGATGAGTTCTTGCAAGATCAATCT,0.07285108152987414,0.1465943862152649,0.11331499261002376,0.1618701602609082,0.10768188925731581,0.05008177104285787,0.15202260172994947,0.19558311735380587,1950.3068198646242
GGTGATAATCCATCTGATCAAGATCCTAAATGGTGGGAAGGTGAATCTCAATTCTTGTTGGATTCTCAACAATTGGCTGAGAATTTGGCTATTTGTGATGAGTTCTTGCAATCTCAATCT,0.039185050193160556,0.05495606637738289,0.05319249072121257,0.07123624596740276,0.05031417164595063,0.08380686674518252,0.28743299090024166,0.3598761174494664,3256.8745807679893
GGTGATAATCCATCTGCTCAAGATCCTAAATGGTGGGAAGGTGAAGCTCAATTCTTGTTGGATGCTCAACAATTGGCTGAGAATTTGGCTATTTGTGATGAGTTCTTGCAAGCTCAATCT,0.0011884960098571375,0.00020667696956835405,0.0013510946897464272,0.00017931069411999438,0.0001590452848197139,0.0018896068073684844,0.3176846467655236,0.677341122778996,5132.753287015379
GGTGATAATCCATCTGCTCAAGATCCTAAATGGTGGGAAGGTGAATCTCAATTCTTGTTGGATTCTCAACAATTGGCTGAGAATTTGGCTATTTGTGATGAGTTCTTGCAATCTCAATCT,0.003801868868925279,0.0032542321145605877,0.0028949931847182557,0.0029629272358499903,0.0039700509776154315,0.011338647025070618,0.28481952497999286,0.686957755613267,5127.504997747577
GGTGATAATCCATCTTCTCAAGATCCTAAATGGTGGGAAGGTGAAGATCAATTCTTGTTGGATTCTCAACAATTGGCTGAGAATTTGGCTATTTGTGATGAGTTCTTGCAATCTCAATCT,0.04158879789359738,0.08368694290616031,0.12232025801096605,0.18481497429340255,0.19745810091782937,0.21832659580272484,0.11571436096457614,0.03608996921074347,1136.0399288265983
GGTGATAATCCATCTTCTCAAGATCCTAAATGGTGGGAAGGTGAAGCTCAATTCTTGTTGGATTCTCAACAATTGGCTGAGAATTTGGCTATTTGTGATGAGTTCTTGCAATCTCAATCT,0.0004581318898611325,0.0012291661617916058,0.00084877810991301,0.0006236889817045209,0.0015693127120051144,0.008251882400170467,0.33088148659693356,0.6561375531476206,5042.124979845833
GGTGATAATCCATCTTCTCAAGATCCTAAATGGTGGGAAGGTGAATCTCAATTCTTGTTGGATGATCAACAATTGGCTGAGAATTTGGCTATTTGTGATGAGTTCTTGCAATCTCAATCT,0.009209189929551607,0.03150298360368176,0.022918847970892955,0.08594121978086429,0.17423606830919142,0.27518289893158615,0.2955201971512792,0.1054885943229527,2005.0425049540522
GGTGATAATCCATCTTCTCAAGATCCTAAATGGTGGGAAGGTGAATCTCAATTCTTGTTGGATGCTCAACAATTGGCTGAGAATTTGGCTATTTGTGATGAGTTCTTGCAATCTCAATCT,0.16962882952394004,0.2072391924372549,0.18092318892074633,0.17499102678409012,0.08357667199104277,0.08329430417782424,0.07866097203927425,0.02168581412582752,738.502627474893
GGTGATAATCCATCTTCTCAAGATCCTAAATGGTGGGAAGGTGAATCTCAATTCTTGTTGGATTCTCAACAATTGGCTGAGAATTTGGCTATTTGTGATGAGTTCTTGCAAGATCAATCT,0.09701579361418997,0.19304012279952262,0.15717206241247944,0.31099601094667145,0.10803726968938898,0.13010706491807938,0.003406900595053248,0.000224775024615094,533.712379918014
GGTGATAATCCATCTTCTCAAGATCCTAAATGGTGGGAAGGTGAATCTCAATTCTTGTTGGATTCTCAACAATTGGCTGAGAATTTGGCTATTTGTGATGAGTTCTTGCAAGCTCAATCT,0.1784424943407059,0.13080422187941193,0.21570018433653834,0.1925794559629963,0.0904311700489548,0.12617590157729724,0.05674154098456293,0.009125030869532572,668.8262561837132
GGTGATAGAACTGATTGGGTTATTCATGAATATAGATTGGAAGATAAAGTCTTGGCTCAGAAGAATGTTCCACAAGATACTTATGTCTTGTGTGTCTTGTTTAAGAAGAATGGTTTGGGT,0.024165440381232663,0.030391775128071487,0.013155705093864075,0.026846984458847686,0.031254275060819764,0.02215017314604887,0.271747839741522,0.5802878069895935,4475.778780141983
GGTGATCAAGATAGAGAAGAGAATGATAATGATGGTGATTTGAAAGATAAACAACCATGTATTGCTGATGATGCTCATTTGGGTCCAGAAGACTTTAAGAGAGATTTGGAAGAATGTCAA,0.2567735167273795,0.2583458974836875,0.15975762357615114,0.1426333330630573,0.050605256296912676,0.0706079976003468,0.0,0.06127637525246499,745.6014895121914
GGTGATCAAGATAGAGAAGAGAATGCTAATGCTGGTGCTTTGAAAGATAAACAACCATGTATTGCTGATTATGCTCATTTGGGTCCAGAAGACTTTAAGAGAGATTTGGAAGAATGTCAA,0.002859311910889772,0.018612454071411978,0.06915366164772746,0.20513577901150004,0.3851202974157991,0.27830374894046117,0.033762316359897036,0.0070524306423133684,937.6029443693551
GGTGATCAATTTATCTTAAATTCTCAACAATTGGTTGAAGCTTTGGCTTTGTGTGATGATTTGTTGCAAGTTGGTTCTCAAGATGCTAATAATGGTGGTGGTGGTGGTGGTTTGAGAAAT,0.03620250397004798,0.02642265922632394,0.11034859522463841,0.18810311397427837,0.41597097604722677,0.20694073322187387,0.009005042806585475,0.007006375529025275,811.8681626051647
GGTGATCAATTTATCTTGAATGATCAACAATTGGTTGAAGCTTTGGCTTTGTGTGATGATTTGTTGCAAGTTGGTGATCAAGATGCTAATAATGGTGGTGGTGGTGGTGGTTTGAGAAAT,0.09548745903343371,0.1300881765856239,0.17623943937590317,0.2314545329567293,0.1521710911628017,0.1419652855329206,0.04915273394863583,0.023441281403951866,803.0453892102222
GGTGATGAAGAAGTTTCTAAGATCTTCTATCAACAACCACAACAATTGGTTGTTAAGAGAGGTGATAAAGCTGAACAAGAAGAAGAAGAAGATATCTTTGCTGCTGAAGAACCAGAAGAA,0.19788784334106194,0.1274237639847238,0.2757899882236226,0.14949574285643288,0.1403999702485665,0.0943202342131349,0.014682457132457373,0.0,498.24409236078384
GGTGATGAAGAAGTTTCTAAGATCTTCTATCAACAACCACAACAATTGGTTGTTAAGAGAGGTGATAAAGCTGAACAAGAAGAAGAAGAAGATATCTTTGCTGCTGTTGCTCCAGAAGAA,0.1791061622534624,0.2522841138398996,0.1114350701510903,0.13928660910172486,0.08824618442656587,0.049250902646734415,0.11627817514787571,0.06411278243264676,1034.7165333179958
GGTGATGAAGAGAAGAATGATAATAGACAAGAAGATCCAACTTGGTTTGATTCTGGTTCTCAATTTATCTTAAATTCTCAACAATTGGTTGAAGCTTTGTCTTTGTGTGATGATTTGTTG,0.19530136728855724,0.19376818720691896,0.18564225494069342,0.15368934541159412,0.12562788525411842,0.08702083438507852,0.04276725221321702,0.01618287329982237,640.027500573411
GGTGATGAAGTTGTTTCTAAGATCTTCTATCAACAACCACAACAATTGGTTGTTAAGAGAGGTGATAAAGCTGAACAAGAAGTTGAAGAAGATATCTTTGCTGCTGTTGAACCAGAAGCT,0.01596907600482835,0.01606686439097517,0.03974213019712536,0.043367137478272616,0.06644101815062438,0.07643944900343033,0.3143115098550826,0.4276628149196613,3729.409890968845
GGTGATGAAGTTGTTTCTAAGATCTTCTATCAACAACCACAACAATTGGTTGTTAAGAGAGGTGATAAAGCTGAACAAGAAGTTGAAGAAGATATCTTTGCTGCTGTTGCTCCAGAAGCT,0.38356775490736783,0.3684182817269991,0.13604380309556838,0.06229222769341579,0.00011681196458629032,0.03321773904458459,0.008968083258827739,0.0073752983086502275,333.96335508263076
GGTGATGAATTGCATTTGGATGGTGAAGATGTTGCTATGGCTCATGCTGATGCTTTGGATGACTTTGATTTGGATATGTTGGGTGATGGTGATGATCCAGGTCCAGGATTTACTCCACAT,0.249130433661851,0.09894316230070821,0.1142122221157708,0.13838773006470922,0.09690581766196853,0.13821444521553664,0.10944737040069845,0.054758818578757015,1059.980903484921
GGTGATGAATTGCATTTGGATGGTGAAGATGTTGCTATGGCTCATGCTGATGCTTTGGATGACTTTGATTTGGATATGTTGGGTGATGGTGATGCTCCAGGTCCAGGATTTACTCCACAT,0.07809710897510014,0.08159747383719913,0.06354068448808177,0.08342619101185203,0.09471679445170997,0.10737634771272951,0.26186599255102605,0.22937940697230136,2448.95070962393
GGTGATGAATTGCATTTGGATGGTGAAGATGTTGCTATGGCTCATGCTGATGCTTTGGATGACTTTGATTTGGATATGTTGGGTGATGGTGATTCTCCAGGTCCAGGATTTACTCCACAT,0.0941317236885879,0.07695037155784727,0.09883053705376754,0.19608215930610806,0.21450289436339873,0.14290397658711948,0.10639966954925692,0.070198667893914,1242.8172057915044
GGTGATGATGATGTTTCTAAGATCTTCTATCAACAACCACAACAATTGGTTGTTAAGAGAGGTGATAAAGCTGAACAAGAAGATGATGAAGATATCTTTGCTGCTGATGATCCAGATGAT,0.20819653142836714,0.1861968406170121,0.05757080926016924,0.06424980094925883,0.11397678138200179,0.09541703248095129,0.15018226832635523,0.12420993555588442,1522.0837510255024
GGTGATGATGATGTTTCTAAGATCTTCTATCAACAACCACAACAATTGGTTGTTAAGAGAGGTGATAAAGCTGAACAAGAAGATGATGAAGATATCTTTGCTGCTGTTGCTCCAGATGAT,0.16725759118520087,0.20909612466744112,0.22274897461713666,0.20537143904121233,0.11181925245228333,0.06456932684416247,0.01376304995437969,0.005374241238183565,491.5818842656952
GGTGATGATGTTGTTTCTAAGATCTTCTATCAACAACCACAACAATTGGTTGTTAAGAGAGGTGATAAAGCTGAACAAGAAGTTGATGAAGATATCTTTGCTGCTGTTGATCCAGATGCT,0.202695060078983,0.23491394909989063,0.20433247968967577,0.11401890399179311,0.0657362347905817,0.04703579407981934,0.05473102080714204,0.07653655746211438,951.5471091546626
GGTGATGATGTTGTTTCTAAGATCTTCTATCAACAACCACAACAATTGGTTGTTAAGAGAGGTGATAAAGCTGAACAAGAAGTTGATGAAGATATCTTTGCTGCTGTTGCTCCAGATGCT,0.03579817301756813,0.03301593813038147,0.04454533413371104,0.10771192190727276,0.1969562756144564,0.3062527878377423,0.22410640796367265,0.05161316139519516,1559.3762233955301
GGTGATGCTGTTGTTTCTAAGATCTTCTATCAACAACCACAACAATTGGTTGTTAAGAGAGGTGATAAAGCTGAACAAGAAGTTGCTGAAGATATCTTTGCTGCTGAAGAACCAGCTGCT,0.2124729177566202,0.22713489512640872,0.07435967297888954,0.07376568861031445,0.12431473495656387,0.12780719684429137,0.10468685766898245,0.05545803605792945,1039.7862166123866
GGTGATGCTGTTGTTTCTAAGATCTTCTATCAACAACCACAACAATTGGTTGTTAAGAGAGGTGATAAAGCTGAACAAGAAGTTGCTGAAGATATCTTTGCTGCTGATGATCCAGCTGCT,0.18451873710050606,0.049388716564124975,0.2421490145559427,0.41388348836927386,0.004750796925527477,0.07191075030184052,0.020324413457210012,0.013074082725574266,556.2676155362316
GGTGATGCTGTTGTTTCTAAGATCTTCTATCAACAACCACAACAATTGGTTGTTAAGAGAGGTGATAAAGCTGAACAAGAAGTTGCTGAAGATATCTTTGCTGCTGTTGAACCAGCTGCT,0.11705311795634715,0.13459417776685142,0.062423420102624014,0.11146460833762514,0.09886705568443095,0.0766368000013638,0.1395780398559998,0.2593827802947578,2315.4241772869177
GGTGATGCTGTTGTTTCTAAGATCTTCTATCAACAACCACAACAATTGGTTGTTAAGAGAGGTGATAAAGCTGAACAAGAAGTTGCTGAAGATATCTTTGCTGCTGTTGATCCAGCTGCT,0.1422138047456314,0.21673118610824774,0.16915605873043252,0.1765823257524445,0.1298341073039921,0.06709394041611332,0.06594796503689912,0.032440611906239356,782.8379226378032
GGTGATGCTGTTGTTTCTAAGATCTTCTATCAACAACCACAACAATTGGTTGTTAAGAGAGGTGATAAAGCTGAACAAGAAGTTGCTGAAGATATCTTTGCTGCTGTTGCTCCAGCTGCT,0.09928313686463046,0.0951343885986316,0.10001070187127752,0.09979541625054021,0.05124650885724444,0.10400395357246625,0.21923800376661395,0.23128789021859555,2338.5376238772565
GGTGATGGTAAAGAACAGAAAGAGAAACCAAGATTGTCTGATTATGCTCAAATTGGTGTTGAAGATTTGAAGAGAGATTTGGAAGAATGTCAGAAATTGTCTGTTGTTGATCCAGGTAAT,0.4496579402590144,0.2875714003614239,0.1615721303852003,0.05418887716295477,0.022209983803590364,0.013179808358647144,0.005812544919377901,0.005807314749791097,300.6535063189124
GGTGATGTTAGATGGCATAAGACTGGTAAGACTAGACAAGTTATTGTTGATGGTGTTCATAGAGGTTGTAAGAAGATTATGGTCTTGTATATGTCTACTGGTAAAGGTGGTAAACCAGAA,0.06951993583687856,0.05245923658432241,0.11894697971796481,0.18343143939972809,0.20551618108490669,0.2469241007999277,0.11283323775412668,0.010368888822145093,1005.2153937334454
GGTGATTATGTTGTTGAGAAGATCTTTGAACAACAACCACAACAATTGGTTGTTAAGAGAGGTGATAAAGCTGAACAAGAAGTTGAAGAAGATATCTTTGCTGCTGTTGAACCAGAAGCT,0.1633266417091781,0.16432679029026634,0.11431965818953259,0.17010971075223874,0.14082523648670278,0.14970608174931363,0.08520580780349409,0.012180073019273605,794.5555931723238
GGTGATTATGTTGTTGATAAGATCTTTGATCAACAACCACAACAATTGGTTGTTAAGAGAGGTGATAAAGCTGAACAAGAAGTTGATGAAGATATCTTTGCTGCTGTTGATCCAGATGCT,0.11398684504078929,0.10034924897581785,0.15956903327957156,0.17412383707632212,0.19656590304262953,0.11754107740094914,0.05285844426187695,0.08500561092204348,1167.5949412008165
GGTGATTATGTTGTTGCTAAGATCTTTGCTCAACAACCACAACAATTGGTTGTTAAGAGAGGTGATAAAGCTGAACAAGAAGTTGCTGAAGATATCTTTGCTGCTGTTGCTCCAGCTGCT,0.04526595453972814,0.10422373697915761,0.18089483575057239,0.2495105093096475,0.21702225131166783,0.14920808527712848,0.033101054943883934,0.02077357188821414,801.4842479006419
GGTGATTATGTTGTTTCTAAGATCTTCTATAGGAAAGTTGTCTTGCAACAACCACAACAAGGTGATAAAGCTGAACAAGAAGTTTCTGAAGATATCTTTGCTGCTGTTACTCCAACTGCT,0.2543375201841824,0.25590541381237786,0.2507146427764186,0.13585921526131609,0.04938436068110092,0.035090791956091195,0.01122959083883601,0.007478464489676894,409.22321108241607
GGTGATTATGTTGTTTCTAAGATCTTCTATCAACAACCACAACAATTGGTTGTTAAGAGAGAATCTGTTGAACAAGAAGCTAAAGATGGTGATATCTTTGCTGCTGTTACTCCAACTGCT,0.1210840164287138,0.1298364872544361,0.12091024865827096,0.12532457250530024,0.11721272653192,0.15679736630126842,0.1622732037098334,0.06656137861025703,1297.5740859688335
GGTGATTATGTTGTTTCTAAGATCTTCTATCAACAACCACAACAATTGGTTGTTAAGAGAGGTGATAAAGCTGAACAAGAAGTTTCTGAAGATATCTTTGCTGCTGAAGAACCAACTGCT,0.19857992329252305,0.14651702941698844,0.11531438250921755,0.1617847425470547,0.052181850328481084,0.060673143338403075,0.12278172161743164,0.1421672069499004,1525.286736414696
GGTGATTATGTTGTTTCTAAGATCTTCTATCAACAACCACAACAATTGGTTGTTAAGAGAGGTGATAAAGCTGAACAAGAAGTTTCTGAAGATATCTTTGCTGCTGATGATCCAACTGCT,0.15179156705432426,0.20825601728485477,0.051513086510635256,0.12264384110387856,0.01359785366921338,0.1138360663895217,0.14077880800530665,0.19758275998226546,1934.562656334269
GGTGATTATGTTGTTTCTAAGATCTTCTATCAACAACCACAACAATTGGTTGTTAAGAGAGGTGATAAAGCTGAACAAGAAGTTTCTGAAGATATCTTTGCTGCTGTTAAGACTACTGCT,0.44317615054545884,0.3176547096730935,0.1678329936061832,0.009927842259162266,0.0005223787566196745,0.005830875397996843,0.008428357501366257,0.0466266922601194,526.9466181661071
GGTGATTATGTTGTTTCTAAGATCTTCTATCAACAACCACAACAATTGGTTGTTAAGAGAGGTGATAAAGCTGAACAAGAAGTTTCTGAAGATATCTTTGCTGCTGTTACTCCAACTGCT,0.25123795474414135,0.22759830531585282,0.20832011887238816,0.17558148219143985,0.07523465821813738,0.047350101702677144,0.012800849873437773,0.0018765290819255883,412.45788674320556
GGTGATTATGTTGTTTCTAAGATCTTCTATCAACAACCACAACAATTGGTTGTTAAGAGAGGTGATAAAGCTGAACAAGAAGTTTCTGAAGATATCTTTGCTGCTGTTACTGATACTGCT,0.20956919806698016,0.1280176002187016,0.15832871964342224,0.21619396452230738,0.09588003334799254,0.11662744273066412,0.0485911412455785,0.02679190022435346,747.512850833281
GGTGATTATGTTGTTTCTAAGATCTTCTATCAACAACCACAACAATTGGTTGTTAAGAGAGGTGATAAAGCTGAACAAGAAGTTTCTGAAGATATCTTTGCTGCTGTTCCAACTACTGCT,0.028936551142652187,0.0727843682081134,0.1500295767764091,0.2036010021572295,0.2392029953991623,0.19892549275359508,0.07007478268645087,0.03644523087638755,1039.7457716372132
GGTGATTATGTTGTTTCTAAGATCTTCTATCAACAACCACAACAATTGGTTGTTAAGAGAGGTGATAAAGCTGAACAAGAAGTTTCTGAAGATATCTTTGCTGCTGTTGAACCAACTGCT,0.15383618127636572,0.13930039258507917,0.13399786814295817,0.13672542284451913,0.11621989425436352,0.12690636702157146,0.09511672112159925,0.09789715275354355,1298.0276128585062
GGTGATTATGTTGTTTCTAAGATCTTCTATCAACAACCACAACAATTGGTTGTTAAGAGAGGTGATAAAGCTGAACAAGAAGTTTCTGAAGATATCTTTGCTGCTGTTGATCCAACTGCT,0.19091615910970577,0.17927957144786738,0.11086407242859568,0.18382119253533283,0.1755880149498571,0.058331594127051856,0.07082593540600825,0.030373459995581206,788.3301653862635
GGTGATTATGTTGTTTCTAAGATCTTCTATCAACAACCACAACAATTGGTTGTTAAGAGAGGTGATAAAGCTGAACAAGAAGTTTCTGAAGATATCTTTGCTGCTGTTGCTCCAACTGCT,0.08340179962276775,0.06454809206036881,0.10378074405433403,0.07127428461690823,0.09482846758959844,0.1587735828719299,0.28560311904803554,0.13778991013605715,2002.6192675094471
GGTGATTATGTTGTTTCTAAGATCTTCTATCAACAACCACAACAATTGGTTGTTAAGAGAGGTGATAAAGCTGAACAAGAAGTTTCTGAAGATATCTTTGCTGCTGTTTATCCAACTGCT,0.050978234846074263,0.04859091061696604,0.04340261567547426,0.09240461970067002,0.16921021240110104,0.27544292832449013,0.26874759552557004,0.05122288290965409,1607.1854785245607
GGTGATTATGTTGTTTCTAAGATCTTCTATCAACAACCACAACAATTGGTTGTTAAGAGAGGTGATAAAGCTGAACAAGAAGTTTCTGAAGATATCTTTGCTGCTGTTTCTCCAACTGCT,0.19706244497096423,0.18945721495253637,0.11988238986811686,0.14595312738894486,0.13808825300956729,0.09232123394223717,0.06498318220963582,0.052252153657997305,917.5349050086195
GGTGATTATGTTGTTTCTAAGATCTTCTATCAACAACCACAACAATTGGTTGTTAAGAGAGGTGATAAAGCTGAACAAGAAGTTTCTGAAGATATCTTTGCTGCTGTTTCTGAAACTGCT,0.11530962790309948,0.11601573904042667,0.1721821692271287,0.1451857627265689,0.1590775927181528,0.09864719909735747,0.0926845409029493,0.1008973683843167,1311.089849595174
GGTGATTATGTTGTTTCTAAGATCTTCTATCAACAACCACAACAATTGGTTGTTAAGAGAGGTGATAAAGCTGAACAAGAAGTTTCTGAAGATATCTTTGCTGCTGTTTCTGGTACTGCT,0.21294936302413414,0.200862545413876,0.09108784142155545,0.14046908886116583,0.07213307661767304,0.12199408504232646,0.10492160550618411,0.05558239411308491,1024.3609559970478
GGTGATTATGTTGTTTCTAAGATCTTCTATCAACAACCACAACAATTGGTTGTTAAGAGAGGTGATAAAGCTGAACAAGAAGTTTCTGAAGATATCTTTGCTGCTGTTTCTTCTACTGCT,0.3129319319515341,0.22821529542200622,0.1311242620271292,0.21440051933416532,0.059561066143220744,0.050577411507096694,0.001394908459102244,0.0017946051557454908,376.96355297320736
GGTGATTATGTTGTTTCTAAGATCTTCTATCAACAACCACAACAATTGGTTGTTAAGAGAGGTGATAAAGCTGAACAAGAAGTTTCTGAAGCTACTCCAACTGTTGCTGCATTTATTGAT,0.25964683727843724,0.2678916723557856,0.22946081823855657,0.14107182228106194,0.05054370193190242,0.03655263865526193,0.007798842611781572,0.007033666647212616,399.4953163406901
GGTGCATTTCAGAATTTGTTTCAATCTGTTAGAGAAGTTATTCAGAATCCAGGTCCAAGACATCCAGAAGCTGCTTCTGCTGCTCCACCAGGTGCTTCTTTGTTGTTGTTGCAACAACAA,0.45782673819264513,0.2804631330403794,0.1840303086019819,0.04720551221168434,0.004320721825570844,0.01021415798822832,0.010245114340297169,0.005694313799212941,297.06584167642905
GGTGCTAAATTTGATCCATCTGATCCAGAAATTATTTGGCATTTGTTGGCTAAATCTGGTTTGTCTGGTTTGTCTTCTCATCCATTTATTGATGAATTTATTCCAACTGCTAATCAAGAT,0.21586896351184445,0.21047361763974495,0.14123099093465755,0.06675488216275725,0.03728059175586355,0.0407972489980428,0.11764757149381887,0.16994613350327056,1630.2564449654822
GGTGCTCAAGATAGAGAAGAAGAAGAAGAAGAAGAAGAATTGAAAGATAAACAACCATGTATTGCTGATTATGCTCATTTGGGTCCAGAAGACTTTAAGAGAGATTTGGAAGAATGTCAA,0.08175939213691263,0.10282506841309696,0.15260552987664552,0.24978775525917177,0.15106168681624538,0.17798511328568917,0.047392248098974264,0.03658320611326423,922.8620404708913
GGTGCTCAAGATAGAGAAGAAGATGATGATGATGATGATTTGAAAGATAAACAACCATGTATTGCTGATTATGCTCATTTGGGTCCAGAAGACTTTAAGAGAGATTTGGAAGAATGTCAA,0.11773088678934072,0.15398737220188308,0.20509723672886407,0.1569540254891177,0.09281022086655284,0.0971214899167453,0.12010822242745153,0.05619054558004487,1070.397950774773
GGTGCTCAAGATAGAGAAGAGAATGAGAATGAAGGTGAATTGAAAGATAAACAACCATGTATTGCTGATTATGCTCATTTGGGTCCAGAAGACTTTAAGAGAGATTTGGAAGAATGTCAA,0.07081973136644179,0.08143246142738622,0.08812429046112566,0.20231567745884768,0.10966406094782505,0.129827496389564,0.1125970779743808,0.20521920397442875,2015.140908638963
GGTGCTCAAGATAGAGAAGAGAATGATAATGATGGTGATTTGAAAGATAAACAACCATGTATTGCTGATTATGCTCATTTGGGTCCAGAAGACTTTAAGAGAGATTTGGAAGAATGTCAA,0.10778015251772557,0.1577311361276535,0.0853464589626297,0.09796916703320943,0.009655205297781928,0.10777294888052702,0.19992100605490523,0.23382392512556763,2287.7956484251777
GGTGCTCAAGATAGAGAAGAGAATGCTAATGCTGGTGCTTTGAAAGATAAACAACCATGTATTGCTGATGCTGCTCATTTGGGTCCAGAAGACTTTAAGAGAGATTTGGAAGAATGTCAA,0.17697488476938567,0.1984081652746478,0.2831375474430187,0.20223061011093307,0.05480897533813771,0.05561696058458716,0.004689572269244725,0.024133284210045198,548.2209393785531
GGTGCTCAATTTATCTTAAATTCTCAACAATTGGTTGAAGCTTTGGCTTTGTGTGATGATTTGTTGCAAGTTGGTTCTCAAGATGCTAATAATGGTGGTGGTGGTGGTGGTTTGAGAAAT,0.01390249471116134,0.06957415047805293,0.14399118648809692,0.15003088314015112,0.3439161830834836,0.23411304359233054,0.03762701394786001,0.006845044558863668,865.8971551216528
GGTGCTCAATTTATCTTGAATGCTCAACAATTGGTTGAAGCTTTGGCTTTGTGTGATGATTTGTTGCAAGTTGGTGCTCAAGATGCTAATAATGGTGGTGGTGGTGGTGGTTTGAGAAAT,0.3596268670946026,0.18878039040433198,0.11025373697368772,0.05211303249360725,0.056495145045962994,0.06210531983454406,0.07734151245703871,0.09328399569622463,1080.9385064938713
GGTGCTTTGGATGAAGCTGCTGCTGATCAATCTAGAGATGATAACTTTCCATTGGCTTTGGCTGGTCCACCACCACCACCACCACCACCACATCCACATGCTAGAATTAAATTGGAATGA,0.012235255140872977,0.10185053416679818,0.16811492500511024,0.16898187312681853,0.31448948603671284,0.17849400220374434,0.055065551009079186,0.0007683733108637424,798.313326268134
GGTGCTTTGGATGAAGCTGCTGCTGCTCAATCTAGAGATGCTAACTTTCCATTGGCTTTGGCTGGTCCACCACCACCACCACCACCACCACATCCACATGCTAGAATTAAATTGGAATGA,0.0642271809937118,0.1723212884583637,0.1598417459140815,0.16649317812819378,0.1687730103862078,0.09811830153929156,0.11913476034673098,0.051090534233419006,1081.922181023055
GGTGCTTTGGATGAAGCTGCTGCTTATCAATCTAGAGATTATTATAACTTTCCATTGGCTTTGGCTGGTCCACCACCACCACCACCACCACCACATCCACATGCTAGAATTAAATTGGAA,0.09888481763356402,0.12895108424998253,0.1558993347948968,0.1557205917701125,0.07473686688667878,0.05279904338901044,0.13311384370530058,0.19989441757045426,1917.5879152500113
GGTGGTACTGATGTTAGATGGCATAAGACTGGTAAGACTAGACCAGTTGATCAATGTGGTAAGATCTTGGGTCATAAGAAGATTATGGTCTTGTATAGAGCTATGGGTAAGAAATCTAAA,0.013758358543615597,0.016000865657174044,0.01178161988009807,0.009039557286845242,0.11370869650694748,0.3483615307012081,0.4670494499908221,0.020299921433289344,1917.1085991514472
GGTGGTACTGATGTTAGATGGCATAAGACTGGTAAGACTAGACCAGTTGCTCAATGTGGTAAGATCTTGGGTCATAAGAAGATTATGGTCTTGTATAGAGCTATGGGTAAGAAATCTAAA,0.6426564368273194,0.2334404402215916,0.06858450374509172,0.031417506019675856,0.001657795295208355,0.009002623457400457,0.002496462924529001,0.01074423150918367,275.36728940567036
GGTGGTGGTGAAGCTGGTGCTGTTGCTCCATATGGTTATACTAGACCACCACAAGGTTTGGCTGGTCAAGAATCTGACTTTACTGCTCCAGATGTTTGGTATCCAGGTGGTATGGTTTCT,0.04066254380288121,0.07706593425261135,0.03765454681306935,0.029416088084654443,0.03261441077640649,0.03467116951271327,0.2683719699942765,0.47954333676338723,3867.5503793609532
GGTGGTGGTGGTGGTGGTGGTGGTTTGGATTTGGATTTGGATTTGGATTTGGATTTGGATTTGGATTTGGATTTGGATTTGGATTTGGATTTGGATTTGGATTTGGATTTGGATTTGGAT,0.052406704062118725,0.03954571669125258,0.1141211801160603,0.05822207033263108,0.06455238074541438,0.07205440190681474,0.25517362875129646,0.34392391739441175,3079.028324496946
GGTGGTGGTGGTGGTGGTTTGGATTTGGATTTGGATTTGGATTTGGATTTGGATTTGGATTTGGATTTGGATTTGGATTTGGATTTGGATTTGGATTTGGATTTGGATTTGGATTTGGAT,0.00031773186792655975,0.00042623671176497636,0.0003953685629367416,0.00023532621754411635,0.00024351836008232786,9.707824862782874e-05,0.28642879768639956,0.7118559423447179,5268.404990577883
GGTGGTGGTGGTTTGGATTTGGATTTGGATTTGGATTTGGATTTGGATTTGGATTTGGATTTGGATTTGGATTTGGATTTGGATTTGGATTTGGATTTGGATTTGGATTTGGATTTGGAT,0.16540898204464133,0.14793056183544054,0.1829565341915839,0.16334557120506907,0.14488451469026017,0.151614766145371,0.0,0.04385906988763383,796.7088099405959
GGTGGTTTGGATTTGGATTTGGATTTGGATTTGGATTTGGATTTGGATTTGGATTTGGATTTGGATTTGGATTTGGATTTGGATTTGGATTTGGATTTGGATTTGGATTTGGATTTGGAT,0.2969419203416618,0.2589255731551625,0.2463324418527119,0.021992826656103994,0.09753616193047301,0.03629047568828156,0.01835988230604188,0.02362071806956337,519.8114449381401
GGTGTTAAACAAGATGGTTCTGCTTCTCATTTGTTTCATAGAGCTATTAAAGCTTATAATACTGGTTCTAGGAAGAGAAGGAAGATTTGTGGTCAAGACTTTGGTGATGTTAGATGGCAT,0.23195573164970656,0.24448928740823136,0.2405277676576503,0.14520905847339158,0.04535132456537498,0.04049750022546845,0.025610346920466105,0.026358983099710524,565.9374572269162
GGTGTTAAAGCTGATCCATCTGATCCAGAAATTATTGCTCATGCTGCTGCTAAATCTGGTGCTTCTGGTGCTTCTTCTCATCCAGCTATTGATGAAGCTATTCCAACTGTTAATCAAGAT,0.17090686672362437,0.10942491231821949,0.13533378406437643,0.18124119774419029,0.12248198552109973,0.1210509394463183,0.12248288065222916,0.03707743352994228,996.5574615663922
GGTGTTAAAGCTGATCCATCTGATCCAGAAATTATTGCTCATGCTTTGGCTAAATCTGGTTTGTCTGGTTTGTCTTCTCATCCATTTATTGATGAATTTATTCCAACTGTTAATCAAGAT,0.17304071823900335,0.058033450677262996,0.14354841719456715,0.12816157840898118,0.11367696076933326,0.052870018917418805,0.1069908626362215,0.22367799315721182,2008.003786950189
GGTGTTAAAGCTGATCCATCTGATCCAGAAATTATTGCTCATTTGTTGGCTAAATCTGGTTTGTCTGGTTTGTCTTCTCATCCATTTATTGATGAATTTATTCCAACTGTTAATCAAGAT,0.37654123868181216,0.21156392595735443,0.12778576425195004,0.09779015270723213,0.062644158249331,0.06275267867027018,0.03174749773663221,0.029174583745417957,596.6042665351282
GGTGTTAAAGCTGATCCATCTGATCCAGAAATTATTTGGCATGCTTTGGCTAAATCTGGTTTGTCTGGTTTGTCTTCTCATCCATTTATTGATGAATTTATTCCAACTGTTAATCAAGAT,0.004616363005288249,0.005478283673122639,0.07379287467571005,0.027878666931682786,0.37675000888510507,0.28860203765564146,0.20452096772706488,0.01836079744638486,1372.7123038473221
GGTGTTAAAGCTGATCCATCTGATCCAGAAATTATTTGGCATTTGGCTGCTAAATCTGGTTTGTCTGGTTTGTCTTCTCATCCATTTATTGATGAATTTATTCCAACTGTTAATCAAGAT,0.023494493609510815,0.09207913365160353,0.2061867618479149,0.3388222910280488,0.19557713048314926,0.13028854611800902,0.010672616143537565,0.0028790271182262,632.5987620751275
GGTGTTAAAGCTGATCCATCTGATCCAGAAATTATTTGGCATTTGTTGGCTAAATCTGGTGCTTCTGGTTTGTCTTCTCATCCATTTATTGATGAATTTATTCCAACTGTTAATCAAGAT,0.3547991681748712,0.23297257921241848,0.2248795181619315,0.05014137646279631,0.0778999727521827,0.037266890090323544,0.01214686991199987,0.009893625233476354,411.3294645300123
GGTGTTAAAGCTGATCCATCTGATCCAGAAATTATTTGGCATTTGTTGGCTAAATCTGGTTTGTCTGGTGCTTCTTCTCATCCATTTATTGATGAATTTATTCCAACTGTTAATCAAGAT,0.038770972589075255,0.058512586329967475,0.2171003719993711,0.12921970576149935,0.24833358388006782,0.2309949384415901,0.05393710018498297,0.02313074081344587,948.432426128616
GGTGTTAAAGCTGATCCATCTGATCCAGAAATTATTTGGCATTTGTTGGCTAAATCTGGTTTGTCTGGTTTGTCTTCTCATCCAGCTATTGATGAAGCTATTCCAACTGTTAATCAAGAT,0.19461198092026627,0.22393914689426497,0.20385372271232288,0.18624387470602766,0.06653915608099978,0.09576999071203857,0.013895232417750446,0.015146895556329382,553.4882106575614
GGTGTTAAAGCTGATCCATCTGATCCAGAAATTATTTGGCATTTGTTGGCTAAATCTGGTTTGTCTGGTTTGTCTTCTCATCCAGCTATTGATGAATTTATTCCAACTGTTAATCAAGAT,0.08344223969235653,0.09328134154140458,0.10383106551658684,0.08240133115322455,0.18272115959266158,0.12747267914576627,0.1719741129108674,0.15487607044713228,1854.4266052695134
GGTGTTAAAGCTGATCCATCTGATCCAGAAATTATTTGGCATTTGTTGGCTAAATCTGGTTTGTCTGGTTTGTCTTCTCATCCATTTATTGATGAAGCTATTCCAACTGTTAATCAAGAT,0.22631389144343625,0.2419498329990486,0.38316141537298665,0.12338241610892776,0.015064330691332012,0.001648534052860005,0.007853664630960227,0.0006259147004484864,315.0782335793615
GGTGTTAAAGCTGATCCATCTGATCCAGAAATTATTTGGCATTTGTTGGCTAAATCTGGTTTGTCTGGTTTGTCTTCTCATCCATTTATTGATGAATTTATTCCAACTGTTAATCAAGAT,0.11490640667804088,0.09459003980129574,0.0909894325903632,0.08123634887253837,0.10293592285689568,0.20107277180844196,0.164698680224269,0.14957039716815515,1840.4083643236809
GGTGTTAAAGTTGATCCATCTGATCCAGAAATTATTGTTCATGTTGTTGCTAAATCTGGTGTTTCTGGTGTTTCTTCTCATCCAGTTATTGATGAAGTTATTCCAACTGTTAATCAAGAT,0.5267376130816291,0.30758685123940604,0.1334515786493558,0.01640712949714655,0.0018809769713727606,0.009070539431799682,0.004565624529274914,0.00029968660001502786,229.46995174465178
GGTGTTAAATATGATCCATCTGATCCAGAAATTATTTATCATTATTATGCTAAATCTGGTTATTCTGGTTATTCTTCTCATCCATATATTGATGAATATATTCCAACTGTTAATCAAGAT,0.3465019581934819,0.1609032927183883,0.09950042915580122,0.04935281033163773,0.043775034246400744,0.02443119738305549,0.14832119999796584,0.12721407797326878,1405.9374395877494
GGTGTTAAATGGGATCCATCTGATCCAGAAATTATTTGGCATTGGTGGGCTAAATCTGGTTGGTCTGGTTGGTCTTCTCATCCATGGATTGATGAATGGATTCCAACTGTTAATCAAGAT,0.1006592598298611,0.16283537141858484,0.18911049869264696,0.27409074225083147,0.13614352793477283,0.0995012776750437,0.03294926268700487,0.004710059511254222,604.9830961596851
GGTGTTAAATTGGATCCATCTGATCCAGAAATTATCTTGCATTTGTTGGCTAAATCTGGTTTGTCTGGTTTGTCTTCTCATCCATTGATTGATGAATTGATTCCAACTGTTAATCAAGAT,0.30812304844016897,0.25798789360614394,0.2705609069785624,0.1160935928282286,0.034281441436311476,0.0038464793776447287,0.008509925890081028,0.0005967114428588587,309.45798037788825
GGTGTTAAATTTAATCCATCTAATCCAAATATTATTTGGCATTTGTTGGCTAAATCTGGTTTGTCTGGTTTGTCTTCTCATCCATTTATTAATAACTTTATTCCAACTGTTAATCAGAAT,0.020487625709603094,0.030919625894734484,0.033141819056258605,0.11152917992393298,0.17160342871201978,0.22534882029540865,0.2945187636213075,0.11245073678673495,1993.9397013247033
GGTGTTAAATTTCAACCATCTCAACCACAAATTATTTGGCATTTGTTGGCTAAATCTGGTTTGTCTGGTTTGTCTTCTCATCCATTTATTCAACAATTTATTCCAACTGTTAATCAACAA,0.18353673525667114,0.20144797370114625,0.13495377330046976,0.08341489900069309,0.0739874798593709,0.10705593985469691,0.11605964012497981,0.09954355890197207,1296.5622057708983
GGTGTTAAATTTGAACCATCTGAACCAGAAATTATTTGGCATTTGTTGGCTAAATCTGGTTTGTCTGGTTTGTCTTCTCATCCATTTATTGAAGAATTTATTCCAACTGTTAATCAAGAA,0.06108546794576036,0.0965792637856306,0.1085878472474244,0.14057518535074062,0.128987174078423,0.10798316314458156,0.21042767281766245,0.145774225629777,1855.1465176865197
GGTGTTAAATTTGATCCAGAAGATCCAGAAATTATTTGGCATTTGTTGGCTAAAGAAGAATTGGAAGAAGAAGAAGAAGAACCATTTATTGATGAATTTATTCCAGCTGTTAATCAAGAT,0.06030155380573807,0.14156523961024464,0.15007206438944878,0.1786479481802227,0.1386502611999602,0.18424243281605335,0.0745687526685985,0.07195174732973374,1187.8945466716116
GGTGTTAAATTTGATCCAGAAGATCCAGAAATTATTTGGCATTTGTTGGCTAAAGAAGGTTTGGAAGGTTTGGAAGAACATCCATTTATTGATGAATTTATTCCAGAAGTTAATCAAGAT,0.04475407476676805,0.022514065622951954,0.05568957983840143,0.1491607763953658,0.11025238568061003,0.1845982197081125,0.16602833533673542,0.2670025626510549,2567.376393329653
GGTGTTAAATTTGATCCAGAAGATCCAGAAATTATTTGGCATTTGTTGGCTAAAGAAGGTTTGGAAGGTTTGGAAGAACATCCATTTATTGATGAATTTATTCCAGCTGTTAATCAAGAT,0.18552169871837398,0.06999666043585308,0.05771332278890306,0.12881769594553186,0.06855535496761611,0.19130646471361418,0.21507719525803087,0.0830116071720769,1524.3232837469473
GGTGTTAAATTTGATCCAGATGATCCAGAAATTATTTGGCATTTGTTGGCTAAAGATGATTTGGATGATGATGATGATGATCCATTTATTGATGAATTTATTCCAGATGATAATCAAGAT,0.021590933354768065,0.08680245365809243,0.2083555310738178,0.29869033306957593,0.2587531208918637,0.10954501403256908,0.014872947481574783,0.001389666437738281,634.5541798142574
GGTGTTAAATTTGATCCAGATGATCCAGAAATTATTTGGCATTTGTTGGCTAAAGATGATTTGGATGATGATGATGATGATCCATTTATTGATGAATTTATTCCAGCTGTTAATCAAGAT,0.38756894211994397,0.3195733429869211,0.1917339633503328,0.049693572242458406,0.03532085910717249,0.006703651772118757,0.009167401230620731,0.0002382671904317607,281.6192213031591
GGTGTTAAATTTGATCCAGATGATCCAGAAATTATTTGGCATTTGTTGGCTAAAGATGGTTTGGATGGTTTGGATGATCATCCATTTATTGATGAATTTATTCCAGATGTTAATCAAGAT,0.21725324069230445,0.21858361470931348,0.06758458171539165,0.12068049008182562,0.16056205970963106,0.04978387339479251,0.10074555804871142,0.06480658164802985,1029.7917507284567
GGTGTTAAATTTGATCCAGATGATCCAGAAATTATTTGGCATTTGTTGGCTAAAGATGGTTTGGATGGTTTGGATGATCATCCATTTATTGATGAATTTATTCCAGCTGTTAATCAAGAT,0.3868056973449248,0.17123671153723008,0.07701125540500352,0.08594560149855819,0.06098573311056345,0.11345542109595072,0.0860981347914668,0.018461445216302316,706.6630793977322
GGTGTTAAATTTGATCCAGCTGATCCAGAAATTATTTGGCATTTGTTGGCTAAAGCTGGTTTGGCTGGTTTGGCTGCTCATCCATTTATTGATGAATTTATTCCAGAAGAGAATCAAGAT,0.25959666351732114,0.36566086497113753,0.1820704513870121,0.0681680022483681,0.051161645712338576,0.038936896951699565,0.017509996018083448,0.01689547919403951,463.3550377970257
GGTGTTAAATTTGATCCAGCTGATCCAGAAATTATTTGGCATTTGTTGGCTAAAGCTGGTTTGGCTGGTTTGGCTGCTCATCCATTTATTGATGAATTTATTCCAGAAGTTAATCAAGAT,0.07364349310903723,0.06269530985883864,0.06696625176117466,0.11642963972946825,0.10047984045037898,0.10644549852719301,0.2942176307399142,0.17912233582399498,2228.468887644325
GGTGTTAAATTTGATCCAGCTGATCCAGAAATTATTTGGCATTTGTTGGCTAAAGCTGGTTTGGCTGGTTTGGCTGCTCATCCATTTATTGATGAATTTATTCCAGATGATAATCAAGAT,0.05241982960311848,0.05444214520948777,0.05891600638948873,0.060115254052544115,0.09497825159947865,0.13794511613830515,0.3434532774239046,0.19773011958367245,2478.1544762890135
GGTGTTAAATTTGATCCAGCTGATCCAGAAATTATTTGGCATTTGTTGGCTAAAGCTGGTTTGGCTGGTTTGGCTGCTCATCCATTTATTGATGAATTTATTCCAGATGTTAATCAAGAT,0.07693147178528581,0.10961128133082276,0.2276073971552211,0.2861528212541691,0.1587005664313228,0.12036100253731606,0.015484004326650857,0.005151455179211532,610.966116480731
GGTGTTAAATTTGATCCAGCTGATCCAGAAATTATTTGGCATTTGTTGGCTAAAGCTGGTTTGGCTGGTTTGGCTGCTCATCCATTTATTGATGAATTTATTCCAGCTGTTAATCAAGAT,0.14536096777603766,0.18803713060910623,0.19810603470545324,0.1845612615721654,0.12959776618276705,0.05710227771776921,0.06419750504912737,0.03303705638757377,775.3755619845296
GGTGTTAAATTTGATCCATCTGATCAAGAAATTATTTGGCATTTGTTGGCTAAAGTTGGTGCTTCTGGTGTTAAACCACATCCATTTATTGATGAATTTATTCCAACTGTTGATGAAGAT,0.2474517718876493,0.24896706991833978,0.12678884476152186,0.13745526192316745,0.08606137903228904,0.08672362336679794,0.04049976846676668,0.02605228064346793,659.1555537089505
GGTGTTAAATTTGATCCATCTGATCAAGAATTGTTGTCTCATTTGTTGGCTAAACATGATAAAGCTGGTGCTGAACCACATCCATTTATTGATGAATTTATTCCAACTGTTGAAGAAGAT,0.43264987387845394,0.31398975737787477,0.18523715482753952,0.0010109469705737036,0.043774841493210884,0.009326579907301522,0.008631316742320294,0.005379528802725367,302.64500930682357
GGTGTTAAATTTGATCCATCTGATCCAGAAATTATCTTTCACTTCTTTGCTAAATCTGGATTCTCTGGATTCTCTTCTCATCCATTTATTGATGAATTTATTCCAACTGTTAATCAAGAT,0.0005677922613507969,0.004427336295802476,0.007830711468625393,0.04773037747460531,0.2769089240942665,0.43805990784592774,0.19506063220063247,0.029414318358789226,1531.7569340584705
GGTGTTAAATTTGATCCATCTGATCCAGAAATTATTGCTCATGCTGCTGCTAAATCTGGTTTGTCTGGTTTGTCTTCTCATCCATTTATTGATGAATTTATTCCAACTGTTAATCAAGAT,0.08862465935140564,0.08916736216077072,0.18379965281828176,0.06563932665112035,0.20377306043249294,0.2437015239955375,0.054796517555779044,0.07049789703461207,1207.3378235318862
GGTGTTAAATTTGATCCATCTGATCCAGAAATTATTGCTCATGCTTTGGCTAAATCTGGTTTGTCTGGTTTGTCTTCTCATCCATTTATTGATGAATTTATTCCAACTGTTAATCAAGAT,0.00961303441738064,0.06687913420106355,0.2090492553668184,0.2625506715759178,0.2062874477435422,0.1893890150087127,0.047750922134401956,0.008480519552162662,809.3478646145156
GGTGTTAAATTTGATCCATCTGATCCAGAAATTATTGCTCATTTGGCTGCTAAATCTGGTTTGTCTGGTTTGTCTTCTCATCCATTTATTGATGAATTTATTCCAACTGTTAATCAAGAT,0.27422900760471364,0.261637161093626,0.18238471987744742,0.12081310102304561,0.04659086808844785,0.07800821044088808,0.030695384480834354,0.005641547390997009,478.7509783799412
GGTGTTAAATTTGATCCATCTGATCCAGAAATTATTGCTCATTTGTTGGCTAAATCTGGTGCTTCTGGTTTGTCTTCTCATCCATTTATTGATGAATTTATTCCAACTGTTAATCAAGAT,0.08941918711530325,0.10121259971526984,0.055634229798001596,0.12417710421034367,0.11014280550386409,0.16392421954131817,0.24879497891455324,0.10669487520134613,1747.6344183749236
GGTGTTAAATTTGATCCATCTGATCCAGAAATTATTGCTCATTTGTTGGCTAAATCTGGTTTGTCTGGTGCTTCTTCTCATCCATTTATTGATGAATTTATTCCAACTGTTAATCAAGAT,0.053472671571725285,0.09146019946681355,0.05988468235276038,0.10693138333176554,0.17915387393667048,0.15684268644279226,0.12894213880330269,0.2233123640941698,2207.7243181387357
GGTGTTAAATTTGATCCATCTGATCCAGAAATTATTGCTCATTTGTTGGCTAAATCTGGTTTGTCTGGTTTGTCTTCTCATCCAGCTATTGATGAATTTATTCCAACTGTTAATCAAGAT,0.0694000893254536,0.06982506837443107,0.06168411695987508,0.06608669559868331,0.03907845495354757,0.09087499519141468,0.4137748999343443,0.18927567966225037,2509.026681661928
GGTGTTAAATTTGATCCATCTGATCCAGAAATTATTGCTCATTTGTTGGCTAAATCTGGTTTGTCTGGTTTGTCTTCTCATCCATTTATTGATGAAGCTATTCCAACTGTTAATCAAGAT,0.18206047001964532,0.21482253418381256,0.26691638663262973,0.2095396328394851,0.057781013175373645,0.048446290676868266,0.015081554024962087,0.005352118447223294,451.08434757034195
GGTGTTAAATTTGATCCATCTGATCCAGAAATTATTGCTCATTTGTTGGCTAAATCTGGTTTGTCTGGTTTGTCTTCTCATCCATTTATTGATGAATTTATTCCAACTGTTAATCAAGAT,0.2878835474998953,0.2419897994687152,0.16830770609299206,0.06022371491119009,0.0788294526842325,0.017366585212459266,0.018548242068463398,0.12685095206205202,1123.508708640636
GGTGTTAAATTTGATCCATCTGATCCAGAAATTATTTGGCATGCTGCTGCTAAATCTGGTGCTTCTGGTTTGTCTTCTCATCCATTTATTGATGAATTTATTCCAACTGTTAATCAAGAT,0.03459826265530491,0.0069620257813044276,0.04305222977915959,0.05381249450533744,0.0409120217243864,0.019027772627623576,0.2567047574612721,0.5449304354656116,4234.146189677536
GGTGTTAAATTTGATCCATCTGATCCAGAAATTATTTGGCATGCTGCTGCTAAATCTGGTTTGTCTGGTTTGTCTTCTCATCCATTTATTGATGAATTTATTCCAACTGTTAATCAAGAT,0.2299624026681064,0.26570301463387197,0.23815308291992682,0.1499917351275937,0.05409314937219724,0.03535744698036643,0.01788784943955037,0.008851318858387152,440.65778509502127
GGTGTTAAATTTGATCCATCTGATCCAGAAATTATTTGGCATGCTTTGGCTAAATCTGGTGCTTCTGGTTTGTCTTCTCATCCATTTATTGATGAATTTATTCCAACTGTTAATCAAGAT,0.017099915136433542,0.019355206882357517,0.013298888064705083,0.03799485121504152,0.06950776303861168,0.1645756828070664,0.39251729517145967,0.2856503976843246,3141.5408793577967
GGTGTTAAATTTGATCCATCTGATCCAGAAATTATTTGGCATGCTTTGGCTAAATCTGGTTTGTCTGGTGCTTCTTCTCATCCATTTATTGATGAATTTATTCCAACTGTTAATCAAGAT,0.04872391072822399,0.04902227693272035,0.06062943163676815,0.04059795890717967,0.04801285626366845,0.07815604944185757,0.2824306303204204,0.39242688576916135,3428.9898611477024
GGTGTTAAATTTGATCCATCTGATCCAGAAATTATTTGGCATGCTTTGGCTAAATCTGGTTTGTCTGGTTTGTCTTCTCATCCAGCTATTGATGAATTTATTCCAACTGTTAATCAAGAT,0.03998249299254541,0.10520994043942153,0.110985405618222,0.19817793943506717,0.2060871123860607,0.16632630537603466,0.09983531693292905,0.07339548681971954,1275.3692448154272
GGTGTTAAATTTGATCCATCTGATCCAGAAATTATTTGGCATGCTTTGGCTAAATCTGGTTTGTCTGGTTTGTCTTCTCATCCATTTATTGATGAAGCTATTCCAACTGTTAATCAAGAT,0.14100732513867756,0.11034395473104754,0.09747887926075453,0.13924831520128667,0.030877673053110472,0.05744358918097415,0.21796163799112084,0.2056386254430284,2120.7764695654155
GGTGTTAAATTTGATCCATCTGATCCAGAAATTATTTGGCATGCTTTGGCTAAATCTGGTTTGTCTGGTTTGTCTTCTCATCCATTTATTGATGAATTTATTCCAACTGTTAATCAAGAT,0.04732496601592949,0.11110111980156369,0.07851821275949976,0.10515286351924907,0.2720335748116114,0.24581047661991995,0.10241338838805802,0.03764539808416873,1161.1696144207763
GGTGTTAAATTTGATCCATCTGATCCAGAAATTATTTGGCATTTGGCTGCTAAATCTGGTGCTTCTGGTGCTTCTTCTCATCCATTTATTGATGAATTTATTCCAACTGTTAATCAAGAT,0.32633461196981045,0.29143472398458126,0.21546981334933205,0.10811911127760508,0.02557209025547607,0.02023200038042011,0.00816010549227879,0.0046775432904962375,338.5834485884639
GGTGTTAAATTTGATCCATCTGATCCAGAAATTATTTGGCATTTGGCTGCTAAATCTGGTGCTTCTGGTTTGTCTTCTCATCCATTTATTGATGAATTTATTCCAACTGTTAATCAAGAT,0.03991444799478955,0.05067666737930547,0.10643015747228034,0.17843019049395376,0.19104092331186923,0.21777261052843055,0.14543013940420105,0.07030486341517002,1408.420579024754
GGTGTTAAATTTGATCCATCTGATCCAGAAATTATTTGGCATTTGGCTGCTAAATCTGGTTTGTCTGGTGCTTCTTCTCATCCATTTATTGATGAATTTATTCCAACTGTTAATCAAGAT,0.1795726191263069,0.1467962045303582,0.17224315103541876,0.17040547092026684,0.16220601692877384,0.10630237924387718,0.0312270550024343,0.031247103212563878,750.7733044273035
GGTGTTAAATTTGATCCATCTGATCCAGAAATTATTTGGCATTTGGCTGCTAAATCTGGTTTGTCTGGTTTGTCTTCTCATCCAGCTATTGATGAATTTATTCCAACTGTTAATCAAGAT,0.050345854608490864,0.10649809183338253,0.15478670419252463,0.2654888114898874,0.25580034111235933,0.13269267018815206,0.012299595171564332,0.022087931403638857,763.8434350321498
GGTGTTAAATTTGATCCATCTGATCCAGAAATTATTTGGCATTTGGCTGCTAAATCTGGTTTGTCTGGTTTGTCTTCTCATCCATTTATTGATGAAGCTATTCCAACTGTTAATCAAGAT,0.09984693234667688,0.13185159221587672,0.17083575946629403,0.13172528354292967,0.1660328075655565,0.17732045988350695,0.09260285265861365,0.02978431232054544,966.0684612771652
GGTGTTAAATTTGATCCATCTGATCCAGAAATTATTTGGCATTTGGCTGCTAAATCTGGTTTGTCTGGTTTGTCTTCTCATCCATTTATTGATGAATTTATTCCAACTGTTAATCAAGAT,0.3282524977761367,0.2243293049904513,0.16954938112092624,0.13073340366475644,0.05492753167614593,0.04541554898334727,0.017232292737646246,0.029560039050590035,557.5058334937117
GGTGTTAAATTTGATCCATCTGATCCAGAAATTATTTGGCATTTGTTGGCTAAATCTGGTATCTTTCCACATTCTTCTTTGGGTTCTTTGGATGAATTTATTCCAACTGTTAATCAAGAT,0.03980526549568069,0.08009803479831817,0.033021030634086616,0.07370383264170244,0.26149577106560273,0.13378097810187414,0.1722808258848718,0.20581426137786346,2211.634848065926
GGTGTTAAATTTGATCCATCTGATCCAGAAATTATTTGGCATTTGTTGGCTAAATCTGGTGCTTCTGGTGCTTCTTCTCATCCAGCTATTGATGAATTTATTCCAACTGTTAATCAAGAT,0.369758785483869,0.4170574123829377,0.06538377976419928,0.04972714597210634,0.026847777519949864,0.01783804734001154,0.032488304346384944,0.020898747190541456,460.7156247052371
GGTGTTAAATTTGATCCATCTGATCCAGAAATTATTTGGCATTTGTTGGCTAAATCTGGTGCTTCTGGTGCTTCTTCTCATCCATTTATTGATGAATTTATTCCAACTGTTAATCAAGAT,0.0999769688627162,0.16094270205262504,0.04976239967866222,0.1777136331525445,0.15762872114129478,0.09163942953202413,0.1669022186126551,0.095433926967478,1441.6471908103304
GGTGTTAAATTTGATCCATCTGATCCAGAAATTATTTGGCATTTGTTGGCTAAATCTGGTGCTTCTGGTTTGTCTTCTCATCCAGCTATTGATGAATTTATTCCAACTGTTAATCAAGAT,0.08554577380186681,0.17213924543662462,0.2554766183756418,0.22809228619520006,0.03371894316466776,0.14114109278025777,0.06347141570207705,0.020414624543664,760.9940472300812
GGTGTTAAATTTGATCCATCTGATCCAGAAATTATTTGGCATTTGTTGGCTAAATCTGGTGCTTCTGGTTTGTCTTCTCATCCATTTATTGATGAAGCTATTCCAACTGTTAATCAAGAT,0.1510337499044957,0.1987151205748621,0.20239512464517578,0.20006132859866482,0.09158746612205658,0.0692191753699581,0.05926291118502771,0.027725123599759087,728.113724463606
GGTGTTAAATTTGATCCATCTGATCCAGAAATTATTTGGCATTTGTTGGCTAAATCTGGTGCTTCTGGTTTGTCTTCTCATCCATTTATTGATGAATTTATTCCAACTGTTAATCAAGAT,0.20743064051089918,0.10435043237987143,0.19358670594571453,0.25925445516445317,0.1022017463159151,0.07129951695418679,0.0,0.061876502728959705,814.2230516157409
GGTGTTAAATTTGATCCATCTGATCCAGAAATTATTTGGCATTTGTTGGCTAAATCTGGTTTGTCTGGTGCTTCTTCTCATCCAGCTATTGATGAAGCTATTCCAACTGTTAATCAAGAT,0.0593794375287354,0.03865727024745031,0.08258137642573818,0.10089306219556081,0.20651605122491704,0.22731490759412287,0.21380641557594077,0.0708514792075346,1568.8000277692715
GGTGTTAAATTTGATCCATCTGATCCAGAAATTATTTGGCATTTGTTGGCTAAATCTGGTTTGTCTGGTGCTTCTTCTCATCCAGCTATTGATGAATTTATTCCAACTGTTAATCAAGAT,0.15626955872954884,0.3450553442408476,0.20700911249698117,0.17470282982675892,0.042750801267817926,0.0637390275800807,0.009864829516287857,0.0006084963416770636,407.0474599557364
GGTGTTAAATTTGATCCATCTGATCCAGAAATTATTTGGCATTTGTTGGCTAAATCTGGTTTGTCTGGTGCTTCTTCTCATCCATTTATTGATGAAGCTATTCCAACTGTTAATCAAGAT,0.09804372001431377,0.12899613269598395,0.17830822957731068,0.2429826275541151,0.13377172820433406,0.08295452602901171,0.0629518615736115,0.07199117435131921,1059.0430548100378
GGTGTTAAATTTGATCCATCTGATCCAGAAATTATTTGGCATTTGTTGGCTAAATCTGGTTTGTCTGGTGCTTCTTCTCATCCATTTATTGATGAATTTATTCCAACTGTTAATCAAGAT,0.18202095907805219,0.26010561256828013,0.18054121270703427,0.15239701083714705,0.05458923475059138,0.07979371017312108,0.046485290324402885,0.044066969561370954,773.4104527095318
GGTGTTAAATTTGATCCATCTGATCCAGAAATTATTTGGCATTTGTTGGCTAAATCTGGTTTGTCTGGTTTGTCTTCTCATCCAGCTATTGATGAAGCTATTCCAACTGTTAATCAAGAT,0.1388916806805325,0.16029252249842255,0.1626629531531279,0.1769957020546744,0.13283932493921177,0.14603075636397891,0.0530414015173959,0.029245658792655973,823.2651083088767
GGTGTTAAATTTGATCCATCTGATCCAGAAATTATTTGGCATTTGTTGGCTAAATCTGGTTTGTCTGGTTTGTCTTCTCATCCAGCTATTGATGAATTTATTCCAACTGTTAATCAAGAT,0.1710903159564403,0.30984841124496754,0.08515825975344213,0.09503776842215353,0.11801545150509986,0.1097756152415641,0.11107417787633256,0.0,701.722084333892
GGTGTTAAATTTGATCCATCTGATCCAGAAATTATTTGGCATTTGTTGGCTAAATCTGGTTTGTCTGGTTTGTCTTCTCATCCATTTATTGATCAGAATGTTACTCCAATCTTTGAAGAT,0.05484824849514721,0.06578239202321852,0.1197768943869203,0.19531337079905065,0.23516169925917646,0.2580298382836156,0.061985952390539535,0.009101604362331744,910.5454468994003
GGTGTTAAATTTGATCCATCTGATCCAGAAATTATTTGGCATTTGTTGGCTAAATCTGGTTTGTCTGGTTTGTCTTCTCATCCATTTATTGATGAAGCTATTCCAACTGTTAATCAAGAT,0.31164899197558266,0.24281197301131588,0.21171092248455436,0.1296259736478036,0.05289316629403715,0.03776361270013745,0.011006133219595055,0.0025392266669738393,372.9572770406969
GGTGTTAAATTTGATCCATCTGATCCAGAAATTATTTGGCATTTGTTGGCTAAATCTGGTTTGTCTGGTTTGTCTTCTCATCCATTTATTGATGAATTTATTAAGACTGTTAATCAAGAT,0.11491038702005975,0.08992204150386127,0.11121315877431333,0.156030773166641,0.1761409026180432,0.15213969514615336,0.1539393928563153,0.04570364891461279,1184.0157463798466
GGTGTTAAATTTGATCCATCTGATCCAGAAATTATTTGGCATTTGTTGGCTAAATCTGGTTTGTCTGGTTTGTCTTCTCATCCATTTATTGATGAATTTATTACTCCAGTTAATCAAGAT,0.00014401403138799028,0.0008879087012026244,0.00016878456688043734,0.0003348726346944477,0.0015610359214198808,0.017261830474543303,0.3728357995873978,0.6068057540824736,4849.060143460081
GGTGTTAAATTTGATCCATCTGATCCAGAAATTATTTGGCATTTGTTGGCTAAATCTGGTTTGTCTGGTTTGTCTTCTCATCCATTTATTGATGAATTTATTACTGATGTTAATCAAGAT,0.30165859365846487,0.21814481754063342,0.1759536745714365,0.07854667122302826,0.07895871162973293,0.05616444760350522,0.056828830607871285,0.03374425316532743,691.6139979785769
GGTGTTAAATTTGATCCATCTGATCCAGAAATTATTTGGCATTTGTTGGCTAAATCTGGTTTGTCTGGTTTGTCTTCTCATCCATTTATTGATGAATTTATTCCAACTGTTAAGAAAGAT,0.12828332481393942,0.06453444090271078,0.11972168729426359,0.06235180958047746,0.07110630936812307,0.058792594125169476,0.2082082314141416,0.28700160250117446,2603.2843478203654
GGTGTTAAATTTGATCCATCTGATCCAGAAATTATTTGGCATTTGTTGGCTAAATCTGGTTTGTCTGGTTTGTCTTCTCATCCATTTATTGATGAATTTATTCCAACTGTTAATCAAGAT,0.07343042748831455,0.09235010844313767,0.13705935187431048,0.09517516614218466,0.205016649356913,0.1682668158944169,0.11918009968560654,0.10952138111511628,1517.695163746225
GGTGTTAAATTTGATCCATCTGATCCAGAAATTATTTGGCATTTGTTGGCTAAATCTGGTTTGTCTGGTTTGTCTTCTCATCCATTTATTGATGAATTTATTCCAACTGTTAATCAAGCT,0.13484984333080058,0.10552547531377321,0.1864443791618194,0.23304337964983127,0.1624112189381025,0.08240272972125699,0.041688745895038924,0.05363422798937714,906.4091025732654
GGTGTTAAATTTGATCCATCTGATCCAGAAATTATTTGGCATTTGTTGGCTAAATCTGGTTTGTCTGGTTTGTCTTCTCATCCATTTATTGATGAATTTATTCCAACTGTTAGAAGAGAT,0.20237158858081,0.11508438396621624,0.13138455337291,0.09775129109695067,0.19074791061782265,0.16936490038086213,0.040801990300449696,0.0524933816839786,966.0167006817958
GGTGTTAAATTTGATCCATCTGATCCAGAAATTATTTGGCATTTGTTGGCTAAATCTGGTTTGTCTGGTTTGTCTTCTCATCCATTTATTGATGAATTTATTCCAACTGTTGAAGAAGAT,0.022786356976227974,0.06877767518747699,0.08506237606298764,0.1265743479042163,0.20208440975463046,0.29240536990020943,0.14793215231279044,0.054377311901460834,1393.693310718365
GGTGTTAAATTTGATCCATCTGATCCAGAAATTATTTGGCATTTGTTGGCTAAATCTGGTTTGTCTGGTTTGTCTTCTCATCCATTTATTGATGAATTTATTCCAACTGTTGATGATGAT,0.24840455309242954,0.22361771867969976,0.0813424620742745,0.07262342932685616,0.14171441881273578,0.13181992116597116,0.08487770536876522,0.015599791479267846,760.2095836086528
GGTGTTAAATTTGATCCATCTGATCCAGAAATTATTTGGCATTTGTTGGCTAAATCTGGTTTGTCTGGTTTGTCTTCTCATCCATTTATTGATGAATTTATTCCAACTGTTGCTGCTGAT,0.004323813234301155,0.006288147290402849,0.034287326064120736,0.10087580620638203,0.3347371446397202,0.35697898526106586,0.14585873134426042,0.016650045959746836,1292.7792209118902
GGTGTTAAATTTGATCCATCTGATCCAGAAATTATTTGGCATTTGTTGGCTAAATCTGGTTTGTCTGGTTTGTCTTCTCATCCATTTATTGATGAATTTATTCCAGAAGAGAATCAAGAT,0.00033958876553716647,0.01239767739048891,0.007847656490310271,0.1855637303095403,0.38253328077420085,0.34070604044907415,0.05255181937103928,0.018060206449809022,1107.8045988036017
GGTGTTAAATTTGATCCATCTGATCCAGAAATTATTTGGCATTTGTTGGCTAAATCTGGTTTGTCTGGTTTGTCTTCTCATCCATTTATTGATGAATTTATTCCAGAAGTTAATCAAGAT,0.00031801987548702874,0.013058665636538739,0.012712728081119961,0.10535241479012447,0.314064355111541,0.37998681996327516,0.16867278422320475,0.005834212318708818,1294.5383704092035
GGTGTTAAATTTGATCCATCTGATCCAGAAATTATTTGGCATTTGTTGGCTAAATCTGGTTTGTCTGGTTTGTCTTCTCATCCATTTATTGATGAATTTATTCCAGATGATAATCAAGAT,0.1765931476197213,0.10933817544796808,0.06197881719315494,0.11570120285205357,0.19632577518556169,0.16186623270562842,0.1511824504711714,0.027014198524740574,1064.822931199649
GGTGTTAAATTTGATCCATCTGATCCAGAAATTATTTGGCATTTGTTGGCTAAATCTGGTTTGTCTGGTTTGTCTTCTCATCCATTTATTGATGAATTTATTCCAGATGTTAATCAAGAT,0.2952660225711854,0.28009845260896304,0.11547274046672405,0.10309531077146628,0.08728711359191109,0.06959376789837385,0.039120560900615095,0.010066031190761222,525.5596384555895
GGTGTTAAATTTGATCCATCTGATCCAGAAATTATTTGGCATTTGTTGGCTAAATCTGGTTTGTCTGGTTTGTCTTCTCATCCATTTATTGATGAATTTATTCCAGCTGTTAATCAAGAT,0.19690315766361707,0.21887839881755505,0.19364149616653437,0.15877214149988086,0.09388531115489747,0.09751876885655868,0.030927152049747865,0.00947357379120864,567.6616099944202
GGTGTTAAATTTGATCCATCTGATCCAGAAATTATTTGGCATTTGTTGGCTAAATCTGGTTTGTCTGGTTTGTCTTCTCATCCATTTATTGATGAATTTATTCCATATGTTAATCAAGAT,0.11872427714327277,0.11148787837530774,0.13788520491532683,0.11431215832721135,0.0701950016116328,0.04352932541474077,0.20553980750156703,0.19832634671094085,2051.974235138728
GGTGTTAAATTTGATCCATCTGATCCAGAAATTATTTGGCATTTGTTGGCTAAATCTGGTTTGTCTGGTTTGTCTTCTCATCCATTTATTGATGAATTTATTCCATCTGTTAATCAAGAT,0.08164757266112821,0.13348976958831255,0.12276410226383867,0.253225616044372,0.164264425892614,0.12784928524229688,0.08834453855784857,0.028414689749589227,917.9773576429607
GGTGTTAAATTTGATCCATCTGATCCAGAAATTATTTGGCATTTGTTGGCTAAATCTGGTTTGTCTGGTTTGTCTTCTCATCCATTTATTGATGAATTTATTTCTCCAGTTAATCAAGAT,0.3127121719420551,0.13194039643074854,0.05020933179485459,0.044827434112121645,0.06461180187422835,0.11095496726628011,0.18243465621054547,0.10230924036916626,1439.9285940880102
GGTGTTAAATTTGATCCATCTGATCCAGAAATTATTTGGCATTTGTTGGCTAAATCTGGTTTGTCTGGTTTGTCTTCTCATCCATTTATTGATGAATTTATTTCTGAAGTTAATCAAGAT,0.19122395095212866,0.13467645223354008,0.19035909537284207,0.1274659933785005,0.16958998447809936,0.07011076241839462,0.07094011979590796,0.04563364137058676,885.614707986095
GGTGTTAAATTTGATCCATCTGATCCAGAAATTATTTGGCATTTGTTGGCTAAATCTGGTTTGTCTGGTTTGTCTTCTCATCCATTTATTGATGAATTTATTTCTTCTGTTAATCAAGAT,0.12915550061711667,0.27613609675441636,0.14062492969825985,0.21523106944092568,0.11136183128255586,0.07399039331328305,0.014973128758940784,0.03852705013450153,705.870901293769
GGTGTTAAATTTGATCCATCTGATCCAGAAATTATTTGGCATTTGTTGGCTAAATCTGGTTTGTCTGGTTTGTCTTCTCATCCATTTATTGATGCATTTATTCCAACTGTTAATCAAGAT,0.05315963861064001,0.14708421057194707,0.0661490144532284,0.1697933458348137,0.14405559069681834,0.09745282362174752,0.20337408493218076,0.11893129127862423,1674.43041156816
GGTGTTAAATTTGATCCATCTGATCCAGAAATTATTTGGCATTTGTTGGCTAAATCTGGTTTGTCTGGTTTGTCTTCTCATCCATTTATTGATGCATTTATTCCAACTGTTAATCAAGCT,0.17280715389059353,0.22354117383408087,0.17663342100927415,0.15084369578612952,0.08514264266842371,0.09616898203419592,0.0801348375657813,0.014728093211520969,708.113439806958
GGTGTTAAATTTGATCCATCTGATCCAGAAATTATTTGGCATTTGTTGGCTAAATCTGGTTTGTCTGGTTTGTCTTCTCATCCATTTATTGCTGAATTTATTCCAACTGTTAATCAAGAT,0.04876740589226493,0.07359905766624404,0.09102533204302717,0.15350697832913432,0.2162507250563195,0.26820280549976344,0.09045848072135627,0.058189214791890174,1266.852683173567
GGTGTTAAATTTGATCCATCTGATCCAGAAATTATTTGGCATTTGTTGGCTAAATCTGGTTTGTCTGGTTTGTCTTCTCATCCATTTATTGCTGAATTTATTCCAACTGTTAATCAAGCT,0.12459356601929714,0.14142787815947888,0.17888951268277303,0.25554318471000587,0.12277530451177827,0.08784856570353038,0.035555099159909176,0.053366889053227305,880.8600653301505
GGTGTTAAATTTGATCCATCTGATCCAGAAATTATTTGGCATTTGTTGGCTAAATCTGGTTTGTCTGGTTTGTCTTCTCATCCATTTATTGCTGCATTTATTCCAACTGTTAATCAAGAT,0.11022504005740173,0.07393334344273123,0.10667856230149952,0.027212506701145608,0.0965479699954934,0.17961398565036807,0.21581468662165162,0.189973905229709,2169.039787514944
GGTGTTAAATTTGATCCATCTGATCCAGAAGGTTCTAAAGCTTTGTTGCATTGGATTATCTTGTCTGGTTTGTCTTCTCATCCATTTATTGATGAATTTATTCCAACTGTTAATCAAGAT,0.04588177316925437,0.06621610165240699,0.10061904250330761,0.2973851022309055,0.21207205590693673,0.21074584499942461,0.054613150197204856,0.01246692934055943,872.1686655125432
GGTGTTAAATTTGATCCATCTGATCCAGATATTATTTGGCATTTGTTGGCTAAATCTGGTTTGTCTGGTTTGTCTTCTCATCCATTTATTGATGACTTTATTCCAACTGTTAATCAAGAT,0.1230187667512921,0.18089766363471488,0.12952752287236902,0.24180019686524631,0.10257371989099492,0.08673820453974615,0.07898782680168732,0.05645609864394924,982.0325751609689
GGTGTTAAATTTGATCCATCTGATCCAGCTATTATTTGGCATTTGTTGGCTAAATCTGGTTTGTCTGGTTTGTCTTCTCATCCATTTATTGATGAATTTATTCCAACTGTTAATCAAGAT,0.15763917749133338,0.17080484428246231,0.10562341528796176,0.19533929121988447,0.11949127957431621,0.10003356092430757,0.07872424187670242,0.0723441893430318,1085.9225527766885
GGTGTTAAATTTGATCCATCTGATCCAGCTATTATTTGGCATTTGTTGGCTAAATCTGGTTTGTCTGGTTTGTCTTCTCATCCATTTATTGATGAATTTATTCCAACTGTTAATCAAGCT,0.19729443169701522,0.19850258576088028,0.0907292406478091,0.12388854200251367,0.0591698456125294,0.08255791241348281,0.09944584544806127,0.14841159641770835,1525.460586850792
GGTGTTAAATTTGATCCATCTGATCCAGCTATTATTTGGCATTTGTTGGCTAAATCTGGTTTGTCTGGTTTGTCTTCTCATCCATTTATTGATGCATTTATTCCAACTGTTAATCAAGAT,0.2225356642927559,0.16544062796168657,0.23673117435624583,0.26950765437775104,0.053403335711438925,0.008106310386117687,0.010777311820865446,0.033497921093138726,573.6089240975405
GGTGTTAAATTTGATCCATCTGATCCAGCTATTATTTGGCATTTGTTGGCTAAATCTGGTTTGTCTGGTTTGTCTTCTCATCCATTTATTGCTGAATTTATTCCAACTGTTAATCAAGAT,0.2924705123392201,0.25923035808712525,0.21807197186755511,0.11656033126455774,0.05420948615781583,0.03872267402489956,0.010763937917150355,0.009970728341676139,418.78708813483394
GGTGTTAAATTTGATCCATCTGATCCAGCTATTATTTGGCATTTGTTGGCTAAATCTGGTTTGTCTGGTTTGTCTTCTCATCCATTTATTGCTGCATTTATTCCAACTGTTAATCAAGAT,0.010235694831064563,0.012162793527217285,0.045425512269345325,0.16152185227405153,0.31520247329729933,0.2897392955111213,0.1301782606404357,0.03553411764946494,1300.5418485543378
GGTGTTAAATTTGATCCATCTGATCCAGCTATTATTTGGCATTTGTTGGCTAAATCTGGTTTGTCTGGTTTGTCTTCTCATCCATTTATTGCTGCATTTATTCCAACTGTTAATCAAGCT,0.24256467592680464,0.3280432562196509,0.2320123055017924,0.1362395309580142,0.015068312358898373,0.040713849053949154,0.004131463999062531,0.0012266059818279297,341.49345039532693
GGTGTTAAATTTGATCCATCTGATTCTGAAATTATGCATCATTTGTTGGCTAAAGCTGGATTTGAAGGTTTGAAATCTCATCCATTTATTGAAGAATTTATTCCAACTGTTGATGAAGAT,0.07597249012993594,0.18684775021041955,0.13655215629118556,0.13129333652143596,0.09981837648316763,0.06963679470213452,0.07828949488829558,0.2215896007734253,1948.0034566228524
GGTGTTAAATTTGATCCATCTGCTCCAGAAATTATTTGGCATTTGTTGGCTAAATCTGGTTTGTCTGGTTTGTCTTCTCATCCATTTATTGATGAATTTATTCCAACTGTTAATCAAGAT,0.12917068788389577,0.16461812640442727,0.1821641840719565,0.12437035187672532,0.17819988193514652,0.08682560335679515,0.10382590007746637,0.030825264393587088,900.0268113843422
GGTGTTAAATTTGATCCATCTGCTCCAGAAATTATTTGGCATTTGTTGGCTAAATCTGGTTTGTCTGGTTTGTCTTCTCATCCATTTATTGATGAATTTATTCCAACTGTTAATCAAGCT,0.19363994273054433,0.14611928859818651,0.10541790014032532,0.16134555540118925,0.0954070249931835,0.022186427144545155,0.1459176928579201,0.12996616813410583,1484.4366599777616
GGTGTTAAATTTGATCCATCTGCTCCAGAAATTATTTGGCATTTGTTGGCTAAATCTGGTTTGTCTGGTTTGTCTTCTCATCCATTTATTGATGCATTTATTCCAACTGTTAATCAAGAT,0.09125268568655827,0.0887847293655937,0.12727578749056492,0.1548530845399281,0.14328069155565132,0.1544173005450563,0.15159382332724955,0.0885418974893978,1428.8902454570205
GGTGTTAAATTTGATCCATCTGCTCCAGAAATTATTTGGCATTTGTTGGCTAAATCTGGTTTGTCTGGTTTGTCTTCTCATCCATTTATTGCTGAATTTATTCCAACTGTTAATCAAGAT,0.06452187795577295,0.12864591247473992,0.20042347677508637,0.23912884939262866,0.19087362700275565,0.15035863356284163,0.0256111514112645,0.0004364714249102571,644.114544547256
GGTGTTAAATTTGATCCATCTGCTCCAGAAATTATTTGGCATTTGTTGGCTAAATCTGGTTTGTCTGGTTTGTCTTCTCATCCATTTATTGCTGCATTTATTCCAACTGTTAATCAAGCT,0.12922605874145104,0.1944177465379626,0.27327714756430316,0.2325953685335724,0.08901290094315821,0.06601638041718787,0.010052723743318353,0.00540167351904631,487.2577618754424
GGTGTTAAATTTGATCCATCTGCTCCAGCTATTATTTGGCATTTGTTGGCTAAATCTGGTTTGTCTGGTTTGTCTTCTCATCCATTTATTGATGAATTTATTCCAACTGTTAATCAAGAT,0.16330480947112772,0.2641054188638798,0.2930104553433828,0.19308804136716284,0.044975687411511464,0.02531082246792768,0.010021677253272594,0.006183087821735111,411.3906431533624
GGTGTTAAATTTGATCCATCTGCTCCAGCTATTATTTGGCATTTGTTGGCTAAATCTGGTTTGTCTGGTTTGTCTTCTCATCCATTTATTGATGCATTTATTCCAACTGTTAATCAAGCT,0.20742382728266426,0.17888057983710728,0.1369548036259119,0.12227472894806136,0.1334836106662736,0.14356437971973096,0.047112206894196665,0.030305863026054102,791.2436176278788
GGTGTTAAATTTGATCCATCTGCTCCAGCTATTATTTGGCATTTGTTGGCTAAATCTGGTTTGTCTGGTTTGTCTTCTCATCCATTTATTGCTGAATTTATTCCAACTGTTAATCAAGAT,0.11208069637969197,0.16758434338503156,0.17433403890899044,0.2058003376920174,0.09663941172175275,0.14411265173495388,0.041868361107968856,0.05758015906959319,959.3091046976241
GGTGTTAAATTTGATCCATCTGCTCCAGCTATTATTTGGCATTTGTTGGCTAAATCTGGTTTGTCTGGTTTGTCTTCTCATCCATTTATTGCTGAATTTATTCCAACTGTTAATCAAGCT,0.5412986548593909,0.1586465775323193,0.22172535847170416,0.03332710693179648,0.02357358748794833,0.015314570243244887,0.003961976431938583,0.002152168041657387,269.2498816416573
GGTGTTAAATTTGATCCATCTGCTCCAGCTATTATTTGGCATTTGTTGGCTAAATCTGGTTTGTCTGGTTTGTCTTCTCATCCATTTATTGCTGCATTTATTCCAACTGTTAATCAAGAT,0.21647684066562523,0.00247854862374993,0.19312033703661616,0.29249808576461633,0.19420101433140832,0.08608715724362025,0.012566039821460795,0.0025719765129031077,554.436541255662
GGTGTTAAATTTGATCCATCTGCTCCAGCTATTATTTGGCATTTGTTGGCTAAATCTGGTTTGTCTGGTTTGTCTTCTCATCCATTTATTGCTGCATTTATTCCAACTGTTAATCAAGCT,0.13418190516821812,0.14833726994905413,0.23396244686355275,0.19876205941922484,0.11426740873792907,0.08958666262293623,0.045323202596633576,0.03557904464245139,782.7115806646628
GGTGTTAAATTTGCTCCATCTGATCCAGAAATTATTTGGCATTTGTTGGCTAAATCTGGTTTGTCTGGTTTGTCTTCTCATCCATTTATTGATGAATTTATTCCAACTGTTAATCAAGAT,0.20606305759316065,0.10366245364910215,0.1282069304011237,0.046826399938054715,0.10614283987847078,0.09873194910110931,0.1259607100711522,0.18440565936782657,1835.5010124815974
GGTGTTAAATTTGCTCCATCTGATCCAGAAATTATTTGGCATTTGTTGGCTAAATCTGGTTTGTCTGGTTTGTCTTCTCATCCATTTATTGATGAATTTATTCCAACTGTTAATCAAGCT,0.11043843250154962,0.19707094264979028,0.2593183801830656,0.275163909244278,0.09378131084454175,0.05636008782790646,0.006038255919460943,0.0018286808294072393,458.4939169472209
GGTGTTAAATTTGCTCCATCTGATCCAGAAATTATTTGGCATTTGTTGGCTAAATCTGGTTTGTCTGGTTTGTCTTCTCATCCATTTATTGATGCATTTATTCCAACTGTTAATCAAGAT,0.03306438312528521,0.04902484115374078,0.04330900214018276,0.11213356112198311,0.133757095692978,0.06220908908689346,0.21143055918621464,0.355071468492722,3078.808115411222
GGTGTTAAATTTGCTCCATCTGATCCAGAAATTATTTGGCATTTGTTGGCTAAATCTGGTTTGTCTGGTTTGTCTTCTCATCCATTTATTGCTGAATTTATTCCAACTGTTAATCAAGAT,0.23059180702114987,0.253692977576346,0.20086067481918102,0.1755794993189011,0.057030606088765375,0.055984860588732616,0.002810275226791376,0.02344929936013263,522.0519506349797
GGTGTTAAATTTGCTCCATCTGATCCAGAAATTATTTGGCATTTGTTGGCTAAATCTGGTTTGTCTGGTTTGTCTTCTCATCCATTTATTGCTGCATTTATTCCAACTGTTAATCAAGCT,0.039382122691078,0.03896289537602122,0.053905510614710446,0.09552564165359612,0.18174798066968834,0.29058782388287935,0.24349917880855276,0.05638884630347384,1605.9775972480484
GGTGTTAAATTTGCTCCATCTGATCCAGCTATTATTTGGCATTTGTTGGCTAAATCTGGTTTGTCTGGTTTGTCTTCTCATCCATTTATTGATGAATTTATTCCAACTGTTAATCAAGAT,0.05293826252037932,0.04842039615428128,0.06587354587261014,0.12831842999304194,0.1280430958915934,0.16762662700567682,0.31690200429459536,0.0918776382678218,1836.4668688347672
GGTGTTAAATTTGCTCCATCTGATCCAGCTATTATTTGGCATTTGTTGGCTAAATCTGGTTTGTCTGGTTTGTCTTCTCATCCATTTATTGATGCATTTATTCCAACTGTTAATCAAGCT,0.3278950865108355,0.34766935131751275,0.26651684624216965,0.018772105491697205,0.0064501983432484295,0.006697502104042142,0.024000913425206157,0.001997996565288292,316.60670049942667
GGTGTTAAATTTGCTCCATCTGATCCAGCTATTATTTGGCATTTGTTGGCTAAATCTGGTTTGTCTGGTTTGTCTTCTCATCCATTTATTGCTGAATTTATTCCAACTGTTAATCAAGCT,0.07562974050283333,0.09475715575868092,0.09410960887560492,0.1236551306938906,0.1124921277985528,0.10332995575291541,0.19851697044905023,0.19750931016847184,2122.733719654763
GGTGTTAAATTTGCTCCATCTGATCCAGCTATTATTTGGCATTTGTTGGCTAAATCTGGTTTGTCTGGTTTGTCTTCTCATCCATTTATTGCTGCATTTATTCCAACTGTTAATCAAGAT,0.21853541971789156,0.10993682264930597,0.07769537198454149,0.13873453575061276,0.12305497929767137,0.08584746248474968,0.11581729752131073,0.1303781105939165,1492.285834126083
GGTGTTAAATTTGCTCCATCTGATCCAGCTATTATTTGGCATTTGTTGGCTAAATCTGGTTTGTCTGGTTTGTCTTCTCATCCATTTATTGCTGCATTTATTCCAACTGTTAATCAAGCT,0.3800092157208783,0.2736094403526078,0.2287248348158943,0.08231189242531309,0.007207973842380847,0.018269863367064935,0.009291587194734106,0.0005751922811266549,294.0451198985406
GGTGTTAAATTTGCTCCATCTGCTCCAGAAATTATTTGGCATTTGTTGGCTAAATCTGGTTTGTCTGGTTTGTCTTCTCATCCATTTATTGATGAATTTATTCCAACTGTTAATCAAGAT,0.13975748745786487,0.2109199616117423,0.1614848406105668,0.15526582733840125,0.07869596035289347,0.1189522914263126,0.11110099127157562,0.023822639930642937,861.5707830717334
GGTGTTAAATTTGCTCCATCTGCTCCAGAAATTATTTGGCATTTGTTGGCTAAATCTGGTTTGTCTGGTTTGTCTTCTCATCCATTTATTGATGCATTTATTCCAACTGTTAATCAAGCT,0.11343026682459548,0.11931236355615465,0.10906779983597166,0.14320133904230953,0.19306576641629067,0.16068213786831803,0.12432808946642977,0.036912236989930174,1076.004506855741
GGTGTTAAATTTGCTCCATCTGCTCCAGAAATTATTTGGCATTTGTTGGCTAAATCTGGTTTGTCTGGTTTGTCTTCTCATCCATTTATTGCTGAATTTATTCCAACTGTTAATCAAGCT,0.22682443643288075,0.24428478837143883,0.15305008653907282,0.20585446095831497,0.07083198518696691,0.04538847606798028,0.03851806690714453,0.015247699536200756,554.743103087289
GGTGTTAAATTTGCTCCATCTGCTCCAGAAATTATTTGGCATTTGTTGGCTAAATCTGGTTTGTCTGGTTTGTCTTCTCATCCATTTATTGCTGCATTTATTCCAACTGTTAATCAAGAT,0.12778066119601345,0.10518802369508466,0.12286628576644545,0.1871290641123239,0.16025658559198025,0.15439131262952877,0.10773630708571187,0.03465175992291159,1009.1202233474669
GGTGTTAAATTTGCTCCATCTGCTCCAGAAATTATTTGGCATTTGTTGGCTAAATCTGGTTTGTCTGGTTTGTCTTCTCATCCATTTATTGCTGCATTTATTCCAACTGTTAATCAAGCT,0.06391307000025556,0.13640337599923663,0.14701001851602255,0.21516743193994153,0.16413061402553963,0.10651466380142464,0.06286854690845126,0.1039922788091283,1290.9306419729478
GGTGTTAAATTTGCTCCATCTGCTCCAGCTATTATTTGGCATTTGTTGGCTAAATCTGGTTTGTCTGGTTTGTCTTCTCATCCATTTATTGATGAATTTATTCCAACTGTTAATCAAGCT,0.23187758964564523,0.15254068449660876,0.14426804272686988,0.1288040678622666,0.14061149179944,0.11444475043121204,0.06617059737687209,0.021282775661085433,751.9973077369403
GGTGTTAAATTTGCTCCATCTGCTCCAGCTATTATTTGGCATTTGTTGGCTAAATCTGGTTTGTCTGGTTTGTCTTCTCATCCATTTATTGATGCATTTATTCCAACTGTTAATCAAGAT,0.12150621234277009,0.10478594480886787,0.10799702833745393,0.09642091418150035,0.13683772144286335,0.19092557205098218,0.16903606772238883,0.07249053911317338,1390.4648906471848
GGTGTTAAATTTGCTCCATCTGCTCCAGCTATTATTTGGCATTTGTTGGCTAAATCTGGTTTGTCTGGTTTGTCTTCTCATCCATTTATTGATGCATTTATTCCAACTGTTAATCAAGCT,0.044184453748193034,0.05813349042620338,0.05921006417042118,0.07740709984661813,0.10717451333475099,0.17913332782799124,0.2821232072127218,0.1926338434331003,2360.5567052493125
GGTGTTAAATTTGCTCCATCTGCTCCAGCTATTATTTGGCATTTGTTGGCTAAATCTGGTTTGTCTGGTTTGTCTTCTCATCCATTTATTGCTGAATTTATTCCAACTGTTAATCAAGAT,0.04987946531050201,0.054366983320065926,0.036205949516467585,0.06926799226917155,0.1064950189571186,0.08381960996041522,0.2428682435050398,0.35709673716121915,3162.156514533813
GGTGTTAAATTTGCTCCATCTGCTCCAGCTATTATTTGGCATTTGTTGGCTAAATCTGGTTTGTCTGGTTTGTCTTCTCATCCATTTATTGCTGAATTTATTCCAACTGTTAATCAAGCT,0.5056825888718072,0.3122774070132725,0.12022919705648635,0.02753128601588824,0.025587354587535437,0.004654663503010919,0.0031084182739047933,0.000929084678094615,241.10083845144354
GGTGTTAAATTTGCTCCATCTGCTCCAGCTATTATTTGGCATTTGTTGGCTAAATCTGGTTTGTCTGGTTTGTCTTCTCATCCATTTATTGCTGCATTTATTCCAACTGTTAATCAAGAT,0.23737476336264363,0.25529927467455454,0.11543448439029434,0.14549810164650417,0.07528158034794029,0.08252996169166392,0.06579278634194267,0.022789047544456424,690.0412925131204
GGTGTTAAATTTGCTCCATCTGCTCCAGCTATTATTTGGCATTTGTTGGCTAAATCTGGTTTGTCTGGTTTGTCTTCTCATCCATTTATTGCTGCATTTATTCCAACTGTTAATCAAGCT,0.200748569040126,0.1893542577115999,0.12490039757571202,0.162622286366237,0.07830332893443202,0.07666967600753344,0.0775766203800528,0.08982486398430686,1131.510927770691
GGTGTTAACTTTGATCCATCTGATCCAGAAATTATTTGGCATTTGTTGGCTAATTCTGGTTTGTCTGGTTTGTCTTCTCATCCATTTATTGATGAATTTATTCCAACTGTTAATCAAGAT,0.19815927675673464,0.17415087581408586,0.16933726066148957,0.15516471913594204,0.13645193967843197,0.13130158780411635,0.025463834067599812,0.009970506081599667,615.5670406152603
GGTGTTAAGATGGATCCATCTGATCCAGAAATTATTATGCATATGATGGCTAAATCTGGTATGTCTGGTATGTCTTCTCATCCAATGATTGATGAAATGATTCCAACTGTTAATCAAGAT,0.04682342212248477,0.036641228148643144,0.10358144914049883,0.13293804118895328,0.1743070539616805,0.1430620052082092,0.2509074892152955,0.11173931101423479,1805.0925854026787
GGTGTTAAGATTGATCCATCTGATCCAGAAATTATTATTCATATTATTGCTAAATCTGGTATTTCTGGTATTTCTTCTCATCCAATTATTGATGAAATTATTCCAACTGTTAATCAAGAT,0.023959809951350646,0.054239693562254936,0.048448249768261634,0.20962097121415427,0.34234719595636365,0.23883339162188075,0.06110907386830371,0.02144161405743052,1019.7654696609953
GGTGTTAATCAAAGACAATTTGATGAATTTGTTGGTGTTCCACAAGGTAATTCTGCTGAAGTTATTCAATCTACTTTGTTGAATAATTCTTCTGGTGAATATATTGATCCAAGAACTAAT,0.00450012414021718,0.06506583626564216,0.12503875557564068,0.30295068637936384,0.2948581423955232,0.18513523699259263,0.018399734293734347,0.00405148395728587,758.5724074988468
GGTGTTCAAAGAGGTTGTAAGAAGATTATGGTCTTGTATGAAGGTAAATCTGTTAAGACTAATTGGGTTATGCATCAATATCATTTGGGTACTGATGAAGATGAGAAAGATGGTCAATAT,0.07534872821414791,0.08122514400532097,0.09375993219548416,0.17339903893429323,0.15910526430567562,0.18252906378483286,0.18967981896163302,0.044953009598612224,1294.8892476811425
GGTGTTCAAAGAGGTTGTAAGAAGATTATGGTCTTGTATGCTTCTATTGTTAGAGGTGGTAAACCAGAGAAGACTAATTGGGTTATGCATCAATATCATTTGGGTACTGGTGAAGATGAA,0.5070834632234312,0.2940893944380869,0.12595706788087593,0.05622791580313992,0.0023435242872637306,0.002724874340467261,0.005720998158600348,0.005852761868134685,270.1533827840724
GGTGTTCAATTTGATCCATCTGATCCAGAAATTATTTGGCATTTGTTGGCTCAATCTGGTTTGTCTGGTTTGTCTTCTCATCCATTTATTGATGAATTTATTCCAACTGTTAATCAAGAT,0.037033201902197145,0.11177993631183811,0.10752498890334287,0.260569996168772,0.09731401678498046,0.1584092199277872,0.18318066443644007,0.04418797556464209,1240.6378677504788
GGTGTTGAATTTGATCCATCTGATCCAGAAATTATTTGGCATTTGTTGGCTGAATCTGGTTTGTCTGGTTTGTCTTCTCATCCATTTATTGATGAATTTATTCCAACTGTTAATCAAGAT,0.17301937281345608,0.13840697509699545,0.12176580707571116,0.13707395787356397,0.12018458214843657,0.1234925957778183,0.1302146165632088,0.05584209265080958,1118.786090824909
GGTGTTGACTTTGATCCATCTGATCCAGAAATTATTTGGCATTTGTTGGCTGATTCTGGTTTGTCTGGTTTGTCTTCTCATCCATTTATTGATGAATTTATTCCAACTGTTAATCAAGAT,0.12267070912268023,0.18188490032215784,0.18478064088996907,0.19366531049094576,0.10815624481340995,0.06509720938934876,0.08981899120957153,0.05392599376191694,964.0595891519624
GGTGTTGATGGTGCTAAATTGCATCCATTTATTGATGAATTTATTATGACTTTGTATGAAGAAGATGGTATTTGTTATACTCATCCACAGAAATTGCCAGGTGTTAAACAAGATGGTTCT,0.0788653395374363,0.10249152844040953,0.15538170782079802,0.20443900573858936,0.21695274145331492,0.16566090770703906,0.04876234215321766,0.027446427149195055,881.1659506020123
GGTGTTGATGGTTTGTTGGATACTCCATATCACTTTAATCCACATACTGATTACTTCTATACATTTGATGAATATTTGTTGTCTGATCCACCAGCTATCTTTCCAGATTTGAAATTGACT,0.001201690352069327,0.00037480520071725155,0.0003887830124821711,0.0006808689792393704,0.0010657380895029058,0.001195101314389206,0.26860139647173104,0.7264916165798688,5317.70097972131
GGTGTTGATGGTTTGTTGGATACTCCATATCACTTTAATCCACATACTGATTACTTCTATACATTTGATGAATATTTGTTGTCTGCTCCACCAGCTATCTTTCCAGATTTGAAATTGACT,0.0009873340580402437,0.0001610065615708962,0.00014277143360330458,0.00014423996841079665,0.0001547159588239035,0.0012315691115646985,0.3053681299369573,0.6918102329710287,5191.450998222476
GGTGTTGATGTTTATTCTGTTTGGAAGAGAGCTACTGAGAAGATTTCTGATGGTAATAATACTACTGATTCTAATCAGAAACATCATCCATATCATAATCATCCATCTAATGATTCTGGT,0.48111892632269654,0.31396856970444953,0.15287459057311092,0.01699662967734718,0.00045683932239675063,0.011331808288504866,0.012373568546415907,0.010879067565078244,320.5063918801396
GGTGTTGCATTTGATCCATCTGATCCAGAAATTATTTGGCATTTGTTGGCTGCTTCTGGTTTGTCTGGTTTGTCTTCTCATCCATTTATTGATGAATTTATTCCAACTGTTAATCAAGAT,0.05884529063009174,0.05920563621309961,0.13912547857819704,0.15036277964019812,0.27253668807304837,0.17799510680900407,0.09277912505331147,0.04914989500304968,1148.5020744948342
GGTTATCAAGATAGAGAAGAGAATACTAATTCTGGTTCTTTGAAAGATAAACAACCATGTATTGCTGATTATGCTCATTTGGGTCCAGAAGACTTTAAGAGAGATTTGGAAGAATGTCAA,0.5103998098273858,0.27046627403689094,0.1293420889266372,0.05176600671643129,0.012715060158295356,0.012484366874691753,0.005983601450991935,0.00684279200867569,292.3387787203339
GGTTATTATTTGTCTAGGAAGATTGAAGGTTTGGAAATTGAATTGGAAGTTATTCCAGTTATTGATTTGTATAAATTTGATCCATGGGAATTGCCAGGTAAATCATTCTTGCCAAATAGA,0.20341184754178285,0.2338942425961908,0.07231852475549878,0.12913352110753176,0.08590429203810852,0.15981291246370138,0.08085168927027284,0.0346729702269131,886.0701811685001
GGTTCTAAAGATAGAGAAGAGAAGACTAAATCTGGTTCTTTGAAAGATAAGAAACCATGTATTGCTGATTATGCTCATTTGGGTCCAGAAGACTTTAAGAGAGATTTGGAAGAATGTAAA,0.07736647438689674,0.15096288284591544,0.2625564756630215,0.21878570868349445,0.15709529680763598,0.1074462548477811,0.01739476206528528,0.008392144699969588,606.5521282995818
GGTTCTAAAGCTTTGTTGCATTGGATTATCTTGTCTGGTTTGTCTTCTCATCCATTTATTGATGAATTTATTCCAACTGTTAATCAAGATGATGGTATTTGTTATACTCATCCTAAGAAT,0.22549001222222342,0.21043091015600315,0.20332443865068256,0.13433238977439274,0.09660839744939427,0.08087688111200816,0.033339612184583346,0.01559735845071235,585.8294656569525
GGTTCTAAATCTACTAATGAGAATGTTTCTGCTTCTACTTCTACTGCTAAACCAATGGTTGGTCAATTGATCTTTGATAAATTTATTAAGACTGAAGAAGATCCAATTATTAAACAAGAT,0.2803163079644065,0.26860271960161936,0.08305015211699943,0.11863691752720737,0.09207516666528633,0.01223521150377811,0.049519779267359156,0.09556374535334386,1013.3694119203725
GGTTCTAATGAAGTTGATCATACTCCAATGTTTGATGAATTGGACTTTATTATGGATGGTGCTAAAGTTAATTCTAAAGAAGATTGGATTTCTTTGTTTGGTGTTGAAGAAACTGGTGCT,0.1103561524953118,0.05551596524169116,0.09154753389606325,0.10216828468810547,0.12686994283588135,0.06743536353128228,0.20469921888060852,0.24140753843105606,2364.559805892622
GGTTCTAATGAAGTTGATCATGATCCAATGTTTGATGAATTGGACTTTATTATGGATGGTGCTAAAGTTAATTCTAAAGAAGATTGGATTTCTTTGTTTGGTGTTGAAGAAACTGGTGCT,0.20053210683329115,0.19127904366690623,0.1555520672071711,0.15045178078800348,0.13344795994737588,0.11696924399389498,0.03623048015043834,0.015537317412918852,654.5485623835943
GGTTCTAATGAAGTTGATCATGCTCCAATGTTTGATGAATTGGACTTTATTATGGATGGTGCTAAAGTTAATTCTAAAGAAGATTGGATTTCTTTGTTTGGTGTTGAAGAAACTGGTGCT,0.0004850989434768315,0.0005598444264640523,0.00044384647857178834,0.0009669010774151707,0.0011950490785071015,0.0014254773503224684,0.2840482878634063,0.7108754947818364,5258.977825640463
GGTTCTAGAGATAGAGAAGAAAGAACTAGATCTGGTTCTTTGAAAGATAAGAGACCATGTATTGCTGATTATGCTCATTTGGGTCCAGAAGACTTTAAGAGAGATTTGGAAGAATGTAGA,0.11944255218435905,0.06008698586811877,0.22294189682072776,0.0,0.23539892443286167,0.164222532477261,0.05538838700969413,0.1425187212069775,1561.7003056180893
GGTTCTCAACAAAGACAACAGAATACTAATTCTGGTTCTTTGAAACAGAAACAACCATGTATTGCTCAATATGCTCATTTGGGTCCACAACAATTTAAGAGACAATTGCAACAATGTCAA,0.053848632152621825,0.054178380150115606,0.0791893359757381,0.17403346479778545,0.2653139492394382,0.23332847678398846,0.12258445316909801,0.017523307731214438,1084.2502468999564
GGTTCTCAAGAAAGAGAAGAGAATACTAATTCTGGTTCTTTGAAAGAGAAACAACCATGTATTGCTGAATATGCTCATTTGGGTCCAGAAGAATTTAAGAGAGAATTGGAAGAATGTCAA,0.22619039933221233,0.22757550101911722,0.0,0.2512898602223901,0.05572237002862564,0.05183183536222064,0.05244496683540564,0.1349450672000285,1316.0545233356834
GGTTCTCAAGATAATGAAGAGAATACTAATTCTGGTTCTTTGAATGATAATCAACCATGTATTGCTGATTATGCTCATTTGGGTCCAGAAGACTTTAATAATGATTTGGAAGAATGTCAA,0.10901965096133018,0.07312482982390586,0.045219409910758505,0.08074475584123507,0.17904778007654137,0.19985600154761998,0.26962686284142806,0.04336070899718106,1473.2763144908088
GGTTCTCAAGATAGAGAAGAGAATACTAATTCTGGTGCTGCTGCTGCTAAACAACCATGTATTGCTGATTATGCTCATTTGGGTCCAGAAGACTTTAAGAGAGATTTGGAAGAATGTCAA,0.1785058702739082,0.16578366509891534,0.13669118094211682,0.1525492047082666,0.09471583544775979,0.10068888899636781,0.08914496720605511,0.08192038732661022,1146.9494225862304
GGTTCTCAAGATAGAGAAGAGAATACTAATTCTGGTGCTGCTGCTGCTAAACAACCATGTATTGCTGATTATGCTCATTTGGGTCCAGAAGACTTTAAGAGAGATTTGGCTGCTGCTGCT,0.38519280271526307,0.11626547191085847,0.04793133463663464,0.04279361362761622,0.11387144254733131,0.17653490149885911,0.07144927043156599,0.045961162631871194,926.8571180567636
GGTTCTCAAGATAGAGAAGAGAATACTAATTCTGGTGCTGCTGCTGCTAAACAACCATGTATTGCTGATTATGCTCATTTGGGTCCAGAAGACTTTGCTGCTGCTGCTGAAGAATGTCAA,0.094941622843658,0.11657045077129179,0.11013077285032605,0.09117496657453793,0.04281380308860194,0.030974645555681028,0.18506145122207535,0.32833228709382795,2764.3400267947172
GGTTCTCAAGATAGAGAAGAGAATACTAATTCTGGTGCTGCTGCTGCTAAACAACCATGTATTGCTGATTATGCTCATTTGGGTGCTGCTGCTGCTAAGAGAGATTTGGAAGAATGTCAA,0.1477086645909782,0.12384431231534233,0.15316730957704508,0.095724600645446,0.14555307190883923,0.16923819948273866,0.0913280851135011,0.07343575636610948,1195.193516360039
GGTTCTCAAGATAGAGAAGAGAATACTAATTCTGGTGCTGCTGCTGCTAAACAACCATGTATTGCTGATTATGCTGCTGCTGCTCCAGAAGACTTTAAGAGAGATTTGGAAGAATGTCAA,0.049016246499395344,0.09863280570801708,0.06099319865358415,0.10891077400123002,0.14490277746097044,0.13478566868256306,0.2273001356066631,0.1754583933875768,2104.1681651886674
GGTTCTCAAGATAGAGAAGAGAATACTAATTCTGGTGCTGCTGCTGCTAAACAACCATGTGCTGCTGCTGCTGCTCATTTGGGTCCAGAAGACTTTAAGAGAGATTTGGAAGAATGTCAA,0.4449015537934845,0.33983328870257806,0.13830857754037343,0.015215103201209038,0.016852152569020215,0.014135783164464311,0.01761367780236688,0.013139863226503432,360.16839231291357
GGTTCTCAAGATAGAGAAGAGAATACTAATTCTGGTGCTGCTGCTGCTGCTGCTGCTGCTATTGCTGATTATGCTCATTTGGGTCCAGAAGACTTTAAGAGAGATTTGGAAGAATGTCAA,0.19958736320045103,0.2330260783741524,0.22533281754099332,0.1914087387004343,0.08261681669770007,0.05318152882101906,0.008915682175608642,0.005930974489641119,448.8654270994299
GGTTCTCAAGATAGAGAAGAGAATACTAATTCTGGTTCATTTAAAGATAAACAACCATGTATTGCTGACTTTGCTCACTTTGGTCCAGAAGACTTTAAGAGAGACTTTGAAGAATGTCAA,0.06956822626321346,0.12998929341755835,0.024733424104900828,0.09937020767013108,0.10772611047457631,0.1457522556778859,0.13825912012725802,0.284601362264476,2547.1270350158206
GGTTCTCAAGATAGAGAAGAGAATACTAATTCTGGTTCTATGAAAGATAAACAACCATGTATTGCTGATATGGCTCATATGGGTCCAGAAGATATGAAGAGAGATATGGAAGAATGTCAA,0.0798986242453267,0.08038789222288151,0.19884315951460718,0.08876466100172846,0.23619786081745553,0.14647102086660255,0.0741018312202776,0.09533495011112046,1320.599783495554
GGTTCTCAAGATAGAGAAGAGAATACTAATTCTGGTTCTATTAAAGATAAACAACCATGTATTGCTGATATTGCTCATATTGGTCCAGAAGATATTAAGAGAGATATTGAAGAATGTCAA,0.16373862884003912,0.27133861220850874,0.21573275576763934,0.18190806186157862,0.11389348390059542,0.01765690722096215,0.03573155020067655,0.0,452.56377001870146
GGTTCTCAAGATAGAGAAGAGAATACTAATTCTGGTTCTGCTAAAGATAAACAACCATGTATTGCTGATGCTGCTCATGCTGGTCCAGAAGACTTTGATAGAGATGCTGAAGAATGTCAA,0.11920805742121852,0.09595043281498294,0.12855798666314888,0.18541055078058047,0.14096206747511358,0.15297344881282118,0.11055929228519819,0.06637816374693606,1198.828639657054
GGTTCTCAAGATAGAGAAGAGAATACTAATTCTGGTTCTGCTAAAGATAAACAACCATGTATTGCTGATGCTGCTCATGCTGGTCCAGAAGATTGGAAGAGAGATGCTGAAGAATGTCAA,0.20161966619680163,0.10142715315395329,0.12544237095921396,0.16799445694730658,0.07450399538199719,0.1386042560818396,0.07012191988436195,0.12028618139452575,1369.4240312325942
GGTTCTCAAGATAGAGAAGAGAATACTAATTCTGGTTCTGCTAAAGATAAACAACCATGTATTGCTGATGCTGCTCATGCTGGTCCAGAAGATTGGGATAGAGATGCTGAAGAATGTCAA,0.10235219161462238,0.20595791294299365,0.22925087910481462,0.18193570019047853,0.1613736168814606,0.018763314306509758,0.07594108058496017,0.02442530437416036,730.4424577157661
GGTTCTCAAGATAGAGAAGAGAATACTAATTCTGGTTCTGCTAAAGATAAACAACCATGTATTGCTGATTATGCTCATGCTGGTCCAGAAGACTTTAAGAGAGATTTGGAAGAATGTCAA,0.18798546768778265,0.1719423793553143,0.23391907364447612,0.09492976238877428,0.06736076136936586,0.06265763447206552,0.07924853371745573,0.10195638736476542,1182.7604289157098
GGTTCTCAAGATAGAGAAGAGAATACTAATTCTGGTTCTGCTAAAGATAAACAACCATGTATTGCTGATTATGCTCATTTGGGTCCAGAAGATGCTAAGAGAGATTTGGAAGAATGTCAA,0.5313084757434929,0.20038342806304285,0.17145956565377185,0.03375013146487267,0.012437589422776719,0.03132633625553358,0.011739593762354533,0.007594879634154906,329.20670854939135
GGTTCTCAAGATAGAGAAGAGAATACTAATTCTGGTTCTGGTAAAGATAAACAACCATGTATTGCTGATGGTGCTCATGGTGGTCCAGAAGACTTTGATAGAGATGGTGAAGAATGTCAA,0.163943791351024,0.20618464889443228,0.051000723984537005,0.03035599840853523,0.14808866476768903,0.12522647036968174,0.17739092693475655,0.09780877528934422,1471.638118768657
GGTTCTCAAGATAGAGAAGAGAATACTAATTCTGGTTCTGGTAAAGATAAACAACCATGTATTGCTGATGGTGCTCATGGTGGTCCAGAAGATTGGAAGAGAGATGGTGAAGAATGTCAA,0.10461006272103068,0.13532226929864924,0.09297940977861628,0.19923125283553048,0.17671445369014432,0.16437625436762562,0.055440233777777286,0.07132606353062611,1132.8098255745158
GGTTCTCAAGATAGAGAAGAGAATACTAATTCTGGTTCTGGTAAAGATAAACAACCATGTATTGCTGATGGTGCTCATGGTGGTCCAGAAGATTGGGATAGAGATGGTGAAGAATGTCAA,0.11590123559297356,0.1749164542571904,0.12979917542492306,0.18026727716492458,0.10278884338147351,0.13810640792976678,0.07524467054943254,0.08297593569931568,1179.0628941767404
GGTTCTCAAGATAGAGAAGAGAATACTAATTCTGGTTCTGTTAAAGATAAACAACCATGTATTGCTGATGTTGCTCATGTTGGTCCAGAAGATGTTAAGAGAGATGTTGAAGAATGTCAA,0.02400426153658438,0.16574772077850913,0.15320224824863973,0.4342139592350315,0.030330473690157483,0.18773045983863923,0.004308911215574006,0.00046196545686442796,596.9283255731891
GGTTCTCAAGATAGAGAAGAGAATACTAATTCTGGTTCTTATAAAGATAAACAACCATGTATTGCTGATTATGCTCATTATGGTCCAGAAGATTATAAGAGAGATTATGAAGAATGTCAA,0.3139582090737616,0.16723099405989927,0.13788452592438985,0.10258732922084252,0.1273903015369825,0.06771195054149963,0.01712823294647381,0.06610845669615073,836.5229157575995
GGTTCTCAAGATAGAGAAGAGAATACTAATTCTGGTTCTTGGAAAGATAAACAACCATGTATTGCTGATTGGGCTCATTGGGGTCCAGAAGATTGGAAGAGAGATTGGGAAGAATGTCAA,0.1833861193985221,0.19536258111726648,0.1208095890006082,0.09587565051168426,0.07440994493119372,0.009887806312935834,0.1400668023322075,0.18020150639558177,1739.1944311925672
GGTTCTCAAGATAGAGAAGAGAATACTAATTCTGGTTCTTTGAAAGATAAACAACCATGTATTGCTGATGCTGCTCATGCTGGTCCAGAAGACTTTAAGAGAGATTTGGAAGAATGTCAA,0.19449995756324567,0.24837703764751687,0.13032134598851913,0.10804142725249674,0.03685798349154062,0.054855295814174795,0.11100838508287422,0.11603856715963189,1311.3980508604109
GGTTCTCAAGATAGAGAAGAGAATACTAATTCTGGTTCTTTGAAAGATAAACAACCATGTATTGCTGATGCTGCTCATTTGGGTCCAGAAGACTTTAAGAGAGATGCTGAAGAATGTCAA,0.10089146419830547,0.07613196309812996,0.03138598708478285,0.11208699401422327,0.14912865048345622,0.09247766089487101,0.2573219049272141,0.18057537529901718,2154.0596094441
GGTTCTCAAGATAGAGAAGAGAATACTAATTCTGGTTCTTTGAAAGATAAACAACCATGTATTGCTGATGCTGCTCATTTGGGTCCAGAAGACTTTAAGAGAGATTTGGAAGAATGTCAA,0.021682357692043023,0.07635296194549358,0.06745091905421412,0.1565743648880467,0.24570825574779795,0.1391191630119896,0.15081946892040224,0.14229250874001276,1795.1186349625802
GGTTCTCAAGATAGAGAAGAGAATACTAATTCTGGTTCTTTGAAAGATAAACAACCATGTATTGCTGATGCTGCTCATTTGGGTCCAGAAGATGCTAAGAGAGATTTGGAAGAATGTCAA,0.06977092200468887,0.03509908594409908,0.26045762435898945,0.0,0.0687527170854591,0.22383341354591707,0.2588356500657525,0.08325058699509391,1663.503382677451
GGTTCTCAAGATAGAGAAGAGAATACTAATTCTGGTTCTTTGAAAGATAAACAACCATGTATTGCTGATTATGCTCATGCTGGTCCAGAAGACTTTAAGAGAGATGCTGAAGAATGTCAA,0.6365375542919273,0.21184693443935596,0.05145544429506661,0.08039495943652437,0.0010486595449839958,0.018394052128050425,0.00014099727178065182,0.00018139859231082277,226.42658654760078
GGTTCTCAAGATAGAGAAGAGAATACTAATTCTGGTTCTTTGAAAGATAAACAACCATGTATTGCTGATTATGCTCATGCTGGTCCAGAAGACTTTAAGAGAGATTTGGAAGAATGTCAA,0.13200702889018626,0.11510666993927304,0.07300555325392982,0.11732426464119626,0.19367552828189746,0.2285524493051868,0.10882637750419134,0.031502128184138896,1071.7605150987856
GGTTCTCAAGATAGAGAAGAGAATACTAATTCTGGTTCTTTGAAAGATAAACAACCATGTATTGCTGATTATGCTCATGCTGGTCCAGAAGATGCTAAGAGAGATTTGGAAGAATGTCAA,0.2251249123315467,0.151002326261394,0.09337780484597852,0.25010614031095046,0.09859535215276477,0.045855713402328115,0.04639815186540464,0.08953959882963279,1048.8895334449896
GGTTCTCAAGATAGAGAAGAGAATACTAATTCTGGTTCTTTGAAAGATAAACAACCATGTATTGCTGATTATGCTCATTTGGGTCCAGAACAATGTGAAGAATTGGATAGGAAATTTGAT,0.15562471461383884,0.15657769960069998,0.15492086500693286,0.034578755683634006,0.21469503820637667,0.08558787227013831,0.08660031217015407,0.1114147424482254,1343.8872027645014
GGTTCTCAAGATAGAGAAGAGAATACTAATTCTGGTTCTTTGAAAGATAAACAACCATGTATTGCTGATTATGCTCATTTGGGTCCAGAAGACTTTAAGAGAGATTTGGAAGAATGTCAA,0.024679933295740624,0.04138510595114001,0.030710390569846736,0.018279045755240877,0.036479648458480125,0.11687909400361675,0.3929339870678102,0.33865279489812466,3391.4374618218553
GGTTCTCAAGATAGAGAAGAGAATACTAATTCTGGTTCTTTGAAAGATAAACAACCATGTATTGCTGATTATGCTCATTTGGGTCCAGAAGACTTTAAGAGAGATTTGGAAGCTTGTCAA,0.14411069064741708,0.06213992924883815,0.17932364492396521,0.16010208840099202,0.20286800735875382,0.18870376748653958,0.038187198112460075,0.024564673821033924,842.4091207838511
GGTTCTCAAGATAGAGAAGAGAATACTAATTCTGGTTCTTTGAAAGATAAACAACCATGTATTGCTGATTATGCTCATTTGGGTCCAGAAGACTTTAAGAGAGATTTGGCTGAATGTCAA,0.03861855018615144,0.04924649798627953,0.1162257098788881,0.20254631452135427,0.24425979929459035,0.25972232679732193,0.062054520165687084,0.027326281169727285,1031.975651903219
GGTTCTCAAGATAGAGAAGAGAATACTAATTCTGGTTCTTTGAAAGATAAACAACCATGTATTGCTGATTATGCTCATTTGGGTCCAGAAGACTTTAAGAGAGATTTGGCTGCTGCTGCT,0.26919106896246237,0.2527835239627451,0.1228212281256634,0.10965611997922,0.07073669803805356,0.09869679497368837,0.03328810117683469,0.042826464781332535,740.8740245941749
GGTTCTCAAGATAGAGAAGAGAATACTAATTCTGGTTCTTTGAAAGATAAACAACCATGTATTGCTGATTATGCTCATTTGGGTCCAGAAGACTTTAAGAGAGATTTGGCTGCTTGTCAA,0.16942353867636292,0.21916417149498302,0.188233572122286,0.17477924641451667,0.1132882118589049,0.09983219813516916,0.02805920490389496,0.007219856393882277,566.1102905474345
GGTTCTCAAGATAGAGAAGAGAATACTAATTCTGGTTCTTTGAAAGATAAACAACCATGTATTGCTGATTATGCTCATTTGGGTCCAGAAGACTTTAAGAGAGCTTTGGAAGAATGTCAA,0.13388929052397144,0.15848138383593996,0.09800275332140038,0.16624604310640154,0.15521808407686313,0.16603787493649397,0.06573990428562146,0.056384665913308214,1045.6037223316478
GGTTCTCAAGATAGAGAAGAGAATACTAATTCTGGTTCTTTGAAAGATAAACAACCATGTATTGCTGATTATGCTCATTTGGGTCCAGAAGACTTTAAGAGAGCTTTGGAAGCTTGTCAA,0.05550640624803034,0.155128627241077,0.07674356303871215,0.08907272732914234,0.10939274229298344,0.06783662893303533,0.18875748382880378,0.25756182108821546,2417.2914912601973
GGTTCTCAAGATAGAGAAGAGAATACTAATTCTGGTTCTTTGAAAGATAAACAACCATGTATTGCTGATTATGCTCATTTGGGTCCAGAAGACTTTAAGAGAGCTTTGGCTGAATGTCAA,0.17521098704078358,0.25463231547332976,0.16957359405089478,0.04325632502813038,0.1726540380456701,0.08922185380852822,0.07222182477284671,0.023229061779816405,753.4945851583507
GGTTCTCAAGATAGAGAAGAGAATACTAATTCTGGTTCTTTGAAAGATAAACAACCATGTATTGCTGATTATGCTCATTTGGGTCCAGAAGACTTTGATAGAGATTTGGAAGAATGTCAA,0.16649603292373566,0.10237063810055932,0.11509931611571063,0.18497144425452916,0.19141064364610508,0.15261116285118909,0.04289345490785773,0.0441473072003134,924.5298958378949
GGTTCTCAAGATAGAGAAGAGAATACTAATTCTGGTTCTTTGAAAGATAAACAACCATGTATTGCTGATTATGCTCATTTGGGTCCAGAAGACTTTGCTGCTGCTGCTGAAGAATGTCAA,0.5841258419753986,0.11899392097752087,0.060664868060777304,0.17719748423618728,0.009193015289012332,0.045238390400086335,0.002791068682816954,0.0017954103782002882,306.6372065843485
GGTTCTCAAGATAGAGAAGAGAATACTAATTCTGGTTCTTTGAAAGATAAACAACCATGTATTGCTGATTATGCTCATTTGGGTCCAGAAGACTTTGCTGCTGCTGCTGCTGCTGCTGCT,0.09323828746174533,0.13401320332602107,0.14916952806103742,0.1516774123553163,0.1788332062415429,0.17855603534345957,0.07875281315338319,0.035759514057494377,981.7847459224799
GGTTCTCAAGATAGAGAAGAGAATACTAATTCTGGTTCTTTGAAAGATAAACAACCATGTATTGCTGATTATGCTCATTTGGGTCCAGAAGATGCTAAGAGAGATTTGGAAGAATGTCAA,0.12453300420948925,0.056952543500884065,0.1126997947473037,0.16350684165056834,0.21196335488664172,0.10377056739335248,0.1049980948465961,0.12157579876516436,1498.9960399119707
GGTTCTCAAGATAGAGAAGAGAATACTAATTCTGGTTCTTTGAAAGATAAACAACCATGTATTGCTGATTATGCTCATTTGGGTCCAGAAGATTGGAAGAGAGATTTGGAAGAATGTCAA,0.45757413245353407,0.21701761575761835,0.19874842410243093,0.06055912268597259,0.031381780655643426,0.020326043338437873,0.01404319465990538,0.0003496863464573237,303.97468447331346
GGTTCTCAAGATAGAGAAGAGAATACTAATTCTGGTTCTTTGAAAGATAAACAACCATGTATTGCTGATTATGCTCATTTGGGTCCAGAAGATTGGGATAGAGATTTGGAAGAATGTCAA,0.27226496576483034,0.17002688903145424,0.2803795686355083,0.11473270845199658,0.08326292753832834,0.025816503914712054,0.008707297887172396,0.04480913877599772,635.5153475347659
GGTTCTCAAGATAGAGAAGAGAATACTAATTCTGGTTCTTTGAAAGATAAACAACCATGTATTGCTGATTATGCTCATTTGGGTCCAGAAGCATTTAAGAGAGATTTGGAAGAATGTCAA,0.025475984630444145,0.05126397922586797,0.14793778685000608,0.22642363727947545,0.25104199764663,0.21794663409655235,0.039379424679017075,0.04053055559200692,1026.0110908337967
GGTTCTCAAGATAGAGAAGAGAATACTAATTCTGGTTCTTTGAAAGATAAACAACCATGTATTGCTGATTATGCTCATTTGGGTCCAGAAGCATTTAAGAGAGATTTGGAAGCTTGTCAA,0.2619834719619276,0.21215599909374627,0.15902353030529817,0.14197792665642026,0.07555908439483829,0.04685570050785087,0.09481993612655502,0.007624350953363397,626.5289842314288
GGTTCTCAAGATAGAGAAGAGAATACTAATTCTGGTTCTTTGAAAGATAAACAACCATGTATTGCTGATTATGCTCATTTGGGTCCAGAAGCATTTAAGAGAGATTTGGCTGAATGTCAA,0.42904426417606933,0.3095916735408423,0.12302118689515026,0.07274412323564218,0.018600061762226075,0.03382480416336066,0.012932748618772279,0.00024113760793697912,307.4943905838201
GGTTCTCAAGATAGAGAAGAGAATACTAATTCTGGTTCTTTGAAAGATAAACAACCATGTATTGCTGATTATGCTCATTTGGGTCCAGAAGCATTTAAGAGAGCTTTGGAAGAATGTCAA,0.2896671960114337,0.37462681728277736,0.201993768057275,0.07795155050015529,0.025023728809506048,0.02161026968448582,0.008874445929227572,0.0002522237251392244,309.0892739073039
GGTTCTCAAGATAGAGAAGAGAATACTAATTCTGGTTCTTTGAAAGATAAACAACCATGTATTGCTGATTATGCTCATTTGGGTCCAGAAGCATTTAAGAGAGCTTTGGCTGCTTGTCAA,0.26401392906946014,0.32795019807657094,0.2717137616593077,0.08983789818051331,0.005611810887041109,0.031202662991665756,0.00861992320872618,0.0010498159267148498,325.53090889082785
GGTTCTCAAGATAGAGAAGAGAATACTAATTCTGGTTCTTTGAAAGATAAACAACCATGTATTGCTGATTATGCTCATTTGGGTCCAGCTGACTTTAAGAGAGATTTGGAAGAATGTCAA,0.02975001690272061,0.03591863326800182,0.03701933176212318,0.05288201523084714,0.09381074804832502,0.1363451307109034,0.3586907756914448,0.25558334838563396,2863.893365776948
GGTTCTCAAGATAGAGAAGAGAATACTAATTCTGGTTCTTTGAAAGATAAACAACCATGTATTGCTGATTATGCTCATTTGGGTCCAGCTGACTTTAAGAGAGATTTGGAAGCTTGTCAA,0.1981523810642954,0.2537382767501141,0.22415476138627868,0.1200766762403896,0.07100386758519171,0.06604637909094592,0.0668276578827844,0.0,539.6620314264668
GGTTCTCAAGATAGAGAAGAGAATACTAATTCTGGTTCTTTGAAAGATAAACAACCATGTATTGCTGATTATGCTCATTTGGGTCCAGCTGACTTTAAGAGAGATTTGGCTGAATGTCAA,0.07165032775664518,0.12358129094938997,0.08915784023791753,0.18194533353960635,0.13112300620640016,0.1407323085669355,0.151890203208307,0.10991968953479839,1543.3097498159677
GGTTCTCAAGATAGAGAAGAGAATACTAATTCTGGTTCTTTGAAAGATAAACAACCATGTATTGCTGATTATGCTCATTTGGGTCCAGCTGACTTTAAGAGAGCTTTGGAAGAATGTCAA,0.013487095162354181,0.00678484243346962,0.011188413818500094,0.012486420983383874,0.0620212631042083,0.09889875404559696,0.4169527151072101,0.37818049534527687,3681.1726770142077
GGTTCTCAAGATAGAGAAGAGAATACTAATTCTGGTTCTTTGAAAGATAAACAACCATGTATTGCTGATTATGCTCATTTGGGTCCAGCTGCATTTAAGAGAGATTTGGAAGAATGTCAA,0.25179296471642787,0.24482639549109683,0.2596291094789165,0.11668801447240051,0.06730360171559079,0.040619550292291175,0.0034425502024080057,0.015697813630868397,453.42992771373474
GGTTCTCAAGATAGAGAAGAGAATACTAATTCTGGTTCTTTGAAAGATAAACAACCATGTATTGCTGATTATGCTCATTTGGGTCCAGCTGCATTTAAGAGAGCTTTGGCTGAATGTCAA,0.39953566035146665,0.3031442748751693,0.20552256661319632,0.05304847943706078,0.011757862662691005,0.007886629497337337,0.018660429152849475,0.0004440974102290235,294.90020833542565
GGTTCTCAAGATAGAGAAGAGAATACTAATTCTGGTTCTTTGAAAGATAAACAACCATGTATTGCTGATTATGCTCATTTGGGTGCTGCTGCTGCTAAGAGAGATTTGGAAGAATGTCAA,0.46792116947419227,0.3098887820733435,0.16144336927300543,0.02801190582290191,0.019147541866239556,0.0017557933083885615,0.007052416826631523,0.004779021355297232,274.6411355675382
GGTTCTCAAGATAGAGAAGAGAATACTAATTCTGGTTCTTTGAAAGATAAACAACCATGTATTGCTGATTATGCTCATTTGGGTGCTGCTGCTGCTAAGAGAGATTTGGCTGCTGCTGCT,0.1792110673185911,0.22037703834649225,0.049555706346912774,0.11060967561878281,0.09810874610096026,0.07300703646146475,0.22161196372163716,0.047518766085158766,1200.4305767189542
GGTTCTCAAGATAGAGAAGAGAATACTAATTCTGGTTCTTTGAAAGATAAACAACCATGTATTGCTGATTATGCTCATTTGGGTGCTGCTGCTGCTGCTGCTGCTGCTGAAGAATGTCAA,0.06720279688513554,0.1153420762718718,0.1377329395027025,0.14932005501273649,0.2298295370904722,0.14131408318808983,0.1026564158547501,0.05660209619424133,1151.8639556212752
GGTTCTCAAGATAGAGAAGAGAATACTAATTCTGGTTCTTTGAAAGATAAACAACCATGTATTGCTGATTATGCTGCTGCTGCTCCAGAAGACTTTAAGAGAGATTTGGAAGAATGTCAA,0.13253735900514743,0.10910369948807509,0.14992946298700596,0.160630374074117,0.05936507700757191,0.09939637551407715,0.14527089717171754,0.14376675475228787,1644.5305355083856
GGTTCTCAAGATAGAGAAGAGAATACTAATTCTGGTTCTTTGAAAGATAAACAACCATGTATTGCTGATTATGCTGCTGCTGCTCCAGAAGACTTTAAGAGAGATTTGGCTGCTGCTGCT,0.24222613935921233,0.15086774712081807,0.17223615307933174,0.16018156153876464,0.06819748625344328,0.06872226751313175,0.0962795077537753,0.04128913738152295,864.1884859592717
GGTTCTCAAGATAGAGAAGAGAATACTAATTCTGGTTCTTTGAAAGATAAACAACCATGTATTGCTGATTATGCTGCTGCTGCTCCAGAAGACTTTGCTGCTGCTGCTGAAGAATGTCAA,0.07519965195006789,0.056745108942040136,0.03509041112109221,0.0522151638705013,0.08336500045804358,0.1292407632246859,0.2092313341785788,0.35891256625499013,3126.173033502269
GGTTCTCAAGATAGAGAAGAGAATACTAATTCTGGTTCTTTGAAAGATAAACAACCATGTATTGCTGATTATGCTGCTGCTGCTGCTGCTGCTGCTAAGAGAGATTTGGAAGAATGTCAA,0.47793524291604034,0.2812564453286837,0.13557042784201692,0.07500294273789039,0.000565378721021632,0.00040903643743415877,0.012830125918165515,0.01643040009874729,356.2369553625431
GGTTCTCAAGATAGAGAAGAGAATACTAATTCTGGTTCTTTGAAAGATAAACAACCATGTATTGCTGATTTGGCTCATTTGGGTCCAGAAGATTTGAAGAGAGATTTGGAAGAATGTCAA,0.3965385642984419,0.15673696171305376,0.15860295192216273,0.1258688264268011,0.027910832991892204,0.06490524809493078,0.05253842253501994,0.01689819201769765,562.1244732344167
GGTTCTCAAGATAGAGAAGAGAATACTAATTCTGGTTCTTTGAAAGATAAACAACCATGTATTGCTGCTTATGCTCATTTGGGTCCAGAAGACTTTAAGAGAGATTTGGAAGAATGTCAA,0.00033903872270372873,0.0004169181664511766,0.00023437870821713797,0.00012555350638183133,0.000148484865189722,0.000345294137809532,0.2893205070364981,0.7090698248567486,5258.34836726728
GGTTCTCAAGATAGAGAAGAGAATACTAATTCTGGTTCTTTGAAAGATAAACAACCATGTATTGCTGCTTATGCTCATTTGGGTCCAGAAGACTTTAAGAGAGATTTGGAAGCTTGTCAA,0.12898983276175152,0.15861965305027353,0.017834228571149274,0.09553555217346747,0.08473827609896852,0.19705462875070673,0.14621613322018065,0.1710116953735022,1909.125155377791
GGTTCTCAAGATAGAGAAGAGAATACTAATTCTGGTTCTTTGAAAGATAAACAACCATGTATTGCTGCTTATGCTCATTTGGGTCCAGAAGACTTTAAGAGAGATTTGGCTGAATGTCAA,0.0580605015293254,0.06490671263367777,0.052178667999543606,0.14692406378521064,0.21296021887134503,0.25722308459545085,0.13462026178574624,0.07312648879970053,1442.005411114278
GGTTCTCAAGATAGAGAAGAGAATACTAATTCTGGTTCTTTGAAAGATAAACAACCATGTATTGCTGCTTATGCTCATTTGGGTCCAGAAGACTTTAAGAGAGCTTTGGAAGAATGTCAA,0.07066347531480131,0.08125278953859905,0.05024563073017006,0.07850472383933724,0.019894927108817052,0.027758795594601697,0.26214683772965874,0.40953282014401476,3420.309065580951
GGTTCTCAAGATAGAGAAGAGAATACTAATTCTGGTTCTTTGAAAGATAAACAACCATGTATTGCTGCTTATGCTCATTTGGGTCCAGAAGCATTTAAGAGAGATTTGGAAGAATGTCAA,0.021382052877619476,0.053782470551442696,0.07982005305947938,0.04750947073569763,0.07374504542678628,0.02939835769504928,0.24788431722794715,0.4464782324259781,3643.3395261028695
GGTTCTCAAGATAGAGAAGAGAATACTAATTCTGGTTCTTTGAAAGATAAACAACCATGTATTGCTGCTTATGCTCATTTGGGTCCAGCTGACTTTAAGAGAGATTTGGAAGAATGTCAA,0.15054091305723277,0.17310030494673054,0.13380362155907122,0.1433535834472237,0.16953598609894993,0.09856186701743692,0.07978222358273336,0.05132150029062163,975.5771378182885
GGTTCTCAAGATAGAGAAGAGAATACTAATTCTGGTTCTTTGAAAGATAAACAACCATGTATTGCTGCTTATGCTCATTTGGGTCCAGCTGCATTTAAGAGAGCTTTGGAAGAATGTCAA,0.25579690698459495,0.03188571949644541,0.2659072617829856,0.15013846587816826,0.1911670644376446,0.09793575042830605,0.0060884182959364845,0.0010804126959186,510.01481592857556
GGTTCTCAAGATAGAGAAGAGAATACTAATTCTGGTTCTTTGAAAGATAAACAACCATGTATTGCTGCTTATGCTCATTTGGGTCCAGCTGCATTTAAGAGAGCTTTGGCTGCTTGTCAA,0.11174452925138575,0.09993671921475827,0.07724940150614819,0.11724747104030088,0.11011378070870304,0.13656751857164162,0.2878812691494945,0.0592593105575677,1516.8258601472207
GGTTCTCAAGATAGAGAAGAGAATACTAATTCTGGTTCTTTGAAAGATAAACAACCATGTGAACCAGGTTTGCATGCTTATGATGCTATTGACTTTAAGAGAGATTTGGAAGAATGTCAA,0.11939433118395802,0.11567636450669336,0.1265578642321971,0.1424684627561,0.11329446548935293,0.05674536450531126,0.15174392248319293,0.17411922484319448,1821.0631331226036
GGTTCTCAAGATAGAGAAGAGAATACTAATTCTGGTTCTTTGAAAGATAAACAACCATGTGCTGCTGCTGCTGCTCATTTGGGTCCAGAAGACTTTAAGAGAGATTTGGAAGAATGTCAA,0.27262214262715373,0.2786336554041176,0.22659159475559637,0.13844837450513583,0.0403778367008189,0.025069673028072302,0.009440973938966568,0.008815749040138774,393.7523482925129
GGTTCTCAAGATAGAGAAGAGAATACTAATTCTGGTTCTTTGAAAGATAAACAACCATGTGCTGCTGCTGCTGCTCATTTGGGTCCAGAAGACTTTAAGAGAGATTTGGCTGCTGCTGCT,0.190791516145177,0.2506223140619549,0.20185303024076792,0.18983666856752657,0.07850224659882092,0.05397220715465549,0.02891152461701214,0.005510492614085142,490.2622209923585
GGTTCTCAAGATAGAGAAGAGAATACTAATTCTGGTTCTTTGAAAGATAAACAACCATGTGCTGCTGCTGCTGCTCATTTGGGTCCAGAAGACTTTGCTGCTGCTGCTGAAGAATGTCAA,0.12131985667346118,0.17976517346375093,0.148219149566777,0.15438693521337968,0.09563949614606922,0.08491822366384229,0.11047209701979764,0.10527906825292217,1329.5938918458721
GGTTCTCAAGATAGAGAAGAGAATACTAATTCTGGTTCTTTGAAAGATAAACAACCATGTGCTGCTGCTGCTGCTCATTTGGGTGCTGCTGCTGCTAAGAGAGATTTGGAAGAATGTCAA,0.12889406040945312,0.2074933716916057,0.10692592209425683,0.14319692842584358,0.07620782367243183,0.07876332786342645,0.13548156554595972,0.12303700029702275,1472.4359377123942
GGTTCTCAAGATAGAGAAGAGAATACTAATTCTGGTTCTTTGAAAGATAAACAACCATGTGCTGCTGCTGCTGCTGCTGCTGCTCCAGAAGACTTTAAGAGAGATTTGGAAGAATGTCAA,0.1104275519787768,0.13332452062728636,0.05496405861883863,0.17175376964151268,0.021763204559992616,0.12146218853882684,0.3072474862774012,0.07905721975736481,1630.3854104513607
GGTTCTCAAGATAGAGAAGAGAATACTAATTCTGGTTCTTTGAAAGATGCTGCTGCTGCTATTGCTGATTATGCTCATTTGGGTCCAGAAGACTTTAAGAGAGATTTGGAAGAATGTCAA,0.14398704073282162,0.06208661192095589,0.08958489078786398,0.034278153758712765,0.020269394246688933,0.037708371160329685,0.21938798812210528,0.3926975492705219,3214.1408362118245
GGTTCTCAAGATAGAGAAGAGAATACTAATTCTGGTTCTTTGAAAGATGCTGCTGCTGCTATTGCTGATTATGCTCATTTGGGTCCAGAAGACTTTAAGAGAGATTTGGCTGCTGCTGCT,0.017237765061140064,0.06070162841292797,0.07775535819841907,0.18432425739955022,0.2590396262988549,0.23305337094177112,0.131893849815736,0.03599414387160073,1221.2518188070906
GGTTCTCAAGATAGAGAAGAGAATACTAATTCTGGTTCTTTGAAAGATGCTGCTGCTGCTATTGCTGATTATGCTCATTTGGGTCCAGAAGACTTTGCTGCTGCTGCTGAAGAATGTCAA,0.20353049027700107,0.09699955177673854,0.14662564013607854,0.119008142101101,0.09500222813984202,0.15710075490196743,0.07947956910142764,0.10225362356584379,1302.7628517131734
GGTTCTCAAGATAGAGAAGAGAATACTAATTCTGGTTCTTTGAAAGATGCTGCTGCTGCTATTGCTGATTATGCTCATTTGGGTGCTGCTGCTGCTAAGAGAGATTTGGAAGAATGTCAA,0.04402783778772793,0.10336070984206708,0.16435766801367357,0.23704202704476765,0.2391754581447209,0.15728552275651314,0.04397457797570492,0.010776198434824719,782.4422478481222
GGTTCTCAAGATAGAGAAGAGAATACTAATTCTGGTTCTTTGAAAGATGCTGCTGCTGCTATTGCTGATTATGCTGCTGCTGCTCCAGAAGACTTTAAGAGAGATTTGGAAGAATGTCAA,0.45955565417182337,0.2579358897078436,0.08915511911383421,0.10958634132264918,0.05380992256836132,0.018527559631201465,0.011132671530864833,0.00029684195342200503,308.4374788112763
GGTTCTCAAGATAGAGAAGAGAATACTAATTCTGGTTCTTTGAAAGATGCTGCTGCTGCTGCTGCTGCTGCTGCTCATTTGGGTCCAGAAGACTTTAAGAGAGATTTGGAAGAATGTCAA,0.2575785145278773,0.12195568224771534,0.03770787569547803,0.1346639959403196,0.05972224270950697,0.09721676478378731,0.1826811363019572,0.10847378779335824,1486.0594785128708
GGTTCTCAAGATAGAGAAGAGAATACTAATTCTGGTTCTTTGAAAGCTAAACAACCATGTATTGCTGATTATGCTCATTTGGGTCCAGAAGACTTTAAGAGAGATTTGGAAGAATGTCAA,0.21216373437869787,0.24387667455329634,0.25214609494583634,0.17695682448852673,0.06060738765816356,0.03905745021837562,0.009774011866186639,0.005417821890917113,417.7862081817665
GGTTCTCAAGATAGAGAAGAGAATACTAATTCTGGTTCTTTGAAAGCTAAACAACCATGTATTGCTGATTATGCTCATTTGGGTCCAGAAGACTTTAAGAGAGATTTGGAAGCTTGTCAA,0.1410016607148272,0.1891534664391306,0.14036394733033375,0.135761653402885,0.10189222778471532,0.07754573016942173,0.11333549875721954,0.10094581540146684,1297.7678651682409
GGTTCTCAAGATAGAGAAGAGAATACTAATTCTGGTTCTTTGAAAGCTAAACAACCATGTATTGCTGATTATGCTCATTTGGGTCCAGAAGACTTTAAGAGAGATTTGGCTGAATGTCAA,0.08103119156727914,0.08893897630351617,0.082497997660922,0.0654712035450471,0.05807175230911324,0.0742736277564305,0.19812860290324663,0.3515866479544454,2986.7970877140465
GGTTCTCAAGATAGAGAAGAGAATACTAATTCTGGTTCTTTGAAAGCTAAACAACCATGTATTGCTGATTATGCTCATTTGGGTCCAGAAGACTTTAAGAGAGCTTTGGAAGAATGTCAA,0.25794490619170585,0.24098699864544607,0.13755979783931663,0.13646097146760705,0.07262302177911316,0.08444060496772267,0.06265561394537354,0.007328085163715107,586.7372560953385
GGTTCTCAAGATAGAGAAGAGAATACTAATTCTGGTTCTTTGAAAGCTAAACAACCATGTATTGCTGATTATGCTCATTTGGGTCCAGAAGCATTTAAGAGAGATTTGGAAGAATGTCAA,0.47345042767440154,0.3691709812527796,0.0783177383819057,0.07263635019686729,0.0012959475241984758,0.0020665105648744663,0.0026136947804970977,0.0004483496244758583,231.07304466997735
GGTTCTCAAGATAGAGAAGAGAATACTAATTCTGGTTCTTTGAAAGCTAAACAACCATGTATTGCTGATTATGCTCATTTGGGTCCAGCTGACTTTAAGAGAGATTTGGAAGAATGTCAA,0.10262102678176238,0.2194050554954901,0.11971511589680318,0.1353850692513953,0.1959266310174154,0.141094480947676,0.04758784070476987,0.038264779904687726,883.0871865158421
GGTTCTCAAGATAGAGAAGAGAATACTAATTCTGGTTCTTTGAAAGCTAAACAACCATGTATTGCTGCTTATGCTCATTTGGGTCCAGAAGACTTTAAGAGAGATTTGGAAGAATGTCAA,0.21749269865943327,0.20649639597995453,0.17915360410562078,0.1599502741204943,0.09357577466062993,0.09827358269819299,0.034092371990867926,0.010965297784806143,581.9831993660121
GGTTCTCAAGATAGAGAAGAGAATACTAATTCTGGTTCTTTGAAAGCTAAACAACCATGTATTGCTGCTTATGCTCATTTGGGTCCAGCTGCATTTAAGAGAGATTTGGAAGAATGTCAA,0.2640579463942198,0.22139577846126618,0.244824017391944,0.12942327369003,0.030612283002010243,0.03796657875599542,0.01920784735671657,0.05251227494781781,693.720267842519
GGTTCTCAAGATAGAGAAGAGAATACTAATTGTCCACAGAAAGATAAATTGTCTGGTTCTATTGCTGATTATGCTCATTTGGGTCCAGAAGACTTTAAGAGAGATTTGGAAGAATGTCAA,0.03655141464570693,0.03677524123708304,0.18193051110779193,0.16242952670612767,0.07203600004141297,0.26802579232587087,0.06779908376449874,0.17445243017150774,1858.9411397696804
GGTTCTCAAGATAGAGAAGAGAATGCTGCTGCTGCTGCTGCTGCTGCTAAACAACCATGTATTGCTGATTATGCTCATTTGGGTCCAGAAGACTTTAAGAGAGATTTGGAAGAATGTCAA,0.21030288868152097,0.26868437463774075,0.21150667027203526,0.17766416871522697,0.07525234253161296,0.04454283975120964,0.0078239583170805,0.004222757093573022,416.4789379130429
GGTTCTCAAGATAGAGAAGAGAATGCTGCTGCTGCTTCTTTGAAAGATAAACAACCATGTATTGCTGATTATGCTCATTTGGGTCCAGAAGACTTTAAGAGAGATTTGGAAGAATGTCAA,0.03486768705192846,0.12278421103532779,0.10846871776358434,0.2517893133584062,0.1374353759088612,0.15979955118100478,0.08084492960198204,0.10401021409890514,1387.0673523280552
GGTTCTCAAGATAGAGAAGAGAATGCTGCTGCTGCTTCTTTGAAAGATAAACAACCATGTATTGCTGATTATGCTCATTTGGGTCCAGAAGACTTTAAGAGAGATTTGGCTGCTGCTGCT,0.2089772859664072,0.18892656287859624,0.13567313264833894,0.0975772982818155,0.11042492725926892,0.10549114396993847,0.08426765095645646,0.0686619980391783,1051.8096578724203
GGTTCTCAAGATAGAGAAGAGAATGCTGCTGCTGCTTCTTTGAAAGATAAACAACCATGTATTGCTGATTATGCTCATTTGGGTCCAGAAGACTTTGCTGCTGCTGCTGAAGAATGTCAA,0.047787622259419,0.06731235699848359,0.10703585571034803,0.11679893973149354,0.21661506517818388,0.21901196307313409,0.16841805900448018,0.05702013804445767,1380.615012287208
GGTTCTCAAGATAGAGAAGAGAATGCTGCTGCTGCTTCTTTGAAAGATAAACAACCATGTATTGCTGATTATGCTCATTTGGGTGCTGCTGCTGCTAAGAGAGATTTGGAAGAATGTCAA,0.29019876363309344,0.27862222581992585,0.21557855542823146,0.1372334037194746,0.0385304126326132,0.027335209641933273,0.007730243065322204,0.004771186059405904,363.59476881246826
GGTTCTCAAGATAGAGAAGAGAATGCTGCTGCTGCTTCTTTGAAAGATAAACAACCATGTATTGCTGATTATGCTGCTGCTGCTCCAGAAGACTTTAAGAGAGATTTGGAAGAATGTCAA,0.1584708027649772,0.1772807927092152,0.17512909347418568,0.19821654135690012,0.07098097834610723,0.05688315271954017,0.06783390129535068,0.09520473733372384,1132.5704513851722
GGTTCTCAAGATAGAGAAGAGAATGCTGCTGCTGCTTCTTTGAAAGATAAACAACCATGTGCTGCTGCTGCTGCTCATTTGGGTCCAGAAGACTTTAAGAGAGATTTGGAAGAATGTCAA,0.5681100511176951,0.2154257664285468,0.10967517754277266,0.0809325750271787,0.0008188483367800849,0.007972212606438173,0.016800963953802033,0.0002644049867863467,266.1313369853128
GGTTCTCAAGATAGAGAAGAGAATGCTGCTGCTGCTTCTTTGAAAGATGCTGCTGCTGCTATTGCTGATTATGCTCATTTGGGTCCAGAAGACTTTAAGAGAGATTTGGAAGAATGTCAA,0.014452283168649686,0.012463528549471456,0.020552741853264625,0.024083994467048852,0.013224132219295758,0.004731085997948099,0.2786063782555511,0.6318858554887704,4779.26066017374
GGTTCTCAAGATAGAGAAGCTAATACTAATTCTGGTTCTTTGAAAGATAAACAACCATGTATTGCTGATTATGCTCATTTGGGTCCAGAAGACTTTAAGAGAGATTTGGAAGAATGTCAA,0.18014192213663052,0.14096836516726416,0.15774150766009357,0.19271928408075198,0.12491656493618648,0.13454145514830135,0.0371271760821916,0.0318437247885803,784.1200745218932
GGTTCTCAAGATAGAGAAGCTAATACTAATTCTGGTTCTTTGAAAGATAAACAACCATGTATTGCTGATTATGCTCATTTGGGTCCAGAAGACTTTAAGAGAGATTTGGAAGCTTGTCAA,0.11872268479204597,0.1603839873705211,0.2569384533820452,0.20456507099829108,0.1422716665831938,0.09319357703806709,0.017818534998319483,0.006106024837516265,561.7165693043006
GGTTCTCAAGATAGAGAAGCTAATACTAATTCTGGTTCTTTGAAAGATAAACAACCATGTATTGCTGATTATGCTCATTTGGGTCCAGAAGACTTTAAGAGAGATTTGGCTGAATGTCAA,0.1909990145665962,0.24572380656422269,0.1675371430647584,0.1669718758851682,0.05862330465703628,0.06888028648145239,0.03775150613963418,0.06351306264113152,863.2734469875811
GGTTCTCAAGATAGAGAAGCTAATACTAATTCTGGTTCTTTGAAAGATAAACAACCATGTATTGCTGATTATGCTCATTTGGGTCCAGAAGACTTTAAGAGAGCTTTGGAAGAATGTCAA,0.24625198808764623,0.31426401453967295,0.20919519709596598,0.10749410706604409,0.05814133152910564,0.046377477372681115,0.004958622407977773,0.013317261900906253,437.48376124682534
GGTTCTCAAGATAGAGAAGCTAATACTAATTCTGGTTCTTTGAAAGATAAACAACCATGTATTGCTGATTATGCTCATTTGGGTCCAGAAGCATTTAAGAGAGATTTGGAAGAATGTCAA,0.04223549803668481,0.08498826347066493,0.07007413000004284,0.1955091895551202,0.13179391957967257,0.10968764245052655,0.1893276334455647,0.1763837234617234,2007.8286585744643
GGTTCTCAAGATAGAGAAGCTAATACTAATTCTGGTTCTTTGAAAGATAAACAACCATGTATTGCTGATTATGCTCATTTGGGTCCAGCTGACTTTAAGAGAGATTTGGAAGAATGTCAA,0.10551313979516429,0.15923889159670243,0.08205932159872288,0.14652689851686582,0.1299666616245932,0.07253543527789,0.14678694940883424,0.15737270218122726,1731.7611669248222
GGTTCTCAAGATAGAGAAGCTAATACTAATTCTGGTTCTTTGAAAGATAAACAACCATGTATTGCTGCTTATGCTCATTTGGGTCCAGAAGACTTTAAGAGAGATTTGGAAGAATGTCAA,0.48832432162840506,0.3481309580205089,0.10641826168275667,0.0026598928960847304,0.003208615406016423,0.003511282291746874,0.00923732708554734,0.03850934098893404,466.337867967813
GGTTCTCAAGATAGAGAAGCTAATACTAATTCTGGTTCTTTGAAAGCTAAACAACCATGTATTGCTGCTTATGCTCATTTGGGTCCAGCTGACTTTAAGAGAGATTTGGAAGAATGTCAA,0.2562618894338534,0.2512200823847869,0.15535111549016423,0.10219937738043981,0.0582743355336269,0.07829701055371296,0.06703501967045576,0.031361169552960075,722.8726464878814
GGTTCTCAAGATAGAGAAGCTAATACTAATTCTGGTTCTTTGAAAGCTAAACAACCATGTATTGCTGCTTATGCTCATTTGGGTCCAGCTGCATTTAAGAGAGCTTTGGCTGCTTGTCAA,0.3717184752723944,0.2665874603853856,0.19562260087392738,0.08492349118631065,0.021487179863878984,0.011136224080377101,0.02813588508609175,0.020388683251634218,457.624187427157
GGTTCTCAAGATAGAGATGATAATACTAATTCTGGTTCTTTGAAAGATAAACAACCATGTATTGCTGATTATGCTCATTTGGGTCCAGATGACTTTAAGAGAGATTTGGATGATTGTCAA,0.5839036442633689,0.23995631018988972,0.09210150028950399,0.03654631774847697,0.03241591107515628,0.015076316433604195,0.0,0.0,235.97588825555334
GGTTCTCAAGATAGAGCTGAGAATACTAATTCTGGTTCTTTGAAAGATAAACAACCATGTATTGCTGATTATGCTCATTTGGGTCCAGAAGACTTTAAGAGAGATTTGGAAGAATGTCAA,0.38285460725739745,0.3664550920312943,0.15741208806189413,0.0234878001776623,0.04998603999257368,0.013942409128929996,0.004529878949785843,0.0013320844004623823,284.2107579629766
GGTTCTCAAGATAGAGCTGAGAATACTAATTCTGGTTCTTTGAAAGATAAACAACCATGTATTGCTGATTATGCTCATTTGGGTCCAGAAGACTTTAAGAGAGATTTGGAAGCTTGTCAA,0.16262655433324488,0.19634689902312,0.16189103724893117,0.19271742379871573,0.10683550452823525,0.11925150230406695,0.060331078763686125,0.0,618.8876978374414
GGTTCTCAAGATAGAGCTGAGAATACTAATTCTGGTTCTTTGAAAGATAAACAACCATGTATTGCTGATTATGCTCATTTGGGTCCAGAAGACTTTAAGAGAGATTTGGCTGAATGTCAA,0.40139885688556637,0.22225321501924214,0.21496724767468878,0.11169325224106254,0.00046150555256719693,0.036632170231476927,0.010395714773898635,0.0021980376214974506,327.6232712359395
GGTTCTCAAGATAGAGCTGAGAATACTAATTCTGGTTCTTTGAAAGATAAACAACCATGTATTGCTGATTATGCTCATTTGGGTCCAGAAGACTTTAAGAGAGCTTTGGAAGAATGTCAA,0.08169955457181102,0.1369997512391526,0.18638136228859714,0.04538271674923862,0.04025363432280758,0.11232937934328513,0.3157170863305105,0.0812365151545975,1647.2224673837707
GGTTCTCAAGATAGAGCTGAGAATACTAATTCTGGTTCTTTGAAAGATAAACAACCATGTATTGCTGATTATGCTCATTTGGGTCCAGAAGCATTTAAGAGAGATTTGGAAGAATGTCAA,0.10404092856534675,0.17446339097986824,0.08630864903357888,0.13485026576169434,0.0512613014235431,0.11125855643082679,0.1929851333829749,0.14483177442216705,1762.6871370324866
GGTTCTCAAGATAGAGCTGAGAATACTAATTCTGGTTCTTTGAAAGATAAACAACCATGTATTGCTGATTATGCTCATTTGGGTCCAGCTGACTTTAAGAGAGATTTGGAAGAATGTCAA,0.030920882824662002,0.18382242505452756,0.048717133678010824,0.25313413102931026,0.2889402136419625,0.1419267712486809,0.009050318599719921,0.04348812392312596,904.1876715240514
GGTTCTCAAGATAGAGCTGAGAATACTAATTCTGGTTCTTTGAAAGATAAACAACCATGTATTGCTGCTTATGCTCATTTGGGTCCAGAAGACTTTAAGAGAGATTTGGAAGAATGTCAA,0.16489647632421375,0.21182770999939476,0.21119874608769268,0.1798921559960339,0.11898187488510481,0.08391334788359922,0.022371360807481883,0.006918328016479058,539.8268689521235
GGTTCTCAAGATAGAGCTGAGAATACTAATTCTGGTTCTTTGAAAGCTAAACAACCATGTATTGCTGCTTATGCTCATTTGGGTCCAGCTGCATTTAAGAGAGCTTTGGCTGCTTGTCAA,0.04988880296054855,0.05817975972776693,0.07759870162640341,0.14234088049857113,0.2256925276252153,0.29515568905481626,0.12408579099126273,0.027057847515415786,1186.8750520196577
GGTTCTCAAGATAGAGCTGCTAATACTAATTCTGGTTCTTTGAAAGATAAACAACCATGTATTGCTGATTATGCTCATTTGGGTCCAGAAGACTTTAAGAGAGATTTGGAAGAATGTCAA,0.07962935958128066,0.12589810936555323,0.09908652119371585,0.17693103418937886,0.28024030404918526,0.12512348740837034,0.03165090094535453,0.08144028326716124,1147.6089951939807
GGTTCTCAAGATAGAGCTGCTAATACTAATTCTGGTTCTTTGAAAGATAAACAACCATGTATTGCTGATTATGCTCATTTGGGTCCAGCTGACTTTAAGAGAGATTTGGCTGCTTGTCAA,0.16976624824710262,0.09183109164742566,0.031800781759411416,0.030420087506096625,0.03957368451767537,0.11043195216981341,0.3148987856381608,0.211277368514314,2412.4150479572754
GGTTCTCAAGATAGAGCTGCTAATACTAATTCTGGTTCTTTGAAAGATAAACAACCATGTATTGCTGCTTATGCTCATTTGGGTCCAGCTGCATTTAAGAGAGCTTTGGCTGCTTGTCAA,0.11338829888250827,0.19774325055527134,0.20693836801504656,0.10917447961101265,0.0744890412785111,0.1870781886880595,0.08412941439739469,0.027058958572195983,887.7031026476798
GGTTCTCAAGATAGAGCTGCTAATACTAATTCTGGTTCTTTGAAAGCTAAACAACCATGTATTGCTGATTATGCTCATTTGGGTCCAGCTGCATTTAAGAGAGCTTTGGCTGCTTGTCAA,0.1252537408068245,0.20396251061366397,0.24309203117765038,0.2335078122068388,0.1113963963663287,0.0630126945256912,0.011491897734172803,0.008282916568829558,514.7083152572794
GGTTCTCAAGATAGAGCTGCTAATACTAATTCTGGTTCTTTGAAAGCTAAACAACCATGTATTGCTGCTTATGCTCATTTGGGTCCAGAAGACTTTAAGAGAGATTTGGAAGAATGTCAA,0.3463517786969017,0.28192094655092703,0.22240402654669483,0.09609392423357287,0.02491506449909057,0.0180805236939112,0.00605169059760324,0.004182045181298444,323.67888983038
GGTTCTCAAGATAGAGCTGCTAATACTAATTCTGGTTCTTTGAAAGCTAAACAACCATGTATTGCTGCTTATGCTCATTTGGGTCCAGAAGCATTTAAGAGAGCTTTGGCTGCTTGTCAA,0.20083212014626714,0.14432995545204633,0.09520181397506046,0.13280813828462806,0.1507819185180385,0.07451011187674816,0.09313068911546156,0.10840525263174987,1308.351318737903
GGTTCTCAAGATAGAGCTGCTAATACTAATTCTGGTTCTTTGAAAGCTAAACAACCATGTATTGCTGCTTATGCTCATTTGGGTCCAGCTGACTTTAAGAGAGCTTTGGCTGCTTGTCAA,0.3312159769310405,0.3344560113894487,0.1991154000518006,0.039950997517409735,0.09062408973725922,0.0011828351416003399,0.00191492350103265,0.0015397657304081866,299.51658978142365
GGTTCTCAAGATAGAGCTGCTAATACTAATTCTGGTTCTTTGAAAGCTAAACAACCATGTATTGCTGCTTATGCTCATTTGGGTCCAGCTGCATTTAAGAGAGATTTGGCTGCTTGTCAA,0.10881422905893318,0.1618408350842603,0.1707250346535522,0.16293723595269488,0.09790222276142765,0.10841272820521863,0.08775613513239008,0.10161157915152307,1286.7076238572247
GGTTCTCAAGATAGAGCTGCTAATACTAATTCTGGTTCTTTGAAAGCTAAACAACCATGTATTGCTGCTTATGCTCATTTGGGTCCAGCTGCATTTAAGAGAGCTTTGGAAGCTTGTCAA,0.219273426880843,0.2068276609961869,0.13301541758431454,0.16138853674628503,0.11073764353240648,0.10300594366361945,0.033046769281506815,0.03270460131483787,723.0037375239775
GGTTCTCAAGATAGAGCTGCTAATACTAATTCTGGTTCTTTGAAAGCTAAACAACCATGTATTGCTGCTTATGCTCATTTGGGTCCAGCTGCATTTAAGAGAGCTTTGGCTGAATGTCAA,0.062228246780017545,0.07826163533196748,0.04701320007526172,0.11357641680644594,0.0503700954603842,0.059075845137304385,0.17314041700648014,0.41633414340213853,3313.1348674787164
GGTTCTCAAGATAGAGCTGCTAATACTAATTCTGGTTCTTTGAAAGCTAAACAACCATGTATTGCTGCTTATGCTCATTTGGGTCCAGCTGCATTTAAGAGAGCTTTGGCTGCTTGTCAA,0.2977269725533002,0.19585970449230253,0.17098871068295202,0.08905199859662867,0.056419631021192414,0.04198433088593176,0.07965182590723091,0.06831682586046141,931.2921222630382
GGTTCTCAAGATCAAGAAGAGAATACTAATTCTGGTTCTTTGCAAGATCAACAACCATGTATTGCTGATTATGCTCATTTGGGTCCAGAAGACTTTCAACAAGATTTGGAAGAATGTCAA,0.21505374247671166,0.07089470760991723,0.3338879713233061,0.1590695221884687,0.09776435384039489,0.11186462590963775,0.010456157040476678,0.0010089196110869244,497.5119391676825
GGTTCTCAAGATGAAGAAGAGAATACTAATTCTGGTTCTTTGGAAGATGAACAACCATGTATTGCTGATTATGCTCATTTGGGTCCAGAAGACTTTGAAGAAGATTTGGAAGAATGTCAA,0.11465025901042604,0.27684559783227014,0.19973052063526897,0.07642352897271132,0.04519084223074303,0.1261068558200592,0.10633217058238174,0.05472022491613961,1015.9220121769141
GGTTCTCAAGATGATGAAGAGAATACTAATTCTGGTTCTTTGGATGATGATCAACCATGTATTGCTGATTATGCTCATTTGGGTCCAGAAGACTTTGATGATGATTTGGAAGAATGTCAA,0.11186717218195008,0.14211357935586935,0.1922822732407401,0.1893224432380544,0.1743594500302156,0.1540065715293603,0.0300756795254354,0.005972830898374734,666.3950421129625
GGTTCTCAAGATGCTGAAGAGAATACTAATTCTGGTTCTTTGGCTGATGCTCAACCATGTATTGCTGATTATGCTCATTTGGGTCCAGAAGACTTTGCTGCTGATTTGGAAGAATGTCAA,0.06272622424385366,0.1256502464386147,0.18663958059283234,0.2503509184753914,0.21738221071973254,0.1355245605174366,0.017605276551835632,0.004120982460303187,647.0083903321972
GGTTCTCAAGATGCTGCTGCTGCTACTAATTCTGGTGCTGCTGCTGCTAAACAACCATGTATTGCTGATTATGCTCATTTGGGTCCAGAAGACTTTAAGAGAGATTTGGAAGAATGTCAA,0.06730351873274,0.08618356625713858,0.05329475664473284,0.12915150865271968,0.1688179104643934,0.15142279591790428,0.17591238558510092,0.16791355774527028,1971.2073442422475
GGTTCTCAAGATGCTGCTGCTGCTACTAATTCTGGTTCTTTGAAAGATAAACAACCATGTATTGCTGATTATGCTCATTTGGGTCCAGAAGACTTTAAGAGAGATTTGGAAGAATGTCAA,0.21149174104884375,0.2333791081392609,0.12733985055945293,0.12126975458929917,0.06722752494395573,0.10005392097757873,0.08225545518956208,0.05698264455204668,950.9983436625791
GGTTCTCAAGATGCTGCTGCTGCTACTAATTCTGGTTCTTTGAAAGATAAACAACCATGTATTGCTGATTATGCTCATTTGGGTCCAGAAGACTTTAAGAGAGATTTGGCTGCTGCTGCT,0.04664453857397001,0.030169395974126666,0.02902098600493632,0.04071610710741132,0.026265045437389074,0.033592928235372514,0.2688324297500255,0.5247585689167685,4142.138385466607
GGTTCTCAAGATGCTGCTGCTGCTACTAATTCTGGTTCTTTGAAAGATAAACAACCATGTATTGCTGATTATGCTCATTTGGGTCCAGAAGACTTTGCTGCTGCTGCTGAAGAATGTCAA,0.17499556522867443,0.15594520748500315,0.15553938068298662,0.1277578609980946,0.11824577828636076,0.12373859318844904,0.10201671114036817,0.041760902990063214,966.1384892084071
GGTTCTCAAGATGCTGCTGCTGCTACTAATTCTGGTTCTTTGAAAGATAAACAACCATGTATTGCTGATTATGCTCATTTGGGTGCTGCTGCTGCTAAGAGAGATTTGGAAGAATGTCAA,0.18827692435950014,0.19804030685348273,0.14908838429984164,0.07606155481091227,0.14336354772210244,0.07844347525333327,0.09524568279780332,0.07148012390302436,1080.0329405990108
GGTTCTCAAGATGCTGCTGCTGCTACTAATTCTGGTTCTTTGAAAGATAAACAACCATGTATTGCTGATTATGCTGCTGCTGCTCCAGAAGACTTTAAGAGAGATTTGGAAGAATGTCAA,0.11453756005059385,0.04938811857679497,0.06108189472777772,0.08180186372148482,0.17736093774785783,0.20247251022301438,0.16692916136381847,0.14642795358865793,1865.4833540571037
GGTTCTCAAGATGCTGCTGCTGCTACTAATTCTGGTTCTTTGAAAGATAAACAACCATGTGCTGCTGCTGCTGCTCATTTGGGTCCAGAAGACTTTAAGAGAGATTTGGAAGAATGTCAA,0.20032280845166164,0.1710117030043827,0.18128800103246379,0.15511189148439836,0.11365419367945308,0.06676980653221826,0.03940979170590812,0.07243180410951418,946.5711048057879
GGTTCTCAAGATGCTGCTGCTGCTACTAATTCTGGTTCTTTGAAAGATGCTGCTGCTGCTATTGCTGATTATGCTCATTTGGGTCCAGAAGACTTTAAGAGAGATTTGGAAGAATGTCAA,0.3820149851963737,0.3386814818598756,0.19838697987258924,0.070272448866887,0.00039325153643673954,0.0006401407647162532,0.008420270905553709,0.001190440997567686,266.2206729840754
GGTTCTCAAGATGCTGCTGCTGCTGCTGCTGCTGCTTCTTTGAAAGATAAACAACCATGTATTGCTGATTATGCTCATTTGGGTCCAGAAGACTTTAAGAGAGATTTGGAAGAATGTCAA,0.2058016521747105,0.2508074467872943,0.2318653396531229,0.17835020650963632,0.07213411067793903,0.04289584320224321,0.011790191943397048,0.006355209051656719,437.8252247480418
GGTTCTCAAGCTAGAGAAGAGAATACTAATTCTGGTTCTTTGAAAGATAAACAACCATGTATTGCTGATTATGCTCATTTGGGTCCAGAAGACTTTAAGAGAGATTTGGAAGAATGTCAA,0.4231010375145558,0.2784492368264657,0.18612001060988384,0.05157303814214254,0.02132590243625987,0.022998279142884638,0.0119084997609507,0.004523995566856877,321.8251457798496
GGTTCTCAAGCTAGAGAAGAGAATACTAATTCTGGTTCTTTGAAAGATAAACAACCATGTATTGCTGATTATGCTCATTTGGGTCCAGAAGACTTTAAGAGAGATTTGGAAGCTTGTCAA,0.3446546082106729,0.30799026805633795,0.19796908405714653,0.11679385553494226,0.025117338709348017,0.0013973472886139743,0.0031670841482027683,0.00291041399473548,293.3600857912015
GGTTCTCAAGCTAGAGAAGAGAATACTAATTCTGGTTCTTTGAAAGATAAACAACCATGTATTGCTGATTATGCTCATTTGGGTCCAGAAGACTTTAAGAGAGATTTGGCTGAATGTCAA,0.23808663220146906,0.23954458177344629,0.18731421973640655,0.13481282282438778,0.05903143282144094,0.05631780457706405,0.04273800125896854,0.042154504806816845,720.0272779713857
GGTTCTCAAGCTAGAGAAGAGAATACTAATTCTGGTTCTTTGAAAGATAAACAACCATGTATTGCTGATTATGCTCATTTGGGTCCAGAAGACTTTAAGAGAGCTTTGGAAGAATGTCAA,0.39153471249766925,0.28619819416834513,0.2133291664801897,0.05876779112006297,0.01744363339835232,0.01301658551634118,0.008969699190585347,0.010740217628454136,346.8057431859816
GGTTCTCAAGCTAGAGAAGAGAATACTAATTCTGGTTCTTTGAAAGATAAACAACCATGTATTGCTGATTATGCTCATTTGGGTCCAGAAGCATTTAAGAGAGATTTGGAAGAATGTCAA,0.040403976244694204,0.20325697209513077,0.07541482443533479,0.13466234074832434,0.21897886503933722,0.16665526262734176,0.11241777902656024,0.04820997978327665,1139.1782026011615
GGTTCTCAAGCTAGAGAAGAGAATACTAATTCTGGTTCTTTGAAAGATAAACAACCATGTATTGCTGATTATGCTCATTTGGGTCCAGCTGACTTTAAGAGAGATTTGGAAGAATGTCAA,0.08552413859088907,0.11831580065490654,0.11307302361964931,0.1306448228193688,0.10534504804382962,0.11268833793631129,0.12393625639251021,0.21047257194253516,2035.7275558645647
GGTTCTCAAGCTAGAGAAGAGAATACTAATTCTGGTTCTTTGAAAGATAAACAACCATGTATTGCTGATTATGCTCATTTGGGTCCAGCTGCATTTAAGAGAGCTTTGGCTGCTTGTCAA,0.04256984472489648,0.04841711615804111,0.04606229622413356,0.1110372730150603,0.14408432134218563,0.18322317180305403,0.2368879423399242,0.1877180343927048,2255.6306076561627
GGTTCTCAAGCTAGAGAAGAGAATACTAATTCTGGTTCTTTGAAAGATAAACAACCATGTATTGCTGCTTATGCTCATTTGGGTCCAGAAGACTTTAAGAGAGATTTGGAAGAATGTCAA,0.1375055136195533,0.1639674591933308,0.1837789240391852,0.2758238181138497,0.11793415906664076,0.08285850961060642,0.025978177333094585,0.012153439023739221,602.1205828891057
GGTTCTCAAGCTAGAGAAGAGAATACTAATTCTGGTTCTTTGAAAGCTAAACAACCATGTATTGCTGATTATGCTCATTTGGGTCCAGAAGACTTTAAGAGAGATTTGGAAGAATGTCAA,0.16474068883832824,0.08287474824595233,0.10249725630019835,0.0610071055083728,0.13528044882131143,0.10066813665580152,0.25464741174030275,0.0982842038897326,1634.214221742342
GGTTCTCAAGCTAGAGAAGAGAATACTAATTCTGGTTCTTTGAAAGCTAAACAACCATGTATTGCTGCTTATGCTCATTTGGGTCCAGAAGCATTTAAGAGAGCTTTGGAAGAATGTCAA,0.11818038729761025,0.08323285449118423,0.08823441639281265,0.03938832031693811,0.1513924318226653,0.16248717175099464,0.2301729812141569,0.1269114367136379,1827.7080734573997
GGTTCTCAAGCTAGAGAAGAGAATACTAATTCTGGTTCTTTGAAAGCTAAACAACCATGTATTGCTGCTTATGCTCATTTGGGTCCAGCTGCATTTAAGAGAGCTTTGGCTGCTTGTCAA,0.28781139641018844,0.25304220209786504,0.23795158768599356,0.10274785579941212,0.09425938683322808,0.015807646921687377,0.005605964316379865,0.002773959935245619,357.25229304844106
GGTTCTCAAGCTAGAGAAGCTAATACTAATTCTGGTTCTTTGAAAGATAAACAACCATGTATTGCTGATTATGCTCATTTGGGTCCAGAAGACTTTAAGAGAGATTTGGAAGAATGTCAA,0.08047087827256548,0.08096365051034002,0.08010692967879574,0.0894004158124591,0.11101513232071694,0.23603213300743014,0.2836037552042048,0.03840710519348797,1487.9834012671572
GGTTCTCAAGCTAGAGAAGCTAATACTAATTCTGGTTCTTTGAAAGCTAAACAACCATGTATTGCTGATTATGCTCATTTGGGTCCAGCTGCATTTAAGAGAGCTTTGGCTGCTTGTCAA,0.12992439327784422,0.19091995088870545,0.2518060588733854,0.23564373690546433,0.09443608270867392,0.06844865898342732,0.01940618155252601,0.009414936809973394,538.1786671120924
GGTTCTCAAGCTAGAGAAGCTAATACTAATTCTGGTTCTTTGAAAGCTAAACAACCATGTATTGCTGCTTATGCTCATTTGGGTCCAGAAGCATTTAAGAGAGCTTTGGCTGCTTGTCAA,0.48264314947142456,0.24800341202332504,0.15377031287705273,0.09274044176562815,0.012349638679585108,0.00945346076739328,0.000666671592743182,0.00037291282284791197,251.51077509277587
GGTTCTCAAGCTAGAGAAGCTAATACTAATTCTGGTTCTTTGAAAGCTAAACAACCATGTATTGCTGCTTATGCTCATTTGGGTCCAGCTGACTTTAAGAGAGCTTTGGCTGCTTGTCAA,0.20964411789792473,0.17784116773675288,0.135550067352298,0.16668870303878483,0.05265883682453801,0.05275005936304864,0.07243621442308029,0.13243083336357264,1340.5659276519464
GGTTCTCAAGCTAGAGAAGCTAATACTAATTCTGGTTCTTTGAAAGCTAAACAACCATGTATTGCTGCTTATGCTCATTTGGGTCCAGCTGCATTTAAGAGAGATTTGGCTGCTTGTCAA,0.19821640616784927,0.7056203290189351,0.019731992555479406,0.014413856912207902,0.02485938338669646,0.015856252647774745,0.01270135761341154,0.008600421697645662,338.1784054879911
GGTTCTCAAGCTAGAGAAGCTAATACTAATTCTGGTTCTTTGAAAGCTAAACAACCATGTATTGCTGCTTATGCTCATTTGGGTCCAGCTGCATTTAAGAGAGCTTTGGAAGCTTGTCAA,0.18612707663042552,0.18726684617228315,0.11580329554477892,0.11427363748825585,0.10135861283065428,0.1212194014482462,0.12719605155955824,0.046755078325797964,1035.9935991544908
GGTTCTCAAGCTAGAGAAGCTAATACTAATTCTGGTTCTTTGAAAGCTAAACAACCATGTATTGCTGCTTATGCTCATTTGGGTCCAGCTGCATTTAAGAGAGCTTTGGCTGAATGTCAA,0.18759653659852238,0.1321217131776202,0.16340457600182498,0.2292547268104455,0.18485883855889715,0.03439039969230973,0.03479721215186111,0.03357599700851893,717.514838855323
GGTTCTCAAGCTAGAGAAGCTAATACTAATTCTGGTTCTTTGAAAGCTAAACAACCATGTATTGCTGCTTATGCTCATTTGGGTCCAGCTGCATTTAAGAGAGCTTTGGCTGCTTGTCAA,0.15055665812201224,0.19501171685014718,0.23732391043399403,0.18710880241419675,0.1450791655117037,0.06929137826031483,0.011623786940162788,0.004004581467468405,499.80766742075775
GGTTCTCAAGCTAGAGCTGAGAATACTAATTCTGGTTCTTTGAAAGATAAACAACCATGTATTGCTGATTATGCTCATTTGGGTCCAGAAGACTTTAAGAGAGATTTGGAAGAATGTCAA,0.42791308342020257,0.2714114076842398,0.1524171502399728,0.10488847857009233,0.024575058394992882,0.010364743289607917,0.008152837449928993,0.00027724095096270143,284.01335623632554
GGTTCTCAAGCTAGAGCTGAGAATACTAATTCTGGTTCTTTGAAAGATAAACAACCATGTATTGCTGATTATGCTCATTTGGGTCCAGAAGCATTTAAGAGAGCTTTGGCTGCTTGTCAA,0.27637878743827254,0.2889333803742402,0.15314786660611204,0.1367320705988966,0.031915481465985475,0.035624571890990636,0.03604598367570681,0.041221857949795694,654.398918411772
GGTTCTCAAGCTAGAGCTGAGAATACTAATTCTGGTTCTTTGAAAGATAAACAACCATGTATTGCTGCTTATGCTCATTTGGGTCCAGCTGCATTTAAGAGAGCTTTGGCTGCTTGTCAA,0.02216137272425591,0.03180691939290301,0.03322461245587257,0.16282181586749528,0.2576616147078879,0.25281410396125786,0.14167073679089365,0.0978388240994337,1634.3698894793265
GGTTCTCAAGCTAGAGCTGAGAATACTAATTCTGGTTCTTTGAAAGCTAAACAACCATGTATTGCTGATTATGCTCATTTGGGTCCAGCTGCATTTAAGAGAGCTTTGGCTGCTTGTCAA,0.04210338952072595,0.40182637506144314,0.24399334346800633,0.1309712247584635,0.01896637801788999,0.14444506968880103,0.013388129385357474,0.004306090099312593,519.21767453142
GGTTCTCAAGCTAGAGCTGAGAATACTAATTCTGGTTCTTTGAAAGCTAAACAACCATGTATTGCTGCTTATGCTCATTTGGGTCCAGAAGCATTTAAGAGAGCTTTGGCTGCTTGTCAA,0.07736578408918691,0.17513896937085374,0.2066970282490155,0.2692281206248459,0.15135235787702056,0.09594232916384254,0.014772625680228715,0.009502784945006016,598.2718551807436
GGTTCTCAAGCTAGAGCTGAGAATACTAATTCTGGTTCTTTGAAAGCTAAACAACCATGTATTGCTGCTTATGCTCATTTGGGTCCAGCTGACTTTAAGAGAGCTTTGGCTGCTTGTCAA,0.05052128785126938,0.038122995368595744,0.0419106611408307,0.06548200969859376,0.13690600903975902,0.22575191563189337,0.3182294839563429,0.1230756373127152,2083.318822199205
GGTTCTCAAGCTAGAGCTGAGAATACTAATTCTGGTTCTTTGAAAGCTAAACAACCATGTATTGCTGCTTATGCTCATTTGGGTCCAGCTGCATTTAAGAGAGATTTGGCTGCTTGTCAA,0.09539012200219862,0.2163487417593845,0.1810653132153847,0.2370970340586138,0.12745497247136842,0.07557949402496879,0.04198547424117278,0.025078848226908465,709.9001716333141
GGTTCTCAAGCTAGAGCTGAGAATACTAATTCTGGTTCTTTGAAAGCTAAACAACCATGTATTGCTGCTTATGCTCATTTGGGTCCAGCTGCATTTAAGAGAGCTTTGGAAGCTTGTCAA,0.10873566235287677,0.07521354300078693,0.11839174329397893,0.12835173405533715,0.16072323575597008,0.17441846674310119,0.14496711523062678,0.08919849956732219,1440.300214985216
GGTTCTCAAGCTAGAGCTGAGAATACTAATTCTGGTTCTTTGAAAGCTAAACAACCATGTATTGCTGCTTATGCTCATTTGGGTCCAGCTGCATTTAAGAGAGCTTTGGCTGAATGTCAA,0.06517217518847851,0.12369930370594179,0.18981028550005674,0.2841370754087699,0.17114050574250986,0.0988085044208846,0.03528611802921418,0.031946032004144316,801.0196603471236
GGTTCTCAAGCTAGAGCTGAGAATACTAATTCTGGTTCTTTGAAAGCTAAACAACCATGTATTGCTGCTTATGCTCATTTGGGTCCAGCTGCATTTAAGAGAGCTTTGGCTGCTTGTCAA,0.4048458792308846,0.2763054595225714,0.1991083698877174,0.045858051175126056,0.032501538332779516,0.011276101645077152,0.028432759493280457,0.001671840712563505,337.5736018314502
GGTTCTCAAGCTAGAGCTGCTAATACTAATTCTGGTTCTTTGAAAGATAAACAACCATGTATTGCTGATTATGCTCATTTGGGTCCAGAAGACTTTAAGAGAGCTTTGGCTGCTTGTCAA,0.1652484521832736,0.18864157272495075,0.12258493714677662,0.1906464022362482,0.1659683705542405,0.09321084529697546,0.04715672960582741,0.026542690251707406,748.3853268338361
GGTTCTCAAGCTAGAGCTGCTAATACTAATTCTGGTTCTTTGAAAGATAAACAACCATGTATTGCTGATTATGCTCATTTGGGTCCAGCTGCATTTAAGAGAGCTTTGGCTGCTTGTCAA,0.10937870225781052,0.15536258078439968,0.1200926593983397,0.11436802594968835,0.1394832087802758,0.15923187920810564,0.12531203385577713,0.0767709097656031,1286.0533673575562
GGTTCTCAAGCTAGAGCTGCTAATACTAATTCTGGTTCTTTGAAAGATAAACAACCATGTATTGCTGCTTATGCTCATTTGGGTCCAGAAGCATTTAAGAGAGCTTTGGCTGCTTGTCAA,0.0010881167382536551,0.0010513892719260047,0.00584116461109324,0.03517858587206463,0.12468680970598092,0.21650002593157713,0.34957343867245855,0.266080469196646,3008.9636221883143
GGTTCTCAAGCTAGAGCTGCTAATACTAATTCTGGTTCTTTGAAAGATAAACAACCATGTATTGCTGCTTATGCTCATTTGGGTCCAGCTGACTTTAAGAGAGCTTTGGCTGCTTGTCAA,0.011590718789535825,0.06647166620634977,0.02884574255096053,0.4841712656792878,0.06852941484997295,0.11367803512242244,0.15479698600947242,0.07191617079199825,1327.4892432334896
GGTTCTCAAGCTAGAGCTGCTAATACTAATTCTGGTTCTTTGAAAGATAAACAACCATGTATTGCTGCTTATGCTCATTTGGGTCCAGCTGCATTTAAGAGAGATTTGGCTGCTTGTCAA,0.34096598037569514,0.3462198786870767,0.20036525079662265,0.06057829739307027,0.0318492902676604,0.010754206796500267,0.00041691267977808844,0.008850183003596409,324.1403983762017
GGTTCTCAAGCTAGAGCTGCTAATACTAATTCTGGTTCTTTGAAAGATAAACAACCATGTATTGCTGCTTATGCTCATTTGGGTCCAGCTGCATTTAAGAGAGCTTTGGAAGCTTGTCAA,0.07070136935939283,0.09958804371487806,0.13196551065383205,0.18065769252587116,0.13933917183419794,0.22033787359589746,0.09835778129093391,0.059052557024996614,1203.8715468454575
GGTTCTCAAGCTAGAGCTGCTAATACTAATTCTGGTTCTTTGAAAGATAAACAACCATGTATTGCTGCTTATGCTCATTTGGGTCCAGCTGCATTTAAGAGAGCTTTGGCTGAATGTCAA,0.07770149596792125,0.3843717721498444,0.16114598450232048,0.13667923286878875,0.04466440759671928,0.08902701348726061,0.0600534238872784,0.046356669539866814,828.2361684291593
GGTTCTCAAGCTAGAGCTGCTAATACTAATTCTGGTTCTTTGAAAGATAAACAACCATGTATTGCTGCTTATGCTCATTTGGGTCCAGCTGCATTTAAGAGAGCTTTGGCTGCTTGTCAA,0.07491217581150147,0.08008159052122925,0.04660835485331884,0.1612482165385666,0.1937747221884252,0.27895117604328734,0.10855806069801341,0.055865703345657894,1290.6061267054467
GGTTCTCAAGCTAGAGCTGCTAATACTAATTCTGGTTCTTTGAAAGCTAAACAACCATGTATTGCTGATTATGCTCATTTGGGTCCAGAAGACTTTAAGAGAGATTTGGAAGAATGTCAA,0.41070654941035745,0.35898051067150466,0.1507574249086017,0.04510763165790983,0.0232891927987886,0.004913730402822129,0.004993472888793763,0.001251487261221997,262.40275910722744
GGTTCTCAAGCTAGAGCTGCTAATACTAATTCTGGTTCTTTGAAAGCTAAACAACCATGTATTGCTGATTATGCTCATTTGGGTCCAGAAGACTTTAAGAGAGATTTGGCTGCTTGTCAA,0.1539764618338116,0.12541090526627888,0.10036194852634168,0.17106262549599907,0.13005377124505413,0.1276941653006041,0.09520345641722773,0.09623666591468287,1301.6864132619105
GGTTCTCAAGCTAGAGCTGCTAATACTAATTCTGGTTCTTTGAAAGCTAAACAACCATGTATTGCTGATTATGCTCATTTGGGTCCAGAAGCATTTAAGAGAGCTTTGGCTGCTTGTCAA,0.3491827659684815,0.21408624953923783,0.16972827356482256,0.06061409485613551,0.07526902084069041,0.04000785110782035,0.045541252997751074,0.04557049112506061,707.8898002732913
GGTTCTCAAGCTAGAGCTGCTAATACTAATTCTGGTTCTTTGAAAGCTAAACAACCATGTATTGCTGATTATGCTCATTTGGGTCCAGCTGACTTTAAGAGAGCTTTGGCTGCTTGTCAA,0.12327748237591535,0.11517292943268818,0.08765709341651713,0.06195678368219383,0.0867703051364638,0.09685440517736214,0.20416691594606032,0.22414408483279916,2257.7618800039077
GGTTCTCAAGCTAGAGCTGCTAATACTAATTCTGGTTCTTTGAAAGCTAAACAACCATGTATTGCTGATTATGCTCATTTGGGTCCAGCTGCATTTAAGAGAGATTTGGCTGCTTGTCAA,0.36168554078053944,0.06965413087829343,0.3109673224937844,0.19171821372046685,0.0086522772677033,0.04147905812246891,0.009396206878763228,0.006447249857980345,393.4759369602631
GGTTCTCAAGCTAGAGCTGCTAATACTAATTCTGGTTCTTTGAAAGCTAAACAACCATGTATTGCTGATTATGCTCATTTGGGTCCAGCTGCATTTAAGAGAGCTTTGGAAGCTTGTCAA,0.25051076753247176,0.25243299793086865,0.23429902790912113,0.1582399420823613,0.05944996005350202,0.03472375412125628,0.005953755863745593,0.004389794506673254,387.2184913337179
GGTTCTCAAGCTAGAGCTGCTAATACTAATTCTGGTTCTTTGAAAGCTAAACAACCATGTATTGCTGATTATGCTCATTTGGGTCCAGCTGCATTTAAGAGAGCTTTGGCTGAATGTCAA,0.18211292640332072,0.23911860711730248,0.2698478844515293,0.18963369820274584,0.0584026826195189,0.04381782651975264,0.010502619486836817,0.006563755198993189,438.20890172263796
GGTTCTCAAGCTAGAGCTGCTAATACTAATTCTGGTTCTTTGAAAGCTAAACAACCATGTATTGCTGATTATGCTCATTTGGGTCCAGCTGCATTTAAGAGAGCTTTGGCTGCTTGTCAA,0.17859916880180254,0.10092337610129402,0.17657366239216285,0.119594180483357,0.16393847462705238,0.08073121440998207,0.08622432614346522,0.09341559704088388,1220.874226724906
GGTTCTCAAGCTAGAGCTGCTAATACTAATTCTGGTTCTTTGAAAGCTAAACAACCATGTATTGCTGCTTATGCTCATTTGGGTCCAGAAGACTTTAAGAGAGATTTGGAAGCTTGTCAA,0.09604421367384225,0.171790846109918,0.11951228873080295,0.15412491339980436,0.2628960787628728,0.07825301767924361,0.07917869178812956,0.03819994985538651,927.5505100464342
GGTTCTCAAGCTAGAGCTGCTAATACTAATTCTGGTTCTTTGAAAGCTAAACAACCATGTATTGCTGCTTATGCTCATTTGGGTCCAGAAGACTTTAAGAGAGCTTTGGCTGCTTGTCAA,0.029068320128804854,0.02599673170774981,0.042869410030807,0.1363520962369346,0.3140243210063326,0.34341386521955025,0.09286001680810921,0.015415238861711715,1141.24025962708
GGTTCTCAAGCTAGAGCTGCTAATACTAATTCTGGTTCTTTGAAAGCTAAACAACCATGTATTGCTGCTTATGCTCATTTGGGTCCAGAAGCATTTAAGAGAGATTTGGCTGCTTGTCAA,0.21366727667295987,0.19962028510031654,0.08546018940038325,0.12716630131651177,0.08271572342733581,0.0769405134123006,0.07785066158680416,0.13657904908338794,1407.3702677205135
GGTTCTCAAGCTAGAGCTGCTAATACTAATTCTGGTTCTTTGAAAGCTAAACAACCATGTATTGCTGCTTATGCTCATTTGGGTCCAGAAGCATTTAAGAGAGCTTTGGAAGCTTGTCAA,0.08213931989747586,0.10114431850245599,0.06712284173112422,0.05175599878422418,0.019329102385023673,0.02022698798536476,0.2296768951029367,0.4286045356113946,3445.7298922671594
GGTTCTCAAGCTAGAGCTGCTAATACTAATTCTGGTTCTTTGAAAGCTAAACAACCATGTATTGCTGCTTATGCTCATTTGGGTCCAGAAGCATTTAAGAGAGCTTTGGCTGAATGTCAA,0.24466297272923984,0.20513432770233536,0.15222276657837375,0.15100681255024778,0.0803641577418664,0.07475313399196934,0.0756374071196599,0.016218421586307707,671.1381823341849
GGTTCTCAAGCTAGAGCTGCTAATACTAATTCTGGTTCTTTGAAAGCTAAACAACCATGTATTGCTGCTTATGCTCATTTGGGTCCAGAAGCATTTAAGAGAGCTTTGGCTGCTTGTCAA,0.12385772759835062,0.08307745597367273,0.1746715315880356,0.13760173352866056,0.16273360610685317,0.12109723940740884,0.13784594434525962,0.05911476145175883,1186.59763872747
GGTTCTCAAGCTAGAGCTGCTAATACTAATTCTGGTTCTTTGAAAGCTAAACAACCATGTATTGCTGCTTATGCTCATTTGGGTCCAGCTGACTTTAAGAGAGATTTGGAAGAATGTCAA,0.14571430168194535,0.1525501099467924,0.15926677072821466,0.17938458054576176,0.1532896931319329,0.11009883057068616,0.04565623631095591,0.05403947708371068,927.7862447255382
GGTTCTCAAGCTAGAGCTGCTAATACTAATTCTGGTTCTTTGAAAGCTAAACAACCATGTATTGCTGCTTATGCTCATTTGGGTCCAGCTGACTTTAAGAGAGATTTGGCTGCTTGTCAA,0.08504453245499498,0.07914791356776152,0.11376173851214072,0.18187706161511102,0.16341669133085868,0.16175097619850023,0.10845229211834125,0.10654879420229153,1462.5550233838144
GGTTCTCAAGCTAGAGCTGCTAATACTAATTCTGGTTCTTTGAAAGCTAAACAACCATGTATTGCTGCTTATGCTCATTTGGGTCCAGCTGACTTTAAGAGAGCTTTGGAAGCTTGTCAA,0.3633895328683874,0.31763050148853295,0.1546138612214431,0.11206447492646142,0.01339184881612285,0.022940684229341507,0.009472710554141887,0.006496385895569024,341.1715889699466
GGTTCTCAAGCTAGAGCTGCTAATACTAATTCTGGTTCTTTGAAAGCTAAACAACCATGTATTGCTGCTTATGCTCATTTGGGTCCAGCTGACTTTAAGAGAGCTTTGGCTGAATGTCAA,0.14509227207473502,0.16220084499555362,0.13039366341097144,0.170147736070629,0.09531657455207794,0.09605003783365314,0.17194488129220542,0.02885398977017438,1019.0505898339131
GGTTCTCAAGCTAGAGCTGCTAATACTAATTCTGGTTCTTTGAAAGCTAAACAACCATGTATTGCTGCTTATGCTCATTTGGGTCCAGCTGACTTTAAGAGAGCTTTGGCTGCTTGTCAA,0.37012132120903973,0.27782610411035763,0.19623642656632795,0.06900114838908104,0.04681963675495846,0.024140912133090713,0.015606294325919574,0.0002481565112249097,329.453599542079
GGTTCTCAAGCTAGAGCTGCTAATACTAATTCTGGTTCTTTGAAAGCTAAACAACCATGTATTGCTGCTTATGCTCATTTGGGTCCAGCTGCATTTAAGAGAGATTTGGAAGCTTGTCAA,0.24640560997245303,0.19940949051074439,0.1266449038941579,0.13687413672462717,0.12140483960902464,0.0932886421952443,0.02484004641802219,0.05113233067572639,802.1544294460082
GGTTCTCAAGCTAGAGCTGCTAATACTAATTCTGGTTCTTTGAAAGCTAAACAACCATGTATTGCTGCTTATGCTCATTTGGGTCCAGCTGCATTTAAGAGAGATTTGGCTGAATGTCAA,0.02828779734306517,0.06384499253519851,0.10750216474672068,0.21913810983802323,0.29607747082008024,0.23195717624573206,0.0340351982335741,0.019157090237605878,916.8347674433047
GGTTCTCAAGCTAGAGCTGCTAATACTAATTCTGGTTCTTTGAAAGCTAAACAACCATGTATTGCTGCTTATGCTCATTTGGGTCCAGCTGCATTTAAGAGAGATTTGGCTGCTTGTCAA,0.10871412284588562,0.22969767593961754,0.08116682812019543,0.2053220940639106,0.14997863813524775,0.08968315684801625,0.0705786984561286,0.06485878559099807,1030.3059382077488
GGTTCTCAAGCTAGAGCTGCTAATACTAATTCTGGTTCTTTGAAAGCTAAACAACCATGTATTGCTGCTTATGCTCATTTGGGTCCAGCTGCATTTAAGAGAGCTTTGGAAGAATGTCAA,0.06512216804071318,0.054600792308421464,0.06752878918945625,0.07234851944487151,0.11764830900217009,0.1293312169148091,0.2214572589317608,0.27196294616779765,2650.3331200219204
GGTTCTCAAGCTAGAGCTGCTAATACTAATTCTGGTTCTTTGAAAGCTAAACAACCATGTATTGCTGCTTATGCTCATTTGGGTCCAGCTGCATTTAAGAGAGCTTTGGAAGCTTGTCAA,0.08014948954351327,0.13573118745320953,0.16688121375707396,0.2159962786156939,0.17907306756053748,0.12656424907058783,0.04636706172222839,0.049237452277155584,948.2142454938881
GGTTCTCAAGCTAGAGCTGCTAATACTAATTCTGGTTCTTTGAAAGCTAAACAACCATGTATTGCTGCTTATGCTCATTTGGGTCCAGCTGCATTTAAGAGAGCTTTGGCTGAATGTCAA,0.1509985656377542,0.10851658706758437,0.0671051959306086,0.09585959076933642,0.11691032700654555,0.0889753504185174,0.2300712019358784,0.1415631812337749,1824.6227141615914
GGTTCTCAAGCTAGAGCTGCTAATACTAATTCTGGTTCTTTGAAAGCTAAACAACCATGTATTGCTGCTTATGCTCATTTGGGTCCAGCTGCATTTAAGAGAGCTTTGGCTGCTTGTCAA,0.4469026482716653,0.29602103943323915,0.18676837360814263,0.008005944972785393,0.03750282069652417,0.01124969475751718,0.008041039464928472,0.0055084387951977246,301.3982683034141
GGTTCTCAAGGTGGTGGTGGTAATACTAATTCTGGTTCTGCTGGTGGTGGTCAACCATGTATTGCTGGTGCTGCTGGTGCTGGTCCAGGTGGTTGGGATGGTGGTGCTGGTGGTTGTCAA,0.25364715051940667,0.13650253238337187,0.1247819625338807,0.1966000320907068,0.08137761768577569,0.07028898888568483,0.08753286713566055,0.049268848765512935,904.7547046314523
GGTTCTCAAGGTGGTGGTGGTAATACTAATTCTGGTTCTGGTGGTGGTGGTCAACCATGTATTGCTGGTGGTGCTGGTGGTGGTCCAGGTGGTTGGGATGGTGGTGGTGGTGGTTGTCAA,0.19800873557893933,0.16406457015601,0.11594893776780962,0.09489375946309976,0.0879948822239168,0.08540982412825546,0.13323107669035014,0.12044821399161884,1447.81263858613
GGTTCTCAAGGTGGTGGTGGTAATACTAATTCTGGTTCTTTGGGTGGTGGTCAACCATGTATTGCTGGTTATGCTGGTTTGGGTCCAGGTGGTTGGGATGGTGGTTTGGGTGGTTGTCAA,0.20991516075543426,0.232607083955299,0.1614599898362668,0.21223482757109022,0.059648900063868,0.11412718513440515,0.007503935104660765,0.002502917578975856,479.0464445340606
GGTTCTCAATTTATCTTAAATTCTCAACAATTGGTTGAAGCTTTGGCTTTGTGTGATGATTTGTTGCAAGTTGGTGATCAAGATGCTAATAATGGTGGTGGTGGTGGTGGTTTGAGAAAT,0.011999892391971528,0.052215424568426476,0.12801595996517315,0.2463350586175684,0.3338803302259311,0.22474729336933347,0.001346855298829271,0.0014591855627664988,753.8936919408683
GGTTCTCAATTTATCTTAAATTCTCAACAATTGGTTGAAGCTTTGGCTTTGTGTGATGATTTGTTGCAAGTTGGTGCTCAAGATGCTAATAATGGTGGTGGTGGTGGTGGTTTGAGAAAT,0.018898633171860173,0.03161179736553653,0.08366509489181943,0.35275081300940814,0.3393126875971339,0.13790380971962005,0.012546329403156727,0.02331083484146502,840.4374904445731
GGTTCTCAATTTATCTTAAATTCTCAACAATTGGTTGAAGCTTTGGCTTTGTGTGATGATTTGTTGCAAGTTGGTTCTCAAGATGCTAATAATGGTGGTGGTGGTGGTGGTTTGAGAAAT,0.022752843628487614,0.09169516872985078,0.13527394213756852,0.28760644440739896,0.23233398162107535,0.20023468622929844,0.029472964157827124,0.0006299690884933264,742.5531760024003
GGTTCTCAATTTATCTTGAATGATCAACAATTGGTTGAAGCTTTGGCTTTGTGTGATGATTTGTTGCAAGTTGGTTCTCAAGATGCTAATAATGGTGGTGGTGGTGGTGGTTTGAGAAAT,0.11676319541582172,0.17581772570930396,0.1947135708065803,0.2550276547454476,0.12758265783027387,0.07935924845231525,0.03462391189438404,0.016112035145873213,645.7643211206542
GGTTCTCAATTTATCTTGAATGCTCAACAATTGGTTGAAGCTTTGGCTTTGTGTGATGATTTGTTGCAAGTTGGTTCTCAAGATGCTAATAATGGTGGTGGTGGTGGTGGTTTGAGAAAT,0.35717640402840334,0.22665256910867543,0.19179638421605102,0.10702367803256253,0.03651078163665215,0.023093887765363242,0.032988806144495925,0.024757489067796404,523.7642265246562
GGTTCTCAGAATAGAAATAATAATACTAATTCTGGTTCTTTGAAGAATAAACAACCATGTATTGCTAATTATGCTCATTTGGGTCCAAATAACTTTAAGAGAAATTTGAATAATTGTCAA,0.17019575048221663,0.0,0.21178249989594236,0.3781634099005743,0.0838559957776167,0.1560023439436501,0.0,0.0,555.4609638805073
GGTTCTCCAGATAGAGAAGAGAATACTAATTCTGGTTCTTTGAAAGATAAACAACCATGTATTGCTGATTATGCTCATTTGGGTCCAGAAGACTTTAAGAGAGATTTGGAAGAATGTCAA,0.3994208177684763,0.281306700428673,0.14910537846771013,0.1331228934958503,0.0,0.0,0.037044209839290285,0.0,334.6559571305412
GGTTCTGAAGATAGAGAAGAAGAAACTGAATCTGGTTCTTTGAAAGATAAAGAACCATGTATTGCTGATTATGCTCATTTGGGTCCAGAAGACTTTAAGAGAGATTTGGAAGAATGTGAA,0.21467531811009943,0.26874294222352624,0.25044352068751985,0.15970055278338027,0.051416311868689474,0.03601757230938476,0.01202041886563267,0.006983363151767371,419.64403798860087
GGTTCTGAAGATAGAGAAGAGAATACTAATTCTGGTTCTTTGAAAGATAAACAACCATGTATTGCTGATTATGCTCATTTGGGTCCAGAAGACTTTAAGAGAGATTTGGAAGAATGTCAA,0.00023751874691814334,0.00027083631484670046,0.011979855283103198,0.06491331643964403,0.29746513286842585,0.4342898350144307,0.1875370890934608,0.003306416239170527,1365.7366309109632
GGTTCTGATGATAGAGAAGAAGATACTGATTCTGGTTCTTTGAAAGATAAAGATCCATGTATTGCTGATTATGCTCATTTGGGTCCAGAAGACTTTAAGAGAGATTTGGAAGAATGTGAT,0.22070433581203733,0.21641617383087947,0.23708903858500766,0.13581032125642756,0.10773309197693975,0.06393320732519063,0.009764451153318372,0.008549380060199195,478.0499637627207
GGTTCTGCTGATAGAGAAGAAGCTACTGCTTCTGGTTCTTTGAAAGATAAAGCTCCATGTATTGCTGATTATGCTCATTTGGGTCCAGAAGACTTTAAGAGAGATTTGGAAGAATGTGCT,0.5594322055210645,0.22254083386615756,0.09456451481960491,0.0031105134026085837,0.0630621286357677,0.007210184997452064,0.02176277598799964,0.028316842769345207,462.4127010146068
GGTTCTGGTGATAGAGAAGAGAATACTAATTCTGGTTCTTTGAAAGATAAACAACCATGTATTGCTGATTATGCTCATTTGGGTCCAGAAGACTTTAAGAGAGATTTGGAAGAATGTCAA,0.006662329562729931,0.022905777770844304,0.05256423481577587,0.2579669650461557,0.29764483443348705,0.2869787163332441,0.05769561394772924,0.017581528090033816,1032.1223413089538
GGTTCTGGTTATTGGAAAGCTACTGGTACTGATAAGATTATTTCTACTGAAGGTCAAAGAGTTGGTATTAAGAAAGCTTTGGTCTTCTATATTGGTAAAGCTCCTAAAGGTACTAAGACT,0.15602850118191205,0.20183651845721104,0.19415353169334884,0.22286876348182044,0.09884024524957513,0.061292814313840455,0.051681551686556616,0.013298073935735353,621.3237148179089
GGTTCTTCTGATAGAGAAGAGAATACTAATTCTGGTTCTTTGAAAGATAAACAACCATGTATTGCTGATTATGCTCATTTGGGTCCAGAAGACTTTAAGAGAGATTTGGAAGAATGTCAA,0.4159463879867995,0.12676106896010475,0.22841095085654828,0.14298383571781725,0.041061878612448977,0.013537446783314236,0.01628335306958794,0.01501507801337905,423.42216067796437
GGTTCTTGGGATGAAGATTCATTTCCAACTCAATTTATCTTAAATTCTCAACAATTGGTTGAAGCTTTGTCTTTGTGTGATGATTTGTTGGGTTCTCAAGATAGAGAAGAGAATACTAAT,0.11271059596908037,0.17010118747449768,0.07012552226322333,0.18782647267703204,0.09255479090887003,0.14635744960677455,0.13066654210454398,0.08965743899597808,1350.7955584564095
GGTTGGAGATCATTTACTAATGTTAATTCTAGAATGTTGTACTTTGCTCCAGATTTGGTCTTTAATGAATATAGAATGCATAAATCTAGAATGTATTCTCAATGTGTTAGAATGAGACAT,0.09407888674351045,0.1703789804011678,0.23413348177632345,0.18813321283755505,0.12978831950908676,0.0862332156121039,0.05235197366192686,0.04490192945832567,861.9575834203832
GGTTTGAAGAATCAGAAATTCTTTGATGAATTGAGAATGAATTATATTAAAGAATTGGATAGAATTATTGCTTGTAAGAGGAAGAATCCAACTTCTTGTTCTAGAAGATTCTATCAATTG,0.23089641843838674,0.09292413517951176,0.0,0.10260723511967319,0.1365160930383578,0.29629726556353825,0.08565778242164758,0.05510107023888466,1187.681625664283
GGTTTGACTGGTGTTATTTCTGAATCTTGTGTTTCTGATGTTCCACCATTGACTGCTACTGTCTTGCCACCATTGACTTCTGATGTTATTGCTTATAATCCATTCTCTTCTTCTCCATTG,0.3104053637155281,0.2903846745364377,0.20649618267452483,0.07626486595962276,0.040293208295111106,0.025442585219376052,0.02435948986615475,0.02635362973324464,515.9675555149128
GGTTTGCCTAAAGGTGTTAAATTTGATCCATCTGATCAAGAATTGATTTGGCATTTGTTGGCTAAACATGGTAAATCTGATATTAAACCACATCCATTTATTGATGAATTTATTCCAACT,0.054246732356267,0.05457891816396518,0.13500347167359786,0.12053255869013736,0.12829219286224944,0.13922397386348412,0.16099530096430315,0.20712685142599593,2147.2200581255997
GGTTTGTCTTTGTGTGATGAGTTCTTGCAAGATCAATCTCCATCTAGAGGTGGTCATGGTACTGGTGCTTCTGGTAAATCTGGTTTGTCTGATTATGCTAGATTGGGTCCAGAACATTTG,0.15159156117231162,0.11862654899066793,0.07335706022188959,0.08420654088402575,0.09128735200058498,0.10035252034900403,0.24994366741351817,0.13063474896799784,1801.2187142562725
GGTTTGTCTTTGTGTGATGAGTTCTTGCAAGCTCAATCTCCATCTAGAGGTGGTCATGGTACTGGTGCTTCTGGTAAATCTGGTTTGTCTGATTATGCTAGATTGGGTCCAGAACATTTG,0.24966138439976235,0.2256584070248913,0.22620893584076565,0.15762639029903208,0.06443270991042074,0.05915345289724372,0.012895147732922944,0.004363571894961378,432.7888509673231
GTCTTCTATAATATTCCACCAATGCCATTGCCACCATCTCAATTGCCACCACCAGCTGCTCCAGCTCAACCACCACCAGGTGTTATTAATGATCAACAATTGCATCATTTGCCATCTGGT,0.05041487836530087,0.10144719879069841,0.22404850511211996,0.2560421465394519,0.16677999246794073,0.12872938858476649,0.046757185657484705,0.025780704482237085,819.3226941279214
GTCTTCTATCAACAACAACAAGTTAAATTTGGTGAGAAAGGTGATCAAGATATTCCAGAAACTACTGAAGCTACTACTGTTAAAGTTGATCCAGTTACTCCTAAATCTGTTACTCCAGAA,0.0372059842316559,0.13662135333808748,0.18015950870752942,0.30938022674033255,0.1791972605563233,0.14402627060233153,0.01005116757795781,0.0033582282457820466,629.7845719505115
GTCTTGCAAAGACCAACTGAATTGCAACCAACTCCATCTCCACCAAGAATGCATTTGCCAGTCTTGCATGTTCCAGATCAATCTATGCATCCATTGACTCATCAATCTACTCCAAATGAT,0.06108336927580986,0.08083540281523757,0.14409533725121706,0.18894100047905835,0.2861125608270767,0.19874386561784962,0.035147251811675835,0.005041211922074973,783.2888630320704
GTCTTGCAACAATCTAATTTGATCTTTCAAGAAGCTTTGTCTTTGTGTGATGATTTGTTGGGTTCTCAAGATAGAGAAGAGAATACTAATTCTGGTTCTTTGAAAGATAAACAACCATGT,0.0026241788399445245,0.0023468873657955277,0.001088462654174896,0.12924823255991932,0.33386619820294894,0.42574455964607977,0.09951496110367382,0.005566519627463261,1196.851413496546
GTCTTGCATGTTCCAGATCAATCTATGCATCCATTGACTCATCAATCTACTCCAAATGATCCAGATTCTCCAGAACCAAGATCTCCAACTGTCTTCTATAATATTCCACCAATGCCATTG,0.0777809300299733,0.13603593265379216,0.18000467669859765,0.2826559915859375,0.1575895584851501,0.13992362897949187,0.018202991123760847,0.007806290443296676,649.652992399897
GTCTTGCCACCATCTGAGAAGACTGAAGATGGTGATAATCCACAAGATCAAGATCCTAAATTGTGGGAAGGTGATGATCAATTTGAATTGTTGGATGATCAACAATTGGCTGAAGGTTTG,0.026900352129092562,0.03270363758656361,0.02789446762448019,0.04482806794459336,0.11155357709402092,0.20239294085196063,0.39190221007567766,0.16182474669361108,2449.7232295142812
GTCTTGCCACCATCTGAGAAGACTGAAGATGGTGATAATCCACAAGATCAAGATCCTAAATTGTGGGAAGGTGATTCTCAATTTGAATTGTTGGATTCTCAACAATTGGCTGAAGGTTTG,0.13997697794126984,0.17604267787323039,0.07620369472578713,0.12635160997819825,0.05172533173397212,0.04009489182881429,0.1703905733156593,0.21921424260306877,2078.435600151048
GTCTTGCCACCATCTGAGAAGACTGAAGATGGTGATAATCCACAAGCTCAAGATCCTAAATTGTGGGAAGGTGATGCTCAATTTGAATTGTTGGATGCTCAACAATTGGCTGAAGGTTTG,0.11731525189737654,0.06639392513977091,0.06386661416577659,0.13033326497623762,0.20230561185924106,0.16129769008165773,0.13600476663045014,0.12248287524948942,1625.1014004488206
GTCTTGCCACCATCTGAGAAGACTGAAGATGGTGATAATCCACAAGCTCAAGATCCTAAATTGTGGGAAGGTGATTCTCAATTTGAATTGTTGGATTCTCAACAATTGGCTGAAGGTTTG,0.16556785119492234,0.202277807796609,0.20602378924921425,0.15766308500749773,0.11071003444818772,0.1084002760474335,0.04935715625613544,0.0,578.1606032987623
GTCTTGCCACCATCTGAGAAGACTGAAGATGGTGATAATCCACAATCTCAAGATCCTAAATTGTGGGAAGGTGATGATCAATTTGAATTGTTGGATTCTCAACAATTGGCTGAAGGTTTG,0.058096607091376956,0.12995927586331996,0.2325611459816576,0.2915335885774744,0.11778530347822128,0.1472308990374695,0.021758928625980528,0.0010742513444997877,612.5234161995315
GTCTTGCCACCATCTGAGAAGACTGAAGATGGTGATAATCCACAATCTCAAGATCCTAAATTGTGGGAAGGTGATGCTCAATTTGAATTGTTGGATTCTCAACAATTGGCTGAAGGTTTG,0.045151756925995906,0.16580460042952352,0.23557480961955735,0.21793258957265432,0.20846641903666024,0.08959290995165527,0.014272315059702835,0.02320459940425045,697.604698954734
GTCTTGCCACCATCTGAGAAGACTGAAGATGGTGATAATCCACAATCTCAAGATCCTAAATTGTGGGAAGGTGATTCTCAATTTGAATTGTTGGATGATCAACAATTGGCTGAAGGTTTG,0.06786773511874933,0.16857714716302546,0.23671257268106521,0.24097735789833238,0.16840875484657328,0.0991833669236431,0.010335470672135368,0.007937594696475874,587.8255343397636
GTCTTGCCACCATCTGAGAAGACTGAAGATGGTGATAATCCACAATCTCAAGATCCTAAATTGTGGGAAGGTGATTCTCAATTTGAATTGTTGGATGCTCAACAATTGGCTGAAGGTTTG,0.006363400927285851,0.007042604700892772,0.006334620940428565,0.004948665787736088,0.006270536365072408,0.2519738345712918,0.7064364125760836,0.010629924131208968,2254.300974630096
GTCTTGCCACCATCTGAGAAGACTGAAGATGGTGATAATCCACAATCTCAAGATCCTAAATTGTGGGAAGGTGATTCTCAATTTGAATTGTTGGATTCTCAACAATTGGCTGAAGGTTTG,0.15074254901584877,0.1170752289681215,0.08885177772538463,0.14102724889657467,0.1276945856035174,0.15029173569895135,0.12018401772209249,0.1041328563695092,1424.8598088642395
GTCTTGCCACCATTGACTTCTGATGTTATTGCTTATAATCCATTCTCTTCTTCTCCATTGTTGGAAGTTCCACAAGTTTCTTTGGATGGTGGTGAATTAAATTCTATGTTGGATTTGTTT,0.2926461299965821,0.15587903680394943,0.14994543972408195,0.09562350661807827,0.08481629007221722,0.015778883707922364,0.1436898238854167,0.06162088919175192,1026.9956155238535
GTCTTGGATCCATTGCCAGATCAAGCTATGGATGATTTGATGTTGGATCCAGATGATATTGAACAATGGTTTGATGAAGATCCAGGTCCAGATGAAGCTCCAAGAATGCCAGAAGCTGCT,0.1850826491498028,0.2563843795279693,0.17022688445900558,0.16986044966951566,0.08193957632815424,0.05900791500909214,0.04229170331071335,0.035206442545746966,703.6722182180386
GTCTTGGATGGTGTTCAAAGAGGTTGTAAGAAGATTATGGTCTTGGAAGGTGGTAAAGCTGTTAAAGAGAATTGGGTTATGCATCAAGAACATTTGGGTATTGAAGAAGATGAGAAAGAA,0.5388722394215111,0.2564897496304294,0.1119312188809847,0.04847608469710164,0.013607119157883676,0.00397134799796377,0.006740417883518062,0.019911822330607662,359.95326082175046
GTCTTGGATGGTGTTCAAAGAGGTTGTAAGAAGATTATGGTCTTGGATGGTGGTAAAGCTGTTAAAGATAATTGGGTTATGCATCAAGATCATTTGGGTATTGAAGAAGATGAGAAAGAA,0.24157975191172104,0.2617559452144815,0.0924950578091534,0.12387088101205178,0.05493559558206479,0.10219998698089648,0.034469645217944746,0.08869313627168617,1022.9506945562409
GTCTTGGATGGTGTTCAAAGAGGTTGTAAGAAGATTATGGTCTTGGCTGGTGGTAAAGCTGTTAAAGCTAATTGGGTTATGCATCAAGCTCATTTGGGTATTGAAGAAGATGAGAAAGAA,0.10524786199442926,0.19665723778268715,0.16838333618668896,0.2338536083526782,0.04444796693220552,0.13781536948458273,0.041833686371617176,0.07176093289511094,1017.7490821236354
GTCTTGGATGGTGTTCAAAGAGGTTGTAAGAAGATTATGGTCTTGTATGGTGGTAAAGCTGTTAAAGAAGAATGGGTTATGCATCAATATCATTTGGGTATTGAAGAAGATGAGAAAGAA,0.04411883408994082,0.10850644591895463,0.22366308260292647,0.24688799267145756,0.2254258430006353,0.12281644624095414,0.02273218391324628,0.005849171561884731,663.9938494249963
GTCTTGGATGGTGTTCAAAGAGGTTGTAAGAAGATTATGGTCTTGTATGGTGGTAAAGCTGTTAAAGAGAATTGGGTTATGCATCAATATCATTTGGGTATTGAAGAAGATGAGAAAGAA,0.10277057977891352,0.17907664997745262,0.19089664632633488,0.24489630284104844,0.15264003575030985,0.10307398786859673,0.018648466446527682,0.007997331010816372,597.1348203587867
GTCTTGGATGGTGTTCAAAGAGGTTGTAAGAAGATTATGGTCTTGTATGGTGGTAAAGCTGTTAAAGATAATTGGGTTATGCATCAATATCATTTGGGTATTGAAGAAGATGAGAAAGAA,0.2979273681755584,0.30243775434793946,0.22352358156742633,0.11217121523938936,0.032784419915254374,0.019427347822876518,0.006648453145689488,0.005079859785866025,344.8052174905548
GTCTTGGATGGTGTTCAAAGAGGTTGTAAGAAGATTATGGTCTTGTATGGTGGTAAAGCTGTTAAAGATGATTGGGTTATGCATCAATATCATTTGGGTATTGAAGAAGATGAGAAAGAA,0.010834367911822533,0.010900713350512762,0.007259381579784713,0.00833304129066609,0.02463751408307928,0.09166929353740946,0.5201935107965858,0.3261721774501393,3576.56674037428
GTCTTGGATGGTGTTCAAAGAGGTTGTAAGAAGATTATGGTCTTGTATGGTGGTAAAGCTGTTAAAGCTAATTGGGTTATGCATCAATATCATTTGGGTATTGAAGAAGATGAGAAAGAA,0.2987331187786148,0.2121617250030228,0.2186632555450842,0.05856747538926893,0.05194827252313441,0.06442832701690294,0.03259523273726285,0.0629025930067091,807.1137168934769
GTCTTGGATGGTGTTCAAAGAGGTTGTAAGAAGATTATGGTCTTGTATGGTGGTAAAGCTGTTAAGACTAATTGGGTTATGCATCAATATCATTTGGGTATTGAAGAAGATGAGAAAGAA,0.009218488853906078,0.009274939280183922,0.01433874383769575,0.11777642639823097,0.2180150026690382,0.295740083206313,0.23939077205759496,0.0962455436970371,1870.079116162632
GTCTTGGATGGTGTTCAAAGAGGTTGTAAGAAGATTATGGTCTTGTTTGGTGGTAAAGCTGTTAAAGCTAATTGGGTTATGCATCAATTTCATTTGGGTATTGAAGAAGATGAGAAAGAA,0.1258772508235658,0.17414110169143843,0.20698186709898136,0.1748066941502579,0.09967520555938231,0.06181058991323535,0.0708806641866383,0.08582662657650064,1103.5723018797637
GTCTTGGCTAACTTCTGTTCTGCTTTGTATAGATATTTGAGAGCTTCTGTTAGACAATTGCATAGACAAGCTCATATGAGAGGTAGAGATAGAGATTTGGGTGAAATGTTGAGAGCTACT,0.02214997894300926,0.0891424670613835,0.08268675157696961,0.2214708765736948,0.15278712597931188,0.2233306933918006,0.1027147849334576,0.10571732154037276,1520.1680209023327
GTCTTGGCTCCATTGCCAGCTCAAGCTATGGATGATTTGATGTTGGCTCCAGATGATATTGAACAATGGTTTGCTGAAGATCCAGGTCCAGATGAAGCTCCAAGAATGCCAGAAGCTGCT,0.002316193483263591,0.0004833019953282968,0.0015949460665508788,0.0003777919618919604,0.0005858295726655179,0.000972149704868882,0.30159223042992017,0.6920775567855106,5184.207813192745
GTCTTGTATGAAGGTAAATCTGTTAAGACTAATTGGGTTATGCATCAATATCATTTGGGTACTGATGAAGATGAGAAAGATGGTCAATATGTTGTTTCTAAGATCTTCTATCAACAACCA,0.20688326984443547,0.2964268669674746,0.15639745094144386,0.11078853069845424,0.12446297530556187,0.05599270834963964,0.04419988882452602,0.004848309068464201,524.0806770649732
GTCTTGTATGCTTCTATTGTTAGAGGTGGTAAACCAGAGAAGACTAATTGGGTTATGCATCAATATCATTTGGGTACTGGTGAAGATGAGAAAGATGGTGAATATGTTATTTCTAAAGTT,0.05022379039160801,0.037898505955138426,0.0468718513237612,0.013949231824832414,0.18559067763510248,0.14961504180942095,0.29112475918657776,0.2247261418735588,2569.839423642814
GTCTTGTCTCCATTGCCATCTCAAGCTATGGATGATTTGATGTTGTCTCCAGATGATATTGAACAATGGTTTACTGAAGATCCAGGTCCAGATGAAGCTCCAAGAATGCCAGAAGCTGCT,0.001026248749467114,0.0011472589956648806,0.0005959375896793527,0.0026349614384959764,0.00024719985758646834,0.0004180733979876574,0.284226392588172,0.7097039273829464,5250.956429582647
GTCTTGTGTAGAATTAGATATAAGAAAGAAGCTAATGTTAATGAATTTGGTTTGGTTAATCATCAAGCTCATCAAACTCAAGATGCTTTGACTGGATTTGCTGATCAATTGGAAATGATG,0.2681832094224535,0.2656742977789857,0.18225856157749798,0.1398037638927232,0.056919577366351844,0.04916363558748785,0.030612433398242062,0.007384520976257913,467.4919771835724
GTCTTTCAAACTAGAGTCTTGGGTGCTAAAGATTCTGAAGATAAAGTCTTGAATGAATCTGTTGCTTCTGCTACTCCTAAAGATAATCAGAAAGCTTGTTTGATTTCTGAAGATTCTTGT,0.07947368657161383,0.17324743019301583,0.23074989003890412,0.19130056760122918,0.07831388394479595,0.19425602737846961,0.03685386178052639,0.015804652491445092,743.1713678581065
GTTAAACAAGATGGTTCTGCTGCTCACTTCTTTCATCAAGCTATTAAAGCTTATAATACTGGTACTAGGAAGAGAAGGAAGATTCATGGTGATGTCTTTGGTGATGTTAGATGGCATAAA,0.08404822743999829,0.1606695213377895,0.21962876102446202,0.20542440462955505,0.09938599926762927,0.16178202417145188,0.03897518651259219,0.03008587561652169,812.3406362348759
GTTAAAGAAGAATGGGTTATGCATCAATATCATTTGGGTATTGAAGAAGATGAGAAAGAAGGTGATGAAGAAGTTTCTAAGATCTTCTATCAACAACCACAACAATTGGTTGTTAAGAGA,0.2867134391669087,0.18029322519865892,0.16946617142926826,0.1114851164890067,0.08475878231758231,0.07227084881056133,0.02659118486508143,0.0684212317229324,862.7586445867507
GTTAAAGAGAATTGGGTTATGCATCAATATCATTTGGGTATTGAAGAAGATGAGAAAGAAGGTGATGAAGTTGTTTCTAAGATCTTCTATCAACAACCACAACAATTGGTTGTTAAGAGA,0.06527235862005408,0.10945343509651821,0.16244287232193744,0.21754612825005817,0.10719967279500808,0.17948698913941885,0.08071563763870582,0.07788290613829925,1226.6373655155294
GTTAAAGATAATTGGGTTATGCATCAATATCATTTGGGTATTGAAGAAGATGAGAAAGAAGGTGATGATGTTGTTTCTAAGATCTTCTATCAACAACCACAACAATTGGTTGTTAAGAGA,0.14135438273772943,0.14221998178419412,0.05025538360157179,0.26921129797744797,0.09949394395586351,0.18509455789511825,0.11237045204807491,0.0,821.9479536450916
GTTAAAGATGATTGGGTTATGCATCAATATCATTTGGGTATTGAAGAAGATGAGAAAGAAGGTGATGATGATGTTTCTAAGATCTTCTATCAACAACCACAACAATTGGTTGTTAAGAGA,0.12714003192728618,0.15634494069277366,0.1582062637998946,0.1255540109217792,0.1252846084611796,0.11653723981668733,0.1572210498191404,0.03371185456125894,1046.6259280515274
GTTAAAGCTAATTGGGTTATGCATCAATATCATTTGGGTATTGAAGAAGATGAGAAAGAAGGTGACTTTGTTGTTTCTAAGATCTTCTATCAACAACCACAACAATTGGTTGTTAAGAGA,0.08244517415873913,0.10783504707772469,0.20518074086131224,0.11907192903404823,0.056869404900961214,0.06801272265170144,0.18351269814144616,0.17707228317406695,1901.2338981533749
GTTAAAGCTAATTGGGTTATGCATCAATATCATTTGGGTATTGAAGAAGATGAGAAAGAAGGTGATGCTGTTGTTTCTAAGATCTTCTATCAACAACCACAACAATTGGTTGTTAAGAGA,0.06844712355116075,0.08608283376229091,0.021292986010637647,0.07604243221894495,0.05058617815574548,0.07842375382411063,0.33327607997319064,0.28584861250391913,2901.3874882142736
GTTAAATATAAAGGTGAAGCTGCTGAAATTTCTTATGAACCATCTCCATCTTTGGTTTCTGATTCTCATACTGTTATTGCTATTAATGGTGAACCAGAACCAGAATTGCAAGTTGAACAA,0.024197834158748967,0.014401664969187124,0.010023073559521423,0.013794170813555828,0.04272156327233783,0.12371995834859119,0.3921568801276869,0.37898485475037086,3644.5096114619087
GTTAAATCTAATCCATCTAGACATTGTCCTAAATGTCAACATGTTATTGATAATTCTGATGTTGTTGATGATGTTCCAGGTGTTCCAAGAGGTGTTAAAGTTGATCCATCTGATCCAGAA,0.09535263067156222,0.0685260949644852,0.18645270252357182,0.19673371318553953,0.2281912379959365,0.07491491672119965,0.10106813815521591,0.048760565782489135,1038.1002744587151
GTTAAGACTAATTGGGTTATGCATCAAGAACATTTGGGTATTGAAGAAGATGAGAAAGAAGGTGATGAAGTTGTTGAGAAGATCTTTGAACAACAACCACAACAATTGGTTGTTAAGAGA,0.2260894003288356,0.1728801514883328,0.23632020037750257,0.1406594861033583,0.08911598201775178,0.04144695304339922,0.05032468704067653,0.04316313960014329,750.6594797081367
GTTAAGACTAATTGGGTTATGCATCAAGATCATTTGGGTATTGAAGAAGATGAGAAAGAAGGTGATGATGTTGTTGATAAGATCTTTGATCAACAACCACAACAATTGGTTGTTAAGAGA,0.183003992905148,0.24016593197339636,0.24470818585016443,0.19377022885114126,0.08192779622321839,0.051260250178902324,0.0028718406972954936,0.0022917733207338123,413.7349040938872
GTTAAGACTAATTGGGTTATGCATCAAGCTCATTTGGGTATTGAAGAAGATGAGAAAGAAGGTGATGCTGTTGTTGCTAAGATCTTTGCTCAACAACCACAACAATTGGTTGTTAAGAGA,0.1063079894972414,0.15330786863259352,0.18078811018973964,0.11810456986748283,0.09777280737354785,0.159156046147136,0.10845466297384503,0.07610794531841383,1226.6335433352497
GTTAAGACTAATTGGGTTATGCATCAATATCATTTGGGTATTGAAGAAGATGAGAAAGAAGGTGATTATGTTGTTTCTAAGATCTTCTATCAACAACCACAACAATTGGTTGTTAAGAGA,0.21448087557228077,0.2195801371412662,0.22943050257209097,0.12959140830830837,0.03707909469962029,0.058633396290719925,0.06630663039885039,0.04489795501686321,787.921262963775
GTTAAGACTAATTGGGTTATGCATCAATTTCATTTGGGTATTGAAGAAGATGAGAAAGAAGGTGACTTTGTTGTTGCTAAGATCTTCTTTCAACAACCACAACAATTGGTTGTTAAGAGA,0.2004501510905381,0.2016776295477827,0.06235736494917541,0.19485665294850657,0.09876243664043256,0.04593342272851012,0.046476780434235684,0.14948556166081883,1401.8597412323766
GTTAATGAATATGATCAATTGTTTAATGATATTTCTGTCTTTCAAGGTACTTCTACTGATTTGTCTTGTTTGTCTAACTTTACTAATAATACTTCTGGTCAAAGACAACAATTGTTGTAT,0.007601357943490689,0.0063553322042697495,0.011546771601547356,0.04432596743877928,0.15094601050578402,0.23626028530518986,0.37076820019235773,0.17219607480858135,2522.922191430714
GTTAATTGGAAATCTAATCCAACTAAAGCTTGTCCAAATTGTCAATTTATTATTGATAATAATGATGTTTCTAATGATTGGCCAGGTTTGCCAAGAGGTGTTAAATTTGATCCAACTGAT,0.3064824618364314,0.19928894162859648,0.32016794745574334,0.07397143224750452,0.07220539906151928,0.02438145919370053,0.0031031287352307094,0.0003992298412736794,333.55062477213335
GTTACTAAATCTGAAGTTTCTGAAGTTATTAAGACTGAAGATGTTAAGAGACATGATATTGCTGAATCTTCTTTGGTTATTTCTGGTGATTCTCATTCTGATGCTTGTGATGAAGCTACT,0.5658019535453729,0.06776205157188916,0.024696536657334005,0.030363018494713158,0.14074882720624057,0.07008339539625386,0.07453348924898923,0.026010727879207062,684.8624255007185
GTTACTCCTAAATCTGCTACTCCAGAACATCCATTGACTGAAAGAAGAAATTCTGACTTTAATCCAGGTCAAGAATCTCCAATTGCTTGTATGGATTCTTCTGTTCAACAACCAGATATG,0.03478857304186621,0.04789693271942784,0.03417555936130348,0.0956052341867977,0.22733639208547388,0.2651688545980858,0.23604100421567034,0.058987449791374755,1598.825002160335
GTTACTGCTCAAGAAGTTTCTTTGGCTGAAACTTCTGAAGCTATGTATATGGAAGATGAAGTTCAAAGAAATGTTGAAAGACCATCTTCTGAAGATGAACCAGCTCCAGAAACTATGATT,0.15923018516779675,0.14685481126115563,0.18162607485793586,0.16215772273176843,0.078453226342423,0.07297562378137411,0.13537126222675588,0.0633310936307904,1110.3891365430136
GTTACTGGTATTCAAATTAAATCTAGACAAGCTCAACCATCTGGTTATACTAATGATTATATTGCTCAAGGTAATGGTCCAAGAAGATTGAGATTGCAATCTAACTTTAATGGTATTAAT,0.20441047353043587,0.1713851695466247,0.10598228061544249,0.1135465507667562,0.15107055044003484,0.12490916256537753,0.04739502886401497,0.0813007836713135,1087.669174716757
GTTACTGGTGATTCTAAAGTTGGTCCATTGAATAAACCACATACTTATTGTATTGGTGATGATCAGAATGTTACTCCAATCTTTGAAGATATCTTTCCACATTCTTCTTTGGGTTCTTTG,0.07247106404808158,0.23089702039935112,0.15029853439089796,0.09393170920017734,0.11902242415173786,0.09964105297187566,0.08961753901136332,0.14412065582651518,1537.1566672147367
GTTAGACAATCTAGAGGTGATAGAGGTTTGATCTTGCCACAAGGTCCACAAACTGCTCCACAAGCTAGATTGGTTCAACCACATGTTCCACCATTGAGACCAACTGCTCCAACTATCTTG,0.2581506792950821,0.3003440540210832,0.18456061279930602,0.12619052468837771,0.057351881727445035,0.04130134806935501,0.013059347446757987,0.019041551952592935,486.64819957286295
GTTAGATGGCATAAGACTGGTAGAACTAAACCAGTTATCTTGGATGGTATTCAAAGAGGTTGTAAGAAGATTATGGTCTTGTATGTTTCTCCAATTAAAGGTGGTAAAGCTGAGAAGACT,0.045753091328111416,0.11508316348647898,0.14233175669752188,0.3049807938407758,0.20288426239299764,0.16775012230635128,0.021216809947763045,0.0,669.6155217996054
GTTATGCATCAATATCATTTGGGTACTGGTGAAGATGAACAGAATGGTGAATATGTTGTTTCTAAATTGTTCTTTCAACAACAATTTAAACCAGGTGAGAAATATGCTGAAGAATTGACT,0.07793099660143296,0.04704492935734744,0.13576243664145685,0.12121017081668617,0.18430489748721804,0.17143673354347552,0.18792009236686552,0.07438974318551742,1462.8542346429138
GTTATGCATCAATATCATTTGGGTACTGGTGAAGATGAGAAAGATGGTGAATTTGTTATTTCTAAGATCTTCTATCAACAACAAGCTAAACAAGGTGATAAGATTGAAGGTGATCAACCA,0.1724773291753934,0.15483117744337457,0.2055741006595388,0.20745069530493984,0.11099893615352244,0.13090570094921833,0.002825195028223811,0.014936865285788945,597.0875009490642
GTTATGTTTCCACCAGGTATGGGTCATTATCCAGCTGCTGCTGCTGCTATGGCTATGGGTATGGGTATGCCATATGCTATGGGTTTGCCAGATTTGTCTAGAGGTGGTTCTTCTGTTAAT,0.14995754683235415,0.11680709287473397,0.10834789959661287,0.16122362639009374,0.17160286644177591,0.12858403285752698,0.09421402697491323,0.06926290803198906,1156.3707586165442
GTTATTAGAGATATTGATTTGTATAGAATTGAACCATGGGATTTGCAAGAATCTTGTAGAATTGGTTATGAAGAAAGAAATGAATGGTACTTCTTCTCTCATAAAGATAAGAAATATCCA,0.16696071934396084,0.06719324863900708,0.16620559997252563,0.03709753902061274,0.1974290051778644,0.18364451631991127,0.061938964091567426,0.11953040743455075,1437.3298531546884
GTTATTCAATCTACTTTGTTGAATAATTCTTCTGGTGAATATATTGATCCAAGAACTAATGGTATGTTCTTGCCAAATGGTCAATTGTATAATAGAGATTCTTCATTTCAATCTCATTTG,0.31761449394400965,0.3072641462780774,0.23580379768398174,0.08999306640924162,0.02313976317372844,0.015686945850949666,0.00564555370743285,0.004852232952578643,325.5433973455084
GTTATTTGTAGAGTTTATGAACAGAATTGTTCTGAAGAAGAAGATGATGATGGTACTGAATTGTCTTGTTTGGATGAAGTCTTCTTGTCTTTGGATGATTTGGATGAAGTTTCTTTGCCA,0.04359976931194171,0.04386675727518386,0.16275967138323255,0.21797039068911073,0.18259485044856477,0.1498641899576105,0.12130957612773346,0.07803479480662229,1332.5251086835026
GTTCAAAGAAATGTTGAAAGACCATCTTCTGAAGATGAACCAGCTCCAGAAACTATGATTCATGATAAAGAAGATGAGAATGATCAAGAGAATAAAGAAGGTGAAGAGAATCATCAAGCT,0.6300728173644632,0.2489502515441397,0.0819256351172129,0.014354598111780444,0.009580222243229717,0.00934997199558842,0.005676345062378641,9.015856120696901e-05,220.51633570096718
GTTCAAATTAAATTGGATCCATCTAATATTGAATTGGATACTCCACCAGAATTTAGATTGTCTCAATTGGAATTTGGTTCTCAAGATTCATTCTTGGCTTGGGGTACTGGTAAGACTGAT,0.21461213175030341,0.22024485930035062,0.1335259359922318,0.11444486290936783,0.08882167579876038,0.07475156276719046,0.0716549848185584,0.08194398666323711,1060.5397523905683
GTTCACTTTCCATATTATAAACAGAAAGATGCTTCTTGGCAAAATTCTATTAGACATAATTTGTCTTTGAATGATGCATTTATTAAGACTGAGAAATCTTGTGATGGTAAAGGTCACTTT,0.6749933417513336,0.2162966787092087,0.038298598258541094,0.00828930969071157,0.0011232932792893608,0.004084472143340966,0.03138035816329735,0.02553394800427716,416.59200476467026
GTTCAGAAGATCTTGGATCCATCTAATATTGAATTGGATACTCCACCAGAATTTAGATTGTCTCAATTGGAATTTGGTTCTCAAGATTCATTCTTGGCTTGGGGTACTGGTAAGACTGAT,0.177688079635596,0.11376665494406507,0.10050252456713958,0.10767568825356165,0.19101270663741018,0.0888381018021694,0.10487048770711611,0.11564575645294212,1414.5642590237212
GTTCCAGAATCTTCTGATCCAGCTGCTTTGAAGAGAGCTAGAAATACTGAAGCTGCTAGAAGATCTAGAGCTAGGAAATTGCAAAGAATGAAACAATTGGAAGATAAAGTTGAAGAATTG,0.027626910010991473,0.04988144649074163,0.17967082862453423,0.31222762498248297,0.20339611878602618,0.1948117163415484,0.026428266401052072,0.005957088362623057,756.0622653217207
GTTCCATCTAATTTGGAAGTTTCTACTACTTCATTCTTGCCAACTCCAGTCTTGGAAGATGCTAAATTGACTCAAACTAGGAAAGTTAAGAAACCAAATTCTGTTGTTAAGAAATCTCAT,0.16344120110765192,0.0822210256028827,0.0,0.1210517531606903,0.13421334582032668,0.22471663126885785,0.17684711281160234,0.09750893022798814,1590.7318224805033
GTTGAAACTCAATGTGCTGATTTGGATGGTCCATTGGAAATTGAGAATCCACAACATAGAGAACAAACTATTTCTGCTCCAGAAATGATGGTTGATGGTGATCAACAAGCTGAAGAAGAA,0.031408906073177416,0.09480372585001834,0.058625347239818985,0.34894229110381647,0.21665377206101144,0.1871322239395066,0.043695197732724636,0.018738535999926045,870.7488063002457
GTTGAAAGATCTGTTGTTGATCCAGCTTTGGATGCTTTGGAATTGGATACTCCACCAGATATGTTGGAATATCCAGTTGTTACTGATCAAGAAGTTAAAGATTGGTTGGGTAAACATCCA,0.017664479156394686,0.0006035994179813993,0.00041473083415980675,0.0006911821865022814,0.02601150929791652,0.12307467955284399,0.47129139648176743,0.36024842307243377,3702.938503198548
GTTGAAAGATCTGTTGTTGATCCAGCTTTGGATGCTTTGGAATTGGATACTCCACCAGATATGTTGGAATATCCAGTTGTTACTGCTCAAGAAGTTAAAGATTGGTTGGGTAAACATCCA,0.16970335326240446,0.15896720203620704,0.08009888476202849,0.11702151828216702,0.14416101737517367,0.09118507482350671,0.14110922708721746,0.09775372237129501,1368.906961912198
GTTGAAAGATCTGTTGTTGATCCAGCTTTGGATGCTTTGGAATTGGATGATCCACCAGATATGTTGGAATATCCAGTTGTTACTGATCAAGAAGTTAAAGATTGGTTGGGTAAACATCCA,0.1035116700153822,0.07376975400455309,0.07692484551142215,0.07347091491970592,0.07225075653845688,0.11859919461978975,0.2773382641715327,0.20413460021915744,2327.925034152856
GTTGAAAGATCTGTTGTTGATCCAGCTTTGGATGCTTTGGAATTGGATGATCCACCAGATATGTTGGAATATCCAGTTGTTACTTCTCAAGAAGTTAAAGATTGGTTGGGTAAACATCCA,0.13236440943135055,0.16714816080772907,0.1915981715160367,0.25509084324470144,0.09449719192936375,0.10399365638433032,0.03757993671852813,0.017727629967960068,670.8460978735678
GTTGAAAGATCTGTTGTTGATCCAGCTTTGGATGCTTTGGAATTGGATGCTCCACCAGATATGTTGGAATATCCAGTTGTTACTGCTCAAGAAGTTAAAGATTGGTTGGGTAAACATCCA,0.07873299075015171,0.1509757246391301,0.20645325519685181,0.29322040873652344,0.15268223894548227,0.08890741696216552,0.019585394188428713,0.009442570581266503,607.780645358501
GTTGAAAGATCTGTTGTTGATCCAGCTTTGGATGCTTTGGAATTGGATGCTCCACCAGATATGTTGGAATATCCAGTTGTTACTTCTCAAGAAGTTAAAGATTGGTTGGGTAAACATCCA,0.09245829269846297,0.10542773400576783,0.09971013886776763,0.0958701581324642,0.07896113218032036,0.14689613528937875,0.2115173388038395,0.1691590700219988,2003.0319434525934
GTTGAACATGCTTCTGTTTATGATTCTCCAACTGTTTATGATTCTGCTATTCATTCTGATTCTTGTATTAGAGTTGCTAATAGACCAGAACCAACTGCTTTGAAACCAACTGTTCCAGAT,0.2579941091385248,0.27485168356153633,0.2327550414653264,0.1424256563266968,0.04512416234368768,0.03478603196526269,0.010186818918951077,0.001876496280014221,369.43811873841787
GTTGAACATGGTGTTGAGAATGGTGCTAAAGAAATGGTTGATGATAAAGAAGAACAAGAGAAAGATAGAGATAATGAGAATCAAGGTGAAGAAGATCCAACTGTTGTTGATTCTGGTTCT,0.08572603133884527,0.22425255861336538,0.17067663014296522,0.17142968266152864,0.21963496061678983,0.10215002621594385,0.01590128982934746,0.010228820581214432,620.9684791393039
GTTGAAGAAGATGAAGGTATTTGTTATACTCATCCACAGAAATTGCCAGGTGTTAAACAGAATGGTTCTGTTTCTCACTTCTTTCATAGAACATTTAAAGCTTATAATACTGGTACTAGA,0.2021072333410974,0.2541810739037723,0.1257457222132656,0.16840070986487346,0.049789443207771816,0.09262629072654735,0.046860994901033105,0.06028853184163895,882.4047116813372
GTTGAAGCTTTGGAACATTTGGATCCAGGTGAACAATTGAGAGGTGATTGTATGGATGCTCCATTGTTGGGTGTTCCACCAGCTGTTAGACCAACTCCATGTGCTCCATTGGCTGAATGT,0.13731051700210656,0.18532498572336278,0.16252714664207163,0.1339439937143973,0.1518074835596767,0.1412082883512672,0.05590904704182286,0.031968537965294905,841.0117499325463
GTTGAAGCTTTGGAACATTTGGCTCCAGGTGAACAATTGAGAGGTGATTGTATGGCTGCTCCATTGTTGGGTGTTCCACCAGCTGTTAGACCAACTCCATGTGCTCCATTGGCTGAATGT,0.2874275544116843,0.23568090499341915,0.17791731891779178,0.14512997007396672,0.09068591001610377,0.044327405570190916,0.007604719965257368,0.01122621605158595,448.7205424951772
GTTGAAGCTTTGGAACATTTGTCTCCAGGTGAACAATTGAGAGGTGATTGTATGTATGCTCCATTGTTGGGTGTTCCACCAGCTGTTAGACCAACTCCATGTGCTCCATTGGCTGAATGT,0.052366149335009674,0.06476088191683871,0.057016433939077474,0.19392338468872955,0.26015978943622275,0.25699515584990884,0.09915739696199026,0.015620807872222638,1044.2740590066758
GTTGAATCATTCTTTGAATCTTCTTCTGATTCTACTCCATTGTTGGGTTTGGATGGTGTTGATCATTCTTCTAATCATAAAGAATGGTCTTCTTTGTTTGATGATGATATTCCAGTTACT,0.3527504692386233,0.3232087241289411,0.19370910198443017,0.0640890096700986,0.01665755192260561,0.03177074963242521,0.011836040722806272,0.005978352700069806,348.1197090133296
GTTGAATCATTCTTTGAATCTTCTTCTGATTCTGATCCATTGTTGGGTTTGGATGGTGTTGATCATTCTTCTAATCATAAAGAATGGTCTTCTTTGTTTGATGATGATATTCCAGTTACT,0.09642314995963891,0.07937476992039254,0.11453000694711957,0.16555349310726486,0.1684374450039614,0.20488549894012106,0.060973276376429894,0.1098223597450716,1417.1161209800714
GTTGAATCATTCTTTGAATCTTCTTCTGATTCTGCTCCATTGTTGGGTTTGGATGGTGTTGATCATTCTTCTAATCATAAAGAATGGTCTTCTTTGTTTGATGATGATATTCCAGTTACT,0.15369751542554314,0.15463869899707192,0.14941638870421692,0.133400566796546,0.14198861643178784,0.1452824717445312,0.07572781553205142,0.04584792636825147,969.0687309309226
GTTGAGAACTTCTTTGGTTCTTCTTCTGATTCTACTCCATTGTTTGAATTTGAAGGTTTGGGTAAGACTGCTGATCCTAAGACTTGGTCTTCTTTGTTTGATGATGATATTCCAGTTACT,0.0001714195697740129,0.0009645503970102147,0.00022910575192999644,0.0036183852066502295,0.00026276125709262765,0.00029678997292851444,0.2936352746597438,0.7008217131848706,5218.912126652836
GTTGAGAACTTCTTTGGTTCTTCTTCTGATTCTGATCCATTGTTTGAATTTGAAGGTTTGGGTAAGACTGCTGATCCTAAGACTTGGTCTTCTTTGTTTGATGATGATATTCCAGTTACT,0.005879390057160734,0.005346214424225512,0.005103600610726183,0.0034791390001793817,0.002687747440906634,0.0029260300571693756,0.2792935486348661,0.6952843297747661,5155.423319158007
GTTGAGAACTTCTTTGGTTCTTCTTCTGATTCTGCTCCATTGTTTGAATTTGAAGGTTTGGGTAAGACTGCTGATCCTAAGACTTGGTCTTCTTTGTTTGATGATGATATTCCAGTTACT,0.06937939845162389,0.07337642766999974,0.07265445955798795,0.059517413980981364,0.023435974514044743,0.011791439901999958,0.17706934257242965,0.5127755433509327,3833.2628478770785
GTTGATATTTATAAATTTGAACCACCAGATTTGCCAGATAAATCTTGTTTGGGTACTGGTGATTTGAAATGGTACTTCTTCTGTCCAAGAGAGAAGAAATATCCTAAAGGTGGTAAAGCT,0.208992976844218,0.1351753510054725,0.11145415534261877,0.18243036998622114,0.0735510817654953,0.04104944809946817,0.06922505345551523,0.1781215635009909,1612.3719313194981
GTTGATCAATCATTCTTGACTCCATCTAAATTGGACTTCTCTCCAGTTCAAGAGAAGATTACTGAAAGACCAGTTTGTTCTAATTGGGCTTCTTTGGATAGATTGGTTGCTTGGCAATTG,0.08311243301937427,0.07601943736999388,0.06581315472536337,0.2434288829223703,0.23825317292052897,0.1662137561674007,0.09109746717059498,0.036061695704373495,1046.480186640667
GTTGATCCAGTTACTCCTAAATCTGTTACTCCAGATCCACCATGTACTGAAAGATTGCATTCTGATAGAGGTCATGAACAAGAATCTACATTTAATTATATGGAACCATGTGGTCAACAT,0.04422300961850564,0.00889876281240679,0.04402300059029043,0.16704289567882352,0.33554782219282275,0.24321029651502307,0.1148407356461547,0.04221347694597313,1261.9611122076062
GTTGATGATCAAATGGCTGTTATTCAATATTCTTGGATGGGTTTGATGGTCTTTGCTATGGGTTGGAGATCATTTACTAATGTTAATTCTAGAATGTTGTACTTTGCTCCAGATTTGGTT,0.07455656746815775,0.09376640346984473,0.09277420968108588,0.20707454287457924,0.12856991529937414,0.15376264277492518,0.13829470109334982,0.11120101733868319,1538.7003955588496
GTTGATGATTTGATTGAACCAATGAATCAACAAGAAGAACCACAAGGTCCACATTTGGCTCCAAATGATGATGAATTTATTAGAGGTTTGAGACATGTTGATAGAGAACCAGTTGAATAT,0.12857568703101332,0.22885012589846226,0.17796760018467894,0.22485294937848083,0.11901786640814724,0.10391740816082401,0.011664330509665944,0.005154032428727283,537.6201182499582
GTTGATGGTGATCAACAAGCTGAAGAAGAATCTAAATGGTGGGATTCTGAAGATCAGAATTTGTTGGATGATCAACAATTGGTTGAAGGTTTGTCTTTGTGTGATGAGTTCTTGCAATCT,0.013587578388511694,0.021608657653026046,0.050722970059439224,0.15874452887613716,0.2664900122036057,0.34591224160803147,0.1162615318878142,0.026672479323434604,1250.0953375809797
GTTGATGGTGATCAACAAGCTGAAGAAGAATCTAAATGGTGGGATTCTGAAGATCAGAATTTGTTGGATTCTCAACAATTGGTTGAAGGTTTGTCTTTGTGTGATGAGTTCTTGCAATCT,0.002892202596080315,0.0024156945710217146,0.007006680737497438,0.03352707678865244,0.11897444534777987,0.1965478434082743,0.3998636537833128,0.2387724027673812,2934.245753602743
GTTGATGGTGATCAACAAGCTGAAGAAGAATCTAAATGGTGGGATTCTGAAGCTCAGAATTTGTTGGATGCTCAACAATTGGTTGAAGGTTTGTCTTTGTGTGATGAGTTCTTGCAATCT,0.016375141969987978,0.015419300474683628,0.023859488968975207,0.12268091680815928,0.17425685130062835,0.2837701738762608,0.30452072781516704,0.05911739878613784,1760.6103829640886
GTTGATGGTGATCAACAAGCTGAAGAAGAATCTAAATGGTGGGATTCTGAAGCTCAGAATTTGTTGGATTCTCAACAATTGGTTGAAGGTTTGTCTTTGTGTGATGAGTTCTTGCAATCT,0.0054114535400716385,0.0021551506708992808,0.024269462504745876,0.1557155421404292,0.2853155208869558,0.38141621619265387,0.13650206206227483,0.009214592001969571,1238.5917111857461
GTTGATGGTGATCAACAAGCTGAAGAAGAATCTAAATGGTGGGATTCTGAATCTCAGAATTTGTTGGATGATCAACAATTGGTTGAAGGTTTGTCTTTGTGTGATGAGTTCTTGCAATCT,0.06972139065964209,0.1753708430813359,0.0433787869799471,0.1549161994947414,0.1202318400118569,0.2076977603087544,0.1454916932147747,0.08319148624894747,1423.4875155005038
GTTGATGGTGATCAACAAGCTGAAGAAGAATCTAAATGGTGGGATTCTGAATCTCAGAATTTGTTGGATGCTCAACAATTGGTTGAAGGTTTGTCTTTGTGTGATGAGTTCTTGCAATCT,0.11876320886804424,0.15463472379456702,0.07823784318464312,0.10089674403760855,0.15833475042890274,0.20491105612424945,0.14254281194049845,0.04167886162148642,1165.4076502621945
GTTGATGGTGATCAACAAGCTGAAGAAGAATCTAAATGGTGGGATTCTGAATCTCAGAATTTGTTGGATTCTCAACAATTGGTTGAAGGTTTGTCTTTGTGTGATGAGTTCTTGCAATCT,0.010605721668962207,0.011199266718032466,0.008581662469700541,0.02835917000652177,0.044133505419593995,0.15242283494564893,0.39461971362215875,0.35007812514938136,3511.1939573211857
GTTGATGTTAATAGATTTAAAGATTATACTGAATTGAGATGTGAATTGGCTAGAATGTTTAATTTGGATGGTCAATTGGATCCAACTGTTGGTTGGCAATTGGTCTTTACTGATAATGAA,0.31116500671750796,0.1252281838882967,0.0774394223311201,0.1382775065166191,0.06132480139020117,0.17112931526305636,0.11543576389319862,0.0,747.7475869101861
GTTGATGTTTATAAAGTTGATCCATCTGAATTGCCAGGTTTGTCTATGTTGAAGACTGGTGATAGACAATGGTTCTTCTTTACTCCAAGAAATAGGAAATATCCAAATGCTGCTAGATCT,0.020134863106455618,0.020258161146233997,0.07516424408363784,0.17895319874074347,0.23809228949897934,0.1845572425099888,0.1867404153263925,0.09609958558756844,1650.4865515296779
GTTGATTTGAATAAATCTGAACCATGGGAATTGCCATGGATGGCTAAGATGGGTGAGAAAGAATGGTACTTCTTCTGTGTTAGAGATAGGAAATATCCAACTGGTTTGAGAACTAATAGA,0.10044052091894078,0.12631947431363544,0.09373711395905235,0.05579300566447656,0.0989747379028758,0.09206432384992594,0.16301840674287987,0.26965241664821343,2441.681295177054
GTTGATTTGAATAAATTGGAACCATGGGATATTCAAGAAGAATGTAGAATTGGTTCTACTCCACAGAATGATTGGTACTTCTTCTCTCATAAAGATAAGAAATATCCAACTGGTACTAGA,0.07608524587011228,0.07655116220747407,0.28402924626346887,0.12679219049172868,0.14994978519371943,0.06974014722245754,0.03528256025103057,0.1815696625000086,1641.6827146659052
GTTGCTAAACAATGGCCAGGTTTGCCAACTGGTGTTAAATTTGATCCATCTGATTCTGAAATTATGCATCATTTGTTGGCTAAAGCTGGATTTGAAGGTTTGAAATCTCATCCATTTATT,0.0026282099806623155,0.006170042928862192,0.07630942896936066,0.0953818361600159,0.5550922735337442,0.21600982096045773,0.03900045573761012,0.009407931729286794,959.4582700126746
GTTGCTAAAGTTGATCCACATACTCCTAAATCTGTTACTCCAGAACCACCATGTGGTGAAAGATTGTCTTCTTCTATGGATGCTAGACAACAAATTGCTGCTTCTGGTATTAATCCAATT,0.0004148355677751065,0.00035245072522148045,0.0003211906255691338,0.0002560379125758272,9.084036605873963e-05,0.0012928177731733079,0.3380226785772814,0.6592491484523451,5069.209592374152
GTTGCTAAGAAGAGAATTTCTAATAGAGGATTCTTGTTGTTGTCTATTATGGGTGCTTTGTGTGCTATCTTCTGGGTCTTTAAAGCTACTGTTGGTGTTATGGGTAGACCATTGTTGTCT,0.03476627482260399,0.09327778643928401,0.14420431714930446,0.2510569873067893,0.21126328888804502,0.1487124577828369,0.07523580693147965,0.041483080679656614,1021.6781253956943
GTTGCTATGGCTCATGCTGATGCTTTGGATGACTTTGATTTGGATATGTTGGGTGATGGTGATGATCCAGGTCCAGGATTTACTCCACATGATTCTGCTCCATATGGTGCTTTGGATATG,0.006136585923832733,0.07692323612472034,0.10055335645684838,0.22479628347205138,0.2756544464868142,0.2548272844711008,0.05976477631168056,0.0013440307529514967,885.933084599394
GTTGCTATGGCTCATGCTGATGCTTTGGATGACTTTGATTTGGATATGTTGGGTGATGGTGATGCTCCAGGTCCAGGATTTACTCCACATGATTCTGCTCCATATGGTGCTTTGGATATG,0.1247733595036375,0.11318947960809146,0.17562344117255604,0.20906467533096101,0.16729598944749333,0.13686654527548672,0.051220691441152474,0.021965818220621446,793.0608085785955
GTTGCTATGGCTCATGCTGATGCTTTGGATGACTTTGATTTGGATATGTTGGGTGATGGTGATTCTCCAGGTCCAGGATTTACTCCACATGATTCTGCTCCATATGGTGCTTTGGATATG,0.002777152099486355,0.001338040176309683,0.003642377163796624,0.009926585746903208,0.05969179223591364,0.14725614237745518,0.4408662116213231,0.33450169857881235,3523.0534748511786
GTTGCTATGGTTCCAGGTCCATTTAGACCATCTAAACAACAACCAGATATTGATTCTTTGCAAGAACCTAAATCTGTTTGTGAAGAATCTTCTGCTCAAGTTATTGATCCAGATACTACT,0.02828409247947859,0.04268593982696755,0.04399401715098851,0.12569066886426655,0.20206712344924352,0.25277218102394394,0.2623202923616842,0.04218568484342717,1539.2105970438374
GTTGCTTCTGCTACTCCTAAAGATAATCAGAAAGCTTGTTTGATTTCTGAAGATTCTTGTAGGAAAGATCAAGAATCTGAGAAAGCTGTTGTTTGTTCTTCTGTTGGTTCTGGTAATTCT,0.212680117879616,0.17831873989845645,0.0,0.07876013195348593,0.1047881807645931,0.16245312042861818,0.2629997090752303,0.0,1095.9509127608483
GTTGGTATTAAGAAAGCTTTGGTCTTCTATATTGGTAAAGCTCCTAAAGGTACTAAGACTAATTGGATTATGCATGAATATAGATTGATTGAACCATCTAGAAGAAATGGTTCTACTAAA,0.07055461436679886,0.10391968290539357,0.1472215023663099,0.172620705712593,0.23696906548738028,0.20178726295671714,0.057218427500169054,0.009708738704638236,836.1904942055546
GTTGGTGATAATGATAATTGTGCTGAAGAAGGTACTAAATGGTGGGATTCTGAAGATCAACATTTGTTGGATGATCAACAATTGGTTGAAGGTTTGTCTTTGTGTGATGAGTTCTTGCAA,0.2622208880843489,0.25367944847678753,0.1192226853124409,0.0952387439491907,0.03478382874559296,0.08782131842402202,0.0748296238362298,0.07220346317138715,983.6056309161526
GTTGGTGATAATGATAATTGTGCTGAAGAAGGTACTAAATGGTGGGATTCTGAAGATCAACATTTGTTGGATTCTCAACAATTGGTTGAAGGTTTGTCTTTGTGTGATGAGTTCTTGCAA,0.08700656914995167,0.179348939662558,0.13995403205500073,0.16738916128242592,0.10873940059013189,0.09142152396173653,0.09447111988715101,0.13166925341104418,1473.3537275287904
GTTGGTGATAATGATAATTGTGCTGAAGAAGGTACTAAATGGTGGGATTCTGAAGCTCAACATTTGTTGGATGCTCAACAATTGGTTGAAGGTTTGTCTTTGTGTGATGAGTTCTTGCAA,0.08627350171916803,0.1446696782620491,0.10337805759597904,0.0851972743195753,0.07871709787096533,0.11129602914438853,0.1807728211784123,0.20969553990946244,2136.7410169594405
GTTGGTGATAATGATAATTGTGCTGAAGAAGGTACTAAATGGTGGGATTCTGAAGCTCAACATTTGTTGGATTCTCAACAATTGGTTGAAGGTTTGTCTTTGTGTGATGAGTTCTTGCAA,0.11534893161034412,0.13926634011387348,0.07176702422813222,0.0897041248908844,0.056832791034229106,0.1480212350324551,0.31024244425803293,0.06881710883204857,1604.5510307528918
GTTGGTGATAATGATAATTGTGCTGAAGAAGGTACTAAATGGTGGGATTCTGAATCTCAACATTTGTTGGATGATCAACAATTGGTTGAAGGTTTGTCTTTGTGTGATGAGTTCTTGCAA,0.2377813435211607,0.31487866785866847,0.22191180104459654,0.11265945844002574,0.032734662911454604,0.030449129457212242,0.030809319666006377,0.01877561710087513,503.3587104923658
GTTGGTGATAATGATAATTGTGCTGAAGAAGGTACTAAATGGTGGGATTCTGAATCTCAACATTTGTTGGATGCTCAACAATTGGTTGAAGGTTTGTCTTTGTGTGATGAGTTCTTGCAA,0.2654037453796444,0.27408983658729186,0.21077524380852478,0.11269681399901932,0.03394867904927527,0.02046747047244567,0.030472675355090628,0.05214553534870803,692.6435523575497
GTTGGTGATAATGATAATTGTGCTGAAGAAGGTACTAAATGGTGGGATTCTGAATCTCAACATTTGTTGGATTCTCAACAATTGGTTGAAGGTTTGTCTTTGTGTGATGAGTTCTTGCAA,0.0006704310821360444,0.004981192913026185,0.0007059026815094577,0.0009740034767420136,0.00015245702714079508,0.049256201669272665,0.5212513958577657,0.422008415292407,4103.077402932335
GTTGGTGTTCCACAAGGTAATTCTGCTGAAGTTATTCAATCTACTTTGTTGAATAATTCTTCTGGTGAATATATTGATCCAAGAACTAATGGTATGTTCTTGCCAAATGGTCAATTGTAT,0.0546453623644086,0.09965123047326147,0.1444952606630127,0.2523223787554953,0.15481269221234836,0.1784393344316895,0.08710752224420884,0.02852621885557524,971.944976989216
GTTGGTGTTGGTAATTGGAACTCTCATCCATTTATTGATGAATTTATTCCAACTGTTGATGAAGATGATGGTATTTGTTATACTCATCCACAGAATTTGCCAGGTGTTAAACAAGATGGT,0.004404385716524391,0.0007040472872287003,0.0004951304881213673,0.016142733262974985,0.1782419682026418,0.306176957753039,0.38041180226370697,0.11342297502576287,2271.769109285969
GTTGGTTTGTCTGCTGGTGCTGATCCAGATTATTTGGAAGGTGATCCATTGATGGAACCAGATCATGGTGATCCATTGGATGAATGGATGCCATTGTTTAATGATGATTTGGGTGGTGAT,0.0005119562751920594,0.0004782990601277611,0.0005915473940091698,0.0007515837139345741,0.0007387102071320655,0.000553058651815227,0.3064238966367609,0.6899509480610282,5182.343447642927
GTTGGTTTGTCTGCTGGTGCTGATCCAGATTATTTGGAAGGTTCTCCATTGATGGAACCAGATCATGGTTCTCCATTGGATGAATGGATGCCATTGTTTAATGATGATTTGGGTGGTGAT,0.15591223333300194,0.20300432572877372,0.11412285540782008,0.12226814256083385,0.063262261802905,0.10928411381904878,0.14460051232101673,0.0875455550265999,1297.1920569096167
GTTGGTTTGTCTGCTGGTGCTGCTCCAGATTATTTGGAAGGTGCTCCATTGATGGAACCAGATCATGGTGCTCCATTGGATGAATGGATGCCATTGTTTAATGATGATTTGGGTGGTGAT,0.20158346809434477,0.15845147386125327,0.14109733065007385,0.1259732218495808,0.1365661351826412,0.06351554529361442,0.10516399565352305,0.06764882941496862,1069.7716782525204
GTTGGTTTGTCTGCTGGTGCTGCTCCAGATTATTTGGAAGGTTCTCCATTGATGGAACCAGATCATGGTTCTCCATTGGATGAATGGATGCCATTGTTTAATGATGATTTGGGTGGTGAT,0.21008664985143186,0.23914973678825655,0.21952627649019799,0.14811868554812002,0.09687509052085425,0.06295445156069374,0.0168615410782816,0.006427568162163999,477.1657685898749
GTTGGTTTGTCTGCTGGTGCTTCTCCAGATTATTTGGAAGGTGATCCATTGATGGAACCAGATCATGGTTCTCCATTGGATGAATGGATGCCATTGTTTAATGATGATTTGGGTGGTGAT,0.030247251431913175,0.027229055495689474,0.029714260932277883,0.056595655095061544,0.1317731735793064,0.1430015690355551,0.37059168952206284,0.2108473449081336,2646.2808603252674
GTTGGTTTGTCTGCTGGTGCTTCTCCAGATTATTTGGAAGGTGCTCCATTGATGGAACCAGATCATGGTTCTCCATTGGATGAATGGATGCCATTGTTTAATGATGATTTGGGTGGTGAT,0.003275057287129109,0.0012242907434381926,0.0016344399211557137,0.0024311582811049294,0.004458091467971252,0.01115134307244206,0.3421625830032692,0.6336630362234894,4936.234811680944
GTTGGTTTGTCTGCTGGTGCTTCTCCAGATTATTTGGAAGGTTCTCCATTGATGGAACCAGATCATGGTGATCCATTGGATGAATGGATGCCATTGTTTAATGATGATTTGGGTGGTGAT,0.10509720523313389,0.1586111692223796,0.17001055215111488,0.1926530588821106,0.20712692939274877,0.11078256571400226,0.024368052133150714,0.03135046727135934,776.55478768765
GTTGGTTTGTCTGCTGGTGCTTCTCCAGATTATTTGGAAGGTTCTCCATTGATGGAACCAGATCATGGTGCTCCATTGGATGAATGGATGCCATTGTTTAATGATGATTTGGGTGGTGAT,0.28244512721856624,0.29422411127899173,0.19540879112172546,0.11281534905694428,0.03936989029659429,0.031534823547744784,0.01904178544868877,0.02516012203074454,513.0019642245524
GTTGGTTTGTCTGCTGGTGCTTCTCCAGATTATTTGGAAGGTTCTCCATTGATGGAACCAGATCATGGTTCTCCATTGGATGAATGGATGCCATTGTTTAATGATGATTTGGGTGGTGAT,0.10873226532604585,0.10364030456509607,0.12817953701063697,0.09854562105752612,0.08458853398826693,0.12326935086278548,0.20964840854992925,0.1433959786397133,1819.219632766645
GTTGTTAATAATTGGCCAGGTTTGCCAAGAGGTGTTAAATTTAATCCATCTAATCCAAATATTATTTGGCATTTGTTGGCTAAATCTGGTTTGTCTGGTTTGTCTTCTCATCCATTTATT,0.00459164094281973,0.0323383085136671,0.022854370799264608,0.030606943905286788,0.0678694895299965,0.1346791322529251,0.4769529964109571,0.23010711764508301,2966.1046831714616
GTTGTTCAACAATGGCCAGGTTTGCCAAGAGGTGTTAAATTTCAACCATCTCAACCACAAATTATTTGGCATTTGTTGGCTAAATCTGGTTTGTCTGGTTTGTCTTCTCATCCATTTATT,0.3767628392229984,0.30332555495426733,0.2108483151601029,0.07127743718932827,0.01418288435038587,0.010442849587781898,0.006179753282661926,0.006980366252473477,316.7553994004263
GTTGTTCATCAATGGCCAGGTTTGCCTAAAGGTGTTAAATTTGATCCATCTGATCAAGAATTGTTGTCTCATTTGTTGGCTAAACATGATAAAGCTGGTGCTGAACCACATCCATTTATT,0.22661722664295056,0.2716654628724303,0.1619944683010808,0.15534377607775823,0.05226406092616823,0.06629316180854017,0.031302767931669605,0.03451907543940209,657.6773636765738
GTTGTTGAAGAATGGCCAGGTTTGCCAAGAGGTGTTAAATTTGAACCATCTGAACCAGAAATTATTTGGCATTTGTTGGCTAAATCTGGTTTGTCTGGTTTGTCTTCTCATCCATTTATT,0.14328159503159138,0.19981568589223925,0.2332731344333659,0.2907903661359448,0.06496710740888825,0.04278543520689098,0.008550754262082853,0.0165359216289967,521.9968025865259
GTTGTTGATGACTTTCCAGGATTTCCAAGAGGTGTTAAATTTGATCCATCTGATCCAGAAATTATCTTTCACTTCTTTGCTAAATCTGGATTCTCTGGATTCTCTTCTCATCCATTTATT,0.09510057975940679,0.2262772196071884,0.10234644851668667,0.06624761119649379,0.18793200607620947,0.17080550293783417,0.11847520485581325,0.0328154270503675,1027.8959998265054
GTTGTTGATGATATGCCAGGTATGCCAAGAGGTGTTAAGATGGATCCATCTGATCCAGAAATTATTATGCATATGATGGCTAAATCTGGTATGTCTGGTATGTCTTCTCATCCAATGATT,0.29962589885542407,0.2756212030790271,0.12783032991810547,0.06657484178345041,0.050614850665805074,0.05492774337224499,0.06351713954218609,0.061287992783756844,851.9778560430162
GTTGTTGATGATATTCCAGGTATTCCAAGAGGTGTTAAGATTGATCCATCTGATCCAGAAATTATTATTCATATTATTGCTAAATCTGGTATTTCTGGTATTTCTTCTCATCCAATTATT,0.372596933278677,0.2830715743325516,0.17977866667575865,0.07603026477114254,0.03746524735487739,0.027879539677946794,0.014104666789997812,0.00907310711904821,379.0542342732076
GTTGTTGATGATGCTCCAGGTGCTCCAAGAGGTGTTAAAGCTGATCCATCTGATCCAGAAATTATTGCTCATGCTGCTGCTAAATCTGGTGCTTCTGGTGCTTCTTCTCATCCAGCTATT,0.5479005322148932,0.26971779213763286,0.09573712971416512,0.05331294069388724,0.016895334824139813,0.005551254013525881,0.004511739910553303,0.0063732764912026564,274.2477735312408
GTTGTTGATGATGCTCCAGGTGCTCCAAGAGGTGTTAAAGCTGATCCATCTGATCCAGAAATTATTTGGCATTTGTTGGCTAAATCTGGTTTGTCTGGTTTGTCTTCTCATCCATTTATT,0.143995559249989,0.14487733183013743,0.12286654735777679,0.15997418132424462,0.18446240010724127,0.14895687810313069,0.06295853849627227,0.031908563531207836,885.6469104153906
GTTGTTGATGATGCTCCAGGTGCTCCAAGAGGTGTTAAATTTGATCCATCTGATCCAGAAATTATTTGGCATTTGTTGGCTAAATCTGGTTTGTCTGGTTTGTCTTCTCATCCATTTATT,0.18240802142215715,0.1598443695772839,0.13911603715506868,0.09151895907552919,0.12176344794162691,0.09168822633426695,0.1364306306123153,0.07723030788175204,1218.8981903233212
GTTGTTGATGATGCTCCAGGTTTGCCAAGAGGTGTTAAAGCTGATCCATCTGATCCAGAAATTATTTGGCATTTGTTGGCTAAATCTGGTTTGTCTGGTTTGTCTTCTCATCCATTTATT,0.2813464576786037,0.26654775826608684,0.22428510413457511,0.16178147468973275,0.0471282078568288,0.010682438528789421,0.003003620600453802,0.005224938244929465,348.76987574338483
GTTGTTGATGATGCTCCAGGTTTGCCAAGAGGTGTTAAATTTGATCCATCTGATCCAGAAATTATTGCTCATTTGTTGGCTAAATCTGGTTTGTCTGGTTTGTCTTCTCATCCATTTATT,0.09433165286191697,0.06713097046498104,0.05725915587459621,0.1252479034582702,0.1791084529236971,0.24674130685210302,0.1835108208258958,0.04666973673853958,1357.0128453255518
GTTGTTGATGATGCTCCAGGTTTGCCAAGAGGTGTTAAATTTGATCCATCTGATCCAGAAATTATTTGGCATGCTTTGGCTAAATCTGGTTTGTCTGGTTTGTCTTCTCATCCATTTATT,0.01609810128058561,0.006852441439944596,0.0077044681765666275,0.07635282032257654,0.1189737971589499,0.5527677227839295,0.21275469801173627,0.008495950825710932,1495.1707197085702
GTTGTTGATGATGCTCCAGGTTTGCCAAGAGGTGTTAAATTTGATCCATCTGATCCAGAAATTATTTGGCATTTGGCTGCTAAATCTGGTTTGTCTGGTTTGTCTTCTCATCCATTTATT,0.23265247058604321,0.1680553850583409,0.0816539324336609,0.10603856498942837,0.05584471397786805,0.06561554180157651,0.17981091947437325,0.11032847167870893,1452.3035602931288
GTTGTTGATGATGCTCCAGGTTTGCCAAGAGGTGTTAAATTTGATCCATCTGATCCAGAAATTATTTGGCATTTGTTGGCTAAATCTGGTGCTTCTGGTTTGTCTTCTCATCCATTTATT,0.06382102670657415,0.09820634621273695,0.14715220600976792,0.17517210668614452,0.203466520650938,0.16689334346894527,0.07137701230534904,0.07391143795954408,1206.3050491912754
GTTGTTGATGATGCTCCAGGTTTGCCAAGAGGTGTTAAATTTGATCCATCTGATCCAGAAATTATTTGGCATTTGTTGGCTAAATCTGGTTTGTCTGGTGCTTCTTCTCATCCATTTATT,0.22548061401274846,0.20545935328437798,0.16411050852739778,0.11816099660929331,0.06707624243843072,0.06239298064671512,0.0710224228054183,0.08629688167561829,1062.8409625170077
GTTGTTGATGATGCTCCAGGTTTGCCAAGAGGTGTTAAATTTGATCCATCTGATCCAGAAATTATTTGGCATTTGTTGGCTAAATCTGGTTTGTCTGGTTTGTCTTCTCATCCAGCTATT,0.09907068170690321,0.08721768289360483,0.0616391319373026,0.22012833287145783,0.12203111187208715,0.17026635343328259,0.09188292043904848,0.14776378484631333,1666.2938067649181
GTTGTTGATGATGCTCCAGGTTTGCCAAGAGGTGTTAAATTTGATCCATCTGATCCAGAAATTATTTGGCATTTGTTGGCTAAATCTGGTTTGTCTGGTTTGTCTTCTCATCCATTTATT,0.1532329904836131,0.2384179576200807,0.1844233098954107,0.160003849706272,0.09736404284888037,0.08365850454552752,0.04193576660589096,0.04096357829432469,775.970719260399
GTTGTTGATGATGTTCCAGGTGTTCCAAGAGGTGTTAAAGTTGATCCATCTGATCCAGAAATTATTGTTCATGTTGTTGCTAAATCTGGTGTTTCTGGTGTTTCTTCTCATCCAGTTATT,0.12327656550996216,0.21262536524985026,0.22790674783298334,0.18782548411089697,0.10759437813908491,0.05488375473747215,0.05226634175275975,0.03362136266699036,742.1074716820026
GTTGTTGATGATTATCCAGGTTATCCAAGAGGTGTTAAATATGATCCATCTGATCCAGAAATTATTTATCATTATTATGCTAAATCTGGTTATTCTGGTTATTCTTCTCATCCATATATT,0.07649294706085903,0.05497240000080101,0.06798838357369393,0.13354168014986106,0.09691282797805342,0.050081320239621085,0.14188648443410323,0.3781239565630073,3026.2202503883964
GTTGTTGATGATTGGCCAGGTGCTCCAAGAGGTGTTAAAGCTGATCCATCTGATCCAGAAATTATTGCTCATTTGTTGGCTAAATCTGGTTTGTCTGGTTTGTCTTCTCATCCATTTATT,0.12190923893013904,0.24501136830764123,0.22587548971185498,0.20591249260807795,0.1188473376355937,0.07487628745910364,0.007244176962484302,0.00032360838510522063,465.27783948734816
GTTGTTGATGATTGGCCAGGTGCTCCAAGAGGTGTTAAAGCTGATCCATCTGATCCAGAAATTATTTGGCATTTGTTGGCTAAATCTGGTTTGTCTGGTTTGTCTTCTCATCCATTTATT,0.008912997307332329,0.04141804641822516,0.07472230405789904,0.2322783066249363,0.36367264447168274,0.2522914587017919,0.005254031479454331,0.021450210938678212,924.3538416621917
GTTGTTGATGATTGGCCAGGTGCTCCAAGAGGTGTTAAATTTGATCCATCTGATCCAGAAATTATTGCTCATTTGTTGGCTAAATCTGGTTTGTCTGGTTTGTCTTCTCATCCATTTATT,0.04978738268302695,0.04916634137463096,0.16020685821941133,0.25192051293377266,0.20902987680414087,0.23433474352153458,0.044126777532573484,0.0014275069309090975,798.9185020827529
GTTGTTGATGATTGGCCAGGTGCTCCAAGAGGTGTTAAATTTGATCCATCTGATCCAGAAATTATTTGGCATGCTGCTGCTAAATCTGGTGCTTCTGGTGCTTCTTCTCATCCATTTATT,0.23349576027905394,0.16531801280499217,0.18293866886222038,0.12489912182334799,0.10226143554022321,0.11890193041193048,0.0721850702782319,0.0,622.7905344918605
GTTGTTGATGATTGGCCAGGTGCTCCAAGAGGTGTTAAATTTGATCCATCTGATCCAGAAATTATTTGGCATGCTTTGGCTAAATCTGGTTTGTCTGGTTTGTCTTCTCATCCATTTATT,0.09530647809585278,0.15511633460240987,0.13254655939838111,0.21799289631254187,0.1602089970360972,0.15673130532210378,0.05199518633227536,0.03010224290033803,864.075960432655
GTTGTTGATGATTGGCCAGGTGCTCCAAGAGGTGTTAAATTTGATCCATCTGATCCAGAAATTATTTGGCATTTGGCTGCTAAATCTGGTTTGTCTGGTTTGTCTTCTCATCCATTTATT,0.027200746332886005,0.04138471734440264,0.06769431129851744,0.2078484879176029,0.2784979268707718,0.23837759953612017,0.09783262964064413,0.04116358105905487,1193.0976215191845
GTTGTTGATGATTGGCCAGGTGCTCCAAGAGGTGTTAAATTTGATCCATCTGATCCAGAAATTATTTGGCATTTGTTGGCTAAATCTGGTGCTTCTGGTTTGTCTTCTCATCCATTTATT,0.24700687361010687,0.28482004067709044,0.17958238456610925,0.06166657459618305,0.057431972292962374,0.038158623738252996,0.03861001144281421,0.09272351907648076,978.9282117161631
GTTGTTGATGATTGGCCAGGTGCTCCAAGAGGTGTTAAATTTGATCCATCTGATCCAGAAATTATTTGGCATTTGTTGGCTAAATCTGGTTTGTCTGGTGCTTCTTCTCATCCATTTATT,0.002717458662027192,0.014012259003780895,0.12426866933380909,0.14944071703826076,0.3512940598026043,0.3367300653043402,0.018902265059970527,0.0026345057952070414,914.6766740850386
GTTGTTGATGATTGGCCAGGTGCTCCAAGAGGTGTTAAATTTGATCCATCTGATCCAGAAATTATTTGGCATTTGTTGGCTAAATCTGGTTTGTCTGGTTTGTCTTCTCATCCAGCTATT,0.0773383147209071,0.10004387703767517,0.0687397623993315,0.11046888511427036,0.19596773503043685,0.17215831246566826,0.14345455377836677,0.13182855945334404,1707.8743820967782
GTTGTTGATGATTGGCCAGGTGCTCCAAGAGGTGTTAAATTTGATCCATCTGATCCAGAAATTATTTGGCATTTGTTGGCTAAATCTGGTTTGTCTGGTTTGTCTTCTCATCCATTTATT,0.007280625157859033,0.012803794180429363,0.03998573370690284,0.13740524202660068,0.3316992744644159,0.33902167814781553,0.11703420711819501,0.014769445197781582,1200.7657142003084
GTTGTTGATGATTGGCCAGGTTGGCCAAGAGGTGTTAAATGGGATCCATCTGATCCAGAAATTATTTGGCATTGGTGGGCTAAATCTGGTTGGTCTGGTTGGTCTTCTCATCCATGGATT,0.021760975462393937,0.034958115131221316,0.09801373590848386,0.2742484627005021,0.3308880349822367,0.2217124394639413,0.011823380958034549,0.0065948553931861505,808.1213115264013
GTTGTTGATGATTGGCCAGGTTTGCCAAATGGTGTTAACTTTGATCCATCTGATCCAGAAATTATTTGGCATTTGTTGGCTAATTCTGGTTTGTCTGGTTTGTCTTCTCATCCATTTATT,0.050976800381378216,0.07372788345351351,0.10307831165099056,0.24777154435401152,0.16325682189635782,0.1606192861029462,0.10933115938051478,0.09123819278028734,1387.8682549682026
GTTGTTGATGATTGGCCAGGTTTGCCAAGAGGTGTTAAAGCTGATCCATCTGATCCAGAAATTATTGCTCATGCTTTGGCTAAATCTGGTTTGTCTGGTTTGTCTTCTCATCCATTTATT,0.11160971178688942,0.15957449917000363,0.12426209326449056,0.15009873051883152,0.0868270505594303,0.05384319184882307,0.10351222068582303,0.21027250216570847,1913.5684911362935
GTTGTTGATGATTGGCCAGGTTTGCCAAGAGGTGTTAAAGCTGATCCATCTGATCCAGAAATTATTGCTCATTTGTTGGCTAAATCTGGTTTGTCTGGTTTGTCTTCTCATCCATTTATT,0.015395966723746862,0.026550086947406643,0.004439517654060068,0.019961080940185845,0.15038259146971453,0.32495960206889246,0.3780794581865952,0.0802316960093984,2069.607499539674
GTTGTTGATGATTGGCCAGGTTTGCCAAGAGGTGTTAAAGCTGATCCATCTGATCCAGAAATTATTTGGCATGCTTTGGCTAAATCTGGTTTGTCTGGTTTGTCTTCTCATCCATTTATT,0.010001126759585754,0.013169620625412978,0.04452466562515936,0.1805538660593726,0.3036560998264109,0.29646673222544906,0.12262995477557206,0.02899793410303739,1248.7410123158259
GTTGTTGATGATTGGCCAGGTTTGCCAAGAGGTGTTAAAGCTGATCCATCTGATCCAGAAATTATTTGGCATTTGGCTGCTAAATCTGGTTTGTCTGGTTTGTCTTCTCATCCATTTATT,0.12938829676924296,0.14645319769972187,0.1408783989068523,0.0539047530955359,0.058437528945810245,0.05435742194271752,0.18500144366611435,0.23157895897400485,2197.4290751385884
GTTGTTGATGATTGGCCAGGTTTGCCAAGAGGTGTTAAAGCTGATCCATCTGATCCAGAAATTATTTGGCATTTGTTGGCTAAATCTGGTGCTTCTGGTTTGTCTTCTCATCCATTTATT,0.18383488787284893,0.2271701573238256,0.21989216125564853,0.2701283279026877,0.05252533232995886,0.03345601011137685,0.007018049763560032,0.005975073440093331,426.5034911935875
GTTGTTGATGATTGGCCAGGTTTGCCAAGAGGTGTTAAAGCTGATCCATCTGATCCAGAAATTATTTGGCATTTGTTGGCTAAATCTGGTTTGTCTGGTGCTTCTTCTCATCCATTTATT,0.06594226618963964,0.12599835649375077,0.2011564283197993,0.2602512103377046,0.2028269921987866,0.11801175588779901,0.019998234963948265,0.005814755608571757,638.934901127132
GTTGTTGATGATTGGCCAGGTTTGCCAAGAGGTGTTAAAGCTGATCCATCTGATCCAGAAATTATTTGGCATTTGTTGGCTAAATCTGGTTTGTCTGGTTTGTCTTCTCATCCAGCTATT,0.21504067507264102,0.2090078508653234,0.27769704101493375,0.1571652932608017,0.10936957219769657,0.02136865747868288,0.008849551857718144,0.001501358252202627,395.25916608739107
GTTGTTGATGATTGGCCAGGTTTGCCAAGAGGTGTTAAAGCTGATCCATCTGATCCAGAAATTATTTGGCATTTGTTGGCTAAATCTGGTTTGTCTGGTTTGTCTTCTCATCCATTTATT,0.21507040855408974,0.2715179675452292,0.20625654386027908,0.18262618678468645,0.05669512302286309,0.03515778050900401,0.022868788181241755,0.009807201542606702,465.80030944402506
GTTGTTGATGATTGGCCAGGTTTGCCAAGAGGTGTTAAATTTGATCCAGAAGATCCAGAAATTATTTGGCATTTGTTGGCTAAAGAAGGTTTGGAAGGTTTGGAAGAACATCCATTTATT,0.05098071304822843,0.1367810640771692,0.10572945980575117,0.037758561794986746,0.11721902230029238,0.20249318645503323,0.2679311519274928,0.08110684059104614,1670.3305318970465
GTTGTTGATGATTGGCCAGGTTTGCCAAGAGGTGTTAAATTTGATCCAGATGATCCAGAAATTATTTGGCATTTGTTGGCTAAAGATGGTTTGGATGGTTTGGATGATCATCCATTTATT,0.18696911863026364,0.10260766064102371,0.16920318776112345,0.05664991307228477,0.03349828669844666,0.14021746671584093,0.1891681779551482,0.12168618852586874,1616.1179828518798
GTTGTTGATGATTGGCCAGGTTTGCCAAGAGGTGTTAAATTTGATCCAGCTGATCCAGAAATTATTTGGCATTTGTTGGCTAAAGCTGGTTTGGCTGGTTTGGCTGCTCATCCATTTATT,0.011610475777615611,0.008536534698418497,0.007779399285544581,0.023813251767356478,0.0572051890264784,0.10028250286619106,0.3810255821142053,0.40974706446419,3791.3520281871133
GTTGTTGATGATTGGCCAGGTTTGCCAAGAGGTGTTAAATTTGATCCATCTGATCCAGAAATTATTGCTCATGCTGCTGCTAAATCTGGTTTGTCTGGTTTGTCTTCTCATCCATTTATT,0.050114591234346105,0.11459425778012496,0.10204350572819719,0.25307095790980716,0.18855419601956125,0.1503337252667027,0.07605602985845551,0.06523273620280519,1153.6802332898856
GTTGTTGATGATTGGCCAGGTTTGCCAAGAGGTGTTAAATTTGATCCATCTGATCCAGAAATTATTGCTCATGCTTTGGCTAAATCTGGTTTGTCTGGTTTGTCTTCTCATCCATTTATT,0.015282743253518924,0.030210944130800176,0.10204259617587494,0.21954093352647758,0.35321627048563337,0.24064570462732343,0.03672167497821333,0.0023391328221582784,861.5946604040264
GTTGTTGATGATTGGCCAGGTTTGCCAAGAGGTGTTAAATTTGATCCATCTGATCCAGAAATTATTGCTCATTTGGCTGCTAAATCTGGTTTGTCTGGTTTGTCTTCTCATCCATTTATT,0.02300173232822365,0.05782196428680451,0.1237917334118063,0.23306612508707253,0.299309482439788,0.22252363072639358,0.03427856980436536,0.006206761915545966,834.7008897463742
GTTGTTGATGATTGGCCAGGTTTGCCAAGAGGTGTTAAATTTGATCCATCTGATCCAGAAATTATTGCTCATTTGTTGGCTAAATCTGGTGCTTCTGGTTTGTCTTCTCATCCATTTATT,0.07801543561262206,0.15698634335660505,0.1164938885091969,0.18201225486644595,0.17681690227642216,0.15732061303949182,0.05788421712586463,0.07447034521335136,1150.3065208358819
GTTGTTGATGATTGGCCAGGTTTGCCAAGAGGTGTTAAATTTGATCCATCTGATCCAGAAATTATTGCTCATTTGTTGGCTAAATCTGGTTTGTCTGGTGCTTCTTCTCATCCATTTATT,0.17748201010886677,0.24350296450760542,0.18069474447577435,0.17925135655591687,0.03179853069854012,0.07394589493773107,0.07482061903697068,0.03850387967859469,794.253009879973
GTTGTTGATGATTGGCCAGGTTTGCCAAGAGGTGTTAAATTTGATCCATCTGATCCAGAAATTATTGCTCATTTGTTGGCTAAATCTGGTTTGTCTGGTTTGTCTTCTCATCCAGCTATT,0.034049594421576485,0.17975427030438565,0.11614226643634538,0.17044826658361995,0.22578986828028935,0.1839556599869011,0.08173448630337511,0.008125587683506944,857.981213208048
GTTGTTGATGATTGGCCAGGTTTGCCAAGAGGTGTTAAATTTGATCCATCTGATCCAGAAATTATTGCTCATTTGTTGGCTAAATCTGGTTTGTCTGGTTTGTCTTCTCATCCATTTATT,0.18681536083406117,0.1050361046480305,0.2700673729341494,0.1749893669443424,0.12904282351478433,0.07470588823450591,0.0407674260569322,0.018575656833194162,651.8714455861991
GTTGTTGATGATTGGCCAGGTTTGCCAAGAGGTGTTAAATTTGATCCATCTGATCCAGAAATTATTTGGCATGCTGCTGCTAAATCTGGTGCTTCTGGTTTGTCTTCTCATCCATTTATT,0.041212162527038076,0.06841991222222989,0.1559047325266671,0.2858279232951214,0.21238806224265522,0.19674473967615125,0.02834650537909883,0.011155962131038285,789.4574027716918
GTTGTTGATGATTGGCCAGGTTTGCCAAGAGGTGTTAAATTTGATCCATCTGATCCAGAAATTATTTGGCATGCTGCTGCTAAATCTGGTTTGTCTGGTTTGTCTTCTCATCCATTTATT,0.42586740471443996,0.19869983822306309,0.10245087770990012,0.07683950189578216,0.10074606044766926,0.07369910804898928,0.01600454573871653,0.005692663221439555,436.66979162447115
GTTGTTGATGATTGGCCAGGTTTGCCAAGAGGTGTTAAATTTGATCCATCTGATCCAGAAATTATTTGGCATGCTTTGGCTAAATCTGGTGCTTCTGGTTTGTCTTCTCATCCATTTATT,0.2122111785835248,0.11209310541497775,0.11882891435612315,0.15913760864250162,0.12546855943120036,0.10211980391722583,0.11316854733126501,0.05697228232318146,1065.9054217555604
GTTGTTGATGATTGGCCAGGTTTGCCAAGAGGTGTTAAATTTGATCCATCTGATCCAGAAATTATTTGGCATGCTTTGGCTAAATCTGGTTTGTCTGGTGCTTCTTCTCATCCATTTATT,0.22268073101409108,0.23442918611438748,0.27871027071482,0.16301294518073167,0.051038897388196676,0.03702364071267797,0.012534700009917582,0.0005696288651774172,385.27695939303857
GTTGTTGATGATTGGCCAGGTTTGCCAAGAGGTGTTAAATTTGATCCATCTGATCCAGAAATTATTTGGCATGCTTTGGCTAAATCTGGTTTGTCTGGTTTGTCTTCTCATCCAGCTATT,0.0018194896744963456,0.003007237065946744,0.012475546424586413,0.06524031579466436,0.23995524170394653,0.4151549043262921,0.2389033655760508,0.023443899434016768,1557.36578841096
GTTGTTGATGATTGGCCAGGTTTGCCAAGAGGTGTTAAATTTGATCCATCTGATCCAGAAATTATTTGGCATGCTTTGGCTAAATCTGGTTTGTCTGGTTTGTCTTCTCATCCATTTATT,0.03912830165269964,0.029525931070448867,0.06086146038614756,0.0760728775121833,0.20242572586692045,0.25105648810516,0.23588156129773813,0.10504765410870205,1848.3150780321148
GTTGTTGATGATTGGCCAGGTTTGCCAAGAGGTGTTAAATTTGATCCATCTGATCCAGAAATTATTTGGCATTTGGCTGCTAAATCTGGTGCTTCTGGTGCTTCTTCTCATCCATTTATT,0.12901890396831797,0.14977957541460724,0.06792255960633244,0.09923235603539907,0.0929071215753636,0.1500984997879397,0.2163054675703876,0.09473551604165231,1564.4738420198903
GTTGTTGATGATTGGCCAGGTTTGCCAAGAGGTGTTAAATTTGATCCATCTGATCCAGAAATTATTTGGCATTTGGCTGCTAAATCTGGTGCTTCTGGTTTGTCTTCTCATCCATTTATT,0.3156062678823506,0.3081995375102636,0.18646119544799378,0.09281325620576858,0.022214318170146484,0.02795624964836218,0.024597348670813868,0.02215182646430102,485.6153879501386
GTTGTTGATGATTGGCCAGGTTTGCCAAGAGGTGTTAAATTTGATCCATCTGATCCAGAAATTATTTGGCATTTGGCTGCTAAATCTGGTTTGTCTGGTGCTTCTTCTCATCCATTTATT,0.01979831603352664,0.029983077458525405,0.09520774680775959,0.2592232738781436,0.33986980490171714,0.21980848552029758,0.035690965619168846,0.00041832978086113844,825.4431971303155
GTTGTTGATGATTGGCCAGGTTTGCCAAGAGGTGTTAAATTTGATCCATCTGATCCAGAAATTATTTGGCATTTGGCTGCTAAATCTGGTTTGTCTGGTTTGTCTTCTCATCCAGCTATT,0.14489645355140068,0.13606482666605418,0.10818084378332929,0.16097504433056697,0.1523006943901179,0.06197934015534979,0.06271250894767434,0.17289028817550683,1631.3005957850025
GTTGTTGATGATTGGCCAGGTTTGCCAAGAGGTGTTAAATTTGATCCATCTGATCCAGAAATTATTTGGCATTTGGCTGCTAAATCTGGTTTGTCTGGTTTGTCTTCTCATCCATTTATT,0.0566326982631167,0.16381604753390283,0.1497502467457076,0.16515714212671184,0.16044290139199568,0.13626332223720766,0.09191680962959412,0.07602083207176354,1208.3106715838296
GTTGTTGATGATTGGCCAGGTTTGCCAAGAGGTGTTAAATTTGATCCATCTGATCCAGAAATTATTTGGCATTTGTTGGCTAAATCTGGTGCTTCTGGTGCTTCTTCTCATCCAGCTATT,0.01283504757763077,0.01699163736500836,0.02017420742686233,0.027768115266084106,0.05192229598114651,0.14674882729925756,0.41162229582105675,0.31193757326295357,3316.359843451983
GTTGTTGATGATTGGCCAGGTTTGCCAAGAGGTGTTAAATTTGATCCATCTGATCCAGAAATTATTTGGCATTTGTTGGCTAAATCTGGTGCTTCTGGTGCTTCTTCTCATCCATTTATT,0.04339652594349691,0.09356200569366295,0.08485764352081437,0.2479477788524733,0.2626883323580279,0.19320495152412062,0.0632469006555686,0.011095861451835439,878.2068028655647
GTTGTTGATGATTGGCCAGGTTTGCCAAGAGGTGTTAAATTTGATCCATCTGATCCAGAAATTATTTGGCATTTGTTGGCTAAATCTGGTGCTTCTGGTTTGTCTTCTCATCCAGCTATT,0.031638792116935995,0.1043763238371921,0.14848566462160473,0.2906087585808161,0.2635862916576646,0.14304311021961022,0.015490112711545026,0.0027709462546312144,676.2882799376839
GTTGTTGATGATTGGCCAGGTTTGCCAAGAGGTGTTAAATTTGATCCATCTGATCCAGAAATTATTTGGCATTTGTTGGCTAAATCTGGTGCTTCTGGTTTGTCTTCTCATCCATTTATT,0.2382504937878862,0.3219881491447962,0.195465507720961,0.11468266620372457,0.056411119364332685,0.052243238561086175,0.007469421710002093,0.013489403507211027,451.33425946409477
GTTGTTGATGATTGGCCAGGTTTGCCAAGAGGTGTTAAATTTGATCCATCTGATCCAGAAATTATTTGGCATTTGTTGGCTAAATCTGGTTTGTCTGGTGCTTCTTCTCATCCAGCTATT,0.06114911560072593,0.14071113123363002,0.15886904417803357,0.19531195478460117,0.1977174064035685,0.16705410975195045,0.07177692755808797,0.007410310489402293,803.6412898464918
GTTGTTGATGATTGGCCAGGTTTGCCAAGAGGTGTTAAATTTGATCCATCTGATCCAGAAATTATTTGGCATTTGTTGGCTAAATCTGGTTTGTCTGGTGCTTCTTCTCATCCATTTATT,0.00901145211643196,0.021031896177975008,0.05023089362461339,0.12140239472530961,0.34918973301351725,0.3719124980406265,0.07646166524079134,0.0007594670607349965,1062.840462400378
GTTGTTGATGATTGGCCAGGTTTGCCAAGAGGTGTTAAATTTGATCCATCTGATCCAGAAATTATTTGGCATTTGTTGGCTAAATCTGGTTTGTCTGGTTTGTCTTCTCATCCAGCTATT,0.0037146452210056156,0.01837344662071839,0.05466765836880938,0.1769152103674625,0.32357836180519506,0.3316998963073033,0.08167473971768976,0.00937604159181597,1083.2817756503564
GTTGTTGATGATTGGCCAGGTTTGCCAAGAGGTGTTAAATTTGATCCATCTGATCCAGAAATTATTTGGCATTTGTTGGCTAAATCTGGTTTGTCTGGTTTGTCTTCTCATCCATTTATT,0.0010245388645977467,0.0008590106171347742,0.0016998419084714098,0.04869086108298752,0.319590441118372,0.4153942848678874,0.21226561318036416,0.0004754083601851132,1392.248128942135
GTTGTTGATGATTGGCCAGGTTTGCCAAGAGGTGTTAAATTTGATCCATCTGATCCAGATATTATTTGGCATTTGTTGGCTAAATCTGGTTTGTCTGGTTTGTCTTCTCATCCATTTATT,0.012617085144631368,0.025388694495146327,0.01700836229991509,0.021025730347766045,0.07770598234799848,0.1089026988686175,0.29449258884671103,0.4428588576492142,3811.066082631279
GTTGTTGATGATTGGCCAGGTTTGCCAAGAGGTGTTAAATTTGATCCATCTGATCCAGCTATTATTTGGCATTTGTTGGCTAAATCTGGTTTGTCTGGTTTGTCTTCTCATCCATTTATT,0.07331234117630826,0.10213099937728237,0.1228041782034746,0.25374036307362613,0.22228447509446103,0.1524888761763326,0.04968748108904687,0.02355128580946804,857.1064816654856
GTTGTTGATGATTGGCCAGGTTTGCCAAGAGGTGTTAAATTTGATCCATCTGCTCCAGAAATTATTTGGCATTTGTTGGCTAAATCTGGTTTGTCTGGTTTGTCTTCTCATCCATTTATT,0.3145501961345592,0.23928701805355887,0.14001639238343971,0.08239173422667335,0.07055995321091862,0.056257250407416935,0.045063828865777,0.05187362671765637,766.8314881363659
GTTGTTGATGATTGGCCAGGTTTGCCAAGAGGTGTTAAATTTGATGAAGAAGATCCAGAAATTATTTGGCATTTGTTGGCTAAAGAAGAATTGGAAGAAGAAGAAGAAGAACCATTTATT,0.20333439122951155,0.19483764918779334,0.1927759650644103,0.12908434891595852,0.08587158091655904,0.07987602900009806,0.04490050117074706,0.0693195345149222,934.6535592330639
GTTGTTGATGATTGGCCAGGTTTGCCAAGAGGTGTTAAATTTGATGATGATGATCCAGAAATTATTTGGCATTTGTTGGCTAAAGATGATTTGGATGATGATGATGATGATCCATTTATT,0.09619639096297077,0.18147273768798117,0.23940330003990418,0.1335886586607478,0.13033974915227506,0.07715236498735219,0.05576072800429691,0.08608607050447178,1098.9799547279733
GTTGTTGATGATTGGCCAGGTTTGCCAAGAGGTGTTAAATTTGCTCCATCTGATCCAGAAATTATTTGGCATTTGTTGGCTAAATCTGGTTTGTCTGGTTTGTCTTCTCATCCATTTATT,0.19535650989807046,0.14039485491823026,0.13890925988772057,0.1085172275453623,0.15125437356691274,0.06395172567554426,0.051766581039351174,0.14984946746880806,1451.564007450562
GTTGTTGATGATTGGCCAGGTTTGCCAAGAGGTGTTAAATTTGCTCCATCTGATCCAGCTATTATTTGGCATTTGTTGGCTAAATCTGGTTTGTCTGGTTTGTCTTCTCATCCATTTATT,0.2246421101421114,0.07137402022438838,0.04413673283449147,0.10508200566627157,0.13980870691489364,0.15172181037007007,0.16448203373451775,0.09875258011325563,1484.6249473095233
GTTGTTGATGATTGGCCAGGTTTGCCAAGAGGTGTTAAATTTGCTCCATCTGCTCCAGAAATTATTTGGCATTTGTTGGCTAAATCTGGTTTGTCTGGTTTGTCTTCTCATCCATTTATT,0.04283248041293437,0.03770792357373619,0.07328536940686835,0.029740895413005775,0.04220740278738239,0.05889072426079546,0.2681431067671055,0.44719209737817206,3704.71961801353
GTTGTTGATGATTGGCCAGGTTTGCCAAGAGGTGTTAAATTTGCTCCATCTGCTCCAGCTATTATTTGGCATTTGTTGGCTAAATCTGGTTTGTCTGGTTTGTCTTCTCATCCATTTATT,0.03196839776709853,0.02784335891260777,0.0278224740985212,0.011614218264054746,0.007323711886019922,0.03333003102920016,0.36859812271619286,0.4914996853263048,4157.100364931505
GTTGTTGATGATTGGCCAGGTTTGCCACAAGGTGTTCAATTTGATCCATCTGATCCAGAAATTATTTGGCATTTGTTGGCTCAATCTGGTTTGTCTGGTTTGTCTTCTCATCCATTTATT,0.0015488094587314519,0.001038862508737675,0.0011242325218280102,0.0006452530371726448,0.0015897987937386836,0.0013013431872789009,0.33923935689641666,0.6535123435960961,5037.85121206451
GTTGTTGATGATTGGCCAGGTTTGCCAGAAGGTGTTGAATTTGATCCATCTGATCCAGAAATTATTTGGCATTTGTTGGCTGAATCTGGTTTGTCTGGTTTGTCTTCTCATCCATTTATT,0.0015476025951456033,0.001327652602612696,9.898221562636e-05,0.000352507652360899,0.00034053790862934773,0.00035645802062521663,0.28503297861849214,0.7109432803865079,5259.766008108564
GTTGTTGATGATTGGCCAGGTTTGCCAGATGGTGTTGACTTTGATCCATCTGATCCAGAAATTATTTGGCATTTGTTGGCTGATTCTGGTTTGTCTGGTTTGTCTTCTCATCCATTTATT,0.08202685388925009,0.09741146082981979,0.11210949093935088,0.13594661846284026,0.16828497575951282,0.2156982789020728,0.14840988213141046,0.04011243908574303,1202.3076784674683
GTTGTTGATGATTGGCCAGGTTTGCCAGCTGGTGTTGCATTTGATCCATCTGATCCAGAAATTATTTGGCATTTGTTGGCTGCTTCTGGTTTGTCTGGTTTGTCTTCTCATCCATTTATT,0.0034286759527675267,0.00769663951730131,0.00965071029925296,0.047050937037493204,0.19124621432429426,0.2768209753778901,0.3171985953217851,0.14690725216921552,2310.303711797731
GTTGTTGATGATTTGCCAGGTTTGCCAAGAGGTGTTAAATTGGATCCATCTGATCCAGAAATTATCTTGCATTTGTTGGCTAAATCTGGTTTGTCTGGTTTGTCTTCTCATCCATTGATT,0.18767136540442772,0.1853874899028841,0.17408467424091043,0.14026129545726562,0.09750990336501343,0.12510588141753792,0.06962218423875483,0.020357205973206005,752.8886545189259
GTTGTTGATGCTTGGCCAGGTTTGCCAAGAGGTGTTAAATTTGATCCATCTGATCCAGAAATTATTTGGCATTTGTTGGCTAAATCTGGTTTGTCTGGTTTGTCTTCTCATCCATTTATT,0.2002014751492611,0.19598344619559532,0.18179028540476294,0.126236702419986,0.1173015184014978,0.06447499436877052,0.07527425176837675,0.03873732629174956,817.1563182768277
GTTGTTGATGCTTGGCCAGGTTTGCCAAGAGGTGTTAAATTTGATCCATCTGATCCAGCTATTATTTGGCATTTGTTGGCTAAATCTGGTTTGTCTGGTTTGTCTTCTCATCCATTTATT,0.1917506611062671,0.23148889341495704,0.3018175735739973,0.15592019323612205,0.06897478458018941,0.03751830112125747,0.011585589306036237,0.0009440036611734177,398.7998087658474
GTTGTTGATGCTTGGCCAGGTTTGCCAAGAGGTGTTAAATTTGATCCATCTGCTCCAGAAATTATTTGGCATTTGTTGGCTAAATCTGGTTTGTCTGGTTTGTCTTCTCATCCATTTATT,0.34384026357637454,0.16266752576025817,0.16613292665356247,0.17859089823154717,0.08691348694921597,0.02497073181812065,0.01048906673219125,0.026395100278729874,526.488542169732
GTTGTTGATGCTTGGCCAGGTTTGCCAAGAGGTGTTAAATTTGATCCATCTGCTCCAGCTATTATTTGGCATTTGTTGGCTAAATCTGGTTTGTCTGGTTTGTCTTCTCATCCATTTATT,0.03030117423997989,0.04268141751942397,0.060328260014891485,0.12118887584330833,0.1492948638215311,0.17775500757596582,0.230442697458537,0.18800770352636256,2243.8254362771277
GTTGTTGATGCTTGGCCAGGTTTGCCAAGAGGTGTTAAATTTGCTCCATCTGATCCAGAAATTATTTGGCATTTGTTGGCTAAATCTGGTTTGTCTGGTTTGTCTTCTCATCCATTTATT,0.15738780014227188,0.2035948905983474,0.16087265450742808,0.1623630418690023,0.1218571786013921,0.10304464821395105,0.05734497372530135,0.03353481234230592,799.833850471796
GTTGTTGATGCTTGGCCAGGTTTGCCAAGAGGTGTTAAATTTGCTCCATCTGATCCAGCTATTATTTGGCATTTGTTGGCTAAATCTGGTTTGTCTGGTTTGTCTTCTCATCCATTTATT,0.4940387114928914,0.3204707802861924,0.1369454562302284,0.018992289115860487,0.0005748570459123491,0.021319075420252697,0.007386452443832098,0.00027237796483000373,252.98594785864577
GTTGTTGATGCTTGGCCAGGTTTGCCAAGAGGTGTTAAATTTGCTCCATCTGCTCCAGAAATTATTTGGCATTTGTTGGCTAAATCTGGTTTGTCTGGTTTGTCTTCTCATCCATTTATT,0.3401144875037117,0.34626776161058537,0.23141189229805434,0.029215643609018366,0.04518292790148314,0.0017305752822945064,0.0035020933621911277,0.002574618432661543,285.29739899889194
GTTGTTGATGCTTGGCCAGGTTTGCCAAGAGGTGTTAAATTTGCTCCATCTGCTCCAGCTATTATTTGGCATTTGTTGGCTAAATCTGGTTTGTCTGGTTTGTCTTCTCATCCATTTATT,0.2743132707772519,0.2852860362805825,0.2707956663582408,0.1071164992420195,0.03144096127661798,0.01825991583351592,0.0073179259542588805,0.005469724277512288,352.07697528360586
GTTGTTGCTGATTGGCCAGGTTTGCCAAGAGGTGTTAAATTTGATCCATCTGATCCAGAAATTATTTGGCATTTGTTGGCTAAATCTGGTTTGTCTGGTTTGTCTTCTCATCCATTTATT,0.25833660731090036,0.22093077585007315,0.14465712310775344,0.08610096202112007,0.09546246038967736,0.05327836408589644,0.0718781425354436,0.06935556469913562,953.4980390685535
GTTGTTGCTGATTGGCCAGGTTTGCCAAGAGGTGTTAAATTTGATCCATCTGCTCCAGAAATTATTTGGCATTTGTTGGCTAAATCTGGTTTGTCTGGTTTGTCTTCTCATCCATTTATT,0.05241295642377691,0.2922805172640309,0.543961577597769,0.0901310840417462,0.0038461325531615577,0.005877478587157998,0.007498397256477294,0.003991856275880186,356.32092569516806
GTTGTTGCTGATTGGCCAGGTTTGCCAAGAGGTGTTAAATTTGATCCATCTGCTCCAGCTATTATTTGGCATTTGTTGGCTAAATCTGGTTTGTCTGGTTTGTCTTCTCATCCATTTATT,0.504738506403391,0.3064411538885133,0.12077565231632278,0.02669455106507634,0.022601321957965236,0.00100110943567786,0.007495843352161944,0.010251861580891633,302.69303363578496
GTTGTTGCTGATTGGCCAGGTTTGCCAAGAGGTGTTAAATTTGCTCCATCTGATCCAGAAATTATTTGGCATTTGTTGGCTAAATCTGGTTTGTCTGGTTTGTCTTCTCATCCATTTATT,0.19526148797848492,0.16729557848968435,0.13477406630318875,0.1440543403260975,0.16836043975163903,0.09927671198727397,0.050932942237751654,0.04004443292587986,834.9874744587587
GTTGTTGCTGATTGGCCAGGTTTGCCAAGAGGTGTTAAATTTGCTCCATCTGATCCAGCTATTATTTGGCATTTGTTGGCTAAATCTGGTTTGTCTGGTTTGTCTTCTCATCCATTTATT,0.183048729676645,0.08723825461124204,0.11988213715169942,0.11773527456967167,0.16139030548760844,0.10596849731301654,0.09828685589938732,0.1264499452907295,1472.3294459877366
GTTGTTGCTGATTGGCCAGGTTTGCCAAGAGGTGTTAAATTTGCTCCATCTGCTCCAGAAATTATTTGGCATTTGTTGGCTAAATCTGGTTTGTCTGGTTTGTCTTCTCATCCATTTATT,0.40363036246689216,0.28972388348726924,0.21322723754020423,0.07197480565370745,0.007546200180222269,0.007166070110378234,0.006285710526870836,0.000445730034455545,267.69307854828884
GTTGTTGCTGATTGGCCAGGTTTGCCAAGAGGTGTTAAATTTGCTCCATCTGCTCCAGCTATTATTTGGCATTTGTTGGCTAAATCTGGTTTGTCTGGTTTGTCTTCTCATCCATTTATT,0.034193548245861155,0.055044697894496446,0.05105834974588969,0.10636604186923027,0.09434472108460251,0.06895238012570934,0.3044423333036312,0.28559792773057957,2858.236067993045
GTTGTTGCTGCTTGGCCAGGTTTGCCAAGAGGTGTTAAATTTGATCCATCTGATCCAGCTATTATTTGGCATTTGTTGGCTAAATCTGGTTTGTCTGGTTTGTCTTCTCATCCATTTATT,0.26043778136698237,0.2338517360510692,0.30030427690134914,0.057662788008917436,0.07644637295579428,0.017622392883220775,0.03623138076629989,0.017443271066366943,508.85656220788997
GTTGTTGCTGCTTGGCCAGGTTTGCCAAGAGGTGTTAAATTTGATCCATCTGCTCCAGAAATTATTTGGCATTTGTTGGCTAAATCTGGTTTGTCTGGTTTGTCTTCTCATCCATTTATT,0.34591702726736234,0.3334997616039436,0.20679183927546993,0.07900694662985185,0.009281672247791917,0.008110376026600785,0.00924483202337467,0.00814754492560491,330.1734617647961
GTTGTTGCTGCTTGGCCAGGTTTGCCAAGAGGTGTTAAATTTGATCCATCTGCTCCAGCTATTATTTGGCATTTGTTGGCTAAATCTGGTTTGTCTGGTTTGTCTTCTCATCCATTTATT,0.09376588851515932,0.10242036643341697,0.10599274565625345,0.09836385975283282,0.08857791538143583,0.11313703236688777,0.21515029152155613,0.18259190037245776,2062.018430416788
GTTGTTGCTGCTTGGCCAGGTTTGCCAAGAGGTGTTAAATTTGCTCCATCTGATCCAGAAATTATTTGGCATTTGTTGGCTAAATCTGGTTTGTCTGGTTTGTCTTCTCATCCATTTATT,0.1085604602532639,0.18026378061841938,0.2455674083599735,0.26443288902120016,0.11150495346187315,0.07498741666352071,0.010554418423921753,0.004128673197827417,509.98994905678273
GTTGTTGCTGCTTGGCCAGGTTTGCCAAGAGGTGTTAAATTTGCTCCATCTGATCCAGCTATTATTTGGCATTTGTTGGCTAAATCTGGTTTGTCTGGTTTGTCTTCTCATCCATTTATT,0.5617842657755096,0.07497378091530482,0.3016591033542436,0.03601744916639754,0.010013180626128151,0.007983480490341635,0.0017950931191272955,0.005773646552947334,277.05052809434187
GTTGTTGCTGCTTGGCCAGGTTTGCCAAGAGGTGTTAAATTTGCTCCATCTGCTCCAGAAATTATTTGGCATTTGTTGGCTAAATCTGGTTTGTCTGGTTTGTCTTCTCATCCATTTATT,0.1571492803543699,0.14757082777410593,0.2346578033070757,0.12803084743936916,0.12388473251548993,0.07682340211943531,0.10688172681419357,0.025001379675960448,834.3215927474587
GTTGTTGCTGCTTGGCCAGGTTTGCCAAGAGGTGTTAAATTTGCTCCATCTGCTCCAGCTATTATTTGGCATTTGTTGGCTAAATCTGGTTTGTCTGGTTTGTCTTCTCATCCATTTATT,0.16814236965158083,0.15074835186167232,0.18699260138496715,0.19846248742352987,0.1805016827969811,0.09829437181587276,0.011832798489070883,0.005025336576325118,554.7875851510145
GTTGTTTCTAAAGTCTTCTATCAACAACAACAACAAGTTAAACAAGGTGAGAAGATTGAAGAAGAATTGCCAGAAGATTCTGAATGTTTGGTTGCTAAAGTTGATCCACATACTCCTAAA,0.1248025146749453,0.11771883426024186,0.21353417552950177,0.18197990989390153,0.12298120386632884,0.07149666180042043,0.06510817198899504,0.10237852798566514,1217.2321845376318
GTTGTTTCTAAGATCTTCTATCAACAACCACAACAACAAGGTGTCTTGCAGAAAGGTGGTGATAAAGCTGAAGAAGAAGTTTCTGAAGATATCTTTGCTGCTGCTACTACTACTCCTAAA,0.09251640071295543,0.053190248586768074,0.08223033338649542,0.13214903477567527,0.0390712537209903,0.14537319853563804,0.17160832931713418,0.2838612009643433,2595.082487377178
GTTGTTTCTTCTGCTCCATCTTCTTCTTGTTTGGACTTCTTGTGGGAAGAGAATAATCCAGATACTTTGTTGATTGATACTCAATGGTTGGAAGATATTATTATGGGTGATGCTAATAAA,0.12345512134621717,0.11829629743322835,0.0950986882386179,0.04571815054694213,0.04634418048742057,0.059274092365546295,0.39256533896268225,0.11924813061934535,1992.0228737126727
GTTTATGTTCCATGCTTCTCTAATCAAACTGATCAGAATCAAGGTACTACTTTGAATTGCTTCTCTTCTCCAGTCTTAAATTCTATTCAAGCTGATATCTTTCATAGGATTCCATTGTAT,0.06452768262695899,0.1227232210706292,0.1991316556549082,0.270219419355279,0.19589310869203594,0.12205064370015821,0.01610144529488746,0.009352823605143048,654.6159788419279
GTTTATTATTTGAAGAGGAAGATTTGTTGTAAGAAATTGAGAGTTAATGCTATTGGTGTTGTTGATGTTTATAAAGTTGATCCATCTGAATTGCCAGGTTTGTCTATGTTGAAGACTGGT,0.18143132776472623,0.1288534181463803,0.14608223368073536,0.24899088547675832,0.1262001896206337,0.10760648719283238,0.00989812642552108,0.050937331692412685,819.8142079281929
GTTTCTCAATTGCATCATATTCCACAATTGAAGACTGATAATTCTGTCTTGAATCCACATGAGAATTTGGAATCTATGAGAAATATGATTGAGAATGATGTTAATAATATTGATTCTTTG,0.21553415305961826,0.2575141250655522,0.06704979651164986,0.13469126181931435,0.11946866975175467,0.11112736982176757,0.0624677348291587,0.032146889141184375,790.3077592032661
GTTTCTGATGTTCCACCATTGACTGCTACTGTCTTGCCACCATTGACTTCTGATGTTATTGCTTATAATCCATTCTCTTCTTCTCCATTGTTGGAAGTTCCACAAGTTTCTTTGGATGGT,0.22524121974126324,0.20967691956330972,0.17550126602596333,0.1894305015485403,0.06845314981063592,0.0675327676715866,0.039046645324534474,0.02511753031416627,638.2798835667136
GTTTCTGGTGTTTCTTCTCATCCAGTTATTGATGAAGTTATTCCAACTGTTAATCAAGATGATGGTATTTGTGTTACTCATCCTAAGAATGTTCCAGGTGTTAAATCTGATGGTACTGTT,0.27868010903594154,0.3079226007785138,0.21765977961188052,0.11312937188598798,0.03705110111181866,0.028667756800340623,0.010384793129637419,0.006504487645879505,376.47271247153196
GTTTGTAGAAATTCTCATACTGCTACTCCAAATGTTTCTCCAATTCATGAACCAGAATCTCATAATTCTCCAGAAGCTCCAATCTTGTTTCCAGATGATTGGTATCCACCATCTATTGAT,0.004914555706464017,0.0035848716318331495,0.03501072557799554,0.2308174697204134,0.19189733404709006,0.4870715848282654,0.046263655305293305,0.00043980318264504465,1060.629724060855
GTTTGTAGAGTCTTTAGGAAGAAGAATTATCAGAAGATTGATGATTGTCCTAAGATTACTTTGTCTTCTTTGCCAGATGATACTGAAGAAGAGAAAGGTCCAACATTTCATAATACTCAA,0.5734708702264188,0.2086958275020684,0.03795726146809003,0.054221845277351424,0.009017583489557345,0.01677595201193719,0.045265063617108414,0.0545955964074684,666.2119575759464
GTTTGTCACTTCTTTCATAGAACTGTTAAAGCTTATAATTCTGGTACTAGGAAGAGAAGGAAGATCTTGAATCATTTGAATCCATGTTCTGGTGATGTTAGATGGCATAAGACTGGTAAA,0.062360590283276986,0.10666218572091303,0.09699773398983143,0.22169760077435754,0.23043948133258,0.2029181909859523,0.049160781961809265,0.02976343495127937,945.8021281710774
GTTTGTTCTTCTGTTGGTTCTGGTAATTCTTTGGATGGTCCATCTGAATCTCCATCTTTGTCTTTGAAGAGGAAACATTCTAATATTCAAGATATTGATTGTCATTCTGAAGATGTTGAA,0.11678646176711777,0.20889176259267858,0.1533963249775415,0.15137009659397885,0.06393451864873217,0.11299416269331156,0.08424374612614297,0.10838292660049666,1301.531390118335
TACTTCTTCTCTCCAAGAGATAGGAAATATCCAAATGGTTCTAGACCAAATAGAGTTGCTGGTTCTGGTTATTGGAAAGCTACTGGTACTGATAAGATTATTTCTACTGAAGGTCAAAGA,0.22110963424636837,0.2224636233117299,0.06878425424709154,0.061411325643829937,0.054470715347535024,0.15200271355142086,0.15380079087275436,0.06595694277926996,1204.9760553504307
TACTTTATTAAATCTGTTGTTTATGATGGTCAACAACCACAACAATTGGTTGTTAAGAGAGGTGATAAAGCTGAACAAGAAGTTTCTGAAGATATCTTTGCTGCTGTTACTCCAACTGCT,0.34398051552297837,0.23072461192596627,0.111660255073116,0.09969148260494791,0.06877461880076238,0.06854226043744074,0.06472952604619518,0.01189672958859316,580.2806077526855
TATAAATCTAATCCATCTAGACATTGTCCTAAATGTCAACATGTTATTGATAATTCTGATGTTGTTGATGATTATCCAGGTTATCCAAGAGGTGTTAAATATGATCCATCTGATCCAGAA,0.036623187530943714,0.0552711804471667,0.09114387624233412,0.16274847566863285,0.1623992646837979,0.2685520916393056,0.13586443004744475,0.08739749374037427,1527.2957447108347
TATAAATTGTATAAGAAATCTGGTGCTGGTCCTAAGAATGGTGAACAATATGGTGCTCCATTTCAAGAAGAAGAATGGGTTGATTCTGATTCTGAAGATGCTGATTCTGTTGCTGTTCCA,0.04741603231601674,0.07155958437568902,0.1180039552172258,0.15803280998888058,0.37379251544579,0.10865447816482597,0.06596386715674042,0.056576757334831466,1108.1760088672584
TATAAGAGACATTTGATTGAAGAAGATGTTTCATTTAATGCTTTGATTTCTTCTGGTAATAAAGATAAGAAGAAGAAGAAGACTTCTGTTATGACTACTGATTGGAGAGCTTTGGATAAA,0.11703630284424689,0.11775298746471387,0.07281686153945147,0.19503504306219968,0.1729924928676847,0.10727610717935714,0.21709020504234627,0.0,1006.5636613407261
TATAATACTGGTACTAGGAAGAGAAGAAGAATTAATACTGGTGATTTGGCTGATGTTAGATGGCATAAGACTGGTAAGACTAAACCAGTTATGGTTGATGGTAAACATTTGGGTTGTAAA,0.5667146772838458,0.22399499348427365,0.13358128639595113,0.04232968281174271,0.00498089585201487,0.0060390450649008024,0.0071773920345906276,0.015182027072680463,327.70617783872274
TATAATACTGGTACTAGGAAGAGAAGGAAGATCTTGGGTGATGACTTTGGTGATGTTAGATGGCATAAGACTGGTAAGACTAAACCAGTTATGGTTGATGGTGTTCAGAAAGGTTGGAAA,0.1857658162195229,0.16991215776698404,0.10507138996957913,0.03752354905000375,0.06656539450023674,0.1083561501758437,0.12530048184085515,0.20150506047697464,1925.4925481855669
TATAATGAAGATCCAGACTTTACTGATGGTTATGATGTTGATCCAAACTTTGGTTCTGCTGACTTTGAAGGTTCTGGTGATCCATGGTTTCCATTGTTTCCACAAGAAACTACTACTGTT,0.015433643466390945,0.015528153072738075,0.1234594378992874,0.17391200799968057,0.5290354722657633,0.10508873842984232,0.029650229871933817,0.007892316994363527,811.6954786906005
TATAATGAAGATCCAGACTTTACTGATGGTTATGATGTTTCTCCAAACTTTGGTTCTGCTGACTTTGAAGGTTCTGGTGATCCATGGTTTCCATTGTTTCCACAAGAAACTACTACTGTT,0.29976918960181526,0.24676761196690236,0.13564246022226714,0.0605515272864365,0.04603550574191936,0.06780040390557819,0.08304504864152613,0.06038825263355499,903.738459184223
TATAATGAAGCTCCAGACTTTACTGATGGTTATGATGTTGCTCCAAACTTTGGTTCTGCTGACTTTGAAGGTTCTGGTGATCCATGGTTTCCATTGTTTCCACAAGAAACTACTACTGTT,0.07508221556973514,0.20292652146160647,0.14472226568139038,0.2060811390027189,0.16102944131109176,0.11065299347234521,0.057346356863664766,0.04215906663744744,899.0323222969939
TATAATGAAGCTCCAGACTTTACTGATGGTTATGATGTTTCTCCAAACTTTGGTTCTGCTGACTTTGAAGGTTCTGGTGATCCATGGTTTCCATTGTTTCCACAAGAAACTACTACTGTT,0.003057790628099705,0.004157453167509692,0.003959206090536584,0.0028921270831864985,0.0017508941230997335,0.04298869866103342,0.40293374221492534,0.538260088031609,4530.258066680749
TATAATGAATCTCCAGACTTTACTGATGGTTATGATGTTGATCCAAACTTTGGTTCTGCTGACTTTGAAGGTTCTGGTGATCCATGGTTTCCATTGTTTCCACAAGAAACTACTACTGTT,0.05831278635740887,0.12320672929356366,0.10158584271317996,0.1490021130217902,0.18387774793063827,0.19776431499086658,0.10275596304147583,0.08349450265107658,1352.8642637764601
TATAATGAATCTCCAGACTTTACTGATGGTTATGATGTTGCTCCAAACTTTGGTTCTGCTGACTTTGAAGGTTCTGGTGATCCATGGTTTCCATTGTTTCCACAAGAAACTACTACTGTT,0.13596686420111276,0.12436315653425173,0.11865265878700523,0.10201088080236535,0.06438126183580002,0.06959743329311828,0.11955145212449689,0.2654762924218498,2280.2714287868102
TATAATGAATCTCCAGACTTTACTGATGGTTATGATGTTTCTCCAAACTTTGGTTCTGCTGACTTTGAAGGTTCTGGTGATCCATGGTTTCCATTGTTTCCACAAGAAACTACTACTGTT,0.08606296104455095,0.1265545817892962,0.12356786673006606,0.0956130300625465,0.13047230393895323,0.15170341313594862,0.15963786795774917,0.1263879753408891,1655.0403619670092
TATAATGGTGATCCAGACTTTGATTCATTTGATGTTGATCCAAACTTTGGTACTGCTGAATTTGATAATGGTCCATCTGATCCATGGTATCCATTGTTTCCATCTGATACTGCTTCTCAT,0.0006016727504360354,0.0005058463934961005,0.0005743370960382272,0.0007233781249368514,0.0006903539472838193,0.0006723724355293805,0.30373884644956617,0.6924931928027134,5191.670374339234
TATAATGGTGATCCAGACTTTGATTCATTTGATGTTTCTCCAAACTTTGGTACTGCTGAATTTGATAATGGTCCATCTGATCCATGGTATCCATTGTTTCCATCTGATACTGCTTCTCAT,0.0026365151111824173,0.003536880133688114,0.004046244223307912,0.005662885768172391,0.004849672829336608,0.004994397575215949,0.4113693722521637,0.5629040321069327,4660.523701851398
TATAATGGTGCTCCAGACTTTGATTCATTTGATGTTGCTCCAAACTTTGGTACTGCTGAATTTGATAATGGTCCATCTGATCCATGGTATCCATTGTTTCCATCTGATACTGCTTCTCAT,0.18506090435938793,0.16679892163287385,0.1391274415597577,0.2270126768844324,0.12157347345116197,0.08481391212941221,0.057211464443596254,0.018401205539377623,697.5443135491674
TATAATGGTGCTCCAGACTTTGATTCATTTGATGTTTCTCCAAACTTTGGTACTGCTGAATTTGATAATGGTCCATCTGATCCATGGTATCCATTGTTTCCATCTGATACTGCTTCTCAT,0.0005118613671266039,0.0008482283868088701,0.0013862658131468964,0.007894347349339413,0.023854750774902726,0.022244409639621453,0.2814560025775684,0.6618041340914856,4990.023086091556
TATAATGGTTCTCCAGACTTTGATTCATTTGATGTTGATCCAAACTTTGGTACTGCTGAATTTGATAATGGTCCATCTGATCCATGGTATCCATTGTTTCCATCTGATACTGCTTCTCAT,0.03646094260340908,0.044021058215188785,0.04537004920060726,0.13367267201235292,0.12934385382962793,0.09691886094683075,0.1792228588963072,0.33498970429567604,2921.9810326545744
TATAATGGTTCTCCAGACTTTGATTCATTTGATGTTGCTCCAAACTTTGGTACTGCTGAATTTGATAATGGTCCATCTGATCCATGGTATCCATTGTTTCCATCTGATACTGCTTCTCAT,0.0026916756312180953,0.0023098998132901147,0.002265755275544626,0.003166263859831786,0.002184324922174984,0.0016689912243047637,0.3055874543436964,0.6801256349299394,5122.832584416457
TATAATGGTTCTCCAGACTTTGATTCATTTGATGTTTCTCCAAACTTTGGTACTGCTGAATTTGATAATGGTCCATCTGATCCATGGTATCCATTGTTTCCATCTGATACTGCTTCTCAT,0.002322273271895606,0.0012744512545389652,0.005779425603402123,0.015831614593907847,0.022571778542907216,0.02786541671417195,0.3103412779880192,0.6140137620311571,4773.4149628930445
TATAATTTGTGGATTCCAACTGGTGAGAAGACTGATGTCTTGGATCCTAAGAAGAATGGTGGTGAATTGGTTGGTATTAAACATTCATTTACATTTATTGAGAATGAAGAAGAAGAAGAA,0.06826257793132522,0.10302088695701886,0.0849423053318138,0.13271546451792612,0.16816596273878615,0.21899446641662365,0.14244750359207767,0.0814508325144285,1442.8118698962355
TATACTATGGATGAAGAAGAATTGGGTAGATGTAAGAATGCTAAAGAATATTATGCTTTGTATAAATTGTATAAGAAATCTGGTGCTGGTCCTAAGAATGGTGAACAATATGGTGCTCCA,0.23477231472437446,0.11023131873144293,0.13633112579473067,0.15649444625063705,0.0771153849864013,0.10042366667172427,0.0725797162976685,0.11205202654302096,1278.3747781334446
TATACTGGTAATGATAATAATTTGTTGATGTCATTCTGGAATGGTAATGGTGGTGACTTTATTGGTGATTCTGCTTCTTGGGATGAATTGAGATCTGTTATTGATGGTAATACTAAACCA,0.1632496190642914,0.2147875409084003,0.12500868001712098,0.11160910067090483,0.08662081550862578,0.06906253032788799,0.13975897582261904,0.08990273768014961,1265.2101732552637
TATAGAAGGAAATCTATGACTCCATCTAGAAGATCTTCTGTTGTTATTGAATCTACTAAAGAATTGGAAGAGAAACCATTTCATTGTCATATTTGTCCTAAATCATTTAAGAGATCTGAA,0.13590489825319016,0.1709214084806056,0.06341729821091735,0.0,0.21762254204825235,0.1712853499788899,0.22057830623626656,0.020270196791878137,1184.4465354337049
TATAGATTGGAAGATAAAGTCTTGGCTCAGAAGAATGTTCCACAAGATACTTATGTCTTGTGTGTCTTGTTTAAGAAGAATGGTTTGGGTCCAAGACATGGTTCTCAATATGGTGCTCCA,0.1564601280760402,0.12243640018458118,0.021632291682502233,0.19313543825949547,0.10278454702608797,0.1593468869713598,0.16123184031853385,0.08297246748139936,1394.7841789751667
TATATGGATAGAACTGGTTCTAATATTTGTATGCCAGAATCTCAAACTACTACTCAACATCAAGATGATGTCTTGTTTATGCAATTGCCATCTTTGGAAACTCCTAAATCTGAATCTCCA,0.10240002028442034,0.13987448237858716,0.25068365236677426,0.23722714438459191,0.1252025176952337,0.13104319452768165,0.00767021671182529,0.005898771650885601,578.9374191254008
TATCATTATGATCCATGGGATTTGCCAGGTAAAGCTTTGGGTGAAGGTAGACAATGGTACTTCTATTCTAGGAAGACTCAAGAAAGAGTTACTTCTAATGGTTATTGGGGTTCTATGGGT,0.14139675778812658,0.12447978928249731,0.3079065007453814,0.15708700106360937,0.1393332781865049,0.11340440276077562,0.016392270173104816,0.0,533.2307034845763
TATCCAACTGATGAAGAATTGATGGTTCAATATTTGTGTAGGAAAGCTGCTGGTTATGACTTCTCTTTGCAATTGATTGCTGAAATTGATTTGTATAAATTTGATCCATGGGTCTTGCCA,0.03696394915414265,0.29752241556615716,0.1149899092032383,0.10266423380076263,0.1821225709461941,0.10164406619651789,0.11998751187075593,0.04410534326223146,1034.912953171026
TATCCAAGACCACCATCTAAGACTTATAGAGGTGCATTTCAGAATTTGTTTCAATCTGTTAGAGAAGTTATTCAGAATCCAGGTCCAAGACATCCAGAAGCTGCTTCTGCTGCTCCACCA,0.0008819236902502868,0.028838038013599,0.03310546493181481,0.04294734335584683,0.431195278693274,0.35123937931843413,0.06952477204978477,0.042267799946996226,1301.2675146737263
TATCCATCTGGTTCTAGACAGAATAGAGCTACTGTTGCTGGTTATTGGAAAGCTACTGGTAAAGATAGGAAGATTAAATCTGGTAAGACTAATATTATTGGTGTTAAGAGAACTTTGGTT,0.16699597133679536,0.12001327818556556,0.1484291897588203,0.07951151094479593,0.09403366201310326,0.08746823377157209,0.1327543753923826,0.1707937785969649,1762.4708644862112
TATGAACATGGTTATGAGAATGGTGCTAAAGAAATGTATGATGATAAAGAAGAACAAGAGAAAGATAGAGATAATGAGAATCAAGGTGAAGAAGATCCAACTTATTATGATTCTGGTTCT,0.1973628100080813,0.15195838213815005,0.10722844875979982,0.09058769017647139,0.11961135659570438,0.15287646541378883,0.13062278633944446,0.04975206056855979,1100.2656004915
TATGAAGCTGGTATGACTTTGGGTGCTAGGAAATTGAAGAAATTGGGTAATTTGAAATTGCAAGAAGAAGGTGAAGCTTCTTCTACTACTTCTCCAACTGAAGAAACTACTCAGAAATTG,0.1643240593251542,0.11022021046817979,0.2044760810909117,0.12170563684666848,0.0,0.0,0.2032027263641014,0.19607128590498446,1949.7055392142008
TATGATTTGGTTAATAAACAAGATGAAGATCCTAAGAATGATATGTTGCCAAATTCTAATTTGTCTTCTTCTCAACAATTTATTAAACCATCTATGATCTTGTCTGATAATGCTTCTGTT,0.09676327256656857,0.07965475614445872,0.1313531424045424,0.11727350526427793,0.16469744718049256,0.016126134209657673,0.08974291810123348,0.30438882412876855,2450.5412729585196
TATGCTATTCCAGAGAATGAAGCTGCTGATGAAGATACTATGAACTTTATTTCTTCTGCTAAGAATGATGCTTCTAATATTTCTAATTCTGCTCCATTTGAATATCCACATGAAATTGCT,0.3830545616151637,0.32272380541777496,0.205117145153257,0.01519314940453403,0.04051827227159029,0.01836252266156569,0.0025875890040311803,0.012442954472083208,349.93912655855604
TATGCTATTCCAGAGAATGAATTGTTGGATGAAGATACTATGAACTTTATTTCTTCTTTGAAGAATGATTTGTCTAATATTTCTAATTCTTTGCCATTTGAATATCCACATGAAATTGCT,0.1126828786266108,0.17005935686551918,0.1402165545461619,0.1251868554241728,0.05551921812119562,0.25821433758279827,0.10450752728564701,0.0336132715478944,1043.4830462606146
TATGCTCAATTGCCAGTTGAAGATTTGAAGAAAGATTTGGAAGAATGTCAAAGATTGGATCCATCTGATGGTACTAATTTGGAATTGGAGAATGCTTCTGAATTTAGATTGGATCAAATT,0.29729489398993875,0.30707413676554024,0.21736926684627259,0.10618904330507876,0.01883754532330034,0.012084350563821235,0.018340948958821546,0.02280981424722653,463.06287838925107
TATGCTCAATTGCCAGTTGAAGATTTGAAGAAAGATTTGGAAGAATGTCAAAGATTGGATCCATCTGATGGTACTAATTTGGAATTGGAGAATGCTTCTGAATTTAGATTGGCTCAAATT,0.3093095199412202,0.26166425643503205,0.30112502837220084,0.07922296473003948,0.022734188959408163,0.023984782491057337,0.0006483951545652852,0.0013108639164766062,305.4814711503062
TATGCTCATTTGTCTACTGAAGACTTTAAGAAAGATTTGGAAGAATGTCAAAGATTGGAACCAACTGATAATACTAATTTGGAATTGGATTCTACTAATGAATTTAGATTGGATCAAATT,0.20241653227072942,0.1629248416628206,0.10075052779661965,0.13492674026267218,0.23935506959235378,0.11132165191331993,0.0,0.048304636501484456,811.3388828865383
TATGCTCATTTGTCTACTGAAGACTTTAAGAAAGATTTGGAAGAATGTCAAAGATTGGAACCAACTGATAATACTAATTTGGAATTGGATTCTACTAATGAATTTAGATTGGCTCAAATT,0.06063749575902924,0.4310745557221215,0.20785616865740056,0.2395743368698882,0.00226486924868289,0.04628623196410156,0.01222568114009499,8.066063868112921e-05,392.6262247519512
TATGCTCATTTGTCTACTGAAGACTTTAAGAAAGATTTGGAAGAATGTCAAAGATTGGAACCAACTGATAATACTAATTTGGAATTGGATTCTACTAATGAATTTAGATTGTCTCAAATT,0.47366124306810137,0.3353582752559526,0.04365916648006312,0.07795875144372046,0.0,0.032160033566807376,0.016270231239641796,0.020932298945713336,419.84506333199795
TATGGTTATACTAGACCACCACAAGGTTTGGCTGGTCAAGAATCTGACTTTACTGCTCCAGATGTTTGGTATCCAGGTGGTATGGTTTCTAGAGTTCCATATCCATCTCCAACTTGTGTT,0.27766850262959614,0.281526124430699,0.16542071649119844,0.10600287840965744,0.02535440946911573,0.02849753288969214,0.03877761552435681,0.07675222015568425,860.1860398828395
TATGTTGTTTCTAAATTGTTCTTTCAACAACAATTTAAACCAGGTGATAAGAATGCTCAAGAATTGACTACTTCTGATGATTTGGAATCTATTGCTGCTGAAGCTGATTTGACTGACTTT,0.1101122133496532,0.15107249665860614,0.04982463854642813,0.10008894559946399,0.12823351991100437,0.19268349423033915,0.14854308149966927,0.1194416102048357,1623.358961840953
TATTACTTTGTTCCATTGACTGAAAGAGGTGGTAAGATCTTGTCTGTTCATAGGAAAGTTGCTGCTAGAGGTGGTTCTGAAGGTGGTACTTGGAGATCTAATGATGGTAAGAAAGAAATT,0.5240704631142763,0.24124220380547987,0.15648289900241527,0.03687939873372992,0.02044038997813581,0.011695645814331749,0.0031641701798724654,0.0060248293717586445,281.61325201105507
TATTCTACTGGTACTAGGAAGAGAAGGAAGATCTTGGATGATGATTTGGGTGATGTTAGATGGCATAAGACTGGTAGAACTAAACCAGTTATCTTGGATGGTGTTCAAAGAGGTTGTAAA,0.004921219451230776,0.009076547616720507,0.050650874878923044,0.16604232586843137,0.3245741253929568,0.33315015404815196,0.09368217064199043,0.017902582101594976,1162.7507549549107
TATTCTACTGGTACTAGGAAGAGAAGGAAGATTCATGATGATGACTTTGGTGATGTTAGATGGCATAAGACTGGTAGAACTAAACCAGTTGTCTTGGATGGTGTTCAAAGAGGTTGTAAA,0.2810850728992144,0.18099605000498944,0.15856115283837727,0.12907407184550815,0.05908971646440056,0.04465830991611453,0.06604193046172853,0.08049369556966703,988.4076639804798
TATTCTGGTCCATATGGTGATATGAGATTGGAAACTGCTAGAGATCATGTCTTGCCAATTGATTATTACTTTCCACCACAGAAGACTTGTTTGATTTGTGGTGATGAAGCTTCTGGTTGT,0.1213344371249513,0.1380005864295195,0.1378532142227396,0.1582416509648738,0.13515900800845967,0.08220298280888134,0.1516727554529059,0.0755353649876689,1262.803454254222
TATTCTGGTTATTCTTCTCATCCATATATTGATGAATATATTCCAACTGTTAATCAAGATGATGGTATTTGTTATACTCATCCTAAGAATTATCCAGGTGTTAAATCTGATGGTACTGTT,0.046171685583282066,0.4529306238359763,0.1220888553930117,0.16670932305175415,0.039810642484360816,0.04761136837268205,0.06958549708981182,0.0550920041891209,861.4380822286058
TATTCTGTTTGGAAGAGAGCTACTGAGAAGATTTCTGATGGTAATAATACTACTGATTCTAATCAGAAACATCATCCATATCATAATCATCCATCTAATGATTCTGGTAATGAGAAGAAT,0.12817740754321574,0.12896231593868857,0.05316570619961836,0.04746691713455637,0.21051140848652455,0.35246431172413123,0.07925193297326527,0.0,939.3415245508047
TATTCTTTGTTTGATGATCCATCTGAAGGTTATGAAACTGATCCATTGTTTAATACTAATGATGATTTGGATGATTCTAATGGTTGGTATTCTTTGTTTCCACCAACTACTACTTCTTCT,0.08264253211483379,0.1018570383231696,0.0617015712769126,0.12624294314303267,0.21784259685534757,0.23861436229104666,0.1513771604062038,0.019721795589453292,1129.861389061872
TATTCTTTGTTTGATGATCCATCTGAAGGTTATGAAACTTCTCCATTGTTTAATACTAATGATGATTTGGATGATTCTAATGGTTGGTATTCTTTGTTTCCACCAACTACTACTTCTTCT,0.05158925798306104,0.09083404829684273,0.1123411042098798,0.12895630980837808,0.21605464879350622,0.26007845846196137,0.10167351895468293,0.03847265349168792,1159.0443484258699
TATTCTTTGTTTGATGCTCCATCTGAAGGTTATGAAACTGCTCCATTGTTTAATACTAATGATGATTTGGATGATTCTAATGGTTGGTATTCTTTGTTTCCACCAACTACTACTTCTTCT,0.053257722485835594,0.06989198084772698,0.10084727250316843,0.11576254486472104,0.09355220215240047,0.04244897045263291,0.15677155047474187,0.36746775621877265,2986.475072992975
TATTCTTTGTTTGATGCTCCATCTGAAGGTTATGAAACTTCTCCATTGTTTAATACTAATGATGATTTGGATGATTCTAATGGTTGGTATTCTTTGTTTCCACCAACTACTACTTCTTCT,0.0019507155727382052,0.0022656683044616354,0.002018546670888893,0.0011558287060912426,0.0008228569196010583,0.0003638810975820799,0.2798083114539524,0.7116141912746845,5252.17760008341
TATTCTTTGTTTGATTCTCCATCTGAAGGTTATGAAACTGATCCATTGTTTAATACTAATGATGATTTGGATGATTCTAATGGTTGGTATTCTTTGTTTCCACCAACTACTACTTCTTCT,0.0009490808522776524,0.00230297639802015,0.0025703802316837266,0.0029150965642473384,0.0025856369895452275,0.0018933827920914362,0.30445369932626365,0.6823297468458709,5134.246376493158
TATTCTTTGTTTGATTCTCCATCTGAAGGTTATGAAACTGCTCCATTGTTTAATACTAATGATGATTTGGATGATTCTAATGGTTGGTATTCTTTGTTTCCACCAACTACTACTTCTTCT,0.0006698806450780834,0.0019377003561848929,0.0012503455336979748,0.0018605366779970932,0.001485235605102253,0.0009977763519957864,0.312192981312324,0.67960554351762,5133.83969862246
TATTCTTTGTTTGATTCTCCATCTGAAGGTTATGAAACTTCTCCATTGTTTAATACTAATGATGATTTGGATGATTCTAATGGTTGGTATTCTTTGTTTCCACCAACTACTACTTCTTCT,0.300357822286122,0.21786302292237797,0.2781389608768886,0.10864239335485827,0.07571441660187112,0.012805097759542604,0.006478286198339313,0.0,333.03630898018764
TATTTGAAGAATAAGATCTTGGGTAAGACTTGGTTGGTTGATGAAGCTATTTCTGAAATTAATATCTTGAATCATAAACCATCTAAAGATTTGCCTAAATTGGCTAGGATTCAATCTGAA,0.1253009513420678,0.22247337431101719,0.11923126659670633,0.1719592487698661,0.10894620580300571,0.1553873622523462,0.06152301290034886,0.035178578024641735,873.1304827626925
TATTTGTGTAGGAAAGCTGCTGGTTATGACTTCTCTTTGCAATTGATTGCTGAAATTGATTTGTATAAATTTGATCCATGGGTCTTGCCAAATAAAGCTTTGTTTGGTGAGAAAGAATGG,0.20488002148988124,0.16490770139500668,0.10197670154965513,0.07966516368551806,0.1413230673246222,0.0751176536172952,0.17101403715802058,0.061115653780000986,1185.1359458121333
TATTTGTTCTTGACTAGAGAAATCTTGTGGGCTGCTTATGCTGAACAAATGATGAGACCAGATTTGTTTGATTGTTTGTGTTGTGATTTGGAATCTTGGAGACAATTGGCTGGTTTGTTT,0.025520526921000854,0.0775009313521942,0.18413712702544377,0.3860236610855152,0.14272529714943064,0.17299244534019573,0.010781151812022244,0.0003188593141973834,646.1807951997614
TCATTCTTGCCAACTCCAGTCTTGGAAGATGCTAAATTGACTCAAACTAGGAAAGTTAAGAAACCAAATTCTGTTGTTAAGAAATCTCATCATGTTGGTAAAGATGATGAATCTAGATTG,0.22633217588921184,0.08539430466014757,0.21122675161202328,0.15715460572968315,0.11151459382464224,0.12966080912913577,0.07871675915515623,0.0,666.5311854255251
TCATTTAATGCTTTGATTTCTTCTGGTAATAAAGATAAGAAGAAGAAGAAGACTTCTGTTATGACTACTGATTGGAGAGCTTTGGATAAATTTGTTGCTTCTCAATTGATGTCTCAAGAA,0.0740602602950247,0.13145564734071438,0.17578533599752336,0.2912902267074708,0.19693561401903814,0.10577751048939005,0.019683453529008004,0.005011951621830567,620.8289609311789
TCATTTGAAGATCCAGGTTACTTCTCTCATGATACTGATCCATTGATTGCTACTGATTCTGATTTGGGTCCAGGTCATGAAGAATGGGAATCTTTGTTTCCAGTTGAATCTGCTATGTTG,0.007119923483580639,0.0085962277379271,0.03189474874979985,0.037967968556019104,0.039289704032598245,0.07961915581141212,0.36054344840436203,0.4349688232243009,3870.687271808282
TCATTTGAAGATCCAGGTTACTTCTCTCATGATACTTCTCCATTGATTGCTACTGATTCTGATTTGGGTCCAGGTCATGAAGAATGGGAATCTTTGTTTCCAGTTGAATCTGCTATGTTG,0.0008971085135344394,0.0009276743351125003,0.0013798880275522345,0.0010104995844837702,0.0050830950030387855,0.02728418860118196,0.3908421611443198,0.5725753847907764,4695.380368672236
TCATTTGAAGCTCCAGGTTACTTCTCTCATGATACTGCTCCATTGATTGCTACTGATTCTGATTTGGGTCCAGGTCATGAAGAATGGGAATCTTTGTTTCCAGTTGAATCTGCTATGTTG,0.09363131803953262,0.08445936798161124,0.0642812746496214,0.089673463732692,0.07635716310243272,0.05326943072349166,0.24554247582601146,0.2927855059446069,2727.8726482425463
TCATTTGAAGCTCCAGGTTACTTCTCTCATGATACTTCTCCATTGATTGCTACTGATTCTGATTTGGGTCCAGGTCATGAAGAATGGGAATCTTTGTTTCCAGTTGAATCTGCTATGTTG,0.14556962334187376,0.1415790003800461,0.21132890663675158,0.11859680296252542,0.14822675507753358,0.10674392226120558,0.09900607040252705,0.02894891893753698,883.3141960993722
TCATTTGAATCTCCAGGTTACTTCTCTCATGATACTGATCCATTGATTGCTACTGATTCTGATTTGGGTCCAGGTCATGAAGAATGGGAATCTTTGTTTCCAGTTGAATCTGCTATGTTG,0.02217802065508999,0.06694149058176654,0.0735923843577528,0.12319514282835355,0.3059611067368949,0.1965087704329429,0.12341378532405209,0.0882092990831471,1489.0642850219065
TCATTTGAATCTCCAGGTTACTTCTCTCATGATACTGCTCCATTGATTGCTACTGATTCTGATTTGGGTCCAGGTCATGAAGAATGGGAATCTTTGTTTCCAGTTGAATCTGCTATGTTG,0.09465941802509902,0.1294274613598159,0.0755058480785177,0.10516340213592955,0.12915415631093258,0.13126037665281667,0.2363622748832686,0.0984670625536199,1638.1498545221039
TCATTTGAATCTCCAGGTTACTTCTCTCATGATACTTCTCCATTGATTGCTACTGATTCTGATTTGGGTCCAGGTCATGAAGAATGGGAATCTTTGTTTCCAGTTGAATCTGCTATGTTG,0.1391524546282083,0.15273225810185243,0.1888951427944543,0.17567460953431213,0.11219050420384294,0.06957157708966573,0.09385940841585162,0.06792404523181261,1060.921136780901
TCATTTGATGATCCAGGTTACTTCTCTCAAGAAACTGATCCAATGTTTCCAGGTGATAATGAATTGGCTCCAGGTCATGAAGAATGGGAATCTTTGTTTCCAGTTAATGATGGATTCTCT,0.005531197826658941,0.0020740451193452503,0.0006995790372878257,0.00014510716863514042,0.00010632349390178205,0.00042683153520439314,0.3322004738286831,0.6588164419902837,5051.425206141236
TCATTTGATGATCCAGGTTACTTCTCTCAAGAAACTTCTCCAATGTTTCCAGGTGATAATGAATTGGCTCCAGGTCATGAAGAATGGGAATCTTTGTTTCCAGTTAATGATGGATTCTCT,0.05730248678244333,0.15374235956558258,0.09507220453825274,0.1803731700667153,0.22115944197085627,0.15757130644919198,0.10629017067970771,0.028488859947250093,1006.5470371842184
TCATTTGATGATCCAGGTTACTTCTCTCAAGATACTGATCCAATGTTTGGTGCTGATTTGGATTTGGCTCCAGGTCATGAAGAATGGGCTCCATTGTTTCCATCTAATGATGGTATGTCT,0.0003513639332317672,0.0007070310975296954,0.0006558277625228064,0.0014443076166795355,0.0009694616084176764,0.0006119179492532165,0.3407315851853041,0.6545285048470612,5046.734477476607
TCATTTGATGATCCAGGTTACTTCTCTCAAGATACTTCTCCAATGTTTGGTGCTGATTTGGATTTGGCTCCAGGTCATGAAGAATGGGCTCCATTGTTTCCATCTAATGATGGTATGTCT,0.033256811061497756,0.07227459961978928,0.11587239741652348,0.22316102073149385,0.2896998511470297,0.21338360823285063,0.04441531375305241,0.007936398037762945,849.5636127767237
TCATTTGATGCTCCAGGTTACTTCTCTCAAGAAACTGCTCCAATGTTTCCAGGTGATAATGAATTGGCTCCAGGTCATGAAGAATGGGAATCTTTGTTTCCAGTTAATGATGGATTCTCT,0.034135855800826856,0.037779379498321164,0.022300338580601032,0.018961888873458992,0.07988952024946817,0.41458070431437805,0.3862426828729634,0.00610962980998245,1697.939851391261
TCATTTGATGCTCCAGGTTACTTCTCTCAAGAAACTTCTCCAATGTTTCCAGGTGATAATGAATTGGCTCCAGGTCATGAAGAATGGGAATCTTTGTTTCCAGTTAATGATGGATTCTCT,0.008455356966035506,0.018229573437011842,0.048598822288447543,0.15432367079480558,0.283286754047961,0.33067630309236806,0.1280844511629558,0.028345068210414825,1279.2369287801764
TCATTTGATGCTCCAGGTTACTTCTCTCAAGATACTGCTCCAATGTTTGGTGCTGATTTGGATTTGGCTCCAGGTCATGAAGAATGGGCTCCATTGTTTCCATCTAATGATGGTATGTCT,0.2509725588059626,0.16710181991537404,0.12400021787045756,0.12711002880591088,0.1127442556290004,0.08795754218794578,0.06846001037977605,0.061653566405572596,955.5270393910574
TCATTTGATGCTCCAGGTTACTTCTCTCAAGATACTTCTCCAATGTTTGGTGCTGATTTGGATTTGGCTCCAGGTCATGAAGAATGGGCTCCATTGTTTCCATCTAATGATGGTATGTCT,0.048832540701395775,0.0634616139798497,0.1189973514040406,0.12432588687565961,0.12831973584187797,0.13987553281584109,0.18681980426541264,0.18936753411592258,2100.020168936283
TCATTTGATTCTCCAGGTTACTTCTCTCAAGAAACTGATCCAATGTTTCCAGGTGATAATGAATTGGCTCCAGGTCATGAAGAATGGGAATCTTTGTTTCCAGTTAATGATGGATTCTCT,0.014488666621960905,0.012096131761797808,0.01227501123218485,0.014726509255936332,0.01397345489058765,0.062446089450009803,0.44257936071806786,0.4274147760694548,3976.4193627024883
TCATTTGATTCTCCAGGTTACTTCTCTCAAGAAACTGCTCCAATGTTTCCAGGTGATAATGAATTGGCTCCAGGTCATGAAGAATGGGAATCTTTGTTTCCAGTTAATGATGGATTCTCT,0.014726689416737547,0.013257199395415155,0.015431667871754172,0.005166584950689106,0.003818888117913473,0.03552253432378168,0.5060737662622847,0.40600266966142406,3957.0137626949445
TCATTTGATTCTCCAGGTTACTTCTCTCAAGAAACTTCTCCAATGTTTCCAGGTGATAATGAATTGGCTCCAGGTCATGAAGAATGGGAATCTTTGTTTCCAGTTAATGATGGATTCTCT,0.00038349522684828535,0.0011024102910784158,0.0011589166502769491,0.0023737081851469568,0.0034550735811332096,0.012554064135399667,0.40790490325255047,0.5710674286775662,4709.217397920317
TCATTTGATTCTCCAGGTTACTTCTCTCAAGATACTGATCCAATGTTTGGTGCTGATTTGGATTTGGCTCCAGGTCATGAAGAATGGGCTCCATTGTTTCCATCTAATGATGGTATGTCT,0.20290763349902977,0.19777046809964857,0.20514602844530755,0.13736744363183112,0.06248327884851734,0.08718104651249577,0.06174863272253489,0.04539546824063501,826.7813455720672
TCATTTGATTCTCCAGGTTACTTCTCTCAAGATACTGCTCCAATGTTTGGTGCTGATTTGGATTTGGCTCCAGGTCATGAAGAATGGGCTCCATTGTTTCCATCTAATGATGGTATGTCT,0.0017391430164314652,0.004528875609683725,0.008338137143212512,0.019832734796960384,0.02621048925247406,0.021661112960068032,0.25138533500386967,0.6663041722173002,4950.8379015540895
TCATTTGATTCTCCAGGTTACTTCTCTCAAGATACTTCTCCAATGTTTGGTGCTGATTTGGATTTGGCTCCAGGTCATGAAGAATGGGCTCCATTGTTTCCATCTAATGATGGTATGTCT,0.06317585978325878,0.07511958300463008,0.07861266500524096,0.06380566999883092,0.1188483548990113,0.13687188089538962,0.22371618536394486,0.23984980104969353,2467.3830541058146
TCTAAACAACAACCAGATATTGATTCTTTGCAAGAACCTAAATCTGTTTGTGAAGAATCTTCTGCTCAAGTTATTGATCCAGATACTACTGGTGAGAATTGTGCTTCTGATCAACCACAT,0.06451387910928255,0.031043404611412855,0.02792265209613767,0.03739446838855104,0.17689709375791096,0.2262509459510073,0.3589996668610524,0.07697788922464519,1909.834252656582
TCTAAACAACAACCAGATATTGATTCTTTGCAAGAACCTAAATCTGTTTGTGAAGAATCTTCTGCTCAAGTTATTGATCCAGATACTACTGGTGAGAATTGTGCTTCTGCTCAACCACAT,0.08000428653990614,0.19548591805509002,0.08533119451894897,0.1650666609919735,0.05631195755705174,0.14666472212617165,0.1483996550397577,0.12273560517110033,1574.613519038885
TCTAAACAACAACCAGATATTGATTCTTTGCAAGAACCTAAATCTGTTTGTGAAGAATCTTCTGCTCAAGTTATTGATCCAGATACTACTGGTGAGAATTGTGCTTCTTCTCAACCACAT,0.13998842552816176,0.14084565998602855,0.10887132401533145,0.15552239170000215,0.12070231117289143,0.08821597590586515,0.08925950428736329,0.1565944074043561,1605.7953225720773
TCTAAACAGAAATGGATTTCTAATCCATCTAAAGAATGTCCTAAATGTTCTCATGTTATTGATAATTCTGATGTTGTTCATCATTGGCCAGGTTTGCCTAAAGGTGTTAAATTTGATCCA,0.18746106894258083,0.27180605213734665,0.22841804365022464,0.19768140181110908,0.056313500963016946,0.04047676319587146,0.011644231465222341,0.006198937834628194,431.3719174642156
TCTAAACCACAAGATCAACAAGATGATTCTAATTCTCAATTGCCACCACCACCAGATTCTCATGGTGATGATTTGTTGAAAGATCCTAAGATGAGACATGATGATGGTTTGGAGAAAGAT,0.1334888734082433,0.2066250879180792,0.16610642297819703,0.13689379365227405,0.0910667062064927,0.0752963828933385,0.10475723808730847,0.08576549485606669,1179.6744918990914
TCTAAACCACAAGCTCAACAAGCTGCTTCTAATTCTCAATTGCCACCACCACCAGCTTCTCATGGTGCTGATTTGTTGAAAGCTCCTAAGATGAGACATGCTGATGGTTTGGAGAAAGCT,0.14977722653994632,0.18046119960403598,0.22779139713902297,0.17666886306950233,0.11843758029276319,0.07457544498896909,0.048018483029955636,0.024269805335804393,697.7423225020665
TCTAAACCACAATCTCAACAATCTTATTCTAATTCTCAATTGCCACCACCACCATCTTCTCATGGTTCTGATTTGTTGAAGACTCCTAAGATGAGACATTCTGATGGTTTGGAGAAGACT,0.039964556368184655,0.10052320926692333,0.09945951800683546,0.19979669853217052,0.15752532765687277,0.20147450495927652,0.1297276885010441,0.07152849670869262,1347.0934328753683
TCTAAAGATAATGATTTGGGTGGTACTTCTGATATTTCTGATAATGCTAAAGAATTGTGTAAAGCTGTTTCTGTTTCTATGGGTTTGGGTGTTGAAGCTTTGGAACATTTGGATCCAGGT,0.04553255708398243,0.10307560654093872,0.03541142602921538,0.08220083014507185,0.16825528415488294,0.2660630965718256,0.16363770754809082,0.1358234919259923,1863.5558954265475
TCTAAAGATAATGCTTTGGGTGGTACTTCTGCTATTTCTGATAATGCTAAAGAATTGTGTAAAGCTGTTTCTGTTTCTATGGGTTTGGGTGTTGAAGCTTTGGAACATTTGGCTCCAGGT,0.2520501829188094,0.30465094407593196,0.27335479928925216,0.0983992711597063,0.03428792011959724,0.018075288039205824,0.017977004279002225,0.0012045901184948083,352.52498035975213
TCTAAAGATAATTATTTGGGTGGTACTTCTACTATTTCTGATAATGCTAAAGAATTGTGTAAAGCTGTTTCTGTTTCTATGGGTTTGGGTGTTGAAGCTTTGGAACATTTGTCTCCAGGT,0.004926015029214222,0.014868540065504155,0.030648349751863452,0.186069609856,0.17474857269369154,0.27542793054225584,0.2604115408829435,0.052899441178527205,1626.8163187285331
TCTAAAGATTATCCACAAATTAAAGAAGTTGCTTCTGAATGCTTTCCAAATTATCACTTTCCAGTTACTACTGCTAATCATCATGTTGAATTTCCATTGCAAGAAATGTTGGTTAGATCT,0.09023920344602997,0.07500191603335896,0.029292741942255188,0.1264055703084708,0.16624602752155926,0.20138997849469825,0.2365213846671693,0.07490317758645822,1594.6259428428205
TCTAAAGCTAAGAGACAAAGATCTGATACTTGTGCTAGATCTAATGGTAATTTGACTTTGGAAGAAATCTTGCAATCTTTGGAAAGAAGAAGAATTAATGGTGAATTGGCTAAGAAACCA,0.052381681937849325,0.17918831947705166,0.09125335342021598,0.2211382320854538,0.16517519242719164,0.17284799708514897,0.06801381158834825,0.0500014119787404,1045.2213762918482
TCTAAATGGTGGGATTCTGAAGATCAGAATTTGTTGGATGATCAACAATTGGTTGAAGGTTTGTCTTTGTGTGATGAGTTCTTGCAAGATCAATCTCCAAATAGAGATGATATTAATCAT,0.00020621146075254574,0.00013831614614706123,0.0001805693329464171,0.00010181952766194266,0.0014148887312862989,0.026322024615327184,0.4938227968994827,0.47781337328639595,4354.621333856835
TCTAAATGGTGGGATTCTGAAGATCAGAATTTGTTGGATTCTCAACAATTGGTTGAAGGTTTGTCTTTGTGTGATGAGTTCTTGCAATCTCAATCTCCAAATAGAGATGATATTAATCAT,0.22169846396061826,0.18369322488525205,0.1866177553019614,0.12314973620599752,0.07710462282102307,0.11355853457024856,0.0786170527207171,0.015560609534182025,714.5762935523278
TCTAAATGGTGGGATTCTGAAGCTCAGAATTTGTTGGATGCTCAACAATTGGTTGAAGGTTTGTCTTTGTGTGATGAGTTCTTGCAAGCTCAATCTCCAAATAGAGATGATATTAATCAT,0.04724719423769821,0.11884129401751818,0.1469797113085736,0.18371510483337147,0.18623076119234283,0.19488165017230513,0.0657289843117361,0.05637529992645443,1111.5291076072851
TCTAAATGGTGGGATTCTGAAGCTCAGAATTTGTTGGATTCTCAACAATTGGTTGAAGGTTTGTCTTTGTGTGATGAGTTCTTGCAATCTCAATCTCCAAATAGAGATGATATTAATCAT,0.0008493140526966799,0.0023961762668651735,0.008150018646887577,0.0326365843390996,0.13708375726468403,0.25936364055625755,0.408865319903222,0.15065518897028743,2496.7959668642443
TCTAAATGGTGGGATTCTGAATCTCAGAATTTGTTGGATGATCAACAATTGGTTGAAGGTTTGTCTTTGTGTGATGAGTTCTTGCAATCTCAATCTCCAAATAGAGATGATATTAATCAT,0.2066879711321131,0.38619963118966316,0.03674163854667118,0.06560666403017448,0.08728785489866835,0.1353223646058417,0.08215387559686811,0.0,630.813183733578
TCTAAATGGTGGGATTCTGAATCTCAGAATTTGTTGGATGCTCAACAATTGGTTGAAGGTTTGTCTTTGTGTGATGAGTTCTTGCAATCTCAATCTCCAAATAGAGATGATATTAATCAT,0.022404104910527852,0.021354914748375652,0.03741584306590521,0.09301074925039704,0.16499764476874978,0.2188675798602713,0.24004803784686066,0.20190112554891249,2397.9044705385177
TCTAAATGGTGGGATTCTGAATCTCAGAATTTGTTGGATTCTCAACAATTGGTTGAAGGTTTGTCTTTGTGTGATGAGTTCTTGCAAGATCAATCTCCAAATAGAGATGATATTAATCAT,0.14345911458246402,0.1855769170949093,0.2295165323269213,0.13660989385485872,0.16156061473051994,0.056355171043265005,0.038014540107936486,0.04890721625912521,818.5556630655683
TCTAAATGGTGGGATTCTGAATCTCAGAATTTGTTGGATTCTCAACAATTGGTTGAAGGTTTGTCTTTGTGTGATGAGTTCTTGCAAGCTCAATCTCCAAATAGAGATGATATTAATCAT,0.0034651857348845004,0.0030990268260478945,0.003353693789656468,0.004705193528637744,0.003794018221565331,0.01482230379694452,0.3713701446810826,0.595390433421181,4775.273248384556
TCTAAATGGTGGGATTCTGAATCTCAGAATTTGTTGGATTCTCAACAATTGGTTGAAGGTTTGTCTTTGTGTGATGAGTTCTTGCAATCTCAATCTCCAAATAGAGATGATATTAATCAT,0.23254310220898758,0.20101050187924133,0.15813591854206543,0.28483345160656526,0.05567346903422858,0.05661733320599478,0.0005482016603354664,0.010638021862581481,460.98382617884533
TCTAAATTGTTCTTTCAACAACAATTTAAACCAGGTGAGAAATATGCTGAAGAATTGACTACTGCTGATGCTTTGGAAACTATTGCTGCTGAAGCTGATTTGCCAGATTTGCCAGAACCA,0.11356909637981392,0.2285290983634056,0.13566654391270022,0.11103084368933269,0.12086465861423006,0.13740942205485407,0.07162402484474169,0.08130631214092182,1153.0071333655053
TCTAACTTTGATTGGGCTTCATTTGCTGGTAATGTTGAACATAATAATTCTGTTCCAGAATTGGGTATGTCTCATGTTGTTCCAAATTTGGAATATAATTGTGGTTATTTGAAGACTGAA,0.057199658783259784,0.17264978147817978,0.07117619973466616,0.1906406412851684,0.1690947393863865,0.15728854835123324,0.07957457655340985,0.10237585442769635,1367.7276069838174
TCTAACTTTGGTGAAGATCCAGAATTTGAGAACTTTGAAGTTGATCCAAACTTTGGTGACTTTGATGCTGGTTCTACTGAGAATTGGTTTCCATTGTTTCCAGAATCTACTATTACTAAT,0.3231824328975345,0.2845162914355601,0.0502688693515912,0.08976117977257107,0.07961651407767446,0.1110865361882848,0.03746686867598433,0.024101307600799447,638.2392281703256
TCTAACTTTGGTGAAGATCCAGAATTTGAGAACTTTGAAGTTTCTCCAAACTTTGGTGACTTTGATGCTGGTTCTACTGAGAATTGGTTTCCATTGTTTCCAGAATCTACTATTACTAAT,0.03592010994162728,0.02431241117766073,0.03250695703857043,0.02757143446454603,0.03925728010200127,0.06225736256281283,0.3573687873909999,0.4208056573217813,3751.827335533591
TCTAACTTTGGTGAAGCTCCAGAATTTGAGAACTTTGAAGTTGCTCCAAACTTTGGTGACTTTGATGCTGGTTCTACTGAGAATTGGTTTCCATTGTTTCCAGAATCTACTATTACTAAT,0.0027421093624491275,0.002620230318780103,0.014139119187541068,0.051181496573843265,0.0916231954354665,0.10879298208962028,0.241266172874945,0.48763469415735466,3975.1709519270357
TCTAACTTTGGTGAAGCTCCAGAATTTGAGAACTTTGAAGTTTCTCCAAACTTTGGTGACTTTGATGCTGGTTCTACTGAGAATTGGTTTCCATTGTTTCCAGAATCTACTATTACTAAT,0.09295096912354925,0.14963226330352364,0.11566322045621637,0.12391844803785697,0.1831889704006248,0.2385582086465987,0.051724322596135464,0.0443635974354949,1030.8076949597355
TCTAACTTTGGTGAATCTCCAGAATTTGAGAACTTTGAAGTTGATCCAAACTTTGGTGACTTTGATGCTGGTTCTACTGAGAATTGGTTTCCATTGTTTCCAGAATCTACTATTACTAAT,0.32934357466408565,0.20928021860172397,0.18333943048393703,0.11554406481416624,0.059783184114445574,0.05560912349667505,0.01607626783891215,0.03102413598605449,575.3094225290738
TCTAACTTTGGTGAATCTCCAGAATTTGAGAACTTTGAAGTTGCTCCAAACTTTGGTGACTTTGATGCTGGTTCTACTGAGAATTGGTTTCCATTGTTTCCAGAATCTACTATTACTAAT,0.2636261656917125,0.24336500346513337,0.18938525543452403,0.11775576638569572,0.09909093054547945,0.0323848986762614,0.02520614428706367,0.029185835514129767,587.6657269784497
TCTAACTTTGGTGAATCTCCAGAATTTGAGAACTTTGAAGTTTCTCCAAACTTTGGTGACTTTGATGCTGGTTCTACTGAGAATTGGTTTCCATTGTTTCCAGAATCTACTATTACTAAT,0.16715208076547533,0.11772295838916082,0.06239853596876913,0.07428011646019693,0.18118401373822235,0.12256999987645213,0.15502488802522704,0.11966740677649633,1579.170245717845
TCTAAGAATGTTACTGGATTTGTCTTTAAGAAGATTACTTCTGTTAAATGTTCTTATGGTGGTTTGTTTAGAGCTGCTGTTGTTGCTGTTGTCTTCTTGATGTCTGTTTGTTCTTTGACT,0.06523826603367493,0.09845663955276694,0.08117901316773393,0.15154386442351853,0.19870282665054687,0.18754747901096483,0.11825998601288887,0.09907192514790512,1479.263217052423
TCTAAGATCTTCTATCAACAACAAGCTAAACAAGGTGATAAGATTGAAGGTGATCAACCATTGGATATTGCTGAAGCTATTGTTGCTAAAGTTGATCCAGTTACTCCTAAATCTGTTACT,0.20621062461260514,0.14900439176290026,0.11072410997041138,0.056525407038076576,0.02026865569903809,0.015242591876889209,0.13189931847947656,0.3101249005606027,2479.23864254593
TCTAAGATCTTCTATGATCATCAACAACAACAATTGGATCAAGGTGAGAAGAATGAACAGAATAATAGAGAAAGAGTTGATGCTACTACTATGAAAGCTGATCCAGTTTCTCCTAAATCT,0.20119917772962817,0.040486248586708934,0.0,0.22352546084098018,0.07930518758712977,0.2581883538866108,0.1492814440859571,0.048014127282985056,1252.8061689274557
TCTAAGATTGGTTCTTCTTTGAGAAGAAGGAAATCTGCTGTTCCATTGATGGGTACTGTTCCATTGACTAATCAACAGAATAATATTTCTTCTTCTTCTGTTAATTCTACTGGTAATGGT,0.1921861260573884,0.19336299885211228,0.09715312283495482,0.17347871628584818,0.053263532713695425,0.06605956535369349,0.06684100012906309,0.15765493777324427,1496.7361690440748
TCTAATATTGCTGGTAATCCTAAGAATAATGATGCTACTATTGATAATGAATTGACTCAAATCTTGAATGAATATAATATGAACTTTAATGATAATTTGGGTACTTCTACTTCTGGTAAA,0.1362989972385849,0.1371336390781854,0.29680558416850195,0.07571178101646825,0.1343099120224674,0.12493239687914566,0.09480768959664646,0.0,707.5855771561886
TCTAATCCATCTAGAGCTTGTCCATCTTGTCATCATGTTATTGATAATTCTGATGTTGCTCAAGAATGGCCAGGTTTGCCATTGGGTGTTAAATTTGATCCATCTGATCAAGAAATTATT,0.3056284921219658,0.13031251765961574,0.19298815631779784,0.2744408289130253,0.04040062423030356,0.05437690926449358,0.0008641907912059391,0.0009882807015923181,385.98329823163124
TCTAATTATGGTGAAGATCCAGAATTTGATTCTTATGAATTTGATCCAAACTTTGGTGATTTGGATGCTACTTCTACTGAGAATTGGTTTCCATTGTTTCCAGAATCTACTGCTACTGAT,0.13491415726517286,0.16639135863384194,0.11914062392054889,0.23208008021066515,0.1801194140111524,0.13563043654091697,0.01614527555155491,0.015578653866146801,676.3170817875794
TCTAATTATGGTGAAGATCCAGAATTTGATTCTTATGAGTTCTCTCCAAACTTTGGTGATTTGGATGCTACTTCTACTGAGAATTGGTTTCCATTGTTTCCAGAATCTACTGCTACTGAT,0.00016172828281193132,0.0002628531936162949,0.0003405702138663551,0.0005528450326913407,0.000281958935953717,0.002314840501743155,0.27814767241643085,0.7179375314228863,5288.729558165112
TCTAATTATGGTGAAGCTCCAGAATTTGATTCTTATGAATTTGCTCCAAACTTTGGTGATTTGGATGCTACTTCTACTGAGAATTGGTTTCCATTGTTTCCAGAATCTACTGCTACTGAT,0.00315900101695647,0.006169729511096839,0.007630555270286158,0.013418840736129853,0.014282717652522925,0.012263537183918913,0.21870167314282832,0.7243739454862606,5210.461215772213
TCTAATTATGGTGAAGCTCCAGAATTTGATTCTTATGAGTTCTCTCCAAACTTTGGTGATTTGGATGCTACTTCTACTGAGAATTGGTTTCCATTGTTTCCAGAATCTACTGCTACTGAT,0.05935039276393371,0.13137042906941004,0.14179671975580457,0.26901999350530836,0.16843466961101528,0.12838610157447455,0.030824870693767503,0.07081682302628603,1052.5758751172966
TCTAATTATGGTGAATCTCCAGAATTTGATTCTTATGAATTTGATCCAAACTTTGGTGATTTGGATGCTACTTCTACTGAGAATTGGTTTCCATTGTTTCCAGAATCTACTGCTACTGAT,0.13485329146225697,0.33700932864650035,0.1786303113946854,0.14015179118888688,0.0900190770488068,0.04784796973850253,0.040344979241372876,0.031143251278988288,664.0510087459419
TCTAATTATGGTGAATCTCCAGAATTTGATTCTTATGAATTTGCTCCAAACTTTGGTGATTTGGATGCTACTTCTACTGAGAATTGGTTTCCATTGTTTCCAGAATCTACTGCTACTGAT,0.25439404502212204,0.1479721660694305,0.13354637048819246,0.21196736533828264,0.06658728265492389,0.03643421177922583,0.05898432158791392,0.09011423705990879,1045.906582774465
TCTAATTATGGTGAATCTCCAGAATTTGATTCTTATGAGTTCTCTCCAAACTTTGGTGATTTGGATGCTACTTCTACTGAGAATTGGTTTCCATTGTTTCCAGAATCTACTGCTACTGAT,0.16598297839509454,0.2254491810155483,0.2375214040647528,0.21206167679017937,0.024534104810524555,0.06846340243489131,0.046182181858500614,0.01980507063050848,616.7379410109934
TCTAATTCTAATTCTACTGGTAATTTAAATTCTTCTTACTTTAATTCTTTGAATATTGATTCTATGTTGGATGATTATGTTTCTTCTGATTTGTTGTTGAATGATGATGATGATGATACT,0.16764683988444212,0.11244896244819025,0.27814769561743935,0.06208331724904078,0.05506675953091035,0.10244399915046246,0.15548375145466234,0.06667867466485244,1182.5356110561777
TCTACTAATGCTGGTTCTCCAATTACTTTGACTCCATCTGGTTCTTGTAGATATGATTCTTCTTTGGGTTTGTTGACTAAGAAATTTGTTAATTTGATTAAACAAGCTAAAGATGGTATG,0.4037428717658811,0.1692563481110809,0.08373267688870165,0.09344679868465464,0.04973135412329248,0.04625911205741235,0.0936126448439299,0.06021819352504703,899.0505249151689
TCTACTATTCCAGCTGACTTTATGCCAAGAGATGCTGCTCATGGATTTGATTGGTCTGAAGAAGATGATATGTCTGATGGTGCTCCATTTGCTAAGACTGATCCAAATAATAATGGATTT,0.17515393149619085,0.0414493298879886,0.24408000040031683,0.2276615303216936,0.168669185056867,0.13886466233383157,0.0022185367331058873,0.001902823770005663,564.2923494053916
TCTACTATTCCATTGGACTTTATGCCAAGAGATGCTTTGCATGGATTTGATTGGTCTGAAGAAGATGATATGTCTGATGGTTTGCCATTCTTGAAGACTGATCCAAATAATAATGGATTT,0.01597812413553407,0.0005741417117464422,0.0004260498023368695,0.0002535879123130877,0.00011246390500747715,0.03431263025278521,0.41397604423431045,0.5343669580459663,4519.618741764318
TCTACTATTCCATTGGATGCTATGCCAAGAGATGCTTTGCATGGTGCTGATGCTTCTGAAGAAGATGATATGTCTGATGGTTTGCCAGCTTTGAAGACTGATCCAAATAATAATGGTGCT,0.0780996121402428,0.06697706933090192,0.035555924978502046,0.015926088806454172,0.009245859086363226,0.0016845974711918366,0.23875909478687568,0.5537517533994684,4195.273468515026
TCTACTATTGATGCTAAAGCTACTTTGACTTCTGTTACTCCTAAATCTTATTCTATGTGGCCAACTTTGTTTATTAATGAATCTTTGGAAGATGATGATGATGAAGAAGACTTTAATTCT,0.12590013492350016,0.1628628405308187,0.12309267316087745,0.17983385843001143,0.04430814498109983,0.057700371763806296,0.1668083531176708,0.13949362309221527,1616.7979822119614
TCTACTCCAGTTATTCCACCAATTAGAAGACATTTGGCATTTGCTTCTACTAAACCACCATTTCATCCATCTGATGATTATCATAGATTTAATCCATCTTCTTTGTCTAATAATAATGAT,0.0470033789944334,0.09458241866878629,0.0,0.26109579744238726,0.13895229954884558,0.21541775501526134,0.130779590634765,0.11216875969552116,1609.0821033228224
TCTACTGATATGAATACTGATATTTCTTCTGACTTTGAATTTGGTAAGAGAAGATTTGATTCTCAAGAAGATCCATCTTCTTCTACTGGTCCAGTTGATTTGGAACCATTCTGGAATTAT,0.0006436404218982869,0.00048568636839396956,0.0004004558785912259,0.08848900583784317,0.005391103138106711,0.6193150095957213,0.2848911032395553,0.00038399551989008594,1632.8897881270018
TCTACTGATTATACTCCAATGTTTGAATATGAAACTTATGAAGATAACTTTAAAGAATGGACTTCTTTGTTTGATAATGATATTCCAGTTACTACTGATGATGTTTCTTTGGCTGATAGA,0.3193200557809276,0.35619669137261106,0.13820689358620822,0.10025649432319723,0.027361743039904126,0.01908851005088894,0.006438104236904693,0.03313150760935826,499.783712897589
TCTACTGATTCTACTCCAATGTTTCAATATGAGAATTTGGAGAATAATTCTAAAGAATGGACTTCTTTGTTTGATAATAATATTCCAGTTACTACTGATAATGTTTCTTTGGCTAATAAA,0.14552354945963653,0.16953278604287209,0.1810817309537519,0.2042169178239061,0.11321040422222352,0.11232646000610592,0.028413799302062552,0.04569435218944134,825.1926625519048
TCTACTGATTCTACTCCAATGTTTGAATATCAGAATTTGGAGAATAATTCTAAAGAATGGACTTCTTTGTTTGATAATGATATTCCAGTTACTACTGATAATGTTTCTTTGGCTGATAAA,0.015089615337725378,0.009109210950085343,0.011266026735581329,0.023469671021891556,0.011895523515350037,0.01106497832160235,0.2267163403606055,0.6913886337571585,5026.556728475052
TCTACTGATTCTACTCCAATGTTTGAATATGAAGGTTTGGAAGATAATTCTAAAGAATGGACTTCTTTGTTTGATAATGATATTCCAGTTACTACTGATGATGTTTCTCCAGCTGATAAA,0.3904281523867144,0.06546983032413876,0.0,0.0,0.06412173708850213,0.23857903518486168,0.24140124501578294,0.0,1073.4111590890195
TCTACTGATTCTACTCCAATGTTTGAATATGAGAATTTGGAAGATAATATGAAAGAATGGACTTCTTTGTTTGATAATGATATTTCTGTTAATACTGATGATTTGTCTTTGGCTGATAAA,0.05690049915037514,0.09541489264954518,0.05664315317509659,0.08007173068518725,0.03738007952982899,0.05215530478212317,0.26386131327144025,0.35757302675640346,3145.511364583793
TCTACTGATTCTACTCCAATGTTTGAATATGAGAATTTGGAAGATAATTCTAAAGAAGCTACTTCTGCTGCTGATAATGATATTCCAGTTACTACTGATGATGTTTCTTTGGCTGATAAA,0.11310295078804185,0.151727398795118,0.1094638765914001,0.223384073501709,0.21052115856317843,0.1151897504940704,0.04662094330422609,0.029989847962256063,828.5696622421303
TCTACTGATTCTACTCCAATGTTTGAATATGAGAATTTGGAAGATAATTCTAAAGAATGGACTTCTTTGTTTGATAATGATATTCCAGTTACTACTGATGATGTTTCTTTGGCTGATAAA,0.18506572703896965,0.18619899729034523,0.2763430852273954,0.16448139555657887,0.10941897748580698,0.0,0.03432777322320869,0.044164044177695254,696.7003773307488
TCTACTGATTCTACTCCAATGTTTGAATATGAGAATTTGGAGAATAATTCTAAACAATGGACTTCTTTGTTTGATAATGATATTCCAGTTACTACTGATAATGTTTCTTTGGCTGATAAA,0.14793204388156758,0.12593978011708476,0.1415990251911913,0.21491593826934302,0.04485328963207568,0.08344326784626843,0.10553792336922392,0.13577873169324528,1487.4419466606244
TCTACTGATTCTACTCCAATGTTTGAATATGAGAATTTGGAGAATAATTCTAAAGAATGGACTTCTTTGTTTGATAATGATATTCCAGTTACTACTGATGATGTTTCTTTGGCTGATAAA,0.1612407660235367,0.08111407075818995,0.1003196978092863,0.04478325525290692,0.15888769204331168,0.03694853920804806,0.2243136751582411,0.1923923037464794,2075.754896303073
TCTACTGATTCTACTCCAATGTTTGATTATGATAATTTGGAAGATAATTCTAAAGATTGGACTTCTTTGTTTGATAATGATATTCCAGTTACTACTGATGATGTTTCTTTGGCTGATAAA,0.13551403786003433,0.06817193645744843,0.08431321471798496,0.1881893734910729,0.13353640798201,0.031053224718502616,0.15710280459037315,0.2021190001825737,1992.8067447047672
TCTACTGATTCTACTCCAGCTGCTGAAGCTGAGAATGCTGAAGATAATTCTAAAGAAGCTACTTCTGCTGCTGATAATGATATTCCAGTTACTACTGATGATGTTTCTTTGGCTGATAAA,0.33017666512545635,0.1526536340786649,0.052609842118812374,0.0186582692304392,0.01145737476981211,0.05428135134493653,0.19829640599302129,0.18186645733885728,1863.8505458574837
TCTACTGATTCTACTCCAGCTGCTGAAGCTGAGAATGCTGAAGATAATTCTAAAGAATGGACTTCTTTGTTTGATAATGATATTCCAGTTACTACTGATGATGTTTCTTTGGCTGATAAA,0.07129884784201321,0.08828978971908222,0.1467300203294595,0.17365401024034666,0.1621346424739818,0.15584155209604922,0.13988189030358766,0.062169246995479724,1259.9449580594796
TCTACTGATTCTATGCCAATGACTGAATATGAGAATTTGGAAGATAATTTGAAAGAATGGACTCATTTGTTTGATAATGTTATTCCAAATACTACTGATGATGTTTCTTTGGCTGATAAA,0.0077390904839097045,0.0075857991354078246,0.010920744171340521,0.006825110902837998,0.0014937819073673193,0.0016637267620719287,0.29052651772171384,0.6732452289153509,5046.132188705678
TCTACTGATTCTGATCCAATGTTTGAATATGAGAATTTGGAAGATAATTCTAAAGAATGGACTTCTTTGTTTGATAATGATATTCCAGTTACTACTGATGATGTTTCTTTGGCTGATAAA,0.19373690854830455,0.2371113298543222,0.25252920472076734,0.18461261738188192,0.07388601752792487,0.045783996395784524,0.008304380185314576,0.004035545385699904,424.19987092429926
TCTACTGATTCTGCTCCAATGTTTGAATATGAGAATTTGGAAGATAATTCTAAAGAATGGACTTCTTTGTTTGATAATGATATTCCAGTTACTACTGATGATGTTTCTTTGGCTGATAAA,0.002977816062946986,0.00023709756477509905,0.00029323588160755755,0.0004522071932760367,0.0001477734837598837,0.06179626435891704,0.47180568608891393,0.46228991936580366,4246.908562979046
TCTACTGCTCCACCAACTGATGTTTCTTTGGGTGATGAATTGCATTTGGATGGTGAAGATGTTGCTATGGCTCATGCTGATGCTTTGGATGACTTTGATTTGGATATGTTGGGTGATGGT,0.10710955688603525,0.11854199938929105,0.1599376928446264,0.11899508404351995,0.10026912655930786,0.13253921761042883,0.15397476854194414,0.10863255412484658,1502.4185327482314
TCTACTTGGACTTCTTTGTTTGATTCTACTCCAATGTTTGAATATGAGAATTTGGAAGATAATTCTAAAGAAGATAATGATATTCCAGTTACTACTGATGATGTTTCTTTGGCTGATAAA,0.2742853947524221,0.21786711427266645,0.17963478561421153,0.11226591472053746,0.042676199869336816,0.06616091420065673,0.10710967657016891,0.0,606.3522243029781
TCTAGAATTGCTACTAAGATTAAGAATGTTTCTGGTACTTGTGGTAAAGTTATTTGGAAATCTAATCCATCTAGAGCTTGTCCATCTTGTCATCATGTTATTGATAATTCTGATGTTGCT,0.5644000685632048,0.25334416243828195,0.09527058687974367,0.0611894740765563,0.0021410948450259005,0.004808674600856277,0.00821974306802739,0.010626195528303609,300.61087750533363
TCTAGAGATGATAACTTTCCATTGGCTTTGGCTGGTCCACCACCACCACCACCACCACCACATCCACATGCTAGAATTAAATTGGAGAATCCATTGGATGATGGTTCTGCTTGGGCTTGA,0.23405484226914833,0.25401248652540653,0.24424797020624664,0.15650916834666975,0.05814138597572994,0.03730097418363557,0.008328937475652885,0.007404235017510391,415.4665449743773
TCTAGAGATGCTAACTTTCCATTGGCTTTGGCTGGTCCACCACCACCACCACCACCACCACATCCACATGCTAGAATTAAATTGGAGAATCCATTGGATGCTGGTTCTGCTTGGGCTTGA,0.07597554099830109,0.09828100998753869,0.09453990453920355,0.036174106544402417,0.10695255529680509,0.13927918228910519,0.24158871401721005,0.20720898632743387,2299.547290584987
TCTAGAGATTATTATAACTTTCCATTGGCTTTGGCTGGTCCACCACCACCACCACCACCACCACATCCACATGCTAGAATTAAATTGGAGAATCCATTGGATTATGGTTCTGCTTGGGCT,0.025082478195597568,0.025236073498329455,0.09363388781679648,0.055731564720795275,0.0,0.0689722048760125,0.3722031678802384,0.35914062301223043,3409.439792948373
TCTAGAGGTACTGCTACTGGTTATTGGAAAGCTACTGGTAAAGATAGAGTTATTGAATATAATTCTAGATCTGTTGGTTTGAAGAAGACTTTGGTCTTCTATAGAGGTAGAGCTCCAAAT,0.14432776763442856,0.22588467148956926,0.11972917595344132,0.12471141944278548,0.1264191237474595,0.029398135817573615,0.13385652104355752,0.09567318487118473,1267.8233301033304
TCTATGAATCCAACTATGTCTGTTAATCCACAATATAAAGAAGGTCAGAATGGTGGTGGTACTAGATCTCAATTCTCTTCTGCTTTGTGGGAATTGTTGGAATCTATTCCATCTACTCCA,0.47282604222882335,0.21699574651876766,0.051610479664351366,0.09215678814852492,0.057218962225089445,0.06082735488456973,0.038466810350641076,0.009897815979232588,472.05220689305975
TCTATGATCTTGTCTGATAATGCTTCTGTTATTGCTAAAGTTGCTACTACTGGTTTGTCTAATGATATGCCATTCTTGACTGAAGAAGGTGAACAGAATGCTAATTCTACTCCAAACTTT,0.45556111605982397,0.3005578980036539,0.12700498672460964,0.05254724567440921,0.01962460614326396,0.013690812426098401,0.016161558465407507,0.014851776502733519,375.36958032477
TCTATGCCAGAATTGTCTCCAGTCTTGGGTTTGCATCAAGGTCAAGGTGCTGGTGATTCTCCAACTCCAGGTCCATCTAATGCTGCTCCAGTTTGTAGAAATTCTCATACTGCTACTCCA,0.05974600597373524,0.12022373437162615,0.20444802991367025,0.1770020953946875,0.14718525023298085,0.07758164157792052,0.08311698403887811,0.13069625849650138,1456.6927030794077
TCTATGTTGGATGATTATGTTGATGATGATTTGTTGTTGAATGATGATGATGATGATACTAATTTGTCTAGAAGAAGATTTGATGATGTTATTACTAATCAATTTCCATCTATGACTAAT,0.010682564000385917,0.0025424033056080384,0.007436225530457132,0.02521277573165956,0.06159044611366527,0.04645566909174596,0.4025986886398726,0.4434812275866055,3990.707048804405
TCTATGTTGGATGATTATGTTGCTGCTGATTTGTTGTTGAATGATGATGATGATGATACTAATTTGTCTAGAAGAAGATTTGCTGATGTTATTACTAATCAATTTCCATCTATGACTAAT,0.10020969292658975,0.25205834489515394,0.15586948573677387,0.1391619615752696,0.09874727850865354,0.13777911849850974,0.11617411785904953,0.0,758.8583893724998
TCTATGTTGGATGATTATGTTTCTTCTGATTTGTTGTTGAATGATGATGATGATGATACTAATTTGTCTAGAAGAAGATTCTCTGATGTTATTACTAATCAATTTCCATCTATGACTAAT,0.3269336091979575,0.16446781148287595,0.16272748728395803,0.10896364461078568,0.09664874689804719,0.04495036674329403,0.07580349273172951,0.01950484105135194,649.9900724571678
TCTATTCAATATGTTGAGAATAATAATCCAAATAATATTAATAATGATGTTATTCCATATTCTTTGGATATTAAGAATACTGTCTTGGATTCTGCTGATTTGAATGATATTCAGAATCAA,0.13194120499949621,0.19912374213146086,0.16418058708813651,0.4397466080759782,0.06500785770492826,0.0,0.0,0.0,383.6432264209776
TCTATTGATCCAGCTGATTTGGATGAAGATTGGGATTATATCTTTGAAGATGATGAATCTCCAGATGATGATGAAGATTATGTTGAAGGTCCAGATAAGAGACCAAGACCATCTATTCAA,0.06803593374510604,0.17797665401869464,0.06772822513120884,0.15117122858779716,0.28158080349365927,0.2120311544929993,0.025239920346131473,0.016236080184403333,823.8992927645077
TCTATTGATCCAGCTGATTTGGATGAAGCTTGGGATTATATCTTTGAAGCTGCTGAATCTCCAGCTGCTGATGAAGATTATGTTGAAGGTCCAGCTAAGAGACCAAGACCATCTATTCAA,0.30573047663970637,0.10253421690090585,0.06340577879067985,0.2264374584931831,0.10042292863971652,0.09341140194094145,0.04725819414463751,0.060799544450229365,913.631152391707
TCTATTGATCCAGCTGATTTGGATGAATCTTGGGATTATATCTTTGAAACTACTGAATCTCCATCTTCTGATGAAGATTATGTTGAAGGTCCATCTAAGAGACCAAGACCATCTATTCAA,0.04558319405404589,0.030574885157305345,0.03781419439148058,0.05064138219901892,0.04491797377192155,0.08356360363547898,0.25365629389832495,0.45324847289242376,3738.492439027279
TCTATTGTTCAACCAGATAAGATTAATTTGGAATTGGATACTCCACCAGAATTTAGATTGTCTCAATTGGAATTTGGTTCTCAAGATTCATTCTTGGCTTGGGGTACTGGTAAGACTGAT,0.053887006678781636,0.07115979893779295,0.13410822484118565,0.24694987482395583,0.3053284750341601,0.12965694343847925,0.046853816847524696,0.012055859398119767,800.2701462249873
TCTATTTGGATTTCTCCAGACTTTATCTTGGATTCTTCTAAAGATTATCCACAAATTAAAGAAGTTGCTTCTGAATGCTTTCCAAATTATCACTTTCCAGTTACTACTGCTAATCATCAT,0.06206439436899256,0.1338095410422041,0.22801124965660124,0.2790891482625321,0.1572651128282126,0.10294120204411288,0.0191871692400212,0.017632182557323253,675.3164993819152
TCTCAAACTTCTTGTGGTGGTGGTGATGAACCAAGAGTTACTAAACCATGTTTGGCTGCTTATGCTCATTTGTCTACTGAAGACTTTAAGAAAGATTTGGAAGAATGTCAAAGATTGGAA,0.4356516421133873,0.36209701953889856,0.11686071400095893,0.043179098815359696,0.010427805587346751,0.023018334763701378,0.0066030120388241315,0.002162373141523009,279.3087334601733
TCTCAAGAAACTGGTGTTTCTACTGATATGAATACTGATATTTCTTCTGACTTTGAATTTGGTAAGAGAAGATTTGATTCTCAAGAAGATCCATCTTCTTCTACTGGTCCAGTTGATTTG,0.10956999688373945,0.14120752277355192,0.1547263834900543,0.21883784163836942,0.18682619438922785,0.12977226791108087,0.039963114388247234,0.019096678525728883,753.3449910480485
TCTCAAGATCAGAAATTGTGGGAAGGTGATGATCAATTTGAATTGTTGGATTCTCAACAATTGGCTGAAGGTTTGGCTTTGTGTGATGAGTTCTTGTTGTCTCAATCTCAAACTTCTTGT,0.0011904275397818017,0.0013863987383157203,0.0005681715648138671,0.001059831367014969,0.000329419550532729,0.002227146498274032,0.3338344162686999,0.6594041884725672,5061.6270327434495
TCTCAAGATCAGAAATTGTGGGAAGGTGATGCTCAATTTGAATTGTTGGATTCTCAACAATTGGCTGAAGGTTTGGCTTTGTGTGATGAGTTCTTGTTGTCTCAATCTCAAACTTCTTGT,0.007831978679334101,0.0018581514740995638,0.0013618439654136485,0.0011018812919080597,0.0004381217063216196,0.0005642751576351543,0.3272178500144379,0.65962589771085,5045.066982547504
TCTCAAGATCAGAAATTGTGGGAAGGTGATTCTCAATTTGAATTGTTGGATGATCAACAATTGGCTGAAGGTTTGGCTTTGTGTGATGAGTTCTTGTTGTCTCAATCTCAAACTTCTTGT,0.10591725523438957,0.26641462787212994,0.18451688391126542,0.15885514443193266,0.1356830114419536,0.07281324607324334,0.044204743075019745,0.03159508796006571,736.4422621406169
TCTCAAGATCAGAAATTGTGGGAAGGTGATTCTCAATTTGAATTGTTGGATGCTCAACAATTGGCTGAAGGTTTGGCTTTGTGTGATGAGTTCTTGTTGTCTCAATCTCAAACTTCTTGT,0.0036619322656189354,0.003914628790781283,0.004271918332264471,0.003432613373922999,0.0025936034102912804,0.002412518076457476,0.43599388953782875,0.543718896212835,4596.354862171498
TCTCAAGATCAGAAATTGTGGGAAGGTGATTCTCAATTTGAATTGTTGGATTCTCAACAATTGGCTGAAGGTTTGGCTTTGTGTGATGAGTTCTTGTTGGATCAATCTCAAACTTCTTGT,0.05713635841023529,0.05748623915960072,0.08531691855844217,0.11425780055052688,0.1689076095973751,0.20948597861337398,0.2119640395537442,0.09544505555670159,1678.3587532909307
TCTCAAGATCAGAAATTGTGGGAAGGTGATTCTCAATTTGAATTGTTGGATTCTCAACAATTGGCTGAAGGTTTGGCTTTGTGTGATGAGTTCTTGTTGGCTCAATCTCAAACTTCTTGT,0.1166454476992737,0.09535478783630043,0.07862148873383897,0.10799094602919575,0.08141808398789371,0.11805512299733491,0.2569336860203924,0.14498043669577024,1929.6330309671384
TCTCAAGATCAGAAATTGTGGGAAGGTGATTCTCAATTTGAATTGTTGGATTCTCAACAATTGGCTGAAGGTTTGGCTTTGTGTGATGAGTTCTTGTTGTCTCAAGATCAAACTTCTTGT,0.1071435634792218,0.16659948818648573,0.242406775803191,0.19478105053345243,0.09598178120574503,0.04464016766222573,0.09033645427415453,0.05811071885552369,968.3759093167839
TCTCAAGATCAGAAATTGTGGGAAGGTGATTCTCAATTTGAATTGTTGGATTCTCAACAATTGGCTGAAGGTTTGGCTTTGTGTGATGAGTTCTTGTTGTCTCAAGCTCAAACTTCTTGT,0.21703955011991422,0.15219630782799407,0.11457617891525672,0.11690840106041643,0.09721462464071784,0.17482572987125006,0.10369635745195922,0.02354285011249149,894.493473152042
TCTCAAGCTCCACAAGATTGGACTGGTTTGCCAGCTGGTGTTAAATTTGATCCAAATGATAAAGAAATCTTGGATCATTTGGCTGCTAAGATTGGTAGAGGTGGTAAACCACATGCTTTG,0.5289017455078134,0.2592694067153369,0.11946438197276463,0.045658857641937695,0.030130933261174,0.005194160215878674,0.0024035864505456066,0.008976928234549169,294.02531052168945
TCTCAATTGGATACTCCACCATCTGATTTGAGATTGGATCAATTGGATACTCCACCAGACTTTAGATTGTCTCAATTGGATTTGCCATCTGGTTCTCAAGATTCATTCTTGGGTTGGGCT,0.0011613579584148566,0.0011085481400054343,0.0054840899179585565,0.0021503821551800977,0.009888872970748018,0.062041650164119326,0.44605719557866064,0.472107903114913,4252.9549198054565
TCTCAATTGGATACTCCACCATCTGATTTGAGATTGGCTCAATTGGATACTCCACCAGACTTTAGATTGTCTCAATTGGATTTGCCATCTGGTTCTCAAGATTCATTCTTGGGTTGGGCT,0.06490111063469912,0.07540426607619773,0.05768533928598667,0.0918454016877581,0.0799424668936523,0.11260362675000847,0.28806370022280936,0.2295540884488883,2512.3647019751643
TCTCAATTGGATACTCCACCATCTGATTTGAGATTGTCTCAATTGGATACTCCACCAGACTTTAGATTGGATCAATTGGATTTGCCATCTGGTTCTCAAGATTCATTCTTGGGTTGGGCT,0.14125164290349354,0.10203243996710824,0.15323189625394318,0.17704447352280323,0.13919028104211584,0.14275120003867706,0.0537450563501912,0.09075300992166768,1199.9850315808583
TCTCAATTGGATACTCCACCATCTGATTTGAGATTGTCTCAATTGGATACTCCACCAGACTTTAGATTGGCTCAATTGGATTTGCCATCTGGTTCTCAAGATTCATTCTTGGGTTGGGCT,0.005607310564023331,0.0004820395053827365,0.00037536848485561903,0.006268959226965381,0.06752975920714986,0.22064889251964906,0.5153915800603291,0.18369609043164487,2861.104269912124
TCTCAATTGGATACTCCACCATCTGATTTGAGATTGTCTCAATTGGATACTCCACCAGACTTTAGATTGTCTCAATTGGATTTGCCATCTGGTGATCAAGATTCATTCTTGGGTTGGGCT,0.04406438844023529,0.11083555387400823,0.06853921377162984,0.08566957120235776,0.08684266582493129,0.15146121146481964,0.25542147204227766,0.19716592337974023,2286.185541206316
TCTCAATTGGATACTCCACCATCTGATTTGAGATTGTCTCAATTGGATACTCCACCAGACTTTAGATTGTCTCAATTGGATTTGCCATCTGGTGCTCAAGATTCATTCTTGGGTTGGGCT,0.24470296666907088,0.1740389433738983,0.17324732556561645,0.07499495020712187,0.062361694011767436,0.046406081511128926,0.07825838402223287,0.14598965463916327,1413.1338240866571
TCTCAATTGGATACTCCACCATCTGATTTGAGATTGTCTCAATTGGATACTCCACCAGACTTTAGATTGTCTCAATTGGATTTGCCATCTGGTTCTCAAGATTCATTCTTGGGTTGGGCT,0.2766563532703815,0.2884723247088981,0.1502209687802604,0.06147116460132595,0.05452379140128057,0.05532757251123444,0.06531239856773141,0.048015426158887646,780.4745539145172
TCTCAATTGGATACTCCACCATCTGATTTGAGATTGTCTCAATTGGATGATCCACCAGACTTTAGATTGTCTCAATTGGATTTGCCATCTGGTTCTCAAGATTCATTCTTGGGTTGGGCT,0.000942615690053961,0.0006820917904965071,0.0027113417780358536,0.0020196271036016632,0.019560959301206084,0.12143123745228745,0.5300906637282682,0.32256146315605033,3607.501945634004
TCTCAATTGGATACTCCACCATCTGATTTGAGATTGTCTCAATTGGATGCTCCACCAGACTTTAGATTGTCTCAATTGGATTTGCCATCTGGTTCTCAAGATTCATTCTTGGGTTGGGCT,0.024202676728927577,0.02519057014242003,0.033232019854966044,0.3690194622622929,0.256587443727287,0.22796284988481016,0.05882590720727487,0.004979070192021453,892.9218390380508
TCTCAATTGGATGATCCACCATCTGATTTGAGATTGTCTCAATTGGATACTCCACCAGACTTTAGATTGTCTCAATTGGATTTGCCATCTGGTTCTCAAGATTCATTCTTGGGTTGGGCT,0.007030488720362524,0.012626600667635818,0.04153429169278057,0.10197014445050312,0.20114078928081022,0.33046517957520405,0.22412144912217455,0.0811110564905292,1770.4039256887634
TCTCAATTGGATGCTCCACCATCTGATTTGAGATTGTCTCAATTGGATACTCCACCAGACTTTAGATTGTCTCAATTGGATTTGCCATCTGGTTCTCAAGATTCATTCTTGGGTTGGGCT,0.16159260317894017,0.09483957769133414,0.10053860148965583,0.10472227509060329,0.10615626309881072,0.12343054389062044,0.21231407783438302,0.09640605772565236,1543.836556678985
TCTCAATTTGAATTGTTGGATGATCAACAATTGGCTGAAGGTTTGGCTTTGTGTGATGAGTTCTTGTTGTCTCAATCTCAAACTTCTTGTGGTGGTGGTGATGAACCAAGAGAAACTAAA,0.20942257758997374,0.1806042854431845,0.0,0.0,0.26532817751877247,0.027422552213463076,0.13873470149443254,0.1784877057401736,1810.9246306157547
TCTCAATTTGAATTGTTGGATGCTCAACAATTGGCTGAAGGTTTGGCTTTGTGTGATGAGTTCTTGTTGTCTCAATCTCAAACTTCTTGTGGTGGTGGTGATGAACCAAGAGAAACTAAA,0.0003032553983635195,0.0008814358684837035,0.0010482078265500378,0.0010481534303058199,0.003851584447240059,0.08518099416520852,0.5590697714902891,0.34861659737355916,3785.5466532653654
TCTCAATTTGAATTGTTGGATTCTCAACAATTGGCTGAAGGTTTGGCTTTGTGTGATGAGTTCTTGTTGGATCAATCTCAAACTTCTTGTGGTGGTGGTGATGAACCAAGAGAAACTAAA,0.1496250589976318,0.06509894245886824,0.06541650254368708,0.13028709655088996,0.2072150801425109,0.24464083905823528,0.1087652713347946,0.02895120891338214,1082.3066629806256
TCTCAATTTGAATTGTTGGATTCTCAACAATTGGCTGAAGGTTTGGCTTTGTGTGATGAGTTCTTGTTGGCTCAATCTCAAACTTCTTGTGGTGGTGGTGATGAACCAAGAGAAACTAAA,0.045961641545963154,0.06341909854977827,0.04902189551071759,0.12765456130957745,0.12616750261401413,0.1456448956778477,0.26428764433699786,0.17784276045510383,2211.769748616234
TCTCAATTTGAATTGTTGGATTCTCAACAATTGGCTGAAGGTTTGGCTTTGTGTGATGAGTTCTTGTTGTCTCAAGATCAAACTTCTTGTGGTGGTGGTGATGAACCAAGAGAAACTAAA,0.18336971524511117,0.19217979144009187,0.1426096736764385,0.19522930234275362,0.10916911132459044,0.10504854449019425,0.04960255507548603,0.02279130640533414,715.2737466624152
TCTCAATTTGAATTGTTGGATTCTCAACAATTGGCTGAAGGTTTGGCTTTGTGTGATGAGTTCTTGTTGTCTCAAGCTCAAACTTCTTGTGGTGGTGGTGATGAACCAAGAGAAACTAAA,0.11761434420533516,0.17054099581600993,0.15065750707120645,0.24980177985132593,0.07840154376976238,0.06975678665504073,0.06416541524233367,0.09906162738898576,1180.1511813538555
TCTCACTTCTTGAGACCAGCTACATTTGCTAAGACTACTAATAATAATTTGCATGATACTAAAGAGAAATCTCCACAATCTCCACCAAATGTCTTTCAAACTAGAGTCTTGGGTGCTAAA,0.13998498799632678,0.0896268554389669,0.07917720042888673,0.09896636445738681,0.175562686876483,0.2682866278158431,0.1180261982760226,0.03036907871008394,1116.8475250097933
TCTCACTTCTTTCATAAAGCTATTAAAGCTTATTCTACTGGTACTAGGAAGAGAAGGAAGATTCATGATGATGACTTTGGTGATGTTAGATGGCATAAGACTGGTAGAACTAAACCAGTT,0.5109108795145806,0.2598040875534654,0.1271625631962101,0.05875049163312771,0.009618893706087074,0.030992718825692447,0.0020999557557751076,0.0006604098150616773,266.0134935435305
TCTCACTTCTTTCATAGAACTTATAAAGCTTATAATACTGGTACTAGGAAGAGAAGAAGAATTAATACTGGTGATTTGGCTGATGTTAGATGGCATAAGACTGGTAAGACTAAACCAGTT,0.12224365340320795,0.15374028225653616,0.19014183991663172,0.23766496574589807,0.09034476408408564,0.05602459641061429,0.11337465016194519,0.03646524802108086,904.2149090824425
TCTCACTTCTTTCATAGAGCTATTAGAGCTTATTCTACTGGTACTAGGAAGAGAAGGAAGATCTTGGATGATGATTTGGGTGATGTTAGATGGCATAAGACTGGTAGAACTAAACCAGTT,0.5467416411692426,0.31441704973569873,0.09745696555253949,0.025042262031172394,0.00024763770472148244,0.011687639232945026,0.004185171130371534,0.00022163344330873686,227.0857826986544
TCTCATGAACCACCATTGCCACAACCACAGAATCCATATTGGAATCAACATATTGTTGGATTTAATCAACCAACTTATACTGGTAATGATAATAATTTGTTGATGTCATTCTGGAATGGT,0.1811282604695785,0.18223741921311162,0.13743068981712236,0.05398782632459572,0.06529937469251884,0.05669082885038588,0.12291736831590558,0.2003082323167815,1861.1605296522414
TCTCATTCTGATGCTTGTGATGAAGCTACTACTGCTGAATTGGTTGACTTTAAATGGTATCCAGAATTGGAATCTTTGGACTTTACTTTGTTCTCTCCATTGCATTCTCAAGTTCAATCT,0.13581695147272782,0.17191280698835035,0.10358270387484761,0.22876571614176805,0.11224862665523154,0.11645890266731447,0.08939322475877592,0.0418210674409843,948.8709678700668
TCTCCAACTGAAGAAACTACTCAGAAATTGACTGTTTCTCATATTGAAGGTTATGAATGTCAACCAATCTTCTTGAATGTCTTGGAAGCTATTGAACCAGGTGTTGTTTGTGCTGGTCAT,0.17839218446337782,0.19444163759126257,0.16648627836113264,0.13212511002800095,0.07324533772012858,0.06813134982969409,0.08961847992626502,0.0975596220801383,1193.2984740926822
TCTCCAACTGGTGAAGAAGTTATTAATCATTATTTGAAGAATAAGATCTTGGGTAAGACTTGGTTGGTTGATGAAGCTATTTCTGAAATTAATATCTTGAATCATAAACCATCTAAAGAT,0.12428210609339002,0.2344559272195288,0.23197502034759443,0.12081405318477859,0.015308548736194172,0.05695882478231464,0.08644890700328632,0.129756612632913,1347.357785946275
TCTCCACATGGTGTTAGAACTCCATGGGTTATGCATGAATATCATATTACTTGTTTGCCACATCATAAGAGGAAATATGTTGTTTGTCAAGTTAAATATAAAGGTGAAGCTGCTGAAATT,0.02007640588819581,0.0,0.012491003494155956,0.0223042058562484,0.03956684000911468,0.04600535512268705,0.26067755691218236,0.5988786327174158,4594.041476780218
TCTCCACCAATGCCAGTTCCACCAGCTGCTTTGTTTAATAGATTGTTGGATGATTTGGGATTCTCTGCTGGTCCAGCTTTGTGTACTATGTTGGATACTTGGAATGAAGATTTGTTCTCT,0.30586338405243946,0.11372865921316012,0.1323826280446801,0.1181926411709497,0.1048346969537041,0.12189392585870927,0.05550112753079603,0.04760293717556122,866.6012757657528
TCTCCAGATCATTCTTCTCCAATTGCTCCATCTAAAGCTAAGAGACAAAGATCTGATACTTGTGCTAGATCTAATGGTAATTTGACTTTGGAAGAAATCTTGCAATCTTTGGAAAGAAGA,0.04621229873198514,0.034871463603977915,0.028752057920566343,0.05134029615403791,0.14799816714791242,0.1058961064067097,0.2678719434536216,0.3170576665811889,3018.4743574370577
TCTCCAGCTAAAGGTGGTAAAGCTGAGAAGACTAATTGGGTTATGCATCAATATCATTTGGGTATTGGTGAAGATGAAAGAGATGGTGAATATGTTGTTTCTAAATTGTTCTTTCAACAA,0.2654392770633963,0.1546164188987334,0.1912254221159137,0.1862488622376819,0.08259965610895686,0.03841627495578629,0.06478451746615642,0.01666957115337506,619.0391061859492
TCTCCAGCTCAACAAGCTGAAGTTTGGACTTTGTGTAGAATCTTTAAGAGAGTTACTTCTCAAAGAAATCCAACTATCTTGCCACCAAATAGGAAACCAGTTATTACTTTGACTGATACT,0.1559903787956811,0.1569456029672141,0.03882121884649077,0.15597001702724256,0.16908531922137343,0.11438529883777233,0.11573839054862904,0.09306377375559674,1326.986118266628
TCTCCATCTAGGAAGAGGAAAGCTACTATGGATATGGTTGTTGCTCCATCTAATAATGGATTTACTTCTTCTGGATTTACTAATATTCCATCTTCTCCATGTCAAACTCCAAGGAAAGGT,0.1852227730232599,0.22362840595550745,0.2535294563884295,0.08231048688261446,0.09125985830169037,0.03395523879004302,0.085892259061796,0.0442015215966593,824.4710763315929
TCTCCATCTGATACATTTGATGGTGAATGGCAATTTATCTTAAATTCTCAACAATTGGTTGAAGCTTTGTCTTTGTGTGATGATTTGTTGGGTTCTCAAGATAGAGAAGAGAATACTAAT,0.056789858395012736,0.06285137904493776,0.02826650640936902,0.10094656975902691,0.050364983861957285,0.0624646690419617,0.23174645599795915,0.4065695774897755,3390.835157073761
TCTCCATTGGATAGAGATCCATTGGGTTATGATGTTGGTCATGGTCCATTGGCTTCTGCTATGAGAATGTTGTGGATGGCTAATTATATTGTTAGACAATCTAGAGGTGATAGAGGTTTG,0.11795277858490462,0.12856466495703897,0.1345429584873468,0.06552076774909796,0.09685952474282854,0.16217423068827594,0.20055765812700824,0.09382741666349902,1536.5461608046521
TCTCCATTGTCTCAACCAAGATTGACTCCACCACAACCATTGATGATGCCACCAAGACCAACTCCACCAACTCCATTGCCACCAGCTACTTTGACTGTTCCACCAAGACCAACTAGACCA,0.110864665055202,0.09070574962853817,0.11369840662783652,0.19354795715929363,0.16927244742399,0.17532095222942262,0.10734084291145295,0.03924897896426422,1067.0277618060381
TCTCCATTGTTTAGAGCTATTGAAACTCCAATTAGATATATTACTACTCCAGGTGGTACTTTGGAAACTCAAATTTCTCCAAGGAAATCTTCTGCTCCAGATGTCTTGACTTCTGCTACT,0.1221439797062679,0.16385592232731674,0.08443857961638238,0.12062028245235223,0.16048195512112692,0.18659638562063094,0.11328220797614395,0.04858068717977898,1124.382019542753
TCTCCATTGTTTAGAGCTATTGAAGATCCAATTAGAGATATTGATGATCCAGGTGGTGATTTGGAAGATCAAATTGATCCAAGGAAAGATGATGCTCCAGATGTCTTGGATGATGCTACT,0.26695730134476875,0.22527074626336088,0.2035987319151116,0.07653690460760118,0.059400972266275,0.055253597671451,0.07188069344004,0.04110105249139159,765.7786478369748
TCTCCATTGTTTAGAGCTATTGAAGCTCCAATTAGAGCTATTGCTGCTCCAGGTGGTGCTTTGGAAGCTCAAATTGCTCCAAGGAAAGCTGCTGCTCCAGATGTCTTGGCTGCTGCTACT,0.30673821602668366,0.295630025562452,0.24902267753488672,0.0971336089761785,0.02291957490504754,0.01538840448894447,0.009594262501214838,0.003573230004592154,330.5488603893169
TCTGAAAGAAGAAGAAGAGATAGAATTAATGAGAAGATGAGAGCTTTGCAAGAATTGATTCCAAATTGTAATAAAGTTGATAAAGCTTCTATGTTGGATGAAGCTATTGAATATTTGAAA,0.534363112015202,0.27449121032868806,0.022387188442364116,0.05429446766957915,0.09658099212988919,0.010091359133013105,0.007471267530285422,0.00032040275097892804,286.8196079376446
TCTGAAGATCAATATTTGTTGGATGATCAACAATTGGTTGAAGGTTTGTCTTTGTGTGATGATTTGTTGGCTGATCAATCTCCAAATAGAGATGGTAATGAGAATGATAAAGAAAATTCT,0.039338327241890285,0.08640533899524913,0.14823042648531043,0.21297784888623753,0.2407750786618715,0.1934928525340418,0.05960808482118762,0.01917204237421162,905.3005744253073
TCTGAAGATCAGAATTTGTTGTCTGATCAACAATTGGTTGAAGCTTTGTTCTTGTGTGATGATTTGTTGCAAGATCAATCTCCTAAGAGAGATGGTGAGAATGAACATAAGAAGAGATCT,0.11374320011158064,0.057219859528371025,0.0,0.1263648366229129,0.1681249258209756,0.052128815715972505,0.2109818409699488,0.27143652123023837,2565.157374341778
TCTGAAGATCAGAATTTGTTGTCTTCTCAACAATTGGTTGAAGCTTTGTTCTTGTGTGATGATTTGTTGCAATCTCAATCTCCTAAGAGAGATGGTGAGAATGAACATAAGAAGAGATCT,0.000921742398240467,0.0010819512535796105,0.0017204505001419913,0.14592349618537667,0.26295021882972874,0.36259178391463015,0.22426044591306563,0.0005499110052367345,1354.8449377487063
TCTGAAGATGCTGATTCTGTTGCTGTTCCAGATTATCCAGTTGTTAGATATGAGAATGGTCCATGTGTTGATGATACTAAATTCTGTAATCCAGTTAAATTGCAATTGGAAGATATTGAA,0.004453787639454325,0.005377273075111764,0.003325233248010531,0.004948006974137295,0.02106619728007879,0.02122830216330573,0.3040163629566658,0.6355848366632356,4879.141198979719
TCTGAAGCTCAATATTTGTTGGATTCTCAACAATTGGTTGAAGGTTTGTCTTTGTGTGATGATTTGTTGGCTTCTCAATCTCCAAATAGAGATGGTAATGAGAATGATAAAGAAAATTCT,0.0405580430239505,0.08519054203402623,0.12410433681003222,0.28913539740142474,0.2683583677108521,0.15842986581989502,0.02612445521166804,0.008098991988151134,750.3868754718482
TCTGAAGCTCAGAATTTGTTGTCTGCTCAACAATTGGTTGAAGCTTTGTTCTTGTGTGATGATTTGTTGCAAGCTCAATCTCCTAAGAGAGATGGTGAGAATGAACATAAGAAGAGATCT,0.3967519386561835,0.20576365598568133,0.12215181467188273,0.0908820503436287,0.04433588810227931,0.06748422112950922,0.05310861772760721,0.01952181338322796,579.2308820999325
TCTGAAGCTCAGAATTTGTTGTCTTCTCAACAATTGGTTGAAGCTTTGTTCTTGTGTGATGATTTGTTGCAATCTCAATCTCCTAAGAGAGATGGTGAGAATGAACATAAGAAGAGATCT,0.20284671200274318,0.12245331963794985,0.12620580608474696,0.09014232621053872,0.17989781389147563,0.09296519579376028,0.11287788463237315,0.0726109417464123,1164.5223863718645
TCTGAATCTCAATATTTGTTGGATGATCAACAATTGGTTGAAGGTTTGTCTTTGTGTGATGATTTGTTGGCTTCTCAATCTCCAAATAGAGATGGTAATGAGAATGATAAAGAAAATTCT,0.0118931378850255,0.035897900452868656,0.07399592721209045,0.18498021807202647,0.22267192255304694,0.18532234493568456,0.24266591196428927,0.04257263692496812,1449.2796849114325
TCTGAATCTCAATATTTGTTGGATGCTCAACAATTGGTTGAAGGTTTGTCTTTGTGTGATGATTTGTTGGCTTCTCAATCTCCAAATAGAGATGGTAATGAGAATGATAAAGAAAATTCT,0.30852396520940156,0.2464105144735685,0.12665096600070377,0.08127290878111187,0.10342999742906754,0.06122360188805863,0.06489772757532186,0.007590318642766363,564.8573120058867
TCTGAATCTCAATATTTGTTGGATTCTCAACAATTGGTTGAAGGTTTGTCTTTGTGTGATGATTTGTTGGCTGATCAATCTCCAAATAGAGATGGTAATGAGAATGATAAAGAAAATTCT,0.010813518315103394,0.1775375114710243,0.1388390248593927,0.11631205802894493,0.15450780624366947,0.3870079750800017,0.00911725232103663,0.0058648536808269475,854.481333668431
TCTGAATCTCAATATTTGTTGGATTCTCAACAATTGGTTGAAGGTTTGTCTTTGTGTGATGATTTGTTGGCTGCTCAATCTCCAAATAGAGATGGTAATGAGAATGATAAAGAAAATTCT,0.21349242423003836,0.23866640941720654,0.08855285592066314,0.13176824481030472,0.023375201494701972,0.06522943630052248,0.15400245297742302,0.08491297484913973,1226.7671372298435
TCTGAATCTCAATATTTGTTGGATTCTCAACAATTGGTTGAAGGTTTGTCTTTGTGTGATGATTTGTTGGCTTCTCAATCTCCAAATAGAGATGGTAATGAGAATGATAAAGAAAATTCT,0.13904247774980624,0.13294014238551144,0.15060952111562767,0.1711144318432301,0.19435307465808155,0.17332443001763542,0.031836446774996356,0.00677947545511109,697.1567415540486
TCTGAATCTCAGAATTTGTTGTCTGATCAACAATTGGTTGAAGCTTTGTTCTTGTGTGATGATTTGTTGCAATCTCAATCTCCTAAGAGAGATGGTGAGAATGAACATAAGAAGAGATCT,0.15501325475194042,0.1848444389894622,0.05715265578406937,0.07653976322452345,0.022629786995919415,0.05788688333685641,0.16506553501040738,0.28086768190682126,2432.170446145202
TCTGAATCTCAGAATTTGTTGTCTGCTCAACAATTGGTTGAAGCTTTGTTCTTGTGTGATGATTTGTTGCAATCTCAATCTCCTAAGAGAGATGGTGAGAATGAACATAAGAAGAGATCT,0.0004806413303144396,0.009326274238596135,0.00525459861468941,0.01949013175181913,0.04123938564792361,0.028164271624189836,0.3758795583377628,0.5201651384547047,4364.8209365325865
TCTGAATCTCAGAATTTGTTGTCTTCTCAACAATTGGTTGAAGCTTTGTTCTTGTGTGATGATTTGTTGCAAGATCAATCTCCTAAGAGAGATGGTGAGAATGAACATAAGAAGAGATCT,0.005630095807532398,0.11706782786240855,0.005254342843730971,0.07818556803750235,0.32686570539211235,0.4597213315558272,0.003916216454516992,0.0033589120463693345,980.2810065899845
TCTGAATCTCAGAATTTGTTGTCTTCTCAACAATTGGTTGAAGCTTTGTTCTTGTGTGATGATTTGTTGCAAGCTCAATCTCCTAAGAGAGATGGTGAGAATGAACATAAGAAGAGATCT,0.09723784597735724,0.16492262751115283,0.22022859132414604,0.2814129811085145,0.13011391059591995,0.0904639867444011,0.01281488204915361,0.002805174689354838,537.511464149974
TCTGAATCTCAGAATTTGTTGTCTTCTCAACAATTGGTTGAAGCTTTGTTCTTGTGTGATGATTTGTTGCAATCTCAATCTCCTAAGAGAGATGGTGAGAATGAACATAAGAAGAGATCT,0.16901454827420806,0.2755899906130594,0.12082078869780881,0.2746915460635654,0.09486011811917991,0.053670602435175054,0.010921399231213536,0.0004310065657897951,440.52497855909985
TCTGACTTCTGGGAAACTGATCCAGGTTCTCAATTTATCTTAAATTCTCAACAATTGGTTGAAGCTTTGTCTTTGTGTGATGATTTGTTGGGTTCTCAAGATAGAGAAGAGAATACTAAT,0.085247435722756,0.12865418659994174,0.053038677510841674,0.0,0.0,0.11720738987538777,0.15812515305627708,0.45772715723479573,3539.9957851492927
TCTGACTTTGAAACTTGGCCAGATGGTTCTCAATTTATCTTAAATTCTCAACAATTGGTTGAAGCTTTGTCTTTGTGTGATGATTTGTTGGGTTCTCAAGATAGAGAAGAGAATACTAAT,0.020274399615469577,0.014835310634433127,0.00917395629292193,0.04402451442391826,0.1198711458116816,0.3649148018572019,0.35982974120457956,0.06707613015979416,1980.621898475099
TCTGATAATAAGAATGGTGATGAAGAAGAACCACCACAATGTAATTGGTTCTTGGATGAAATTTCTTTGCCATTGACTGTTGTTGATACTGATTGGACTTTGTGTCATATCTTCTATGAA,0.001033183159129422,0.0006452130844414263,0.004832225321912292,0.019275652102864686,0.05511811758858028,0.3024916537051308,0.4640777034753262,0.1525262515626149,2639.082430283607
TCTGATAGAGGTCATGAACAAGAATCTACATTTAATTATATGGAACCATGTGGTCAACATCATGGTAAGAGATCTATTGAAGTTGGTTTGCCACCAGGTTTGGATGAATTGGATTATCAA,0.08162284569019704,0.06452495667093017,0.07254793486707146,0.11011168664761252,0.14362799860415928,0.08550393270904058,0.10814422458429102,0.333916420226698,2735.505865929137
TCTGATCAAGAATTGATTTGGCATTTGTTGGCTAAACATGGTAAATCTGATATTAAACCACATCCATTTATTGATGAATTTATTCCAACTGTTGAAGAAGATGAAGGTATTTGTTATACT,0.3978061442963845,0.19557551953113508,0.1592849824897443,0.12239185307416554,0.04486205362752044,0.028350770652504104,0.02062823468666749,0.031100441641878505,540.9269860453137
TCTGATCCAACTGAATTTGATTGGGGTTCTCAATTTATCTTAAATTCTCAACAATTGGTTGAAGCTTTGTCTTTGTGTGATGATTTGTTGGGTTCTCAAGATAGAGAAGAGAATACTAAT,0.10662676212188833,0.07151980185299651,0.08845376446044305,0.276403669358152,0.03502356664386191,0.16289110990342304,0.1318543909852616,0.12722693467397347,1595.2088354255034
TCTGATCCACCACCAGCTTCTATTGCTACTCCATCTCCACCATTGGCTGCTGCTCAACATGTTCCAGCTGCTGATGGTCAATGGTTGGCTTTGTTTCCACATCCATCTTCTATTGACTTT,0.007595114676169809,0.008881585854329053,0.008702011364399239,0.010475750756938398,0.011748899696342656,0.10418941100359541,0.521952670735105,0.3264545559131205,3590.5584132257795
TCTGATCCACCACCAGCTTCTATTGCTGATCCAGATCCACCATTGGCTGCTGCTCAACATGTTCCAGCTGCTGATGGTCAATGGTTGGCTTTGTTTCCACATCCATCTTCTATTGACTTT,0.011202893521176436,0.012739411381549829,0.017052531285382203,0.10043660517874024,0.38042298327777757,0.4348168933557337,0.04189869388915807,0.0014299881104818926,1064.8004576481194
TCTGATCCATATTTGTTTGATGATCCATCTGAAGGTTATGAAACTGATCCATTGTTTGGTGCTGAAGATACTAATGGTGATAATTGGTATTCTTTGTTTCCAGAAGTTAATCAAGATTCT,0.0687159135881318,0.08642087876504757,0.05344150750347576,0.10814981917782414,0.20596069431149822,0.2204488211052184,0.18853590544971402,0.0683264600990901,1483.9938378465383
TCTGATCCATATTTGTTTGATTCTCCATCTGAAGGTTATGAAACTTCTCCATTGTTTGGTGCTGAAGATACTAATGGTGATAATTGGTATTCTTTGTTTCCAGAAGTTAATCAAGATTCT,0.000416855565077705,0.0007549348064260679,0.000726197914957243,0.0006483573475566946,0.0006572354650405354,0.0008406025363054974,0.30836166940627147,0.6875941469583648,5172.759344466119
TCTGATCCATGTCCAACTGTTTGGAATACTAATCCAACTAGACATTGTCCAAATTGTCATCATGTTATTGATAATTCTCATGAAGTTGATGATTGGCCAGGTTTGCCAAGAGGTGTTAAA,0.08704725004689103,0.12932417158859474,0.19335081339653246,0.2548714464877976,0.17075219111900744,0.11408935378636673,0.03018011625901666,0.02038465731579332,726.3944618340248
TCTGATCCATTGAAAGTTATTCAGAATATTGAATTGGATACTCCACCAGAATTTAGATTGTCTCAATTGGAATTTGGTTCTCAAGATTCATTCTTGGCTTGGGGTACTGGTAAGACTGAT,0.15463947593894628,0.1376341475886069,0.17022220639732408,0.1255455777619635,0.09963486726269499,0.04906501570173453,0.17100088349066087,0.09225782585806884,1346.1373482426823
TCTGATTATGCTAAATTGGGTCCAGAAGATTTGAAGAAAGATTTGGAAGAATGTCATAATTTGGCTTTGGATCCAGCTAATATTGAATTGGATACTCCACCAGACTTTAGATTGGATCAA,0.04660447362644342,0.14471181309306763,0.26574165642165415,0.13955712020005206,0.22091195591069707,0.15262242573157347,0.0021528813288370524,0.027697673687675194,757.7265767061745
TCTGATTATGCTAAATTGGGTCCAGAAGATTTGAAGAAAGATTTGGAAGAATGTCATAATTTGGCTTTGGATCCAGCTAATATTGAATTGGATACTCCACCAGACTTTAGATTGGCTCAA,0.01143036262902942,0.030442123341145405,0.08701332906552503,0.25322791718393367,0.31670461197649946,0.2502185668471577,0.040533497858737916,0.010429591097971548,918.4187532291589
TCTGATTATGCTAAATTGGGTCCAGAAGATTTGAAGAAAGATTTGGAAGAATGTCATAATTTGGCTTTGGATCCAGCTAATATTGAATTGGATACTCCACCAGACTTTAGATTGTCTCAA,0.08876100688412332,0.1116306807906754,0.11044945527687984,0.04930523372999209,0.17493133870624503,0.2237367500956698,0.08232123160060437,0.15886430291581013,1763.9894278518168
TCTGATTATGCTAAATTGGGTCCAGAAGATTTGAAGAAAGATTTGGAAGAATGTCATAATTTGGCTTTGGATCCAGCTAATATTGAATTGGATGATCCACCAGACTTTAGATTGGATCAA,0.23882276628871432,0.22312199339709496,0.12736212525044335,0.13266199568106263,0.05042946344706024,0.06254463920445512,0.06328449505766312,0.10177252167350626,1129.4261266628514
TCTGATTATGCTAAATTGGGTCCAGAAGATTTGAAGAAAGATTTGGAAGAATGTCATAATTTGGCTTTGGATCCAGCTAATATTGAATTGGATGATCCACCAGACTTTAGATTGTCTCAA,0.2427399525791774,0.20665310538078963,0.09874797506526818,0.1140936298791213,0.11959875837596336,0.1198059430195993,0.06494097688816138,0.03341965881191943,809.2093479699936
TCTGATTATGCTAAATTGGGTCCAGAAGATTTGAAGAAAGATTTGGAAGAATGTCATAATTTGGCTTTGGATCCAGCTAATATTGAATTGGATGCTCCACCAGACTTTAGATTGGCTCAA,0.22048197302834988,0.24914190419346574,0.20739653588467408,0.18939823159265393,0.06710324724862338,0.05019637411111396,0.01059968542177347,0.0056820485193456146,435.49973979627754
TCTGATTATGCTAAATTGGGTCCAGAAGATTTGAAGAAAGATTTGGAAGAATGTCATAATTTGGCTTTGGATCCAGCTAATATTGAATTGGATGCTCCACCAGACTTTAGATTGTCTCAA,0.2137578840487541,0.17800918058487084,0.07120318026092198,0.28424260822146125,0.16008518344662342,0.054257990069042826,0.01646994633611296,0.021974027032212563,614.8672508627977
TCTGATTTGTATTCTAGAAGACAAAGAGCTTCTTTGCCAATTATTGATGATTCTTTGTCTTATGATTTGGTTAATAAACAAGATGAAGATCCTAAGAATGATATGTTGCCAAATTCTAAT,0.3350102292442792,0.2518272665927961,0.2462388140990367,0.025467742769668966,0.07795416809902106,0.04870221495408007,0.0031484357206856967,0.01165112852043222,411.54974791129916
TCTGCTCAAGTTATTGATCCAGATACTACTGGTGAGAATTGTGCTTCTGATCAACCACATTGGGATGAGAATGTTGAAGATCAAGAAATTAATTCTGTTGGTGATTCTAAATGGTGGGAA,0.04561031515612381,0.08260130685073556,0.06810604756537669,0.05067151282335292,0.026966819448625324,0.05016799339962863,0.2622674548737645,0.4136085498823925,3471.715247698631
TCTGCTCAAGTTATTGATCCAGATACTACTGGTGAGAATTGTGCTTCTGCTCAACCACATTGGGATGAGAATGTTGAAGATCAAGAAATTAATTCTGTTGGTGATTCTAAATGGTGGGAA,0.05851826638829141,0.04710128752202627,0.08738040551665117,0.11702125573964221,0.2652556768571097,0.15018684511120908,0.16281797365723905,0.11171828920783106,1648.0614669702215
TCTGCTCAAGTTATTGATCCAGATACTACTGGTGAGAATTGTGCTTCTTCTCAACCACATTGGGATGAGAATGTTGAAGATCAAGAAATTAATTCTGTTGGTGATTCTAAATGGTGGGAA,0.14983324513366378,0.05798106362414354,0.08605130124131201,0.10243670910733117,0.23850612255340994,0.24298254741834857,0.05344714075517844,0.06876187016661263,1205.7402203448046
TCTGCTCCACCACCAGCTTCTATTGCTACTCCATCTCCACCATTGGCTGCTGCTCAACATGTTCCAGCTGCTGATGGTCAATGGTTGGCTTTGTTTCCACATCCATCTTCTATTGACTTT,0.09757302068639191,0.07404862062393715,0.04301547759677543,0.036546392200723525,0.03626194049920806,0.07001557827642009,0.3045766708888611,0.33796229922768284,3125.2147963562984
TCTGCTCCACCACCAGCTTCTATTGCTGCTCCAGCTCCACCATTGGCTGCTGCTCAACATGTTCCAGCTGCTGATGGTCAATGGTTGGCTTTGTTTCCACATCCATCTTCTATTGACTTT,0.007483569706869847,0.04733999658210828,0.10093519041024014,0.2483685676007212,0.3218441034379053,0.22723014396957886,0.041563959992476814,0.0052344683000995025,866.385986470653
TCTGCTCCAGATGTCTTGACTTCTGCTACTAATTCTAAATTTGCTTCTTCTGGTTTGTTTGGTGTTGATGTTTATTCTGTTTGGAAGAGAGCTACTGAGAAGATTTCTGATGGTAATAAT,0.14673725013308972,0.19684774901024263,0.17705890447016515,0.15808010364547725,0.14459583382917848,0.10596981975941093,0.04948770586497696,0.021222633287458936,722.9693570889245
TCTGCTCCATATTTGTTTGATGCTCCATCTGAAGGTTATGAAACTGCTCCATTGTTTGGTGCTGAAGATACTAATGGTGATAATTGGTATTCTTTGTTTCCAGAAGTTAATCAAGATTCT,8.72067390362333e-05,0.00012283706267732388,0.00013021848887675717,1.9376745721801877e-05,0.00013749453404673486,6.394733433138734e-05,0.2520535867105726,0.747385332384737,5404.739680501782
TCTGCTCCATATTTGTTTGATTCTCCATCTGAAGGTTATGAAACTTCTCCATTGTTTGGTGCTGAAGATACTAATGGTGATAATTGGTATTCTTTGTTTCCAGAAGTTAATCAAGATTCT,0.09711666695253589,0.18456592394567162,0.13427421366603112,0.1318696161847064,0.1488657189300855,0.10879936387908296,0.08506674678891407,0.10944174965297247,1346.1952871324906
TCTGCTGATTTGAATGATATTCAGAATCAAGAAACTTCTTTGAATTTGGGTTTGCCACCATTGTCATTTGATTCTCCATTGCCAGTTACTGAAACTATTCCATCTACTACTGATAATTCT,0.1660971039141901,0.12533566329304757,0.12917647691245823,0.06919809287192281,0.0818365793801533,0.0761227511834178,0.15404645169652126,0.19818688074828886,1956.6338440145225
TCTGCTGCTGAAACTTCTGAAGTTATGTGTATGGAAGATGAAGTTCAAGATATTCAACCAAATCATGAAAGACCATCTTCTGGTCCAGAAGCTGAACATGGTGCTGAGAATGGTGCTAAA,0.1213610738141497,0.11338251009742477,0.18337564497817008,0.12038217488623268,0.12813212766340557,0.1748060530919938,0.060297912511663956,0.09826250295695947,1282.2452086396868
TCTGCTGCTGAAACTTCTGAAGTTATGTGTATGGAAGATGAAGTTCAAGATTGGCAACCAAATCATGAAAGACCATCTTCTGGTCCAGAAGCTGAACATGGTGCTGAGAATGGTGCTAAA,0.5464956859426852,0.21340594310817765,0.11806156713298746,0.04287970927469693,0.023841361086489685,0.03603723138065495,0.013887608812292744,0.0053908932620153945,328.0771272793916
TCTGCTGCTGAAACTTCTGAAGTTATGTGTATGGAAGATGAAGTTCAAGATTGGCAACCAAATGAAGAAAGACCATCTTCTGGTCCAGAAGCTGAACATGGTGCTGAGAATGGTGCTAAA,0.26922540225300734,0.3365067561890105,0.16406532942897759,0.08168447304520876,0.004085674279603325,0.004813855947393151,0.061782255526391064,0.07783625333040829,877.4994859665895
TCTGCTGCTGAAACTTCTGAAGTTATGTGTATGGAAGATGAAGTTCAATCTATTCAACCAAATCATGAAAGACCATCTTCTGGTCCAGAAGCTGAACATGGTGCTGAGAATGGTGCTAAA,0.27817910961637243,0.25767104739284724,0.169500668970382,0.16544291309593068,0.06266561432953739,0.030531129908251922,0.009255666689788179,0.026753849996890202,522.0337270953647
TCTGCTGCTGAAACTTCTGAAGTTATGTGTATGGAAGATGAAGTTCAATCTTGGCAACCAAATCATGAAAGACCATCTTCTGGTCCAGAAGCTGAACATGGTGCTGAGAATGGTGCTAAA,0.24706955800020797,0.18413519666836406,0.14802674336959143,0.19315674246272282,0.05410309730933517,0.09226363708660654,0.05940775670035256,0.021837268402819434,682.6397808454749
TCTGCTGCTGGTACTTCTGGTGTTATGTGTATGGGTGGTGGTGTTCAAGATTGGCAACCAAATGAAGGTGGTCCATCTTCTGGTCCAGAAGCTGGTGGTGGTGCTGAGAATGGTGCTGGT,0.12365802464543087,0.11900589905665225,0.18063403820240057,0.1971102487240524,0.14304531443567653,0.11827368327590601,0.07978184775898459,0.03849094390089678,925.062534213081
TCTGCTGTTGATATGTCTAATGATGTTTCTGTTACTGGTATTCAAATTAAATCTAGACAAGCTCAACCATCTGGTTATACTAATGATTATATTGCTCAAGGTAATGGTCCAAGAAGATTG,0.13147720928767065,0.09524327355401868,0.08507367211792428,0.04790988389663505,0.042495185060856235,0.043384579202100884,0.25948469065808943,0.29493150622270475,2732.684920663802
TCTGCTTCTTCTAATCCAAGACAAGTTGTTTGGAAATCTAATCCATCTAGACATTGTCCTAAATGTCAACATGTTATTAATAATTCTAATGTTGTTAATAATTGGCCAGGTTTGCCAAGA,0.0615662281222421,0.07433188279683721,0.06128778028334935,0.20519397248866444,0.20627037975788542,0.29344607319312876,0.06851938122752348,0.02938430213036924,1070.724772826556
TCTGCTTCTTCTCAACCAAGACAAGTTGTTTGGAAATCTAATCCATCTAGACATTGTCCTAAATGTCAACATGTTATTCAAAATTCTCAAGTTGTTCAACAATGGCCAGGTTTGCCAAGA,0.23753889811573978,0.31345312953621557,0.25376530091699406,0.07965377455378464,0.06698615171274527,0.040442184789469,0.002498058986148461,0.005662501388903039,381.0540425412636
TCTGCTTCTTCTGAACCAAGACAAGTTGTTTGGAAATCTAATCCATCTAGACATTGTCCTAAATGTCAACATGTTATTGAAAATTCTGAAGTTGTTGAAGAATGGCCAGGTTTGCCAAGA,0.47344299581773236,0.24630791597153656,0.14320116395429716,0.07847191819208679,0.02026077174602338,0.02494308254665904,0.008442515581984288,0.004929636189680359,315.76459634515174
TCTGCTTCTTCTGATCCAAATCAAGTTGTTTGGAACTCTAATCCATCTAATCATTGTCCAAATTGTCAACATGTTATTGATAATTCTGATGTTGTTGATGATTGGCCAGGTTTGCCAAAT,0.18323984060416645,0.08193863548442372,0.22801386881712563,0.24881174579465168,0.040125716042872184,0.05598620912903398,0.11329696741367624,0.048587016714050205,951.8572868240392
TCTGCTTCTTCTGATCCAAGAAGAGTTGTTTGGAAATCTAGACCATCTAGACATTGTCCTAAATGTAGACATGTTATTGATAGATCTGATGTTGTTGATGATTGGCCAGGTTTGCCAAGA,0.38361564174264257,0.3134125310970609,0.1580390917007453,0.006134739531739469,0.13059362477965644,0.0014886713324877014,0.0036150748565485515,0.0031006249591189793,318.0128195310259
TCTGCTTCTTCTGATCCAAGACAAGCTGCTTGGAAATCTAATCCATCTAGACATTGTCCTAAATGTCAACATGCTATTGATAATTCTGATGCTGCTGATGATTGGCCAGGTTTGCCAAGA,0.022950184372194246,0.046181444680259816,0.0713949585351713,0.06374219064992673,0.09046103951984785,0.15777197194365286,0.2873489314235325,0.2601492788754148,2752.6910711259707
TCTGCTTCTTCTGATCCAAGACAAGTTGTCTTGAAATCTAATCCATCTAGACATTGTCCTAAATGTCAACATGTTATTGATAATTCTGATGTTGTTGATGATTTGCCAGGTTTGCCAAGA,0.2774466638521852,0.2492835472872968,0.1878746857007963,0.06594770343065712,0.07629704209035379,0.08398114804928594,0.0406920531677634,0.018477156421661516,590.316551138165
TCTGCTTCTTCTGATCCAAGACAAGTTGTCTTTAAATCTAATCCATCTAGACATTGTCCTAAATGTCAACATGTTATTGATAATTCTGATGTTGTTGATGACTTTCCAGGATTTCCAAGA,0.06398156445536797,0.05266911483308086,0.07961524085777351,0.07108134755615848,0.1776802954480483,0.25590915263217806,0.21578030388851502,0.08328298032887775,1658.1812713071547
TCTGCTTCTTCTGATCCAAGACAAGTTGTTATGAAATCTAATCCATCTAGACATTGTCCTAAATGTCAACATGTTATTGATAATTCTGATGTTGTTGATGATATGCCAGGTATGCCAAGA,0.08460128946041315,0.1276790320853043,0.12281887931893518,0.07832430209941858,0.1250499854139649,0.15509199752738484,0.22231270988928856,0.08412180420529061,1540.6765325086822
TCTGCTTCTTCTGATCCAAGACAAGTTGTTATTAAATCTAATCCATCTAGACATTGTCCTAAATGTCAACATGTTATTGATAATTCTGATGTTGTTGATGATATTCCAGGTATTCCAAGA,0.06049525051163322,0.0,0.0,0.13441634207347058,0.23844964199617588,0.22180109316558222,0.05610620815293522,0.2887314641002029,2542.222221880469
TCTGCTTCTTCTGATCCAAGACAAGTTGTTGTTAAATCTAATCCATCTAGACATTGTCCTAAATGTCAACATGTTATTGATAATTCTGATGTTGTTGATGATGTTCCAGGTGTTCCAAGA,0.07281178979122631,0.13109265609991827,0.16213186592700557,0.1617828566835516,0.21902389761243407,0.14752981829303438,0.07819165862148918,0.02743545697134076,921.7794440178549
TCTGCTTCTTCTGATCCAAGACAAGTTGTTTATAAATCTAATCCATCTAGACATTGTCCTAAATGTCAACATGTTATTGATAATTCTGATGTTGTTGATGATTATCCAGGTTATCCAAGA,0.18402285008942196,0.2324220067234923,0.1851393989718785,0.173994164709819,0.08488129160660925,0.0897214564412306,0.02178787044495521,0.028030961012593173,650.1866025440037
TCTGCTTCTTCTGATCCAAGACAAGTTGTTTGGAAATCTAATCCATCTAGACATTGTCCTAAATGTCAACATGTTATTGATAATTCTGATGTTGTTGATGATTGGCCAGGTTGGCCAAGA,0.10842911161335102,0.11818417991845331,0.10119254558607957,0.11544185355593205,0.08013506006928715,0.09524559633445193,0.2681663438397985,0.11320530908264645,1739.9265618778306
TCTGCTTCTTCTGATCCAAGACAAGTTGTTTGGAAATCTAATCCATCTAGACATTGTCCTAAATGTCAACATGTTATTGATAATTCTGATGTTGTTGATGATTGGCCAGGTTTGCCAAGA,0.14519274302289312,0.1179891838642027,0.11813044548573776,0.20473226892699029,0.13206818450697022,0.12796581951056493,0.11394201150295537,0.039979343179685704,1013.6651078034157
TCTGCTTCTTCTGATCCAAGACAAGTTGTTTGGAAATCTAATCCATCTAGACATTGTCCTAAATGTCAACATGTTATTGATAATTCTGATGTTGTTGATGCTTGGCCAGGTTTGCCAAGA,0.30771701557940606,0.3038070287846952,0.24782250379228668,0.06654044421689553,0.028658822400385465,0.04297410846045776,0.0021364915995232157,0.00034358516635017553,319.67512065978923
TCTGCTTCTTCTGATCCAAGACAAGTTGTTTGGAAATCTAATCCATCTAGACATTGTCCTAAATGTCAACATGTTATTGATAATTCTGATGTTGTTGCTGATTGGCCAGGTTTGCCAAGA,0.38351124347402954,0.17636589259797128,0.18548807579963297,0.16120358051327474,0.03402624620693087,0.05465338186593875,0.002274995478948132,0.0024765840632737118,359.64125366390107
TCTGCTTCTTCTGATCCAAGACAAGTTGTTTGGAAATCTAATCCATCTAGACATTGTCCTAAATGTCAACATGTTATTGATAATTCTGCTGTTGTTGATGATTGGCCAGGTTTGCCAAGA,0.16639177702212032,0.1536953205563774,0.2518719684248689,0.2582838695282499,0.09500766698683936,0.051116202034226996,0.023140299507955386,0.0004928959393616472,475.40116591548264
TCTGCTTCTTCTGATCCAAGACAAGTTGTTTGGAAATCTAATCCATCTAGACATTGTCCTAAATGTCAACATGTTATTGATAATTCTGCTGTTGTTGATGCTTGGCCAGGTTTGCCAAGA,0.41237575785519665,0.24766142211908665,0.14487406269079514,0.1392846940581964,0.024863262289709368,0.02546521831744048,0.003930475823525892,0.0015451068460493754,308.16892654656255
TCTGCTTCTTCTGATCCAAGACAAGTTGTTTGGAAATCTAATCCATCTAGACATTGTCCTAAATGTCAACATGTTATTGATAATTCTGCTGTTGTTGCTGATTGGCCAGGTTTGCCAAGA,0.19691145920405692,0.2971759021408666,0.1470156603918866,0.13125717061111578,0.15523025875600874,0.05414703204662041,0.018262516849445083,0.0,452.8908350260757
TCTGCTTCTTCTGATCCAAGACAAGTTGTTTGGAAATCTAATCCATCTAGACATTGTCCTAAATGTCAACATGTTATTGATAATTCTGCTGTTGTTGCTGCTTGGCCAGGTTTGCCAAGA,0.0005643054169392366,0.001703283008919376,0.06825301527315944,0.10494710678482407,0.19128814942756184,0.45010694046460376,0.12927091165772964,0.053866287966262534,1513.6509336643467
TCTGCTTCTTCTGATCCAAGACAAGTTGTTTGGAAATCTAATCCATCTAGACATTGTCCTAAATGTCAACATGTTATTGCTAATTCTGATGTTGTTGATGATTGGCCAGGTTTGCCAAGA,0.07332247521624671,0.10923852795607135,0.1333486809978902,0.2091297589802353,0.21953626168359694,0.18676007185317697,0.05688695264888016,0.011777270663902295,829.1626674554451
TCTGCTTCTTCTGATCCAAGACAAGTTGTTTGGAAATCTAATCCATCTAGACATTGTCCTAAATGTCAACATGTTATTGCTAATTCTGATGTTGTTGATGCTTGGCCAGGTTTGCCAAGA,0.13286603705906075,0.147508586803818,0.14822815055658595,0.20359953066971342,0.13995650267915763,0.1385837583566789,0.050990218025801004,0.03826721584918431,874.8258963845064
TCTGCTTCTTCTGATCCAAGACAAGTTGTTTGGAAATCTAATCCATCTAGACATTGTCCTAAATGTCAACATGTTATTGCTAATTCTGATGTTGTTGCTGATTGGCCAGGTTTGCCAAGA,0.1910088244846066,0.22946685127664418,0.16318409189965763,0.07918071794409674,0.05899474493442946,0.05748886327182022,0.08460932816502163,0.13606657802372357,1383.0064999855294
TCTGCTTCTTCTGATCCAAGACAAGTTGTTTGGAAATCTAATCCATCTAGACATTGTCCTAAATGTCAACATGTTATTGCTAATTCTGATGTTGTTGCTGCTTGGCCAGGTTTGCCAAGA,0.3901755164823448,0.19444798454983128,0.14066280976742057,0.08102275929615828,0.03952613278760845,0.04010882078614447,0.05749297695296733,0.056562999377524834,782.7166744182949
TCTGCTTCTTCTGATCCAAGACAAGTTGTTTGGAAATCTAATCCATCTAGACATTGTCCTAAATGTCAACATGTTATTGCTAATTCTGCTGTTGTTGATGATTGGCCAGGTTTGCCAAGA,0.4839286860902911,0.22890245066674686,0.16405134474334693,0.06334899213820425,0.009619973360946225,0.0174085245848718,0.008251631037819729,0.024488397377773037,418.07332393239335
TCTGCTTCTTCTGATCCAAGACAAGTTGTTTGGAAATCTAATCCATCTAGACATTGTCCTAAATGTCAACATGTTATTGCTAATTCTGCTGTTGTTGATGCTTGGCCAGGTTTGCCAAGA,0.22340494192639684,0.21915366189576793,0.14594641700523833,0.11168789019311938,0.08255425214995055,0.030716126422399584,0.09323842501103304,0.09329828539609421,1127.5401483826447
TCTGCTTCTTCTGATCCAAGACAAGTTGTTTGGAAATCTAATCCATCTAGACATTGTCCTAAATGTCAACATGTTATTGCTAATTCTGCTGTTGTTGCTGATTGGCCAGGTTTGCCAAGA,0.3578712840794297,0.3044405191971094,0.18769804737423346,0.054684948055798675,0.04895107428489204,0.03520135129850725,0.01013897794058524,0.0010137977694443404,331.6681141757284
TCTGCTTCTTCTGATCCAAGACAAGTTGTTTGGAAATCTAATCCATCTAGACATTGTCCTAAATGTCAACATGTTATTGCTAATTCTGCTGTTGTTGCTGCTTGGCCAGGTTTGCCAAGA,0.15807831794807436,0.17671814204857456,0.1967042141741775,0.0650443142536337,0.06346242030268552,0.11806295098815903,0.10316960838140811,0.11876003190328732,1394.144983798629
TCTGCTTCTTCTGATCCAAGAGAAGTTGTTTGGAAATCTGAACCATCTAGACATTGTCCTAAATGTGAACATGTTATTGATGAATCTGATGTTGTTGATGATTGGCCAGGTTTGCCAAGA,0.10680250997573149,0.1517033320158665,0.17980498661304992,0.12563361036279425,0.07428979976586722,0.10365433133709102,0.1456673386188347,0.11244409131076487,1463.1535632430232
TCTGCTTCTTCTGATCCAAGAGATGTTGTTTGGAAATCTGATCCATCTAGACATTGTCCTAAATGTGATCATGTTATTGATGATTCTGATGTTGTTGATGATTGGCCAGGTTTGCCAAGA,0.16321509102148696,0.2453887975116839,0.2642557732970175,0.1926593309251434,0.06579540190038728,0.04165106736104365,0.021501922467579364,0.005532615515657914,461.2827737217304
TCTGCTTCTTCTGATCCAAGAGCTGTTGTTTGGAAATCTGCTCCATCTAGACATTGTCCTAAATGTGCTCATGTTATTGATGCTTCTGATGTTGTTGATGATTGGCCAGGTTTGCCAAGA,0.12500372583656988,0.06707690658371798,0.07950228996333969,0.32095532142545113,0.15055269612081618,0.12731010013105742,0.05667907629184418,0.0729198836472035,1116.428183921087
TCTGCTTCTTCTGATCCAAGGAAAGTTGTTTGGAAATCTAAACCATCTAGACATTGTCCTAAATGTAAACATGTTATTGATAAATCTGATGTTGTTGATGATTGGCCAGGTTTGCCAAGA,0.10284272576208148,0.1768073691718747,0.23730728982799806,0.20965197387922963,0.09740627884149826,0.10982469644385859,0.04352350387160701,0.022636162201852463,718.8281642545408
TCTGCTTCTTCTGATCCACAACAAGTTGTTTGGCAATCTAATCCATCTCAACATTGTCCACAATGTCAACATGTTATTGATAATTCTGATGTTGTTGATGATTGGCCAGGTTTGCCACAA,0.1580497323411721,0.21617595539616277,0.1993875651144864,0.20309935761368797,0.11339829420180175,0.07610642003009221,0.021615916213255624,0.012166759089341162,563.5820117083522
TCTGCTTCTTCTGATCCAGAACAAGTTGTTTGGGAATCTAATCCATCTGAACATTGTCCAGAATGTCAACATGTTATTGATAATTCTGATGTTGTTGATGATTGGCCAGGTTTGCCAGAA,0.09664528991548174,0.08885459862996173,0.10367261715162641,0.19067366825718898,0.21838346099460315,0.1909172297802337,0.07108863421120937,0.03976450105969488,1028.5011105123579
TCTGCTTCTTCTGATCCAGATCAAGTTGTTTGGGATTCTAATCCATCTGATCATTGTCCAGATTGTCAACATGTTATTGATAATTCTGATGTTGTTGATGATTGGCCAGGTTTGCCAGAT,0.04668016231911917,0.07401655535159699,0.09668120433121728,0.19116368850369006,0.3504058982152171,0.1952929010423605,0.0320906226975406,0.013668967539258276,857.0577822137134
TCTGCTTCTTCTGATCCAGCTCAAGTTGTTTGGGCTTCTAATCCATCTGCTCATTGTCCAGCTTGTCAACATGTTATTGATAATTCTGATGTTGTTGATGATTGGCCAGGTTTGCCAGCT,0.016888351463426415,0.016991769133540162,0.010507481185376193,0.015635321286698846,0.021264637973168066,0.016339951600601747,0.31239123575321376,0.5899812516039746,4616.540537621341
TCTGCTTCTTCTGCTCCAAGACAAGTTGTTTGGAAATCTAATCCATCTAGACATTGTCCTAAATGTCAACATGTTATTGATAATTCTGATGTTGTTGATGATTGGCCAGGTTTGCCAAGA,0.333193636011941,0.28194906550193005,0.17581108486918504,0.10692965017349758,0.053077762859304774,0.035237289021593836,0.008603759635050312,0.00519775192749744,369.9037496886265
TCTGCTTCTTCTGCTCCAAGACAAGTTGTTTGGAAATCTAATCCATCTAGACATTGTCCTAAATGTCAACATGTTATTGATAATTCTGATGTTGTTGCTGATTGGCCAGGTTTGCCAAGA,0.08580063884836858,0.12825584342456808,0.21963236181656182,0.28868827126254293,0.17392835020992642,0.07639831949230838,0.006820769463719896,0.020475445482003835,642.0758238740465
TCTGCTTCTTCTGCTCCAAGACAAGTTGTTTGGAAATCTAATCCATCTAGACATTGTCCTAAATGTCAACATGTTATTGATAATTCTGATGTTGTTGCTGCTTGGCCAGGTTTGCCAAGA,0.4097437378265051,0.2680295724244959,0.19723969877346434,0.042083100237601236,0.0647666762867122,0.014208648196603668,0.0036595301974162837,0.0002690360572013584,289.79337352204146
TCTGCTTCTTCTGCTCCAAGACAAGTTGTTTGGAAATCTAATCCATCTAGACATTGTCCTAAATGTCAACATGTTATTGATAATTCTGCTGTTGTTGATGATTGGCCAGGTTTGCCAAGA,0.03322963989618202,0.0417914065450208,0.06546954882363692,0.09536892343483794,0.17736713438350774,0.21320927157488787,0.26452775898482317,0.1090363163571035,1889.7438585361806
TCTGCTTCTTCTGCTCCAAGACAAGTTGTTTGGAAATCTAATCCATCTAGACATTGTCCTAAATGTCAACATGTTATTGATAATTCTGCTGTTGTTGATGCTTGGCCAGGTTTGCCAAGA,0.365788299996131,0.2443469211188866,0.20165616566986858,0.11188725692821871,0.04160141812082876,0.016800808641282177,0.01015929470873381,0.007759834816050384,362.9662132968097
TCTGCTTCTTCTGCTCCAAGACAAGTTGTTTGGAAATCTAATCCATCTAGACATTGTCCTAAATGTCAACATGTTATTGATAATTCTGCTGTTGTTGCTGATTGGCCAGGTTTGCCAAGA,0.27024837840946614,0.12718056362518998,0.1301739271706054,0.16464597630704692,0.15462841772862476,0.09189283594522558,0.040426025567185345,0.020803875246655786,674.5776068765618
TCTGCTTCTTCTGCTCCAAGACAAGTTGTTTGGAAATCTAATCCATCTAGACATTGTCCTAAATGTCAACATGTTATTGATAATTCTGCTGTTGTTGCTGCTTGGCCAGGTTTGCCAAGA,0.06966984643681669,0.10514471605952164,0.13004015262382085,0.1658589339952129,0.20105555566397829,0.12771951491789105,0.08769201665661855,0.11281926364614009,1432.9625466397727
TCTGCTTCTTCTGCTCCAAGACAAGTTGTTTGGAAATCTAATCCATCTAGACATTGTCCTAAATGTCAACATGTTATTGCTAATTCTGATGTTGTTGATGCTTGGCCAGGTTTGCCAAGA,0.05893851389798947,0.10377400310180726,0.1283448917595115,0.1800663960445905,0.188754774609099,0.1350584002625035,0.08199362349155069,0.12306939683294797,1488.2266810380354
TCTGCTTCTTCTGCTCCAAGACAAGTTGTTTGGAAATCTAATCCATCTAGACATTGTCCTAAATGTCAACATGTTATTGCTAATTCTGATGTTGTTGCTGATTGGCCAGGTTTGCCAAGA,0.21305260615415894,0.24863973261715652,0.24633645945920105,0.14155472836648392,0.09350158198479226,0.04740583113131812,0.006729401693990961,0.002779658592898218,412.2732791599758
TCTGCTTCTTCTGCTCCAAGACAAGTTGTTTGGAAATCTAATCCATCTAGACATTGTCCTAAATGTCAACATGTTATTGCTAATTCTGATGTTGTTGCTGCTTGGCCAGGTTTGCCAAGA,0.6281114766124699,0.2636202272865854,0.06265003313400153,0.03068445176006256,0.00036515935401213416,0.007449962326041834,0.005246877063342555,0.001871812463484195,225.68415006979347
TCTGCTTCTTCTGCTCCAAGACAAGTTGTTTGGAAATCTAATCCATCTAGACATTGTCCTAAATGTCAACATGTTATTGCTAATTCTGCTGTTGTTGATGATTGGCCAGGTTTGCCAAGA,0.36954262840802893,0.2853837330213956,0.1613141265925812,0.11183169543689198,0.05272543343371821,0.014625924492410278,0.0028714357575095953,0.001705022857464127,308.14514241238345
TCTGCTTCTTCTGCTCCAAGACAAGTTGTTTGGAAATCTAATCCATCTAGACATTGTCCTAAATGTCAACATGTTATTGCTAATTCTGCTGTTGTTGATGCTTGGCCAGGTTTGCCAAGA,0.13924378392112757,0.1769639475594273,0.19150621315530753,0.10584402956694992,0.10832504513309149,0.13434905710959885,0.047578406752036555,0.09618951680246075,1178.8936083946062
TCTGCTTCTTCTGCTCCAAGACAAGTTGTTTGGAAATCTAATCCATCTAGACATTGTCCTAAATGTCAACATGTTATTGCTAATTCTGCTGTTGTTGCTGATTGGCCAGGTTTGCCAAGA,0.17888914892351535,0.20248267075000517,0.09738754397200246,0.13663359579227646,0.0881392612582249,0.11272989743057635,0.10369400635709933,0.08004387551629988,1172.1089404993952
TCTGCTTCTTCTGCTCCAAGACAAGTTGTTTGGAAATCTAATCCATCTAGACATTGTCCTAAATGTCAACATGTTATTGCTAATTCTGCTGTTGTTGCTGCTTGGCCAGGTTTGCCAAGA,0.1350172553959521,0.11790238158590627,0.11094885086165127,0.206603209320313,0.18074292498197916,0.14243792959385312,0.06379208678811045,0.042555361472234696,954.5841710463962
TCTGCTTGTGGTGGTCCATTGGCTCAACATGTTGAAACTCAATGTGCTGATTTGGATGGTCCATTGGAAATTGAGAATCCACAACATAGAGAACAAACTATTTCTGCTCCAGAAATGATG,0.23435033515609505,0.25554866358520045,0.21310244606119988,0.17322901011674724,0.06360146648946378,0.046203961402849034,0.009917207178453133,0.004046910009991391,412.79525302450423
TCTGCTTTGGAATGTCATCCAGAAAGAGGTTGTGTTCCAGAACCAGGTGCTGCTGTTGCTGCTTCTAAAGGTTTGCCACAACAATTGCCAGCTCCACCAGATGAAGATGATTCTGCTGCT,0.20406828769141808,0.33213193297780946,0.04481147218215028,0.10668844455289735,0.08280185053876978,0.09902652059659232,0.044532413137131216,0.08593907832323147,1035.941499994093
TCTGGTAATTTGTTGGGTAGAAATTCATTTGAAGTTAGAGTTTGTGCTTGTCCAGGTAGAGATAGAAGAACTGAAGAAGAGAATTTGAGGAAGAAAGGTGAACCACATCATGAATTGCCA,0.5157267199704993,0.27074801305814644,0.18791338123467521,0.01056156693952976,0.00010767718909604086,0.00721146024645113,0.007600798307982768,0.00013038305361931675,237.2140497919912
TCTGGTACTTGTGGTAAAGTTATTTGGAAATCTAATCCATCTAGAGCTTGTCCATCTTGTCATCATGTTATTGATAATTCTGATGTTGCTCAAGAATGGCCAGGTTTGCCATTGGGTGTT,0.2939260302630174,0.27291844267450266,0.12468608532158794,0.17920869691223057,0.08212125889168843,0.03342582865670457,0.010054960558431521,0.003658696721836836,394.06348619817715
TCTGGTGAATATATTGATCCAAGAACTAATGGTATGTTCTTGCCAAATGGTCAATTGTATAATAGAGATTCTTCATTTCAATCTCATTTAAATTCATTTGAAGCTACTTCTGGTATGGCT,0.014670876082379795,0.02952142959819682,0.028524460103171667,0.10696117439979942,0.245765192475718,0.33618510598436224,0.21430201081510866,0.024069750541263337,1427.9948603994528
TCTGGTGCTAATCAATATACTACTTTGACTTCTCCATATCCAATGAATGATATCTTGTATAATATGAATAATCCATTGCAATCTCCATCTCCATCTTCTGTTCCACAGAATCCAACTATT,0.39395637154612984,0.2862663602794285,0.054468695918005974,0.12157560109612062,0.010783532013166373,0.04012250416789825,0.040597123094980765,0.052229811884269776,702.4606850479692
TCTGGTGCTGAAACTTCTGAAGTTATGTGTATGGAAGATGAAGTTCAAGATATTCAACCAAATCATGAAAGACCATCTTCTGGTCCAGAAGGTGAACATGGTGGTGAGAATGGTGCTAAA,0.09489989204439019,0.17374415465683576,0.21875383985100455,0.20394764184223568,0.10271315985107499,0.07129979795433837,0.06781462748091704,0.06682688631920354,1003.499348108499
TCTGGTGCTGAAACTTCTGAAGTTATGTGTATGGAAGATGAAGTTCAAGATTGGCAACCAAATCATGAAAGACCATCTTCTGGTCCAGAAGGTGAACATGGTGGTGAGAATGGTGCTAAA,0.1565126530617911,0.0958519589616533,0.11854712095669638,0.1209601724597023,0.09387826547781541,0.12474812431286635,0.1514685605087253,0.1380331442607498,1656.3198044333728
TCTGGTGCTGAAACTTCTGAAGTTATGTGTATGGAAGATGAAGTTCAAGATTGGCAACCAAATGAAGAAAGACCATCTTCTGGTCCAGAAGGTGAACATGGTGGTGAGAATGGTGCTAAA,0.09004535356355146,0.10353914988519497,0.0960408237204431,0.17149257094248976,0.16478664960574474,0.08253605731840236,0.10737308128116776,0.18418631368300598,1841.9428695997735
TCTGGTGCTGAAACTTCTGAAGTTATGTGTATGGAAGATGAAGTTCAATCTATTCAACCAAATCATGAAAGACCATCTTCTGGTCCAGAAGGTGAACATGGTGGTGAGAATGGTGCTAAA,0.059077145111988145,0.0,0.08821493211023153,0.10501232647439021,0.1630020007865007,0.20577163485255567,0.25203854905016165,0.12688341161417221,1955.5891887204896
TCTGGTGCTGAAACTTCTGAAGTTATGTGTATGGAAGATGAAGTTCAATCTTGGCAACCAAATCATGAAAGACCATCTTCTGGTCCAGAAGGTGAACATGGTGGTGAGAATGGTGCTAAA,0.055960555514455536,0.07037904513249096,0.12766293067171233,0.11397884434369246,0.1286690831213013,0.23082186316398057,0.19462692625622893,0.07790075179613781,1536.5345885538438
TCTGGTGCTGCTCCACCAGCTTGTTTGCCAATTGCTTCTTCTTCTGGTTCTACTGGTCATCATGATATTGAAGCTTTGACTGTTGATAATCCAGAAACTGCTATTGTTTCTCATGATCAT,0.01859125747045862,0.05300339303848768,0.1124112987174645,0.20299504836934062,0.26331876625340767,0.2474198721917644,0.08328160557908566,0.01897875837999081,1028.8608329434833
TCTGGTGCTGGTACTTCTGGTGTTATGTGTATGGGTGGTGGTGTTCAAGATTGGCAACCAAATGAAGGTGGTCCATCTTCTGGTCCAGGTGGTGGTGGTGGTGGTGAGAATGGTGCTGGT,0.09756514206080441,0.07233033160711404,0.05750756088926654,0.14832529668738162,0.09614132100846134,0.10825583839036222,0.2666973782567452,0.15317713109986456,2009.3561757964585
TCTGGTGCTTCTGATCCAGAGAAAGTTAAATGGAAATCTAATCCAACTAGAGCTTGTCCAAATTGTCAACATGTTATTGATAATTCTGATGTTGCTAAACAATGGCCAGGTTTGCCAACT,0.028043896274345222,0.06701211209454622,0.047982448792591184,0.22977415318296904,0.27634636480716734,0.2602650159572974,0.07802777913045418,0.012548229760629371,998.3027469107573
TCTGGTGCTTTGATTGCTAAAGTTGATCCAGTTACTCCTAAATCTGCTACTCCAGAACATCCATTGACTGAAAGAAGAAATTCTGACTTTAATCCAGGTCAAGAATCTCCAATTGCTTGT,0.07558350463947029,0.09777387665500226,0.08061606466045348,0.17993723466139402,0.1915212176954168,0.1484576753594237,0.11015679954096981,0.1159536267878696,1521.5615662112398
TCTGGTTCTATGGATTTGTCTAAACAGAAATGGGTTTCTAATCCAACTAAAGAATGTCCAAGATGTTCTCATATTATTGATAATTCTGATGTTGTTCATCAATGGCCAGGTTTGCCTAAA,0.2323560009423308,0.25729832605872177,0.22530767598350493,0.15619646467995704,0.07337180406936603,0.04094719495859372,0.010467841991088632,0.004054691316437091,410.620225625299
TCTGGTTCTGACTTCTGGACTCCAGATGAACAATTTATCTTAAATTCTCAACAATTGGTTGAAGCTTTGTCTTTGTGTGATGATTTGTTGGGTTCTCAAGATAGAGAAGAGAATACTAAT,0.0007550446220203331,0.001356550393696167,0.0181867556549307,0.07597393727245888,0.31280972362361037,0.48539383311668505,0.07437811891903966,0.031146036397558807,1338.747938303013
TCTGGTTCTGACTTCTGGACTCCAGATGAAGAAGGTCAGAATGAGAATGATAGAGATAAAGAACAAGAAGAGAAAGATGATTTGATGGAGAAAGCTGGTAATGAATTGGGTCATGAATTG,0.46153984945093546,0.2359620359315818,0.1892783446976193,0.05337921795704091,0.02211232205277631,0.017708657076457177,0.005787224410636157,0.014232348422952916,358.53040966610683
TCTGGTTCTTTGAAAGATAAACAACCATGTATTGCTGATTATGCTCATTTGGGTCCAGAAGACTTTAAGAGAGATTTGGAAGAATGTCAGAAGATTGTCTTGGATCCATCTAATATTGAA,0.05718663977831494,0.08055155980360379,0.12808799924471875,0.152477800213347,0.16905625235176,0.22015384787274098,0.137897872450588,0.05458802828492662,1279.4087558567237
TCTGTCTTGCATGCTATGATTGAGAATAATAGAAGACAATCTTTGAAGACTATGTCTGTTTCTCAAGAAACTGGTGTTTCTACTGATATGAATACTGATATTTCTTCTGACTTTGAATTT,0.08480833236092616,0.10239319856871563,0.0422123833022014,0.15075068825265475,0.06685654268302191,0.18656586097038658,0.20450386041196897,0.16190913345012448,1989.1209649004388
TCTGTTACTCCAGAACCACCATGTGGTGAAAGATTGTCTTCTTCTATGGATGCTAGACAACAAATTGCTGCTTCTGGTATTAATCCAATTACTCAATTTCATGATGTTGATTATATTGAA,0.20002624492866086,0.23479298214177066,0.14519281794167227,0.09259265512102881,0.03285119223526662,0.12223009082465602,0.09275698537573066,0.07955703143121402,1116.0153676508537
TCTGTTACTTGTACTTATTCTCCAGCTTTGAATAAGATGTTCTGTCAATTGGCTAAGACTTGTCCAGTTCAATTGTGGGTTGATTCTACTCCACCACCAGGTACTAGAGTTAGAGCTATG,0.1415024846215672,0.09491266039076031,0.10564687960681103,0.08384237866070055,0.08366247725454164,0.07782116490783239,0.17060708280315337,0.2420048717546335,2270.3273289641184
TCTGTTATTCCATTGATTAAAGATCAGAATGAATTGGATACTCCACCAGAATTTAGATTGTCTCAATTGGAATTTGGTTCTCAAGATTCATTCTTGGCTTGGGGTACTGGTAAGACTGAT,0.06723839157151183,0.15221279976188298,0.16733572507716557,0.05602467899654559,0.18220714941804406,0.12326214559925595,0.17149033509332254,0.08022877448227146,1392.3788661603594
TCTGTTCAGAAAGATTTGATTCCAAATATTGAATTGGATACTCCACCAGAATTTAGATTGTCTCAATTGGAATTTGGTTCTCAAGATTCATTCTTGGCTTGGGGTACTGGTAAGACTGAT,0.0006961550338147614,0.0004669453436134789,0.00043312906743767223,0.0006445038547793318,0.01149042740056507,0.05370670482014941,0.4280106198118272,0.5045515146678132,4399.676988097621
TCTGTTGATAATGATGATTGTTTGTTGTTTGATGACTTTGATTATCATAATGAAGTTAGACATCCAGATGGATTTGTTAATAAAGAAGCTCCAGTCTTCTTGGGTGATGGTAACTTCTCT,0.012375891053902643,0.025792757798134558,0.038866408472566207,0.060398249959838626,0.04384494588423371,0.035651969789624656,0.2825773610878787,0.500492415953821,4046.680672584484
TCTGTTGATCCAGTTGATCCAGTTACTCCAGTTGCTATGGTTCCAGGTCCATTTAGACCATCTAAACAACAACCAGATATTGATTCTTTGCAAGAACCTAAATCTGTTTGTGAAGAATCT,0.5442705464384311,0.2788836354516881,0.10021608736139101,0.04669496176024659,0.0073883218308037025,0.0076940569742964,0.010458732900654175,0.004393657282488993,272.5516593058027
TCTGTTTCTCACTTCTTTCATAGAGCTGTTAAAGCTTATAATACTGGTACTAGGAAGAGAAGGAAGATTCATGGTGATAACTTTGGTGATGTTAGATGGCATAAGACTGGTAGAACTAAA,0.08536688643420773,0.10306756789711473,0.10622599310585362,0.22761531548294364,0.26918745966215174,0.15649549816814376,0.031669344347782145,0.02037193490180252,815.9302390266976
TCTTATGAACCATCTCCATCTTTGGTTTCTGATTCTCATACTGTTATTGCTATTAATGGTGAACCAGAACCAGAATTGCAAGTTGAACAACCAGGTAAAGAGAATTTGTTGGGTATGTCT,0.14895659543790407,0.13834038227683804,0.08554782921822647,0.09759414505723173,0.060218580932860505,0.07701941626317806,0.17357247237011364,0.21875057844364745,2122.2700152038965
TCTTCATTTATTACTACTATGGATATTCATCAAGATTATCCATGGTTGTTGCCACATGTTAATAATCCATTGTTTAATAATAATGAATGGTATTACTTTGTTCCATTGACTGAAAGAGGT,0.046739448893778755,0.2351283151442829,0.2908003667082565,0.10385188420078581,0.13817206427234632,0.042841631247578046,0.08669683078950294,0.055769458743468774,953.8668932127589
TCTTCTATTACTAATCAAGAAGTCTTGCATAATAATGAACATACTGCTGATAGAGAAGCTTTGCCATATCAACAATTTAAACCAGGTGAGAAGAATGCTCAAGAATTGACTACTGCTGAT,0.12488413291297729,0.05025954983220439,0.15539914357856421,0.16649044201529337,0.24612326201026208,0.11446947059838872,0.02316471159952278,0.11920928745278718,1326.9809787529152
TCTTCTCAACCACCACCACCACCACCACATCATCCACCATCTTCTCCAGTTCCAGTTACTTCTACTCCAGTTATTCCACCAATTAGAAGACATTTGGCATTTGCTTCTACTAAACCACCA,0.13994557805201366,0.17753365016223197,0.18928347968930528,0.16899433652998733,0.08993691932844969,0.09481186231524508,0.09593341505229386,0.04356075887047307,931.4742113572012
TCTTCTCCACCACCAGCTTCTATTGCTACTCCAGATCCACCATTGGCTGCTGCTCAACATGTTCCAGCTGCTGATGGTCAATGGTTGGCTTTGTTTCCACATCCATCTTCTATTGACTTT,0.07226137215148276,0.09777417346866876,0.15503136420747174,0.1744012337950305,0.18415557605705143,0.18956960709043785,0.0762626311931537,0.05054404203670336,1089.7327032934706
TCTTCTCCACCACCAGCTTCTATTGCTACTCCAGCTCCACCATTGGCTGCTGCTCAACATGTTCCAGCTGCTGATGGTCAATGGTTGGCTTTGTTTCCACATCCATCTTCTATTGACTTT,0.12103963109962787,0.08829110214090975,0.07530762544932135,0.08740610054903111,0.1043640798310157,0.17751292716173578,0.21609661516575193,0.12998191860260658,1815.2723896007235
TCTTCTCCACCACCAGCTTCTATTGCTACTCCATCTCCACCATTGGCTGCTGCTCAACATGTTCCAGCTGCTGATGGTCAATGGTTGGCTTTGTTTCCACATCCATCTTCTATTGACTTT,0.032032609642621945,0.026653324506199363,0.028254954694385038,0.05886143420211308,0.34588468183420107,0.13924919654943846,0.16183030652046915,0.20723349205057184,2243.9659423025696
TCTTCTCCACCACCAGCTTCTATTGCTGATCCATCTCCACCATTGGCTGCTGCTCAACATGTTCCAGCTGCTGATGGTCAATGGTTGGCTTTGTTTCCACATCCATCTTCTATTGACTTT,0.0015939514245504412,0.024963444010864862,0.06832223376984149,0.20080498131955868,0.3862909610095555,0.27770491777442546,0.03808268363784869,0.002236827053354707,917.2336376489349
TCTTCTCCACCACCAGCTTCTATTGCTGCTCCATCTCCACCATTGGCTGCTGCTCAACATGTTCCAGCTGCTGATGGTCAATGGTTGGCTTTGTTTCCACATCCATCTTCTATTGACTTT,0.01361690559410158,0.017907111666403,0.013048943022148103,0.06162950727706933,0.08764785994094952,0.0865905022385691,0.30253546830415984,0.41702370195659955,3661.6340973869023
TCTTCTCCATATTTGTTTGATGATCCATCTGAAGGTTATGAAACTTCTCCATTGTTTGGTGCTGAAGATACTAATGGTGATAATTGGTATTCTTTGTTTCCAGAAGTTAATCAAGATTCT,0.16452636641473287,0.05517795388049061,0.06824260707525459,0.12185547438888163,0.13510445323782264,0.22620863383935075,0.2288845111634669,0.0,1125.2008068430973
TCTTCTCCATATTTGTTTGATGCTCCATCTGAAGGTTATGAAACTTCTCCATTGTTTGGTGCTGAAGATACTAATGGTGATAATTGGTATTCTTTGTTTCCAGAAGTTAATCAAGATTCT,0.4304921954801246,0.25025194225470804,0.1071362981580433,0.07439634609100768,0.018853768413631043,0.02630609806808489,0.03548970579203077,0.05707364574236973,698.8756461577666
TCTTCTCCATATTTGTTTGATTCTCCATCTGAAGGTTATGAAACTGATCCATTGTTTGGTGCTGAAGATACTAATGGTGATAATTGGTATTCTTTGTTTCCAGAAGTTAATCAAGATTCT,0.060384467976296666,0.11391419790071894,0.12210121000873386,0.1509414646460352,0.0743790558416887,0.07610450295426537,0.1680103892865532,0.2341647113857082,2234.7267138363973
TCTTCTCCATATTTGTTTGATTCTCCATCTGAAGGTTATGAAACTGCTCCATTGTTTGGTGCTGAAGATACTAATGGTGATAATTGGTATTCTTTGTTTCCAGAAGTTAATCAAGATTCT,0.0005617145356630332,0.001073793086688088,0.0008387610730835656,0.000499236634511026,0.000276758565342129,0.002574352883146996,0.32836178559265755,0.6658135976289076,5088.272230855863
TCTTCTCCATATTTGTTTGATTCTCCATCTGAAGGTTATGAAACTTCTCCATTGTTTGGTGCTGAAGATACTAATGGTGATAATTGGTATTCTTTGTTTCCAGAAGTTAATCAAGATTCT,0.11027524372928338,0.0806912918281182,0.04989840810831467,0.14478697377355845,0.0987872156976271,0.32161463054342687,0.15806070025765975,0.0358855360620116,1274.8314264208748
TCTTCTCCATGTCAAACTCCAAGGAAAGGTGGTAGAGTTAATATTAAATCTAAAGCTAAAGGTAATAAATCTACTCCACAAACTCCAATTTCTACTAATGCTGGTTCTCCAATTACTTTG,0.15468070333093598,0.2105554043476419,0.16983212121892996,0.09097677206901561,0.035864320918768254,0.06672054962071723,0.07594852875845022,0.19542159973554094,1730.632465325867
TCTTCTTACTTTAATTCTTTGAATATTGATTCTATGTTGGATGATTATGTTGATGATGATTTGTTGTTGAATGATGATGATGATGATACTAATTTGTCTAGAAGAAGATTTGATGATGTT,0.007918339332162709,0.008171105795310276,0.004800256685841066,0.00676692797765189,0.0040014270308567045,0.009119016331831495,0.2414055032341088,0.7178174236122371,5212.3818127305685
TCTTCTTACTTTAATTCTTTGAATATTGATTCTATGTTGGATGATTATGTTGCTGCTGATTTGTTGTTGAATGATGATGATGATGATACTAATTTGTCTAGAAGAAGATTTGCTGATGTT,0.00011746706236426648,0.0016860155592111315,0.0009741241927622944,0.002196630240981677,0.012858274520639678,0.0839321359025426,0.5077481619132659,0.3904871906082324,3924.6719041676397
TCTTCTTACTTTAATTCTTTGAATATTGATTCTATGTTGGATGATTATGTTTCTTCTGATTTGTTGTTGAATGATGATGATGATGATACTAATTTGTCTAGAAGAAGATTCTCTGATGTT,0.3388213906217959,0.12499527352448062,0.26702045096016724,0.10037841882010312,0.05564613103998792,0.05176091937811547,0.020949284787503377,0.040428130867846204,641.0438142288965
TCTTCTTCTCAATATAATGGATTTCAATCTCATTCTTTGTATGGTTCTGATAGAGCTAGAGATTTGCCATCTCAACAAACTAATCCAGATAGATTTACTCAAACTCAAGAACCATTGATT,0.22231564219989977,0.12200564530203777,0.05029776524722785,0.08981277690846028,0.09957784973421933,0.148200522282065,0.2436746366466506,0.02411516167943942,1185.7242180121928
TCTTCTTCTCACTTCTTTCATAGACCATCTAATGCTTATACTAAAGGTACTAGGAAGAGAAGGAAAGTTCAAACTGATGATGATGATGAAACTAGATGGCATAAGACTGGTAAGACTAGA,0.03446410280578526,0.05779191252411376,0.08577057685870494,0.07657689806750786,0.3169707282461241,0.20006989066667857,0.15981834189228677,0.06853754893879879,1452.9121017617904
TCTTCTTCTGGTTCTACTTCTACTAATGTTTCTAGACAGAATCAAAGAGAAGTCTTTGAATTTGAATATTTGGATGATAAAGTCTTGGAAGAATTGTTGGATTCTGAAGAAAGGAAGAGA,0.18041922645866385,0.18152404335476446,0.11225202362705411,0.10021981996601204,0.044446567699994964,0.12402992792258052,0.04183236943755927,0.2152760215333709,1835.5305268935713
TCTTCTTCTTCTCACTTTGAAGATGTCTTGGATTCATTTCATCAAGAAATTGATAATAGAAACTTTCAATTCTCTAATCCAAATAGAATTTCTTCTTTGAGACCAGATTTGACTGAACAA,0.037268762913213745,0.0749939645305666,0.018550103055867545,0.0662469300254807,0.22034927781447725,0.3416074933638849,0.21430204027498306,0.026681428021526114,1423.3805471508438
TCTTCTTTGAGACCAGATTTGACTGAACAGAAGACTGGATTTCATGGTTTGGCTGATACTTCTAACTTTGATTGGGCTTCATTTGCTGGTAATGTTGAACATAATAATTCTGTTCCAGAA,0.10516907828759177,0.17635515443094357,0.13086678279799657,0.09736606512562858,0.12090667034641255,0.19279709013618232,0.11379534490796901,0.0627438139672757,1198.1143381179336
TCTTGGATGGGTTTGATGGTCTTTGCTATGGGTTGGAGATCATTTACTAATGTTAATTCTAGAATGTTGTACTTTGCTCCAGATTTGGTCTTTAATGAATATAGAATGCATAAATCTAGA,0.15324093064506222,0.16778337576405705,0.07851728204835567,0.11516605681920468,0.10659148419024642,0.09914926907677091,0.15048319509083213,0.1290684063654709,1572.2471574250242
TCTTGTATGGGTGGTATGAATAGAAGACCAATCTTGACTATTATTACTTTGGAAGATTCTTCTGGTAATTTGTTGGGTAGAAATTCATTTGAAGTTAGAGTTTGTGCTTGTCCAGGTAGA,0.16950917695130366,0.07871408536808015,0.11357670394615238,0.11588858156875473,0.1798843173770025,0.11951771302903075,0.14511782078903027,0.07779160097064565,1310.250641682723
TCTTGTATTAGAGTTGCTAATAGACCAGAACCAACTGCTTTGAAACCAACTGTTCCAGATGCTACTCCAACTGTTGCTGCATTTATTGATGAATCTGTTGAACAAGAAGCTAAAGATGGT,0.11174631290044916,0.08432295276602762,0.2085767132830157,0.15518295334386845,0.08258665374600593,0.12803409228886795,0.12954863891980198,0.10000168275196329,1390.5182745740547
TCTTGTGTTAGAAGAATTGGTTTGAGGAAGACTTTGGTCTTCTATAAAGGTAGAGCTCCACATGGTCAGAAATCTGATTGGATTATGCATGAATATAGATTGGATGATACTCCAATGTCT,0.14205777940846617,0.12863491720334394,0.12373837829255552,0.17360351102474972,0.16273215929815094,0.15462547665954346,0.06587561233176865,0.048732165781421574,993.7640810260423
TCTTTGAAGAGGAAACATTCTAATATTCAAGATATTGATTGTCATTCTGAAGATGTTGAAGAAGAATCTGGTGATGGTAGGAAAGAAGCTGGTCCATCTAGAACTGGTTTGGGTTCTAAA,0.0192728745407718,0.058172682297441415,0.011991067752458359,0.04282301957759965,0.0664706525911559,0.07066248350792881,0.25918158156877347,0.4714256381638706,3857.8696224190285
TCTTTGAGATTTGAACCACCAACTGATTTGGAAATTAATTCTCCAGATTTGGTTATTAAACAATGTGAAGAATTGGATAGGAAATTTGATGAACCAGGTTTGCATGCTTATGATGCTATT,0.07726725040986462,0.23322121464450232,0.16825766777175954,0.06438097045427343,0.13324438313036108,0.1239412631911677,0.10749205263809547,0.09219519775997582,1290.5015400924765
TCTTTGCAATTGCAAGTTCAAATTATGTCTATGGCTTCTGGTTATTATTTGCCACCAGCTGTTATGTTTCCACCAGGTATGGGTCATTATCCAGCTGCTGCTGCTGCTATGGCTATGGGT,0.24297740037798404,0.2516380814394104,0.18274474207463828,0.11321252102250384,0.1359560981789651,0.054429338369951855,0.009334440058016464,0.009707378478529937,475.9313063787853
TCTTTGCCAATTATTGATGATTCTTTGTCTTATGATTTGGTTAATAAACAAGATGAAGATCCTAAGAATGATATGTTGCCAAATTCTAATTTGTCTTCTTCTCAACAATTTATTAAACCA,0.14815543458686362,0.22359402092895686,0.18435670820849442,0.08229783085054751,0.0,0.13580007137696326,0.13740648367627914,0.08838945037189518,1278.6750381889021
TCTTTGGAAACTATGTTGGAAGGTCAAGAAGATCATGAACAACCAGAAGATGCTGATTTGACTGGATTTGCTGATTCTTTGGAAACTATGTTGGAAGGTCATGAAGATAGAGAACAACCA,0.06116333562336385,0.06923011050990402,0.10464903274574126,0.26330776485877977,0.17327839441151938,0.16118010067328295,0.08508873368048256,0.08210252749692606,1283.943319836956
TCTTTGGAAACTCCTAAATCTGAATCTCCAGTTGATCAATCATTCTTGACTCCATCTAAATTGGACTTCTCTCCAGTTCAAGAGAAGATTACTGAAAGACCAGTTTGTTCTAATTGGGCT,0.1097846379499506,0.12426403073186211,0.11953387134031741,0.13721288439855964,0.17579654814210838,0.25157297994621225,0.057273502124632315,0.024561545366357185,935.4729944081828
TCTTTGGATAGATTGGTTGCTTGGCAATTGAATAATGGTCATCATAATCCATGTCATAGGAAATCATTTGATGAAGAAGAAGAGAATGGTGATACTATGATGCAAAGATGGGATTTGCAT,0.14318216550491467,0.10477015067590337,0.13767545651214855,0.15184004990087677,0.1154394249380213,0.11334497161536913,0.13279403446824214,0.100953746384524,1394.793080224922
TCTTTGGATATTAAGAATACTGTCTTGGATTCTGCTGATTTGAATGATATTCAGAATCAAGAAACTTCTTTGAATTTGGGTTTGCCACCATTGTCATTTGATTCTCCATTGCCAGTTACT,0.16816879286259406,0.19394836178468128,0.1915626585190811,0.1713520853166084,0.13344358357264777,0.09441569880132888,0.030576458536001657,0.016532360607056908,633.3743336004102
TCTTTGGCTACTAATCACTTCTATCATCACTTTCCACAACAAGGTCATCATACTATGAACTCTAAGATTGGTTCTTCTTTGAGAAGAAGGAAATCTGCTGTTCCATTGATGGGTACTGTT,0.07430013532409692,0.06407581743556419,0.15189055300402848,0.18867412511350204,0.14643166627511847,0.19458258644697024,0.12305271969489444,0.05699239670582519,1227.734100214958
TCTTTGGCTGAAACTTCTGAAGTTATGTGTATGGAAGATGAAGTTCAAGATATTCAACCAAATCATGAAAGACCATCTTCTGGTCCAGAATTGGAACATGGTTTGGAGAATGGTGCTAAA,0.5091514050851239,0.28463389098641273,0.12927432132798491,0.039213883302091725,0.011214168206358868,0.010795399893178185,0.0065812630370695995,0.009135668161780096,302.0856395796312
TCTTTGGCTGAAACTTCTGAAGTTATGTGTATGGAAGATGAAGTTCAAGATTGGCAACCAAATCATGAAAGACCATCTTCTGGTCCAGAATTGGAACATGGTTTGGAGAATGGTGCTAAA,0.11182772949461077,0.17172963402754216,0.10253338616249992,0.09154291539413031,0.07539710357648925,0.07013287944064996,0.0818798058990411,0.29495654600503657,2376.6211705026276
TCTTTGGCTGAAACTTCTGAAGTTATGTGTATGGAAGATGAAGTTCAAGATTGGCAACCAAATGAAGAAAGACCATCTTCTGGTCCAGAATTGGAACATGGTTTGGAGAATGGTGCTAAA,0.03762821552660656,0.019001567318457466,0.15154776716236903,0.2994866042992271,0.2393157838800052,0.22570034997415422,0.005727570272038643,0.021592141567141794,850.4828634717047
TCTTTGGCTGAAACTTCTGAAGTTATGTGTATGGAAGATGAAGTTCAATCTATTCAACCAAATCATGAAAGACCATCTTCTGGTCCAGAATTGGAACATGGTTTGGAGAATGGTGCTAAA,0.039429810650244285,0.029753447561137365,0.04906434999859128,0.06570777298338759,0.05828158504600133,0.05873006321282727,0.22855690581734295,0.4704760647304678,3769.3556332155654
TCTTTGGCTGAAACTTCTGAAGTTATGTGTATGGAAGATGAAGTTCAATCTTGGCAACCAAATCATGAAAGACCATCTTCTGGTCCAGAATTGGAACATGGTTTGGAGAATGGTGCTAAA,0.4120147779791344,0.2918442204969885,0.16468672974745815,0.07768537931528963,0.024173525123280207,0.016722256452166653,0.008517835049147647,0.004355275836534857,312.68711383509697
TCTTTGGCTGGTACTTCTGGTGTTATGTGTATGGGTGGTGGTGTTCAAGATTGGCAACCAAATGAAGGTGGTCCATCTTCTGGTCCAGGTTTGGGTGGTGGTTTGGGTAATGGTGCTGGT,0.0639487291957945,0.09248921897558222,0.07957438241484822,0.15541065027402656,0.17132336532722822,0.2179773221792123,0.15012623675178177,0.0691500948815262,1391.6412817903238
TCTTTGGGTTTGTTGACTAAGAAATTTGTTAATTTGATTAAACAAGCTAAAGATGGTATGTTGGATTTGAATAAAGCTGCTGAAACTTTGGAAGTTCAGAAGAGAAGAATTTATGATATT,0.29949949652975877,0.0,0.0,0.19964026813295743,0.059025747576516546,0.2196182846455613,0.22221620311520598,0.0,1061.5008948520995
TCTTTGGTTGGTATGAAGAAGACTTTGGTCTTCTATAGAGGTAGAGCTCCTAAAGGTCAGAAGACTAATTGGGTTATGCATGAATATAGATTGGAAGGTAAATTCTCTGCTCATAATTTG,0.0663061773949363,0.09703594259680623,0.0900085800184794,0.2544753381336991,0.21977507352939477,0.19890523718656986,0.04472403021012643,0.02876962092998783,926.048015737669
TCTTTGTCTGTTTATGCTAATTTGGGTCCAGAACATTTGAAGAAAGATATTGTTGAATGTCAGAATTTGGTCTTGGATACTGCTAATGTTGTTCCAGAAACTCCACCATCTGAATTTCAA,0.0833245179318412,0.16766952948930638,0.12198185746658798,0.16880541721286135,0.18836660019496768,0.08536107991973385,0.09091667056578871,0.09357432721891293,1266.9250724412327
TCTTTGTCTGTTTATGCTAATTTGGGTCCAGAACATTTGAAGAAAGATATTGTTGAATGTCAGAATTTGGTCTTGGATACTGCTAATGTTGTTCCAGAAGATCCACCATCTGAATTTCAA,0.003710694737219251,0.0018831507361815897,0.008312929340803157,0.03251003151077588,0.1443099716436841,0.2572422068304616,0.3791909452619935,0.1728400699388809,2563.9121558204206
TCTTTGTCTGTTTATGCTAATTTGGGTCCAGAACATTTGAAGAAAGATATTGTTGAATGTCAGAATTTGGTCTTGGATACTGCTAATGTTGTTCCAGAAGCTCCACCATCTGAATTTCAA,0.023877939171327918,0.024024158347401087,0.03241356209961494,0.09164073218046213,0.22246049516321878,0.2825367285278631,0.2194422731681613,0.10360411134195076,1849.5864171568019
TCTTTGTCTTATGATGTTGGTTGTTCTGTTGAAGAAGAATTGTTTAGAGTCTTGACTGGTGTTGAAAGATCTGTTGTTGATCCAGCTTTGGATGCTTTGGAATTGGATGATCCACCAGAT,0.19718987893426576,0.15375797938732258,0.09814902051679741,0.136919541183431,0.08744048102026772,0.11748445010265285,0.13259045655960386,0.07646819229565889,1221.7351926595984
TCTTTGTCTTATGATGTTGGTTGTTCTGTTGAAGAAGAATTGTTTAGAGTCTTGACTGGTGTTGAAAGATCTGTTGTTGATCCAGCTTTGGATGCTTTGGAATTGGATGCTCCACCAGAT,0.09283303808773519,0.14010226704790857,0.12514284615649618,0.11172888565026869,0.11434784399510975,0.12054595734279253,0.1291467441089009,0.16615241761078822,1786.2830869358697
TCTTTGTTGCCATCTTTGACTGATTCTTCTCCATATAATGATAAGACTAAGACTGAACCAGTTTATGTTCCATGCTTCTCTAATCAAACTGATCAGAATCAAGGTACTACTTTGAATTGT,0.13351343848544153,0.08395688915680673,0.1661369904479748,0.12978778816269748,0.16445625554940202,0.0611895693420428,0.20121853616155222,0.0597405326940824,1269.4792292258076
TCTTTGTTTGATGGTGATCCAGACTTTGATACATTTGATATTGATCCAAACTTTGGTCATTCTGATTTGGAGAATCCAGATACTTGGTTCTCTTTGTTTCCAGATGCTGATCCATTGCCA,0.001178678256717744,0.001969959507841759,0.00334549466805682,0.004621027725720115,0.003417238602399105,0.005348341571112907,0.2842314061600985,0.695887853508053,5174.412087131617
TCTTTGTTTGATGGTGATCCAGACTTTGATACATTTGATATTTCTCCAAACTTTGGTCATTCTGATTTGGAGAATCCAGATACTTGGTTCTCTTTGTTTCCAGATGCTACTCCATTGCCA,0.20716590922037198,0.20843451235815982,0.07218013332652132,0.15650492203328514,0.1143198698368476,0.10633805900520714,0.11528138351299284,0.019775210706614157,837.4063956523333
TCTTTGTTTGATGGTGCTCCAGACTTTGATACATTTGATATTGCTCCAAACTTTGGTCATTCTGATTTGGAGAATCCAGATACTTGGTTCTCTTTGTTTCCAGATGCTGCTCCATTGCCA,0.08513479271707174,0.00879504854354465,0.008985743632031409,0.22927657826080086,0.18426360826980925,0.43685671185257363,0.034896662911218804,0.01179085381294971,1032.4966976227647
TCTTTGTTTGATGGTGCTCCAGACTTTGATACATTTGATATTTCTCCAAACTTTGGTCATTCTGATTTGGAGAATCCAGATACTTGGTTCTCTTTGTTTCCAGATGCTACTCCATTGCCA,0.01101937001273391,0.01385856041506744,0.01616047169735455,0.013553804782991535,0.018226865831239676,0.023086660703817596,0.17483319227489266,0.7292610742819026,5151.503447353865
TCTTTGTTTGATGGTTCTCCAGACTTTGATACATTTGATATTGATCCAAACTTTGGTCATTCTGATTTGGAGAATCCAGATACTTGGTTCTCTTTGTTTCCAGATGCTACTCCATTGCCA,0.12592141139943996,0.1095718961776498,0.11434126197026301,0.17770371790345565,0.14755908012567406,0.1372565083528502,0.08206554271015991,0.10558058136050757,1353.6442849022392
TCTTTGTTTGATGGTTCTCCAGACTTTGATACATTTGATATTGCTCCAAACTTTGGTCATTCTGATTTGGAGAATCCAGATACTTGGTTCTCTTTGTTTCCAGATGCTACTCCATTGCCA,0.11197858562540802,0.17482391186969454,0.194595754598481,0.1115349880900494,0.11795438146562787,0.1079491508994565,0.09132018852217946,0.08984303892910338,1222.6741036000035
TCTTTGTTTGATGGTTCTCCAGACTTTGATACATTTGATATTTCTCCAAACTTTGGTCATTCTGATTTGGAGAATCCAGATACTTGGTTCTCTTTGTTTCCAGATGCTACTCCATTGCCA,0.042665811590304234,0.07024431331821838,0.11583503279658348,0.2154557693320579,0.24079267945076147,0.177762333171369,0.08633526112380237,0.050908799216903056,1142.0148183459419
TCTTTGTTTGATGGTTCTCCAGACTTTGATACATTTGATATTTCTCCAAACTTTGGTCATTCTGATTTGGAGAATCCAGATACTTGGTTCTCTTTGTTTCCAGATGCTGATCCATTGCCA,0.016789997505473466,0.015932993979900303,0.009801874110929929,0.005450586321441889,0.0019606866124289826,0.0015489736160652198,0.27217878535067114,0.6763361025030888,5020.694820797643
TCTTTGTTTGATGGTTCTCCAGACTTTGATACATTTGATATTTCTCCAAACTTTGGTCATTCTGATTTGGAGAATCCAGATACTTGGTTCTCTTTGTTTCCAGATGCTGCTCCATTGCCA,0.05162982755472251,0.03196676212874842,0.06918735309131027,0.13236689281891528,0.2543818273465215,0.30942732250519495,0.11786827824048984,0.03317173631409732,1237.7947714183156
TGGAAAGAAGAAGAAGAAAGACATTGTCCTAAATGTCAACATGTTATTGATAATTCTGATGTTGTTGATGATTGGCCAGGTTTGCCAAGAGGTGTTAAATTTGATGAAGAAGATCCAGAA,0.2936587215881412,0.290362887196481,0.23081744503687388,0.10585061069502277,0.02494596556367392,0.029110772299258826,0.01536789430616969,0.009885703314378708,400.95875759503315
TGGAAAGAGAATCCAGAAAGACATTGTCCTAAATGTCAACATGTTATTGATAATGAAGATGTTGTTGATGATTGGCCAGGTTTGCCAAGAGGTGTTAAATTTGATCCAGAAGATCCAGAA,0.0747092518090517,0.041759301164475585,0.05164677884353602,0.03688864189902146,0.06543909258993934,0.03804383535320288,0.2656076698651493,0.4259054284756237,3554.3252193561084
TGGAAAGAGAATCCAGAAAGACATTGTCCTAAATGTCAACATGTTATTGATAATTCTGATGTTGTTGATGATTGGCCAGGTTTGCCAAGAGGTGTTAAATTTGATCCAGAAGATCCAGAA,0.060718975815846406,0.0687271445047465,0.11333317476758784,0.17707389593225853,0.2094150480047849,0.11826759986586216,0.16190189259556334,0.09056226851335032,1467.3704063159082
TGGAAAGATAATCCAGATAGACATTGTCCTAAATGTCAACATGTTATTGATAATGATGATGTTGTTGATGATTGGCCAGGTTTGCCAAGAGGTGTTAAATTTGATCCAGATGATCCAGAA,0.10125958203366499,0.08150372494086996,0.10080161160662383,0.17999353670564788,0.19956369202873778,0.11137809562870343,0.05634780719819501,0.16915194985755722,1682.5361024125864
TGGAAAGATAATCCAGATAGACATTGTCCTAAATGTCAACATGTTATTGATAATTCTGATGTTGTTGATGATTGGCCAGGTTTGCCAAGAGGTGTTAAATTTGATCCAGATGATCCAGAA,0.08581612766610662,0.16709279885878073,0.20972882256547332,0.22977338269928319,0.12958332542213055,0.1109155906513042,0.043516839354137256,0.023573112782784292,747.0263838237438
TGGAAAGATGATGATGATAGACATTGTCCTAAATGTCAACATGTTATTGATAATTCTGATGTTGTTGATGATTGGCCAGGTTTGCCAAGAGGTGTTAAATTTGATGATGATGATCCAGAA,0.044448604362201195,0.048979913141744706,0.0526756845575729,0.06584118872262076,0.06882847991332477,0.054322441039261746,0.23556443355816456,0.42933925470510936,3534.7340453264933
TGGAAAGCTAATCCAGCTAGACATTGTCCTAAATGTCAACATGTTATTGATAATGCTGATGTTGTTGATGATTGGCCAGGTTTGCCAAGAGGTGTTAAATTTGATCCAGCTGATCCAGAA,0.3346638164638167,0.3479369392359788,0.11253393211971714,0.11081353798522602,0.04025588951011662,0.02143756713765404,0.0006421724221085646,0.03171614512538207,485.85709949690454
TGGAAAGCTAATCCAGCTAGACATTGTCCTAAATGTCAACATGTTATTGATAATTCTGATGTTGTTGATGATTGGCCAGGTTTGCCAAGAGGTGTTAAATTTGATCCAGCTGATCCAGAA,0.2202896543414059,0.18469885180833323,0.1370583388993332,0.12236716635922901,0.08441799640431627,0.022435409636274866,0.06810241077267336,0.16063017177843408,1474.1632836115102
TGGAAATCTAAACCATCTAGACATTGTCCTAAATGTAAACATGTTATTGATAAATCTGATGTTGTTGATGATTGGCCAGGTTTGCCAAGAGGTGTTAAATTTGATCCATCTGATCCAGAA,0.11206867017137227,0.1260202214136095,0.08203074491529987,0.16112345851052623,0.18838603215688457,0.20544549649268304,0.08559590182730843,0.03932947451231617,1049.5008905285338
TGGAAATCTAATCCAACTAGAGCTTGTCCAAATTGTCAACATGTTATTGATAATTCTGATGTTGCTAAACAATGGCCAGGTTTGCCAACTGGTGTTAAATTTGATCCATCTGATTCTGAA,0.2367177943664427,0.1587782411399977,0.11045961661514235,0.1314927194834845,0.14578952697583114,0.12656980500783338,0.054885870096832455,0.03530642631443568,824.7453720736022
TGGAAATCTAATCCAACTAGAGCTTGTCCTAAATGTAATCATATTATTGATAATAATGATATTACTCAACAATGGCCAGGTTTGCCAAGAGGTGTTAAATTTGATCCATCTGATCAAGAA,0.020235037178675214,0.18323053780821988,0.10071759716785521,0.2472848382230172,0.25921657193313585,0.09273772173266087,0.0,0.09657769595643585,1140.7467798714376
TGGAAATCTAATCCATCTAGACATTGTCCTAAATGTCAACATGCTATTGATAATTCTGATGCTGCTGATGATTGGCCAGGTTTGCCAAGAGGTGCTAAATTTGATCCATCTGATCCAGAA,0.2980856989898537,0.3320214512203332,0.16361866270751635,0.08367718564422089,0.04025498212004967,0.0462204067375709,0.020127638157116122,0.015993974423339174,464.91048844170155
TGGAAATCTAATCCATCTAGACATTGTCCTAAATGTCAACATGTTATTCAAAATTCTCAAGTTGTTCAACAATGGCCAGGTTTGCCAAGAGGTGTTAAATTTCAACCATCTCAACCACAA,0.07502415712732725,0.02467942493447693,0.07807960819272691,0.20729364892327787,0.2504436441599637,0.2721158965279381,0.07080134245465576,0.021562277679633635,1028.8685629759348
TGGAAATCTAATCCATCTAGACATTGTCCTAAATGTCAACATGTTATTGAAAATTCTGAAGTTGTTGAAGAATGGCCAGGTTTGCCAAGAGGTGTTAAATTTGAACCATCTGAACCAGAA,0.35602508824923584,0.23880349791709501,0.22150930032467245,0.0,0.05847157016232905,0.05438908640223756,0.0,0.07080145694443005,751.5411843925676
TGGAAATCTAATCCATCTAGACATTGTCCTAAATGTCAACATGTTATTGATAATTCTGATGTTGTTGATGATTGGCCAGGTTGGCCAAGAGGTGTTAAATGGGATCCATCTGATCCAGAA,0.06824870411560094,0.12335820085032896,0.20174900614500227,0.24294756517971358,0.19486576950431464,0.1432031632906578,0.018125314621087667,0.007502276293294155,664.5405371763387
TGGAAATCTAATCCATCTAGACATTGTCCTAAATGTCAACATGTTATTGATAATTCTGATGTTGTTGATGATTGGCCAGGTTTGCCAAGAGGTGTTAAATTTGATCCATCTGATCCAGAA,0.017233655093123485,0.017339187267837772,0.02534366517224336,0.060048837509090715,0.057121794138606005,0.078264285628667,0.3044096236614976,0.44023895152893416,3782.725599964073
TGGAAATCTAATCCATCTAGACATTGTCCTAAATGTCAACATGTTATTGATAATTCTGATGTTGTTGATGATTGGCCAGGTTTGCCAAGAGGTGTTAAATTTGATCCATCTGATCCAGAT,0.20667523541584287,0.19915460144227015,0.1521320581920061,0.12288941768960282,0.11186908945568672,0.14941717833837842,0.04049589394567654,0.01736652552053641,693.0653294305679
TGGAAATCTAATCCATCTAGACATTGTCCTAAATGTCAACATGTTATTGATAATTCTGATGTTGTTGATGATTGGCCAGGTTTGCCAAGAGGTGTTAAATTTGATCCATCTGATCCAGCT,0.7044559884360435,0.13491782317496312,0.14300526569249453,0.007972005268436177,0.00033145415247119085,0.008529966183727157,0.0005199318820813216,0.0002675652097830468,200.95197766686607
TGGAAATCTAATCCATCTAGACATTGTCCTAAATGTCAACATGTTATTGATAATTCTGATGTTGTTGATGATTGGCCAGGTTTGCCAAGAGGTGTTAAATTTGATCCATCTGCTCCAGAA,0.2713975695049681,0.26664965477969316,0.23306928482761094,0.12173784210111448,0.04645617816173202,0.022190258578327588,0.02481620022115643,0.013683011825397304,456.38932844492115
TGGAAATCTAATCCATCTAGACATTGTCCTAAATGTCAACATGTTATTGATAATTCTGATGTTGTTGATGATTGGCCAGGTTTGCCAAGAGGTGTTAAATTTGATCCATCTGCTCCAGCT,0.14146651909385313,0.0736204162859885,0.11533221389090244,0.18968129733680938,0.12978808891539623,0.08048419157553427,0.09500896858461615,0.17461830431689992,1734.7009812802835
TGGAAATCTAATCCATCTAGACATTGTCCTAAATGTCAACATGTTATTGATAATTCTGATGTTGTTGATGATTGGCCAGGTTTGCCAAGAGGTGTTAAATTTGCTCCATCTGATCCAGAA,0.40236744283597714,0.23180984958285164,0.24162423069178668,0.04516313404593932,0.04660800232308922,0.0019290932544040328,0.028251371947391114,0.002246875318561002,341.786030597813
TGGAAATCTAATCCATCTAGACATTGTCCTAAATGTCAACATGTTATTGATAATTCTGATGTTGTTGATGATTGGCCAGGTTTGCCAAGAGGTGTTAAATTTGCTCCATCTGATCCAGCT,0.3479937964484979,0.25015473618864686,0.208086731219061,0.1641441331490636,0.008246761425209305,0.00822886164662385,0.012418743257974726,0.0007262366649227561,312.6818142582387
TGGAAATCTAATCCATCTAGACATTGTCCTAAATGTCAACATGTTATTGATAATTCTGATGTTGTTGATGATTGGCCAGGTTTGCCAAGAGGTGTTAAATTTGCTCCATCTGCTCCAGAA,0.15086526753441856,0.22025793571887958,0.23016092469226024,0.18090986735681577,0.13811072790517961,0.0657481424117396,0.009661594929090675,0.004285539451615942,486.93061128603745
TGGAAATCTAATCCATCTAGACATTGTCCTAAATGTCAACATGTTATTGATAATTCTGATGTTGTTGATGATTGGCCAGGTTTGCCAAGAGGTGTTAAATTTGCTCCATCTGCTCCAGCT,0.2991039834432373,0.29081392752453,0.22944835708916345,0.11600745903102391,0.023249224709876695,0.0256861248397635,0.005384769273414937,0.01030615408899033,377.1219074712287
TGGAAATCTAATCCATCTAGACATTGTCCTAAATGTCAACATGTTATTGATAATTCTGATGTTGTTGATGCTTGGCCAGGTTTGCCAAGAGGTGTTAAATTTGATCCATCTGATCCAGAA,0.32186074624577776,0.12455065222369609,0.16944498092454607,0.08251762385953205,0.06099301110564138,0.04538758431487589,0.09184897032868108,0.10339643099724963,1177.055359104004
TGGAAATCTAATCCATCTAGACATTGTCCTAAATGTCAACATGTTATTGATAATTCTGATGTTGTTGATGCTTGGCCAGGTTTGCCAAGAGGTGTTAAATTTGATCCATCTGATCCAGCT,0.2702897836952483,0.19136865640980996,0.08719774718574676,0.15570218232201527,0.04932320337690377,0.05505535006473715,0.08355991992407859,0.10750315702146034,1202.2384733060605
TGGAAATCTAATCCATCTAGACATTGTCCTAAATGTCAACATGTTATTGATAATTCTGATGTTGTTGATGCTTGGCCAGGTTTGCCAAGAGGTGTTAAATTTGATCCATCTGCTCCAGAA,0.02431217680580448,0.020384212569665154,0.015126387019819913,0.013505001824280763,0.039928960031725996,0.1225656989985089,0.42090129001827875,0.34327627273191597,3491.2582820801
TGGAAATCTAATCCATCTAGACATTGTCCTAAATGTCAACATGTTATTGATAATTCTGATGTTGTTGATGCTTGGCCAGGTTTGCCAAGAGGTGTTAAATTTGCTCCATCTGATCCAGAA,0.26890003714451655,0.25922844306054843,0.2631688279138863,0.10802609077064668,0.04869083567406788,0.013860681997609092,0.00739840343209554,0.03072668000662954,511.1782555361192
TGGAAATCTAATCCATCTAGACATTGTCCTAAATGTCAACATGTTATTGATAATTCTGATGTTGTTGATGCTTGGCCAGGTTTGCCAAGAGGTGTTAAATTTGCTCCATCTGCTCCAGAA,0.3466214318899503,0.29945961153118195,0.22844287464148932,0.05910791232799691,0.05971928904348191,0.0057735802487916404,0.0005104553018505444,0.0003648450152572827,283.6021218110593
TGGAAATCTAATCCATCTAGACATTGTCCTAAATGTCAACATGTTATTGATAATTCTGATGTTGTTGCTGATTGGCCAGGTTTGCCAAGAGGTGTTAAATTTGATCCATCTGATCCAGAA,0.32425884758336326,0.25881254682908983,0.18467735876975544,0.1125724842933981,0.05804474661369307,0.03972866574698205,0.008728913083141306,0.013176437080576964,429.801657696005
TGGAAATCTAATCCATCTAGACATTGTCCTAAATGTCAACATGTTATTGATAATTCTGATGTTGTTGCTGATTGGCCAGGTTTGCCAAGAGGTGTTAAATTTGATCCATCTGATCCAGCT,0.5142372537476381,0.22357630040666515,0.07228814349438474,0.027151157144576415,0.007129557384250999,0.013371552998135123,0.045441527120312734,0.09680450770403681,922.0496352310543
TGGAAATCTAATCCATCTAGACATTGTCCTAAATGTCAACATGTTATTGATAATTCTGATGTTGTTGCTGATTGGCCAGGTTTGCCAAGAGGTGTTAAATTTGATCCATCTGCTCCAGAA,0.025372668813571638,0.03063364935640774,0.08840270219677515,0.17476668061253617,0.30502917863703694,0.2883833930519623,0.07530187118149316,0.012109856150216838,1026.8605821018136
TGGAAATCTAATCCATCTAGACATTGTCCTAAATGTCAACATGTTATTGATAATTCTGATGTTGTTGCTGCTTGGCCAGGTTTGCCAAGAGGTGTTAAATTTGATCCATCTGATCCAGAA,0.22123305187900424,0.2434437421330874,0.24543152334659032,0.17315312867110222,0.05575882266935942,0.04631102379905238,0.008511141730982271,0.006157565770821623,422.50859566088957
TGGAAATCTAATCCATCTAGACATTGTCCTAAATGTCAACATGTTATTGATAATTCTGATGTTGTTGCTGCTTGGCCAGGTTTGCCAAGAGGTGTTAAATTTGCTCCATCTGATCCAGAA,0.40623690976531845,0.3151784351050011,0.09127074467785512,0.1184791276887591,0.036569651295297434,0.0254940592341663,0.005159126940776872,0.0016119452928256889,308.21545256520267
TGGAAATCTAATCCATCTAGACATTGTCCTAAATGTCAACATGTTATTGATAATTCTGATGTTGTTGCTGCTTGGCCAGGTTTGCCAAGAGGTGTTAAATTTGCTCCATCTGCTCCAGAA,0.011244067744406826,0.009947569366722288,0.022675907240208685,0.05341311892325372,0.09322463376027396,0.5688051836557796,0.2143193357077132,0.026370183601641797,1608.6470311815226
TGGAAATCTAATCCATCTAGACATTGTCCTAAATGTCAACATGTTATTGATAATTCTGATGTTGTTGCTGCTTGGCCAGGTTTGCCAAGAGGTGTTAAATTTGCTCCATCTGCTCCAGCT,0.00877839791097836,0.023755276434600105,0.0660726159823979,0.1617713388541613,0.33831599137738244,0.30418271211196174,0.07844583281205757,0.01867783451646048,1106.4222604662937
TGGAAATCTAATCCATCTAGACATTGTCCTAAATGTCAACATGTTATTGATAATTCTGCTGTTGTTGATGATTGGCCAGGTTTGCCAAGAGGTGTTAAATTTGATCCATCTGATCCAGAA,0.16679314188524194,0.055938172653291374,0.13836565035210663,0.0772089675964324,0.1780556256609103,0.11466262089726352,0.103127993883265,0.16584782707148893,1736.8734845053116
TGGAAATCTAATCCATCTAGACATTGTCCTAAATGTCAACATGTTATTGATAATTCTGCTGTTGTTGATGATTGGCCAGGTTTGCCAAGAGGTGTTAAATTTGATCCATCTGATCCAGCT,0.0827574837241016,0.14031569444288072,0.19832991007545198,0.2332571054603234,0.14950789125030706,0.13064081391934448,0.0469047792608591,0.01828632186673162,755.6833241261763
TGGAAATCTAATCCATCTAGACATTGTCCTAAATGTCAACATGTTATTGATAATTCTGCTGTTGTTGATGATTGGCCAGGTTTGCCAAGAGGTGTTAAATTTGATCCATCTGCTCCAGAA,0.31579806801999927,0.2987397086914137,0.18075456809374987,0.10310115367522842,0.07532253751714267,0.018007846845387025,0.00788944716671969,0.000386669990359466,332.45594855021466
TGGAAATCTAATCCATCTAGACATTGTCCTAAATGTCAACATGTTATTGATAATTCTGCTGTTGTTGATGATTGGCCAGGTTTGCCAAGAGGTGTTAAATTTGCTCCATCTGATCCAGAA,0.08577289520161738,0.08122177404313678,0.08789628953961787,0.07847475732471254,0.07954933158174873,0.06474579910458803,0.1310233860345584,0.39131576717002015,3076.0198825605976
TGGAAATCTAATCCATCTAGACATTGTCCTAAATGTCAACATGTTATTGATAATTCTGCTGTTGTTGATGCTTGGCCAGGTTTGCCAAGAGGTGTTAAATTTGATCCATCTGATCCAGAA,0.044409468682448286,0.07446902488079851,0.11666162647648318,0.13156643501180076,0.06807325344007961,0.07688903329654523,0.14644437176499384,0.34148678644685054,2834.4113269422846
TGGAAATCTAATCCATCTAGACATTGTCCTAAATGTCAACATGTTATTGATAATTCTGCTGTTGTTGATGCTTGGCCAGGTTTGCCAAGAGGTGTTAAATTTGCTCCATCTGCTCCAGCT,0.3342671302251275,0.3811911228634761,0.15573419491855217,0.09677498796687185,0.0046538475631481835,0.021885075471160354,0.003771773302380693,0.0017218676892831165,291.6206127897616
TGGAAATCTAATCCATCTAGACATTGTCCTAAATGTCAACATGTTATTGATAATTCTGCTGTTGTTGCTGATTGGCCAGGTTTGCCAAGAGGTGTTAAATTTGATCCATCTGATCCAGAA,0.043519483742432426,0.08826697569302865,0.10400875884440004,0.17804589607009497,0.2607098040737381,0.24124069585106378,0.07431745241381789,0.009890933311423988,934.5668016644053
TGGAAATCTAATCCATCTAGACATTGTCCTAAATGTCAACATGTTATTGATAATTCTGCTGTTGTTGCTGATTGGCCAGGTTTGCCAAGAGGTGTTAAATTTGCTCCATCTGCTCCAGCT,0.2135822940510356,0.26508351735391084,0.17265376153286147,0.14202321171117882,0.0752759358829098,0.05287237452844631,0.05060604102157644,0.027902863918080677,658.8348242253084
TGGAAATCTAATCCATCTAGACATTGTCCTAAATGTCAACATGTTATTGATAATTCTGCTGTTGTTGCTGCTTGGCCAGGTTTGCCAAGAGGTGTTAAATTTGATCCATCTGATCCAGAA,0.06733666155731004,0.09033200664043223,0.05586009630616166,0.17455374210362354,0.24329793077884768,0.02057371586642181,0.18735378650585202,0.1606920602413511,1858.041171778162
TGGAAATCTAATCCATCTAGACATTGTCCTAAATGTCAACATGTTATTGATAATTCTGCTGTTGTTGCTGCTTGGCCAGGTTTGCCAAGAGGTGTTAAATTTGATCCATCTGCTCCAGCT,0.12292679954630374,0.17575515748690518,0.07245641486819192,0.0862531604490112,0.17851158620287147,0.16604791112730607,0.14401039931158396,0.05403857100782653,1207.0571274598535
TGGAAATCTAATCCATCTAGACATTGTCCTAAATGTCAACATGTTATTGATAATTCTGCTGTTGTTGCTGCTTGGCCAGGTTTGCCAAGAGGTGTTAAATTTGCTCCATCTGATCCAGAA,0.24947165776696317,0.1254996623950456,0.1940182524584865,0.0,0.06145774562840026,0.2000836850672028,0.05784300684993217,0.11162598983396942,1310.5271717542323
TGGAAATCTAATCCATCTAGACATTGTCCTAAATGTCAACATGTTATTGATAATTCTGCTGTTGTTGCTGCTTGGCCAGGTTTGCCAAGAGGTGTTAAATTTGCTCCATCTGATCCAGCT,0.07132024677549853,0.11194089522556643,0.09584687350604523,0.1394524993864882,0.11244709075087633,0.11244074011296407,0.16933332712554794,0.18721832711701322,2005.710621860893
TGGAAATCTAATCCATCTAGACATTGTCCTAAATGTCAACATGTTATTGATAATTCTGCTGTTGTTGCTGCTTGGCCAGGTTTGCCAAGAGGTGTTAAATTTGCTCCATCTGCTCCAGAA,0.39307175473647726,0.3131367781993908,0.1301058399571234,0.11114607293243575,0.027462949278831413,0.015527951466209096,0.006996831672132619,0.002551821757399525,305.1995719231945
TGGAAATCTAATCCATCTAGACATTGTCCTAAATGTCAACATGTTATTGATAATTCTGCTGTTGTTGCTGCTTGGCCAGGTTTGCCAAGAGGTGTTAAATTTGCTCCATCTGCTCCAGCT,0.38385251051996727,0.27066667413719114,0.21751427733022988,0.08384446895140116,0.01245646668089911,0.014476269616079835,0.008819487310912054,0.008369845453319535,338.1636411636093
TGGAAATCTAATCCATCTAGACATTGTCCTAAATGTCAACATGTTATTGCTAATTCTGATGTTGTTGATGATTGGCCAGGTTTGCCAAGAGGTGTTAAATTTGATCCATCTGATCCAGAA,0.20498389429973168,0.23254986639507,0.22740933069678515,0.17760048046340257,0.08489832582980676,0.059282495633238654,0.005799454973537889,0.007476151708427328,455.395996017402
TGGAAATCTAATCCATCTAGACATTGTCCTAAATGTCAACATGTTATTGCTAATTCTGATGTTGTTGATGATTGGCCAGGTTTGCCAAGAGGTGTTAAATTTGATCCATCTGATCCAGCT,0.23118019856019265,0.193829879857705,0.17579728787025614,0.07134259941315586,0.1392150591914616,0.16481190317356087,0.023823071933667866,0.0,566.9210926310516
TGGAAATCTAATCCATCTAGACATTGTCCTAAATGTCAACATGTTATTGCTAATTCTGATGTTGTTGATGATTGGCCAGGTTTGCCAAGAGGTGTTAAATTTGATCCATCTGCTCCAGAA,0.13133448243091367,0.09610088983293316,0.11142655495597946,0.18570128754693505,0.1882441411969402,0.1313257045071402,0.07751285991461884,0.07835407961453933,1192.742588425801
TGGAAATCTAATCCATCTAGACATTGTCCTAAATGTCAACATGTTATTGCTAATTCTGATGTTGTTGATGATTGGCCAGGTTTGCCAAGAGGTGTTAAATTTGATCCATCTGCTCCAGCT,0.4128782268211676,0.2628875275332709,0.18314306976053904,0.07410925884624842,0.01857951320306872,0.03205981300948833,0.00910224550707824,0.007240345319138794,346.7668759933876
TGGAAATCTAATCCATCTAGACATTGTCCTAAATGTCAACATGTTATTGCTAATTCTGATGTTGTTGATGATTGGCCAGGTTTGCCAAGAGGTGTTAAATTTGCTCCATCTGATCCAGAA,0.24597503966713488,0.18774443051237588,0.13720746859009245,0.12250031095900152,0.07522305283204256,0.10884374809062876,0.10226476690919477,0.020241182439529173,785.5705421093555
TGGAAATCTAATCCATCTAGACATTGTCCTAAATGTCAACATGTTATTGCTAATTCTGATGTTGTTGATGCTTGGCCAGGTTTGCCAAGAGGTGTTAAATTTGATCCATCTGATCCAGAA,0.3039566649077195,0.2889930396031209,0.23746317999860872,0.10928334727557386,0.021325109800813574,0.021639481196952096,0.009123108299646259,0.00821606891756523,366.1943771558276
TGGAAATCTAATCCATCTAGACATTGTCCTAAATGTCAACATGTTATTGCTAATTCTGATGTTGTTGATGCTTGGCCAGGTTTGCCAAGAGGTGTTAAATTTGCTCCATCTGCTCCAGCT,0.14584473536401948,0.21845544092477354,0.2638726496853894,0.20476626879545015,0.0950139634598281,0.05261578571137004,0.013047829008446449,0.006383327050722822,479.208775942858
TGGAAATCTAATCCATCTAGACATTGTCCTAAATGTCAACATGTTATTGCTAATTCTGATGTTGTTGCTGATTGGCCAGGTTTGCCAAGAGGTGTTAAATTTGATCCATCTGATCCAGAA,0.01754516138012472,0.032657312030762484,0.032748392315607264,0.17347950380690677,0.2204362203418136,0.24364214341470347,0.1643494973284932,0.11514176938158864,1766.268210345107
TGGAAATCTAATCCATCTAGACATTGTCCTAAATGTCAACATGTTATTGCTAATTCTGATGTTGTTGCTGATTGGCCAGGTTTGCCAAGAGGTGTTAAATTTGCTCCATCTGCTCCAGCT,0.033656900903245704,0.07552825408026283,0.1473898520132926,0.19630874460285877,0.2845906304162161,0.23268978884890182,0.029709508683492782,0.00012632045172939428,782.4585352206195
TGGAAATCTAATCCATCTAGACATTGTCCTAAATGTCAACATGTTATTGCTAATTCTGATGTTGTTGCTGCTTGGCCAGGTTTGCCAAGAGGTGTTAAATTTGATCCATCTGCTCCAGCT,0.20985835959693683,0.1747394071030617,0.09905178794971567,0.1447110112565997,0.0927015577603114,0.09286214754794692,0.07382621449622824,0.11224951428919944,1278.2622086209376
TGGAAATCTAATCCATCTAGACATTGTCCTAAATGTCAACATGTTATTGCTAATTCTGATGTTGTTGCTGCTTGGCCAGGTTTGCCAAGAGGTGTTAAATTTGCTCCATCTGATCCAGCT,0.0067661111765545175,0.012686786917240546,0.023727364199497728,0.07380248706685977,0.16698730338614634,0.19874123177531355,0.34114363093201777,0.17614508454636973,2452.1587609407297
TGGAAATCTAATCCATCTAGACATTGTCCTAAATGTCAACATGTTATTGCTAATTCTGATGTTGTTGCTGCTTGGCCAGGTTTGCCAAGAGGTGTTAAATTTGCTCCATCTGCTCCAGAA,0.11979985798255437,0.18353959524743188,0.1592365805157019,0.13611843209394947,0.15829640149495666,0.16471379511335976,0.05555407831040165,0.022741259241644333,815.5121542655725
TGGAAATCTAATCCATCTAGACATTGTCCTAAATGTCAACATGTTATTGCTAATTCTGATGTTGTTGCTGCTTGGCCAGGTTTGCCAAGAGGTGTTAAATTTGCTCCATCTGCTCCAGCT,0.5131160190148797,0.18425566806161925,0.162621993991669,0.09920837806460639,0.013967619849635817,0.0088348326356545,0.011568560279803288,0.00642692810213207,314.06033363207735
TGGAAATCTAATCCATCTAGACATTGTCCTAAATGTCAACATGTTATTGCTAATTCTGCTGTTGTTGATGATTGGCCAGGTTTGCCAAGAGGTGTTAAATTTGATCCATCTGATCCAGAA,0.3304935231818557,0.266013869178303,0.14622168355476461,0.12238903078993543,0.06513409037756937,0.026927302044713226,0.03405728961826581,0.008763211254592769,450.06774326594854
TGGAAATCTAATCCATCTAGACATTGTCCTAAATGTCAACATGTTATTGCTAATTCTGCTGTTGTTGATGATTGGCCAGGTTTGCCAAGAGGTGTTAAATTTGATCCATCTGATCCAGCT,0.38471068521680335,0.28094401049242285,0.17822065448427743,0.08404395498261753,0.04400242937270697,0.01577315142730968,0.008935309057461848,0.003369804966400409,322.57839240767714
TGGAAATCTAATCCATCTAGACATTGTCCTAAATGTCAACATGTTATTGCTAATTCTGCTGTTGTTGATGATTGGCCAGGTTTGCCAAGAGGTGTTAAATTTGCTCCATCTGCTCCAGCT,0.11473735928371687,0.14207995824180644,0.09884287420873744,0.2451332956473651,0.09566863709497239,0.14561845351968886,0.07367050493285822,0.08424891707085468,1200.927725311446
TGGAAATCTAATCCATCTAGACATTGTCCTAAATGTCAACATGTTATTGCTAATTCTGCTGTTGTTGATGCTTGGCCAGGTTTGCCAAGAGGTGTTAAATTTGCTCCATCTGATCCAGCT,0.22102888517456887,0.1575208523329354,0.10313870143391406,0.12277779654796828,0.15427733093612717,0.13506417979998264,0.05124820764661042,0.054944046127893206,949.1046506543294
TGGAAATCTAATCCATCTAGACATTGTCCTAAATGTCAACATGTTATTGCTAATTCTGCTGTTGTTGATGCTTGGCCAGGTTTGCCAAGAGGTGTTAAATTTGCTCCATCTGCTCCAGAA,0.055841852209864595,0.10534463607883793,0.09988701304428038,0.1667282091065765,0.11693220874724147,0.10876800446955652,0.11329154923651473,0.23320652710712791,2161.956456014851
TGGAAATCTAATCCATCTAGACATTGTCCTAAATGTCAACATGTTATTGCTAATTCTGCTGTTGTTGATGCTTGGCCAGGTTTGCCAAGAGGTGTTAAATTTGCTCCATCTGCTCCAGCT,0.3965241774320687,0.2611324385458707,0.1345673191996652,0.06140650249082824,0.03552158954322402,0.03854838508735519,0.03788997242080732,0.03440961528018067,591.079524794148
TGGAAATCTAATCCATCTAGACATTGTCCTAAATGTCAACATGTTATTGCTAATTCTGCTGTTGTTGCTGATTGGCCAGGTTTGCCAAGAGGTGTTAAATTTGATCCATCTGATCCAGAA,0.04141620275226187,0.002744110058476227,0.019483163618077035,0.12187567780986615,0.17957189199407755,0.23314416925331455,0.28002833327908067,0.12173645123484599,2029.0804946336561
TGGAAATCTAATCCATCTAGACATTGTCCTAAATGTCAACATGTTATTGCTAATTCTGCTGTTGTTGCTGATTGGCCAGGTTTGCCAAGAGGTGTTAAATTTGATCCATCTGCTCCAGCT,0.08195493619040202,0.08995286860297978,0.11125128490013836,0.13243513281889963,0.2496184903288539,0.15706979568382368,0.12437828824737818,0.053339203227524674,1203.487582858684
TGGAAATCTAATCCATCTAGACATTGTCCTAAATGTCAACATGTTATTGCTAATTCTGCTGTTGTTGCTGATTGGCCAGGTTTGCCAAGAGGTGTTAAATTTGCTCCATCTGATCCAGCT,0.022750868860457008,0.01907515524835316,0.01651414673934063,0.01263772174407225,0.018682377573022265,0.031280353877196895,0.27957832878166144,0.5994810471758963,4612.144613604996
TGGAAATCTAATCCATCTAGACATTGTCCTAAATGTCAACATGTTATTGCTAATTCTGCTGTTGTTGCTGATTGGCCAGGTTTGCCAAGAGGTGTTAAATTTGCTCCATCTGCTCCAGAA,0.0076827408146589605,0.004521535560414581,0.011836887224797723,0.05041037079746084,0.15845447788219347,0.25467715960753506,0.3632764474583813,0.149140380654558,2390.4977750277494
TGGAAATCTAATCCATCTAGACATTGTCCTAAATGTCAACATGTTATTGCTAATTCTGCTGTTGTTGCTGATTGGCCAGGTTTGCCAAGAGGTGTTAAATTTGCTCCATCTGCTCCAGCT,0.16080870598957253,0.22012068390791614,0.2504768889318201,0.21075841191732986,0.0748976605175402,0.0642901911675467,0.011152693442621858,0.007494764125652688,482.71523861735136
TGGAAATCTAATCCATCTAGACATTGTCCTAAATGTCAACATGTTATTGCTAATTCTGCTGTTGTTGCTGCTTGGCCAGGTTTGCCAAGAGGTGTTAAATTTGATCCATCTGATCCAGCT,0.041400651419366614,0.09293970063069283,0.18072405376047443,0.22909820628377328,0.24649620283306115,0.17147059732532044,0.028549473998177404,0.009321113749133846,756.9668044431935
TGGAAATCTAATCCATCTAGACATTGTCCTAAATGTCAACATGTTATTGCTAATTCTGCTGTTGTTGCTGCTTGGCCAGGTTTGCCAAGAGGTGTTAAATTTGATCCATCTGCTCCAGAA,0.2770218285682439,0.16469711941095785,0.1253495144453638,0.19584845233158824,0.09926512680907418,0.057709023630621276,0.035035006681830606,0.04507392812232017,748.6544410578364
TGGAAATCTAATCCATCTAGACATTGTCCTAAATGTCAACATGTTATTGCTAATTCTGCTGTTGTTGCTGCTTGGCCAGGTTTGCCAAGAGGTGTTAAATTTGATCCATCTGCTCCAGCT,0.0014223183978940971,0.0024804487420309286,0.026193884086342503,0.15253690421079533,0.30385858389448966,0.34574249280053865,0.1323523654972529,0.035413002370655894,1358.705833925545
TGGAAATCTAATCCATCTAGACATTGTCCTAAATGTCAACATGTTATTGCTAATTCTGCTGTTGTTGCTGCTTGGCCAGGTTTGCCAAGAGGTGTTAAATTTGCTCCATCTGATCCAGAA,0.18738202837833687,0.22379539462804193,0.21526312254040983,0.2397515895752784,0.06296175711622716,0.06819829633077194,0.002339153582325634,0.0003086578486082961,417.3554197421744
TGGAAATCTAATCCATCTAGACATTGTCCTAAATGTCAACATGTTATTGCTAATTCTGCTGTTGTTGCTGCTTGGCCAGGTTTGCCAAGAGGTGTTAAATTTGCTCCATCTGCTCCAGAA,0.2365474697760283,0.20138122579240386,0.1698155970109354,0.09096792027411632,0.06275645497963515,0.11674960130913474,0.06750323481880022,0.05427849603894598,910.371998422884
TGGAAATCTAATCCATCTAGACATTGTCCTAAATGTCAACATGTTATTGCTAATTCTGCTGTTGTTGCTGCTTGGCCAGGTTTGCCAAGAGGTGTTAAATTTGCTCCATCTGCTCCAGCT,0.12415727382557729,0.12491756449187004,0.15449467895964447,0.10031601398189169,0.10010076493643423,0.15518621950072073,0.14655382494061112,0.09427365936325037,1415.840162059906
TGGAAATCTAGACCATCTAGACATTGTCCTAAATGTAGACATGTTATTGATAGATCTGATGTTGTTGATGATTGGCCAGGTTTGCCAAGAGGTGTTAAATTTGATCCATCTGATCCAGAA,0.052640080459216844,0.10970788607021104,0.11229000693401663,0.12531716484126165,0.11856428618296623,0.23435802687502566,0.20225820163485364,0.044864347002448415,1352.5085509267965
TGGAAATCTGAACCATCTAGACATTGTCCTAAATGTGAACATGTTATTGATGAATCTGATGTTGTTGATGATTGGCCAGGTTTGCCAAGAGGTGTTAAATTTGATCCATCTGATCCAGAA,0.13445037667735985,0.04919043574053029,0.07604675740088628,0.20368610086809072,0.12044388125824251,0.14564483970664072,0.12469575307651445,0.14584185527173518,1697.2918308373814
TGGAAATCTGATCCATCTAGACATTGTCCTAAATGTGATCATGTTATTGATGATTCTGATGTTGTTGATGATTGGCCAGGTTTGCCAAGAGGTGTTAAATTTGATCCATCTGATCCAGAA,0.07727520045069047,0.07774840360527248,0.11325173245866103,0.20413252221380948,0.20475211698845022,0.14008771278864873,0.09874359964255917,0.08400871185190839,1305.7449571361865
TGGAAATCTGCTCCATCTAGACATTGTCCTAAATGTGCTCATGTTATTGATGCTTCTGATGTTGTTGATGATTGGCCAGGTTTGCCAAGAGGTGTTAAATTTGATCCATCTGATCCAGAA,0.3100168678352638,0.2975984702798278,0.18316603636054185,0.11444032044946462,0.04664394746740068,0.04446021441821576,0.0030194320672736184,0.0006547111220119432,340.5237351948508
TGGAACTCTAATCCATCTAATCATTGTCCAAATTGTCAACATGTTATTGATAATTCTGATGTTGTTGATGATTGGCCAGGTTTGCCAAATGGTGTTAACTTTGATCCATCTGATCCAGAA,0.03144715592818934,0.11370526542820095,0.13164109289170078,0.2560079811476745,0.2589408971793427,0.1836313461696533,0.015790971585326972,0.008835289669911426,747.2719164808505
TGGAAGAAGATTATGGTCTTGTATACTAACTTTAAGAAGAAATCTAAACCTAAGAAGACTAATTGGGTTATTCATCAATATCATGTTGGTATTCATGAAGATGAAAGAGAAGGTGAATTG,0.04749499442180411,0.25485778785431606,0.37430148095392823,0.24623819523516685,0.0,0.04353416835848797,0.014683048232245413,0.018890324944051337,527.6872657296842
TGGAGACCAGAACCAAATACTTCTTCTCCATCTATGCCAGAATTGTCTCCAGTCTTGGGTTTGCATCAAGGTCAAGGTGCTGGTGATTCTCCAACTCCAGGTCCATCTAATGCTGCTCCA,0.13981089265884405,0.17673551176313346,0.12713426592739635,0.2509098717541259,0.121873953780454,0.12486548536021036,0.04156004926442446,0.01710996949141154,706.9520506105155
TGGAGATCTAATGATGGTAAGAAAGAAATTAAAGATGGTCATATGCAGAAAGGTGATGGTTTGAGAGCTTCTGATGATTTGCAGAAAGTTGTCTTGTGTAGAATTAGATATAAGAAAGAA,0.2062561304408094,0.1828716238332804,0.21545115904262221,0.1914501913546037,0.10793503088992247,0.07389461607897779,0.020953575632462786,0.0011876727273211394,483.6502898294567
TGGATTATGCAAGAATATTCTTTGCCAGATTCTTCTTCTTCTTCTTCTAGATCTTCTAAGAGATCTTCTAGAGCTTCTTCTTCTTCTCATAAACCAGATTATTCTAAATGGGTTATTTGT,0.46112930309863515,0.1739824045866177,0.17931395964059862,0.09605606476519159,0.028399987061967547,0.0,0.026729594933339804,0.034388685913649714,524.2370844424296
TGGATTATGCATGAATATAGATTGGAATCTGATGAGAATGCTCCACCACAAGAAGAAGGTTGGGTTGTTTGTAGAGCATTTAAGAAGAAACCAATGACTGGTCAAGCTAAGAATACTGAA,0.03409413579767914,0.05880499709633538,0.04848562428391158,0.05411061176965487,0.15838388457309807,0.21429167300162613,0.2574815657423201,0.17434750773537463,2252.0177567418227
TGGCAATCTAATCCATCTCAACATTGTCCACAATGTCAACATGTTATTGATAATTCTGATGTTGTTGATGATTGGCCAGGTTTGCCACAAGGTGTTCAATTTGATCCATCTGATCCAGAA,0.07611122224500878,0.10075960217308906,0.13458610283835382,0.1958161777943818,0.19342231601772458,0.2276508080575514,0.06687399054590049,0.004779780327990029,838.4533445372359
TGGCATAAAGAAGAAAGAGAAGAACCAGTTGTCTTGGATGGTGTTCAAAGAGGTTGTAAGAAGATTATGGTCTTGTATGGTGGTAAAGCTGTTAAAGAAGAATGGGTTATGCATCAATAT,0.09829958862775412,0.10989059658480196,0.12231875683937103,0.1820125136397935,0.06457669959878895,0.10011325972317539,0.19246529557792116,0.13032328940839388,1682.7965659903052
TGGCATAAAGAAGGTAGAGAGAAACCAGTTGTCTTGGATGGTGTTCAAAGAGGTTGTAAGAAGATTATGGTCTTGGAAGGTGGTAAAGCTGTTAAAGAGAATTGGGTTATGCATCAAGAA,0.3678613883571703,0.2250532072655811,0.08047488638969656,0.20236327020368147,0.020463313812325027,0.06580521279994896,0.02311167626958931,0.014867044902007274,491.47713083578765
TGGCATAAAGAAGGTAGAGAGAAACCAGTTGTCTTGGATGGTGTTCAAAGAGGTTGTAAGAAGATTATGGTCTTGTATGGTGGTAAAGCTGTTAAAGAGAATTGGGTTATGCATCAATAT,0.1375749804055246,0.13841743586781735,0.19258982577252629,0.2037881813921237,0.16098613796378178,0.13398334306149565,0.029240213984382774,0.00341988155234783,620.2771480545514
TGGCATAAAGATGATAGAGATGATCCAGTTGTCTTGGATGGTGTTCAAAGAGGTTGTAAGAAGATTATGGTCTTGTATGGTGGTAAAGCTGTTAAAGATGATTGGGTTATGCATCAATAT,0.14482968913334177,0.2179426265509794,0.2677089928545074,0.2139571359799551,0.08116220754557238,0.05679107557508415,0.010947836018161867,0.006660436342397845,475.9125953466879
TGGCATAAAGATGGTAGAGATAAACCAGTTGTCTTGGATGGTGTTCAAAGAGGTTGTAAGAAGATTATGGTCTTGGATGGTGGTAAAGCTGTTAAAGATAATTGGGTTATGCATCAAGAT,0.009788173759903445,0.007878490171284551,0.019487808854591268,0.009786896087978588,0.017361593333321785,0.0888217399491356,0.4030642497318988,0.443811048111886,4015.148628950523
TGGCATAAAGATGGTAGAGATAAACCAGTTGTCTTGGATGGTGTTCAAAGAGGTTGTAAGAAGATTATGGTCTTGTATGGTGGTAAAGCTGTTAAAGATAATTGGGTTATGCATCAATAT,0.18984016825218847,0.19100267531731913,0.26997367308241726,0.09038827999810504,0.13362123405610887,0.049716720957382485,0.07545724833647872,0.0,573.0919963459521
TGGCATAAAGCTGGTAGAGCTAAACCAGTTGTCTTGGATGGTGTTCAAAGAGGTTGTAAGAAGATTATGGTCTTGGCTGGTGGTAAAGCTGTTAAAGCTAATTGGGTTATGCATCAAGCT,0.2340271390129648,0.290400950128268,0.09707028995188226,0.07799886364465874,0.06149649440033282,0.07150351311946862,0.06511441111747612,0.10238833862494885,1137.707998395647
TGGCATAAAGCTGGTAGAGCTAAACCAGTTGTCTTGGATGGTGTTCAAAGAGGTTGTAAGAAGATTATGGTCTTGTATGGTGGTAAAGCTGTTAAAGCTAATTGGGTTATGCATCAATAT,0.12781525575759292,0.014288660719659655,0.017671830695920838,0.0,0.06997221021321445,0.11715615362573374,0.3819687390262093,0.271127149961669,2955.6145084247373
TGGCATAAAGCTGGTAGAGCTAAACCAGTTGTCTTGGATGGTGTTCAAAGAGGTTGTAAGAAGATTATGGTCTTGTTTGGTGGTAAAGCTGTTAAAGCTAATTGGGTTATGCATCAATTT,0.24822490072138195,0.1902818537837511,0.0441254008669852,0.17071441756105146,0.1397728114685815,0.11917938707075428,0.08770122852749454,0.0,676.7441762284246
TGGCATAAGACTGGTAAGACTAAACCAGTTATGGTTGATGGTAAACATTTGGGTTGTAAGAAGATTATGGTCTTGTATATGTCTACTGTTAAAGGTGGTAAACCTAAGAAGACTAATTGG,0.07727284005258937,0.1399428517554271,0.11538503301542745,0.13735600614795462,0.16751934226081838,0.16998888591140868,0.1003331735408794,0.09220186731549494,1357.0343937313999
TGGCATAAGACTGGTAAGACTAAACCAGTTATGGTTGATGGTGTTCAGAAAGGTTGGAAGAAGATTATGGTCTTGTATACTAATTTGGTTAGAGGTGGTAAATCTGAGAAGACTAATTGG,0.16810178621272379,0.2255082345523233,0.06972562754012235,0.31125896947322856,0.05521619521413721,0.051361001662297456,0.051968563528347354,0.06685962181682006,924.0388836558539
TGGCATAAGACTGGTAGAACTAAACCAGTTATCTTGGATGGTGTTCAAAGAGGTTGTAAGAAGATTATGGTCTTGTATATGTCTATGGCTAGAGGTGGTAAACCAGAGAAGACTAATTGG,0.08969507615243122,0.10528505607238434,0.027902940293893595,0.08304015560756525,0.09575161617863404,0.16442998230376527,0.22876571414177954,0.2051294592495468,2282.9467613249603
TGGCATAAGACTGGTAGAACTAAACCAGTTGTCTTGGATGGTGTTCAAAGAGGTTGTAAGAAGATTATGGTCTTGTATGGTGGTAAAGCTGTTAAGACTAATTGGGTTATGCATCAATAT,0.16888244493717186,0.16991661508790196,0.19104390239418756,0.1193962426638582,0.030257791234644584,0.08443557872141118,0.07119532321571921,0.16487210174510544,1557.111395578648
TGGCATTTGTTGGCTAAAGTTGGTGCTGGTAATTCTAAACCACATCCATTTATTGATGAATTTATTACTTCTTTGGAAGTTGATGATGGTATTTGTTATACTCATCCACAACATTTGCCA,0.09654470263228117,0.06745548937099144,0.06006753522706575,0.16088683406526305,0.2351967731430089,0.24089868848793639,0.10695080139622765,0.031999175677225745,1119.406916634585
TGGCCATTGTCTTCTTCTGTTCCATCTCAGAAGACTTATCAAGGTTCTTATGGATTTAGATTGGGATTCTTGCATTCTGGTACTGCTAAATCTGTTACTTGTACTTATTCTCCAGCTTTG,0.40754742508798864,0.2558991251657977,0.16034313295950836,0.1203213696757641,0.028355557475897446,0.023718872850665405,0.0007331807293057568,0.0030813360550725776,307.18372821219265
TGGGAAACATTTCCAGATGATTCTGGTTCTCAATTTATCTTAAATTCTCAACAATTGGTTGAAGCTTTGTCTTTGTGTGATGATTTGTTGGGTTCTCAAGATAGAGAAGAGAATACTAAT,0.15370204004167737,0.12371460105615094,0.15300688618560493,0.1366062017556863,0.10602128794590424,0.08453047193300338,0.11404053811399043,0.12837797296798228,1477.6508651833892
TGGGAACATGGTTGGGAGAATGGTGCTAAAGAAATGTGGGATGATAAAGAAGAACAAGAGAAAGATAGAGATAATGAGAATCAAGGTGAAGAAGATCCAACTTGGTGGGATTCTGGTTCT,0.28206449071378586,0.19865422046374742,0.0,0.25069126418955917,0.02779481705658951,0.180979284729287,0.026160019000989312,0.03365590384604178,759.5282189041908
TGGGAACCAACTGACTTTGATTCTGGTTCTCAATTTATCTTAAATTCTCAACAATTGGTTGAAGCTTTGTCTTTGTGTGATGATTTGTTGGGTTCTCAAGATAGAGAAGAGAATACTAAT,0.181258133901573,0.2799510121875113,0.18795661571741967,0.17134253378262382,0.08930646780571151,0.052465952943900475,0.020644783269150122,0.017074500392110104,540.7034171165365
TGGGAAGATGATACTTCTTCTCCATTTGGTCAATTTATCTTAAATTCTCAACAATTGGTTGAAGCTTTGTCTTTGTGTGATGATTTGTTGGGTTCTCAAGATAGAGAAGAGAATACTAAT,0.017154826864088077,0.15901722122844275,0.0531914035876459,0.1031029856138887,0.2524586672177779,0.3436125877029266,0.04746981414615856,0.023992493639071674,1047.754318510526
TGGGAAGTTAGACCAGGTGCTGAAACTAAATTCTTTAAAGGTGAGAATAGAGGTTATGAATTTGTTAAAGATTCTTTGCAAGATATTGGTAAATACTTTGAAATTGATTCTACTTTGGAT,0.002718341731183655,0.008433939105947657,0.04803234112449841,0.19207107426933032,0.3325414924894182,0.29072302028413766,0.11243027085054044,0.013049520144943691,1140.038214690518
TGGGAATCTAATCCATCTGAACATTGTCCAGAATGTCAACATGTTATTGATAATTCTGATGTTGTTGATGATTGGCCAGGTTTGCCAGAAGGTGTTGAATTTGATCCATCTGATCCAGAA,0.14489583083764443,0.20998444006581235,0.22548546120920104,0.2537989791504319,0.08650253176102228,0.061720558362351324,0.013405640337280077,0.00420655827625648,480.94301515699067
TGGGAATTTACTCCAGATGATTCTGGTTCTCAATTTATCTTAAATTCTCAACAATTGGTTGAAGCTTTGTCTTTGTGTGATGATTTGTTGGGTTCTCAAGATAGAGAAGAGAATACTAAT,0.21224386372172277,0.24639641800399836,0.14221034464248944,0.16324319927825914,0.09652914178380463,0.10475439239863137,0.015141936822683357,0.019480703348411097,596.1799811845925
TGGGATACTCCATTTGATGAATCTGGTTCTCAATTTATCTTAAATTCTCAACAATTGGTTGAAGCTTTGTCTTTGTGTGATGATTTGTTGGGTTCTCAAGATAGAGAAGAGAATACTAAT,0.00025881699972829855,0.0008463061554239601,0.013516373711821416,0.11942665697407089,0.35169211116346344,0.4101759599698027,0.08749434216744119,0.01658943285824798,1227.0328040974334
TGGGATGAGAATGTTGAAGATCAAGAAATTAATTCTGTTGGTGATTCTAAATGGTGGGAAGGTGAAGATCAATTCTTGTTGGATGATCAACAATTGTTGGATGGTTTGTATTTGTGTGAT,0.04170959867241854,0.03433500979257502,0.061337777593344765,0.06740065329526375,0.08593826190859627,0.1459738383357459,0.3551847728617807,0.20812008754027517,2576.5390531343155
TGGGATGAGAATGTTGAAGATCAAGAAATTAATTCTGTTGGTGATTCTAAATGGTGGGAAGGTGAAGATCAATTCTTGTTGGATTCTCAACAATTGTTGGATGGTTTGTATTTGTGTGAT,0.007505388495314251,0.007165989727533883,0.01571222087112021,0.05806534565386996,0.14330145723133497,0.22468234650428354,0.3534780714767943,0.19008918003974903,2578.3211635687953
TGGGATGAGAATGTTGAAGATCAAGAAATTAATTCTGTTGGTGATTCTAAATGGTGGGAAGGTGAAGCTCAATTCTTGTTGGATGCTCAACAATTGTTGGATGGTTTGTATTTGTGTGAT,0.05846959341411558,0.185895337262055,0.18528639683633039,0.2035342354596069,0.006913957789749183,0.050020642053505086,0.13593030733960523,0.1739495298450326,1743.9524935043387
TGGGATGAGAATGTTGAAGATCAAGAAATTAATTCTGTTGGTGATTCTAAATGGTGGGAAGGTGAAGCTCAATTCTTGTTGGATTCTCAACAATTGTTGGATGGTTTGTATTTGTGTGAT,0.0005804401694524028,0.00042472331520777113,0.0002954735751481026,0.005100172029140299,0.00036398058527096805,0.009987740326783942,0.3869356005739583,0.5963118694250383,4810.343945896466
TGGGATGAGAATGTTGAAGATCAAGAAATTAATTCTGTTGGTGATTCTAAATGGTGGGAAGGTGAATCTCAATTCTTGTTGGATGATCAACAATTGTTGGATGGTTTGTATTTGTGTGAT,0.25144314409173624,0.17708801860912965,0.09386472485928667,0.11173792118362887,0.1734415885081608,0.06914224309784471,0.09328019149752304,0.030002168152690113,825.1259308838976
TGGGATGAGAATGTTGAAGATCAAGAAATTAATTCTGTTGGTGATTCTAAATGGTGGGAAGGTGAATCTCAATTCTTGTTGGATGCTCAACAATTGTTGGATGGTTTGTATTTGTGTGAT,0.14036881265897122,0.20641070405560852,0.14779553618034635,0.1319534521443108,0.15960038586730838,0.12371424199071718,0.045063967699663435,0.04509289940307398,878.1245146620242
TGGGATGAGAATGTTGAAGATCAAGAAATTAATTCTGTTGGTGATTCTAAATGGTGGGAAGGTGAATCTCAATTCTTGTTGGATTCTCAACAATTGTTGGATGGTTTGTATTTGTGTGAT,0.18799636506114437,0.15762298449622242,0.11696631687687016,0.13923838924494558,0.09262641605391798,0.14359873615787416,0.0871784404635818,0.07477235164544355,1139.8132415849539
TGGGATTCTAATCCATCTGATCATTGTCCAGATTGTCAACATGTTATTGATAATTCTGATGTTGTTGATGATTGGCCAGGTTTGCCAGATGGTGTTGACTTTGATCCATCTGATCCAGAA,0.15775748760743483,0.16966998340564288,0.17599757727483845,0.15108898005209082,0.09112893789596478,0.1296426031271176,0.08576903895588829,0.038945391681022255,911.9133250635323
TGGGATTTGCCAAGAGTTTCTTCTGTTGGTGAGAAAGAATGGTACTTCTTCTGTATGAGAGGTAGGAAATATAGAAATTCTGTTAGACCAAATAGAGTTACTGGTTCTGGATTCTGGAAA,0.08918423150328578,0.019940080203115048,0.061653385213300334,0.02201792347869249,0.08788271762579582,0.0363318880835249,0.25733166819284115,0.42565810569944457,3539.454570464188
TGGGCTTCTAATCCATCTGCTCATTGTCCAGCTTGTCAACATGTTATTGATAATTCTGATGTTGTTGATGATTGGCCAGGTTTGCCAGCTGGTGTTGCATTTGATCCATCTGATCCAGAA,0.11506540120112194,0.06360989933488312,0.12744703634372415,0.22195311685876867,0.23923239955480197,0.14371677410128955,0.0633266862165536,0.02564868638885698,890.1289111662451
TGGGGTGTTGATGATAACTTTGATGTTGATCCATTTGTTGGTAATAATAATGGTGATTTGGATCATGCTTTGTCTGGTGATCCATGGTATCCATTGTTTCCACAAGAAGATCAAGCTCAA,0.0011938702753127714,0.0015411379775257558,0.0012893786052600236,0.0012512729945394997,0.0010210676229769576,0.0008671874251124087,0.2572169094452212,0.7356191756540513,5346.583224973674
TGGGGTGTTGATGATAACTTTGATGTTGCTCCATTTGTTGGTAATAATAATGGTGATTTGGATCATGCTTTGTCTGGTGATCCATGGTATCCATTGTTTCCACAAGAAGATCAAGCTCAA,0.040549971528723014,0.023313304983525057,0.036041584539862635,0.06435663246260231,0.06849977793205736,0.10619520820510472,0.32235425198478473,0.33868926836334035,3241.0555588837765
TGGGGTGTTGATGATAACTTTGATGTTTCTCCATTTGTTGGTAATAATAATGGTGATTTGGATCATGCTTTGTCTGGTGATCCATGGTATCCATTGTTTCCACAAGAAGATCAAGCTCAA,0.00162759695232998,0.00204695465069046,0.0242529040306217,0.1098032485242937,0.4014422901008839,0.403250881225579,0.05068185807740711,0.006894266438194082,1098.533084672838
TGGGGTTTTTCTGATGATGAAACTTCTCCACAATTTATCTTAAATTCTCAACAATTGGTTGAAGCTTTGTCTTTGTGTGATGATTTGTTGGGTTCTCAAGATAGAGAAGAGAATACTAAT,0.02084495221462805,0.031458897844263804,0.02593834498051501,0.03473705212834586,0.04108150103494185,0.07642638304803352,0.22232504216460103,0.5471878265846709,4226.727064348999
TGGGTTGTTTGTAGAGCATTTAAGAAGAAACCAATGACTGGTCAAGCTAAGAATACTGAAACTTGGTCTTCTTCTTACTTCTATGATGAATTGCCATCTGGTGTTAGATCTGTTACTGAA,0.1433908079860916,0.24245186324974255,0.1561243787223452,0.14823966185368026,0.07064911406402667,0.08579640386910518,0.08681131054047077,0.06653645971453777,1021.5102743059432
TGGGTTTCTAATCCAACTAAAGAATGTCCAAGATGTTCTCATATTATTGATAATTCTGATGTTGTTCATCAATGGCCAGGTTTGCCTAAAGGTGTTAAATTTGATCCATCTGATCAAGAA,0.22207970062317192,0.366973696947486,0.1079755154316999,0.12091061584368486,0.04637642830452867,0.03100574446843889,0.04501274467011709,0.05966555371087268,787.7830284721557
TGGTCATTTGAAACTGATCCAGATGGTTCTCAATTTATCTTAAATTCTCAACAATTGGTTGAAGCTTTGTCTTTGTGTGATGATTTGTTGGGTTCTCAAGATAGAGAAGAGAATACTAAT,0.082625269201656,0.1001135110273681,0.10216287952901615,0.10296939255175609,0.09325387575932358,0.11635623192549328,0.2177895725734913,0.18472926743189547,2089.2497542541873
TGGTCTGGTTGGTCTTCTCATCCATGGATTGATGAATGGATTCCAACTGTTAATCAAGATGATGGTATTTGTTGGACTCATCCTAAGAATTGGCCAGGTGTTAAATCTGATGGTACTGTT,0.14382917337245948,0.17525146953680037,0.2790005812831868,0.16657830906989582,0.15250071198470203,0.07800782889026062,0.004239121680843305,0.0005928041818515107,474.8396639653154
TGGTGGGAAGGTGAAGATCAATTCTTGTTGGATGATCAACAATTGGCTGAGAATTTGGCTATTTGTGATGAGTTCTTGCAAGATCAAGATCAAACTTCTTGTGGTGGTGGTGATGATGAA,0.0015689039448746006,0.00020151208085574665,0.000638166312183117,8.226146425546697e-05,8.971033336907214e-05,0.00037773566620755074,0.2830409143838418,0.7140007958144126,5273.657739418222
TGGTGGGAAGGTGAAGATCAATTCTTGTTGGATTCTCAACAATTGGCTGAGAATTTGGCTATTTGTGATGAGTTCTTGCAATCTCAATCTCAAACTTCTTGTGGTGGTGGTGATGATGAA,0.05948699043343673,0.07182151864257759,0.0888269196586946,0.10574084527160654,0.14654716126800757,0.11995741265012616,0.1875817373105687,0.22003741476498218,2268.5135559635182
TGGTGGGAAGGTGAAGCTCAATTCTTGTTGGATGCTCAACAATTGGCTGAGAATTTGGCTATTTGTGATGAGTTCTTGCAAGCTCAAGCTCAAACTTCTTGTGGTGGTGGTGATGATGAA,0.0008951269965336866,0.0011257605059349697,0.0013366178592342142,0.004325882409217218,0.006328808644795142,0.006871505248946221,0.3038057896731955,0.6753105086621431,5097.62671456255
TGGTGGGAAGGTGAAGCTCAATTCTTGTTGGATTCTCAACAATTGGCTGAGAATTTGGCTATTTGTGATGAGTTCTTGCAATCTCAATCTCAAACTTCTTGTGGTGGTGGTGATGATGAA,0.014268548694869428,0.01667820549330967,0.01488288420865093,0.10956442008441603,0.4561333230771215,0.22310602042317274,0.15685398975497603,0.008512608263483549,1182.8380551261184
TGGTGGGAAGGTGAATCTCAATTCTTGTTGGATGATCAACAATTGGCTGAGAATTTGGCTATTTGTGATGAGTTCTTGCAATCTCAATCTCAAACTTCTTGTGGTGGTGGTGATGATGAA,0.10521348485276227,0.09205023578452408,0.05692262606759027,0.14738129381770573,0.15777094167195205,0.20545752912654358,0.16970443800117485,0.06549945067774723,1386.1318605352844
TGGTGGGAAGGTGAATCTCAATTCTTGTTGGATGCTCAACAATTGGCTGAGAATTTGGCTATTTGTGATGAGTTCTTGCAATCTCAATCTCAAACTTCTTGTGGTGGTGGTGATGATGAA,0.0026997515697264884,0.00020995430293262903,0.00022720759818486603,0.00023183245648483795,0.0002441869564053992,0.00038254792152797395,0.33277406580057584,0.663230453394162,5080.048758915371
TGGTGGGAAGGTGAATCTCAATTCTTGTTGGATTCTCAACAATTGGCTGAGAATTTGGCTATTTGTGATGAGTTCTTGCAAGATCAATCTCAAACTTCTTGTGGTGGTGGTGATGATGAA,0.3107136885293887,0.26480446122600904,0.1182649811848815,0.0974660801210456,0.09005272796884402,0.040207319258836687,0.030512206113299706,0.04797853559769484,703.1555707196109
TGGTGGGAAGGTGAATCTCAATTCTTGTTGGATTCTCAACAATTGGCTGAGAATTTGGCTATTTGTGATGAGTTCTTGCAAGCTCAATCTCAAACTTCTTGTGGTGGTGGTGATGATGAA,0.09924020715878454,0.09397450864749277,0.13801735491316902,0.18807780002285449,0.14381167790096358,0.10166576974932356,0.10286839903580884,0.13234428257160322,1531.5038172796592
TGGTGGGAAGGTGAATCTCAATTCTTGTTGGATTCTCAACAATTGGCTGAGAATTTGGCTATTTGTGATGAGTTCTTGCAATCTCAAGATCAAACTTCTTGTGGTGGTGGTGATGATGAA,0.005359444116943683,0.004128775197843739,0.027820257867900815,0.06391764717193282,0.13199696033227434,0.2414293362934248,0.3158721801226517,0.20947539889702804,2623.9567850896788
TGGTGGGAAGGTGAATCTCAATTCTTGTTGGATTCTCAACAATTGGCTGAGAATTTGGCTATTTGTGATGAGTTCTTGCAATCTCAAGCTCAAACTTCTTGTGGTGGTGGTGATGATGAA,0.15980026867262404,0.1824381464443035,0.1895742634759522,0.13613904789548603,0.11096205940229541,0.11991118492595597,0.053753639612391164,0.047421389570991686,885.5255429908601
TGGTTGGTTGATGAAGCTATTTCTGAAATTAATATCTTGAATCATAAACCATCTAAAGATTTGCCTAAATTGGCTAGGATTCAATCTGAAGATTTGGAATGGTACTTCTTCTCTCCAATT,0.028730508994257085,0.08671933023955493,0.05362606587573751,0.09575586245835162,0.14155614544341605,0.03950180953195899,0.15987634444078408,0.3942339330159397,3173.020078990713
TGGTTGTACTTCTGTCCATTGGATAGGAAATATCCATCTGGTTCTAGACAGAATAGAGCTACTGTTGCTGGTTATTGGAAAGCTACTGGTAAAGATAGGAAGATTAAATCTGGTAAGACT,0.129954390125133,0.10169458449740684,0.1617083007958472,0.12833326112766516,0.1565152052479975,0.13235210637586517,0.12052595866755453,0.06891619316253073,1211.072967341878
TGTAAATGGGAACCATGGGATTTGCCAGACTTCTCTGTTATTAAGACTAAAGATTCTGAATGGTTGTACTTCTGTCCATTGGATAGGAAATATCCATCTGGTTCTAGACAGAATAGAGCT,0.17604227035395417,0.10939782276699811,0.08375731646107137,0.14380661043125248,0.19898395322432416,0.18509089792750452,0.07203091672481717,0.030890212110077964,938.760467064049
TGTAAGAAGATTATGGTCTTGTATGTTTCTCCAATTAAAGGTGGTAAAGCTGAGAAGACTAATTGGGTTATGCATCAATATCATTTGGGTACTGGTGAAGATGAAAGAGAAGGTGAATAT,0.10298699354289319,0.13815686090521437,0.12815151311054718,0.3051068160690909,0.1353120646269744,0.06293228960527472,0.12735346214000526,0.0,758.5059991317808
TGTAAGAATGCTAAAGAATATTATGCTTTGTATAAATTGTATAAGAAATCTGGTGCTGGTCCTAAGAATGGTGAACAATATGGTGCTCCATTTCAAGAAGAAGAATGGGTTGATTCTGAT,0.13201439375655105,0.11621994856272463,0.041067914816902217,0.18332939114771984,0.032521959020917715,0.13613074446463946,0.12243650522389808,0.2362791430066471,2179.2611143101653
TGTAGAGTCTTTCAGAAATCTGCTGGTGGTAAGAAGATTCCAATTTCTTCTTTGATTAGAATTGGTTCTTTGGGTACTGACTTTAATCCATCTTTGTTGCCATCTTTGACTGATTCTTCT,0.014142417820031816,0.01802342592194615,0.028156910776098044,0.11626692351638106,0.27035897896922406,0.33790263120649067,0.15214976717865217,0.06299894461117628,1537.3674505366116
TGTCAAAGATTGGAACCAACTGATAATACTAATTTGGAATTGGATAATACTGATGAATTTAGATTGGATCAAATTGAATTTGATCAAGATTCATTTATGACTTGGGCTGCTGAGAAGATT,0.47875155409260517,0.22403871705855666,0.13854252525370447,0.061846131989092064,0.02194255222863687,0.030615785562172867,0.030977947186843668,0.013284786628388183,422.2577401912944
TGTCAAAGATTGGAACCAACTGATAATACTAATTTGGAATTGGATAATACTGATGAATTTAGATTGGATCAAATTGAGTTCTCTCAAGATTCATTTATGACTTGGGCTGCTGAGAAGATT,0.3660610768530852,0.24949537196954072,0.1616314624549891,0.06559378030336407,0.0814526658921778,0.07576564252684308,0.0,0.0,364.30873547540176
TGTCAAAGATTGGAACCAACTGATAATACTAATTTGGAATTGGATAATACTGATGAATTTAGATTGGCTCAAATTGAATTTGCTCAAGATTCATTTATGACTTGGGCTGCTGAGAAGATT,0.11793223526604817,0.05932720311341964,0.0,0.1965280688518077,0.1743167792585035,0.10809732367518683,0.2734400834700829,0.07035830636495116,1564.9407308561497
TGTCAAAGATTGGAACCAACTGATAATACTAATTTGGAATTGGATAATACTGATGAATTTAGATTGGCTCAAATTGAGTTCTCTCAAGATTCATTTATGACTTGGGCTGCTGAGAAGATT,0.06881594928270737,0.07092606717117515,0.11695926586522624,0.19206280645666426,0.22989813734136688,0.17230809561572674,0.09495650523847547,0.05407317302865792,1161.6360785528614
TGTCAAAGATTGGAACCAACTGATAATACTAATTTGGAATTGGATAATACTGATGAATTTAGATTGTCTCAAATTGAATTTGATCAAGATTCATTTATGACTTGGGCTGCTGAGAAGATT,0.1426814482670273,0.14355517374462562,0.17754517205717174,0.03170284972059233,0.1124793763841876,0.10462606876547915,0.18526150326941354,0.10214840779150272,1488.4831946655781
TGTCAAAGATTGGAACCAACTGATAATACTAATTTGGAATTGGATAATACTGATGAATTTAGATTGTCTCAAATTGAATTTGCTCAAGATTCATTTATGACTTGGGCTGCTGAGAAGATT,0.3128139399889256,0.22621182123626193,0.1338043286700696,0.1520424829072485,0.057796664333355015,0.04480108540299937,0.07252967746113982,0.0,510.9646048970203
TGTCCAAATTGTCAATTTATTATTGATAATAATGATGTTTCTAATGATTGGCCAGGTTTGCCAAGAGGTGTTAAATTTGATCCAACTGATCAAGAAATTATTTGGCATTTGTTGGGTAAA,0.08563830734511486,0.0738537624864415,0.12178712547182484,0.10873286195281322,0.03616651759830706,0.022427581416192475,0.1134644138443819,0.437929429884924,3259.509630607129
TGTCCAACTGATTTGGGTTTGGTTAGATTGTATTTGAGAAATAAAGTTGAAAGAAATCAATCTTCATTTATTACTACTATGGATATTCATCAAGATTATCCATGGTTGTTGCCACATGTT,0.022502218574608747,0.052826697874797754,0.021778212327101466,0.066664537215859,0.13797050705079147,0.2108400294690248,0.28753727574195775,0.19988052174585896,2465.8008201924945
TGTCCACAGAAAGATAAATTGTCTGGTTCTAATACTAATGAAGAAAGAGATCAATCTGGTTTGTTGGATGATTGTTTGTCTTTGGCTGAAGTCTTGCAACAATCTAATTTGATCTTTCAA,0.04638273761232566,0.058333459233497295,0.12986145197738125,0.21900100386405394,0.20567632120767299,0.15943000410288205,0.13980714857456433,0.04150787342762253,1172.6715663387422
TGTCCAGTTCAATTGTGGGTTGATTCTACTCCACCACCAGGTACTAGAGTTAGAGCTATGGCTATTTATAAACAATCTCAACATATGACTGAAGTTGTTAGAAGATGTCCACATCATGAA,0.008102774766825504,0.0203809824891932,0.025206650156511554,0.040508585468755715,0.02794584302464274,0.011140570658998206,0.3156259455285749,0.5510886479064983,4392.1770440667815
TGTGAACAAATTGATTGTCAGAATATCTTGAAAGCTGAGAATAGAGTTGATGAAGTCTTGGATCATAATGATAATCATGGTGAAGAAGAAGCTAAATGGTGGGATAATGAAGATCAATTT,0.08885352596579794,0.16054754328640228,0.22951095321198922,0.2756107978668597,0.11826810761167413,0.10682218407121562,0.005463965197500059,0.01492292278856101,606.6196519713453
TGTGAACAAATTGATTGTCAGAATATCTTGAAAGCTGAGAATAGAGTTGATGAAGTCTTGGATCATAATGATAATCATGGTGAAGAAGAAGCTAAATGGTGGGATAATGAAGCTCAATTT,0.11128378187138621,0.2333434875269433,0.26898577633663406,0.22702429271284735,0.08539874902068645,0.05686910504167037,0.01415711533297098,0.0029376921568612505,469.4459045459579
TGTGAACAAATTGATTGTCAGAATATCTTGAAAGCTGAGAATAGAGTTGATGAAGTCTTGGATCATAATGATAATCATGGTGAAGAAGAAGCTAAATGGTGGGATAATGAATCTCAATTT,0.07410905713784958,0.049708581378026875,0.15369558622073193,0.24699794506350503,0.31645268832213336,0.11321460326518192,0.04582153861257125,0.0,711.5355357089219
TGTGCTAGATCTAATGGTAATTTGACTTTGGAAGAAATCTTGCAATCTTTGGAAAGAAGAAGAATTAATGGTGAATTGGCTAAGAAACCACCATATTCTTATGCTACTTTGATTTGTTTG,0.14823471199183355,0.22371366523222175,0.06148511892539052,0.19213102557664927,0.04869048080485513,0.13587273747445422,0.16039334425197058,0.029478915742624828,1014.0645090253671
TGTGTCTTGTTTAAGAAGAATGGTTTGGGTCCAAGACATGGTTCTCAATATGGTGCTCCATTTAAAGAAGAAGATTGGTCTGATAAAGAAGAAGAATATACTCAGAATCATTTGGTTGCT,0.12898639235990458,0.10814687888543126,0.05350125869602479,0.11941625507538647,0.08473601596950439,0.1576394983460174,0.21931835004067113,0.12825535062706,1784.4176427881325
TGTGTTCCAGAACCAGGTGCTGCTGTTGCTGCTTCTAAAGGTTTGCCACAACAATTGCCAGCTCCACCAGATGAAGATGATTCTGCTGCTCCATCTACTTTGTCTTTGTTGGGTCCAACT,0.524704486792475,0.23839334939326282,0.17411763194636073,0.04181609770302962,0.0005535837147074699,0.0037233581619392437,0.014268035671932374,0.0024234566162926793,268.83309390963274
TGTTATACTCATCCACAGAATTTGCCAGGTGTTAAACAAGATGGTTCTGCTGCTCACTTCTTTCATCAAGCTATTAAAGCTTATAATACTGGTACTAGGAAGAGAAGGAAGATTCATGGT,0.003060046945431615,0.018309526359132827,0.0221738047604131,0.07527189360957405,0.07570440315529996,0.044818221967211753,0.24934593355266185,0.5113161696502749,4065.1022004373554
TGTTATACTCATCCTAAGAATTTGCCAGGTGTTAAACATGATGGTACTATGTCTCACTTCTTTCATAGAGCTATTAAAGCTTATTCTACTGGTACTAGGAAGAGAAGGAAGATTCAAGAT,0.13972750294152397,0.15815603206276915,0.10866840018526776,0.1358284511132163,0.12047733572134559,0.0640374918601408,0.21058377285720353,0.06252101325853292,1283.5743493247073
TGTTATTCTTCTTTGGCTACTTCTCCATGTAGAGATGAAGCTTCTCAAATTCAATCATTTAAACCATCTTCTACTACTAATGATTCTTCTTCTATTTGGATTTCTCCAGACTTTATCTTG,0.07637580486418087,0.1536870009427406,0.0475189857557313,0.127276392269665,0.18815302826471061,0.2450226630790056,0.07083459890349011,0.0911315259204759,1367.922021492486
TGTTCTAAGACTTCTTCTTTGGATTCTGATCATACTTCTCATAGAACTGTTGATTCTATGTCTCATGAACCACCATTGCCACAACCACAGAATCCATATTGGAATCAACATATTGTTGGT,0.15168798086122381,0.18087924009212003,0.12233953153374325,0.14355424510158543,0.11625780122270503,0.14418757875166774,0.0807623120860667,0.060331310350888005,1054.5958744230797
TTCTATAGAGGTAGAGCTCCTAAAGGTCAGAAGACTAATTGGGTTATGCATGAATATAGATTGGAAGGTAAATTCTCTGCTCATAATTTGCCTAAGACTGCTAAGAATGAATGGGTTATT,0.1169602049760609,0.11767642360289637,0.10915427321770964,0.2598776397830144,0.17288001187162205,0.10720635546245179,0.08135589427059568,0.03488919681564911,919.6659269402776
TTCTATCAACAACAACAAATTAAACAATCTGATAAGATTGAACAAGACTTTCCAGAATCTTCTGGTGCTTTGATTGCTAAAGTTGATCCAGTTACTCCTAAATCTGCTACTCCAGAACAT,0.5138416575001273,0.2962223174022892,0.12211631263925675,0.03877905764428808,0.008768697322480399,0.010521123531338428,0.0076709611796852714,0.0020798727805344166,258.6365598077382
TTCTATTCTAGGAAGACTCAAGAAAGAGTTACTTCTAATGGTTATTGGGGTTCTATGGGTATGGATGAACCAATTTATACTTCTTCTACTCATAAGAAAGTTGGTATTAAGAAATATTTG,0.15059239708773706,0.18939320765874218,0.23423641769992223,0.12547728327480417,0.03709868013317387,0.10352535327358803,0.06983332001930695,0.08984334085272552,1127.149703209673
TTCTCTAATAATGGTACTTCTTCTACTACTTCTTCTTCTTCTCACTTTGAAGATGTCTTGGATTCATTTCATCAAGAAATTGATAATAGAAACTTTCAATTCTCTAATCCAAATAGAATT,0.035180538346732744,0.05309395534039217,0.13133034763170462,0.1954219230745199,0.20366938677209973,0.04030833927800702,0.1101199225341097,0.23087558702243413,2121.7137247457604
TTCTCTCCATTGCATTCTCAAGTTCAATCTGAATTGGGTTCTTCTTATAATACATTTCAACCAGGTTCTTCTAACTTCTCTGGTAATAATAATAATTCATTTCAAATTCAAACTCAATAT,0.4257375967169415,0.28664127617559587,0.16915908968380797,0.09039513999289778,0.021836095835409214,0.006103974122700897,3.549528463995361e-05,9.133218800681944e-05,255.68741644478743
TTCTCTGAAGATTGGACTCCAGATTCTGGTCAATTTATCTTAAATTCTCAACAATTGGTTGAAGCTTTGTCTTTGTGTGATGATTTGTTGGGTTCTCAAGATAGAGAAGAGAATACTAAT,0.015965381340122584,0.01606314710158536,0.03973293531034999,0.08868498524254582,0.11799292401121793,0.08780372849345298,0.2813342042812994,0.3524226942194261,3243.020480346404
TTCTCTGATCAATCTGGATTTGAATTGCAATCTTTGAGATTTGAACCACCAACTGATTTGGAAATTAATTCTCCAGATTTGGTTATTAAACAATGTGAAGAATTGGATAGGAAATTTGAT,0.18026189215561775,0.14509259647830358,0.08972330754093287,0.32042375497416786,0.035526246512356065,0.03304580475166702,0.06687342333679677,0.12905297425015802,1311.5367856407438
TTCTCTGCTGGTCCAGCTTTGTGTACTATGTTGGATACTTGGAATGAAGATTTGTTCTCTGCTTTGCCAACTAATGCTGATTTGTATAGAGAATGTAAATTCTTGTCTACTTTGCCATCT,0.15250452129164402,0.19946991926278937,0.07590739174878064,0.13554187959100383,0.13525104606359972,0.15376511450904473,0.05657601443741319,0.09098411309572446,1199.8535697921482
TTCTCTGGATTCTCTTCTCATCCATTTATTGATGAATTTATTCCAACTGTTAATCAAGATGATGGTATTTGCTTTACTCATCCTAAGAACTTTCCAGGTGTTAAATCTGATGGTACTGTT,0.046721885969678814,0.059828354162521774,0.073994096879981,0.10381286057506876,0.12974922657250007,0.24138027677668605,0.17726779101801102,0.16724550804555255,2048.2202793210445
TTCTCTGTTATTAAGACTAAAGATTCTGAATGGTTGTACTTCTGTCCATTGGATAGGAAATATCCATCTGGTTCTAGACAGAATAGAGCTACTGTTGCTGGTTATTGGAAAGCTACTGGT,0.17946242582857802,0.1642846508239843,0.11327741372064873,0.13746175849447045,0.07754631833694929,0.13326833494005602,0.1774407511537249,0.017258346701588177,980.6175185707807
TTCTCTTCTCCAGTCTTAAATTCTATTCAAGCTGATATCTTTCATAGGATTCCATTGTATCAAACTCAATCTTTGCAAGTTTCTATGAATTTGCAATCTCCAGTCTTGACTCAAGAACAT,0.009269553415429874,0.03755150554519927,0.1312006008422243,0.2605978119818546,0.3113743661600358,0.2193953588416617,0.02374823183842004,0.006862571375174505,825.6117644362605
TTCTCTTTGCAATTGATTGCTGAAATTGATTTGTATAAATTTGATCCATGGGTCTTGCCAAATAAAGCTTTGTTTGGTGAGAAAGAATGGTACTTCTTCTCTCCAAGAGATAGGAAATAT,0.008459752114471919,0.025875131252973083,0.10021574150986387,0.25338349542650035,0.3361193886759398,0.21711912517449988,0.051155799024837495,0.00767156682091341,901.2662823499047
TTCTTCTCTCATAAAGATAAGAAATATCCAACTGGTACTAGAACTAATAGAGCTACTATGGCTGGATTCTGGAAAGCTACTGGTAGAGATAAAGCTGTTTATGATAAATCTAAATTGATT,0.1867053998322101,0.13841483953650513,0.23232622558733315,0.21834038451962925,0.12588153611861885,0.054042687691401026,0.009113661979697653,0.03517526473460488,661.0517595464214
TTCTTCTCTTCTTCTGTTGATTCTACTCCAATGTTTGATTTGGATGAATCTTTGCAAACTTCTACTTCTTCTGATCCAAATACTTGGACTTCTTTGTTTGATGATGATATTCCAGTTGTT,0.001226747736210386,0.0001006408888086577,0.0004789603306435091,0.0009325870832939612,0.00010014568355961058,0.0003278710299647401,0.2720093535252169,0.7248236937223024,5314.089326956161
TTCTTCTCTTCTTCTGTTGATTCTGATCCAATGTTTGATTTGGATGAATCTTTGCAAACTTCTACTTCTTCTGATCCAAATACTTGGACTTCTTTGTTTGATGATGATATTCCAGTTGTT,0.19610143838685384,0.1302195094368335,0.09760726160809169,0.06100137270368579,0.1507269064868365,0.12941829890419176,0.160049046243956,0.07487616622955076,1305.5900560738596
TTCTTCTCTTCTTCTGTTGATTCTGCTCCAATGTTTGATTTGGATGAATCTTTGCAAACTTCTACTTCTTCTGATCCAAATACTTGGACTTCTTTGTTTGATGATGATATTCCAGTTGTT,0.13094777545185307,0.20531788287932484,0.23311755927056407,0.214501199310947,0.1040771137138994,0.07885014181291937,0.01950248164318851,0.013685845917303837,574.4114934343677
TTCTTGCCAGCTGGTCATACTAGAAGATTGGATACTGCTCCACCAACTGATGTTTCTTTGGGTGATGAATTGCATTTGGATGGTGAAGATGTTGCTATGGCTCATGCTGATGCTTTGGAT,0.1425399370720837,0.23398929872114443,0.14936343838807098,0.15835703446610055,0.16263763355624172,0.08251760591457329,0.03478905286750666,0.03580599901427867,758.7448192364818
TTCTTGCCAGCTGGTCATACTAGAAGATTGGCTACTGCTCCACCAACTGATGTTTCTTTGGGTGATGAATTGCATTTGGATGGTGAAGATGTTGCTATGGCTCATGCTGATGCTTTGGAT,0.18835104469568115,0.1163623711094016,0.06578918684734461,0.05873729709726247,0.05209890125193923,0.06360553118968784,0.18694448248728265,0.2681111853214005,2421.353065432365
TTCTTGCCAGCTGGTCATACTAGAAGATTGTCTACTGCTCCACCAACTGATGTTTCTTTGGGTGATGAATTGCATTTGGATGGTGAAGATGTTGCTATGGCTCATGCTGATGCTTTGGAT,0.10446871595673522,0.11279930316144955,0.16487207426894815,0.11889196032075482,0.145628305943623,0.13078948765187431,0.10397877955873899,0.11857137313787594,1468.65898302003
TTCTTGTTGGATCAAGATCAAACTTCTTGTGGTGGTGGTGATGAACCAAGAGAAACTAAACCATGTTTGGCTGCTTATGCTCATTTGTCTGCTGAAGACTTTAAGAAAGATTTGGAAGAA,0.48448330429863534,0.29463265868721783,0.18207354906079495,0.01370139226678054,0.011198013360420624,0.007832312605612188,0.00024510194688917385,0.005833667773649271,264.5394827856161
TTCTTGTTGGATCAATCTCAAACTTCTTGTGGTGGTGGTGATGAACCAAGAGAAACTAAACCATGTTTGGCTGCTTATGCTCATTTGTCTGCTGAAGACTTTAAGAAAGATTTGGAAGAA,0.04023943175925512,0.14574903237866346,0.11015795836316657,0.08940928714980687,0.22998273621751958,0.13278124959187498,0.19406392995750196,0.0576163745822115,1348.9256750392356
TTCTTGTTGGCTCAAGCTCAAACTTCTTGTGGTGGTGGTGATGAACCAAGAGAAACTAAACCATGTTTGGCTGCTTATGCTCATTTGTCTGCTGAAGACTTTAAGAAAGATTTGGAAGAA,0.16582621894295516,0.18933718056025295,0.12751675117971997,0.07865884874734748,0.12668572651988108,0.07685252076712824,0.06393733862306927,0.17118541465964587,1606.3700331520627
TTCTTGTTGGCTCAATCTCAAACTTCTTGTGGTGGTGGTGATGAACCAAGAGAAACTAAACCATGTTTGGCTGCTTATGCTCATTTGTCTGCTGAAGACTTTAAGAAAGATTTGGAAGAA,0.10533680281433166,0.15489654161781066,0.17140641031264628,0.1530334957668738,0.11178414767700423,0.11883357818462528,0.09769442286595845,0.08701460076074953,1237.9496141890327
TTCTTGTTGTCTCAAGATCAAACTTCTTGTGGTGGTGGTGATGAACCAAGAGAAACTAAACCATGTTTGGCTGCTTATGCTCATTTGTCTGCTGAAGACTTTAAGAAAGATTTGGAAGAA,0.2262480804884837,0.22763353539226727,0.1535623772682622,0.1428147397898825,0.08107138890849651,0.0848373595806262,0.028613640494083548,0.05521887807789804,810.6125541964238
TTCTTGTTGTCTCAAGCTCAAACTTCTTGTGGTGGTGGTGATGAACCAAGAGAAACTAAACCATGTTTGGCTGCTTATGCTCATTTGTCTGCTGAAGACTTTAAGAAAGATTTGGAAGAA,0.044689860724606796,0.04496352398202156,0.05560967531470563,0.12057594657041834,0.2516438705167974,0.3277037413120319,0.12434258591878906,0.030470795660629265,1252.088436958979
TTCTTTAAAGGTGAGAATAGAGGTTATGAATTTGTTAAAGATTCTTTGCAAGATATTGGTAAATACTTTGAAATTGATTCTACTTTGGATGAATTGGAACAAGTTGAATCTGGTGAAGGT,0.11612650186103336,0.17889060675819823,0.2464629984120851,0.2284036914050569,0.13295103321473806,0.0773350355321184,0.014028850943489319,0.005801281873280641,533.1462992508621
TTGAAACAAGATTTGGAGAAATGTCATGAATTGGGTTTGTCTGATGCTGACTTTAGATTGGATCAAATTGAATTTGATCAAGATTCTTGTACTGCTGCTTGGGCTGGTGGTAATATGTTG,0.0016278166591725692,0.002261702781477254,0.001543289974324675,0.0009472828541472653,0.01924873256986358,0.0366621818389156,0.599932202530199,0.33777679079190015,3768.957611916384
TTGAAACAAGATTTGGAGAAATGTCATGAATTGGGTTTGTCTGATGCTGACTTTAGATTGGATCAAATTGAGTTCTCTCAAGATTCTTGTACTGCTGCTTGGGCTGGTGGTAATATGTTG,0.04838201483002008,0.04425298854321179,0.054730904223106974,0.13193372568773973,0.21670886289910746,0.25802016613550993,0.16724947413241306,0.07872186354889087,1553.4427590050077
TTGAAACAAGATTTGGAGAAATGTCATGAATTGGGTTTGTCTGATGCTGACTTTAGATTGGCTCAAATTGAATTTGCTCAAGATTCTTGTACTGCTGCTTGGGCTGGTGGTAATATGTTG,0.17635493629705135,0.25657604596728695,0.1619501754400723,0.21353238873300448,0.09354275972882559,0.0442744569027384,0.011743970025372318,0.04202526690564859,673.8725282121986
TTGAAACAAGATTTGGAGAAATGTCATGAATTGGGTTTGTCTGATGCTGACTTTAGATTGGCTCAAATTGAGTTCTCTCAAGATTCTTGTACTGCTGCTTGGGCTGGTGGTAATATGTTG,0.016989809021138082,0.013270224087966843,0.007510693287653881,0.003973705568156135,0.19583579244049898,0.5106288569403403,0.24859004160063092,0.0032008770536148664,1523.1905935526834
TTGAAACAAGATTTGGAGAAATGTCATGAATTGGGTTTGTCTGATGCTGACTTTAGATTGTCTCAAATTGAATTTGATCAAGATTCTTGTACTGCTGCTTGGGCTGGTGGTAATATGTTG,0.0871284286515126,0.16183748146761556,0.10007811889657814,0.17125575029611517,0.1783182106116422,0.12286521260419318,0.13053454605615,0.047982251416193035,1116.2504154957703
TTGAAACAAGATTTGGAGAAATGTCATGAATTGGGTTTGTCTGATGCTGACTTTAGATTGTCTCAAATTGAATTTGCTCAAGATTCTTGTACTGCTGCTTGGGCTGGTGGTAATATGTTG,0.0013850889631746347,0.013689782829174036,0.01652561801407771,0.06788765512035153,0.256275467186801,0.48662255472966537,0.12883764260611355,0.028776190550642018,1421.206758658626
TTGAAACAAGATTTGGAGAAATGTCATGAATTGGGTTTGTCTGATGCTGACTTTAGATTGTCTCAAATTGAGTTCTCTCAAGATTCTTGTACTGCTGCTTGGGCTGGTGGTAATATGTTG,0.0003258422073211445,0.0004753644297664933,0.032700400294853375,0.1174145826640954,0.26691963573831695,0.4374600840972916,0.13265145916141133,0.012052631406943714,1291.971662298437
TTGAAAGATATCTTGTCTGAAGCTTCTACTATGCAATTGTTGCAACAACAACAACAAGAAGCTGTTTCTGAAGGTTCTTCTTCTGGTAGAGCTAGAGAAGCTTCTGGTGCTCCAACTTCT,0.027139642181339005,0.030719064097211143,0.04221390113413779,0.08291585983982823,0.09694547263632095,0.16480576957011847,0.30833998382794126,0.24692030671310328,2734.1783518441994
TTGAAATCTAATCCATCTAGACATTGTCCTAAATGTCAACATGTTATTGATAATTCTGATGTTGTTGATGATTTGCCAGGTTTGCCAAGAGGTGTTAAATTGGATCCATCTGATCCAGAA,0.09932140260329862,0.09992960809167366,0.0882787482602519,0.17339568532942767,0.26565243975312847,0.09103853395860498,0.13159350152928959,0.05079008047432495,1145.4403746932323
TTGAAGAAAGATTTGGAAGAATGTCATAATTTGGCTTTGGATCCAGCTAATATTGAATTGGATACTCCACCAGACTTTAGATTGGATCAATTGGAATTTGGTTCTCAAGATTCATTCTTG,0.04364402851403517,0.07584676932396718,0.10367947720034122,0.21598770167379283,0.2189452746815654,0.12001305663699988,0.15087095573918233,0.07101273623011604,1339.0725032511552
TTGAAGAAAGATTTGGAAGAATGTCATAATTTGGCTTTGGATCCAGCTAATATTGAATTGGATACTCCACCAGACTTTAGATTGGCTCAATTGGAATTTGGTTCTCAAGATTCATTCTTG,0.12431093931246467,0.10422680913849894,0.025780982013763998,0.13810523636798136,0.13610755814424283,0.13926498452647199,0.24979922641569116,0.082404264080885,1584.9898907634326
TTGAAGAAAGATTTGGAAGAATGTCATAATTTGGCTTTGGATCCAGCTAATATTGAATTGGATACTCCACCAGACTTTAGATTGTCTCAATTGGAATTTGGTGATCAAGATTCATTCTTG,0.07981694542678738,0.0,0.14897991449829953,0.044336959302629306,0.2359564003117796,0.0731606431871651,0.3701303917557661,0.04761874551757299,1627.3640017098096
TTGAAGAAAGATTTGGAAGAATGTCATAATTTGGCTTTGGATCCAGCTAATATTGAATTGGATACTCCACCAGACTTTAGATTGTCTCAATTGGAATTTGGTGCTCAAGATTCATTCTTG,0.149930595691795,0.20472325215975035,0.21988091383126415,0.17846550585740462,0.0685947679688081,0.09325416710712799,0.0595940800964895,0.025556717287360173,726.7488308239048
TTGAAGAAAGATTTGGAAGAATGTCATAATTTGGCTTTGGATCCAGCTAATATTGAATTGGATACTCCACCAGACTTTAGATTGTCTCAATTGGAATTTGGTTCTCAAGATTCATTCTTG,0.044390149163841985,0.08436151230884831,0.04909931578608051,0.16986604930994714,0.23815273800238074,0.18535758528754837,0.1463806638475375,0.08239198629381543,1465.5906241216805
TTGAAGAAAGATTTGGAAGAATGTCATAATTTGGCTTTGGATCCAGCTAATATTGAATTGGATGATCCACCAGACTTTAGATTGTCTCAATTGGAATTTGGTTCTCAAGATTCATTCTTG,0.19342658463006565,0.12974070233915833,0.10028737870761754,0.17907531132504836,0.12706920369093777,0.07387327165388981,0.11959541867923316,0.0769321289740493,1177.095039237267
TTGAAGAAAGATTTGGAAGAATGTCATAATTTGGCTTTGGATCCAGCTAATATTGAATTGGATGCTCCACCAGACTTTAGATTGGCTCAATTGGAATTTGGTGCTCAAGATTCATTCTTG,0.03845733227859199,0.07738565993072946,0.09570849972708499,0.08544958301806335,0.13263636247229804,0.24675138904451718,0.23183668081832787,0.09177449271038716,1720.732672699909
TTGAAGAAAGATTTGGAAGAATGTCATAATTTGGCTTTGGATCCAGCTAATATTGAATTGGATGCTCCACCAGACTTTAGATTGTCTCAATTGGAATTTGGTTCTCAAGATTCATTCTTG,0.06397711417514765,0.09655332756265012,0.07960970316680514,0.14215280689161597,0.06304346143702154,0.05864176832732614,0.2670095527433353,0.22901226569609823,2404.063246593206
TTGAATCATGGTTTGAATAATGGTGCTAAGAATATGTTGAATAATAAGAATAATCAGAATAAGAATAGAAATAATAATAATCAAGGTAATAATAATCCAACTTGGTTTAATTCTGGTTCT,0.029849139723785504,0.030031924200518985,0.07428534981085905,0.1326455264430924,0.2941353503305929,0.32831859186274615,0.1107341176284051,0.0,1063.2302045447555
TTGAATCCAATGGGATTCTCTCCATTGGATGGTTCTAAATCTACTAATGAGAATGTTTCTGCTTCTACTTCTACTGCTAAACCAATGGTTGGTCAATTGATCTTTGATAAATTTATTAAA,0.09736776812736903,0.09796401032103219,0.1938547986997576,0.2596134893271733,0.17270428942786026,0.1784956440968075,0.0,0.0,604.47900545139
TTGAATTATTTGCAAGAACAAGTTGGTGGTATGTTGAAGATTACTCCATCTGATGTTGAGAATGATGAATCTGATTATTGGTTGTTGTCTAATGCTGAAATTTCTATGACTGATATTTGG,0.003080765756423543,0.0011037804855499457,0.00021185041253087876,0.00028265090972221353,0.00012723808552788832,0.0004637736148743983,0.2823320096357117,0.7123979310996594,5262.167571592814
TTGACTAAGAGACCAGTTTCTTTGACTTCTATTACTTCTTTGGAGAAGAATAAGAATATTTATAAGAGACATTTGATTGAAGAAGATGTTTCATTTAATGCTTTGATTTCTTCTGGTAAT,0.4363104365965388,0.20485837462901998,0.03619475994800079,0.06463014578255508,0.14331437389126578,0.0799849004493792,0.0,0.03470700870324031,596.3933971650089
TTGACTCCACATCCATTTATTGATGAATTTATTCCAACTGTTGATCAAGATGATGGTATTTGTTATACTCATCCTAAGAATTTGCCAGGTGTTAAACATGATGGTACTATGTCTCACTTT,0.07254008126430642,0.048656192265247984,0.07522083497620799,0.24848450560680613,0.17274687254549873,0.11635860285174922,0.12894789795034864,0.1370450125398349,1665.231285604792
TTGACTGATCCATTTGATGATCCAAATGATTTGTATGAAGCTGATCCAATGTTTGATCCAAGAGATATGGGTAATCCAGAACAATGGTCTTCTTTGTTTGGTGATGTTTCTAAACCAATT,0.06601922255871517,0.002263550477663472,0.13041800511599513,0.16410000231762353,0.24638629963473754,0.28855944888160023,0.09864337880308671,0.0036100922105781344,996.0277796008901
TTGACTGATCCATTTGATTCTCCAAATGATTTGTATGAAGCTTCTCCAATGTTTGATCCAAGAGATATGGGTAATCCAGAACAATGGTCTTCTTTGTTTGGTGATGTTTCTAAACCAATT,0.09685259975473572,0.21260877220022878,0.16982110167003123,0.2396544399588358,0.12146804373309071,0.068599339587029,0.08574277514404391,0.005252927952004764,679.9594750263857
TTGACTGCTCCATTTGATGCTCCAAATGATTTGTATGAAGCTGCTCCAATGTTTGATCCAAGAGATATGGGTAATCCAGAACAATGGTCTTCTTTGTTTGGTGATGTTTCTAAACCAATT,0.0030447280055252426,0.0016775612574428053,0.0018943484390366683,0.002335597527600442,0.0022145031850536595,0.0021263345762278273,0.35768479830993094,0.6290221286991824,4933.028679439593
TTGACTGCTCCATTTGATTCTCCAAATGATTTGTATGAAGCTTCTCCAATGTTTGATCCAAGAGATATGGGTAATCCAGAACAATGGTCTTCTTTGTTTGGTGATGTTTCTAAACCAATT,0.2548912212998153,0.13891154095752295,0.11893988222853391,0.05899489578382307,0.10465477308975768,0.12655211283428736,0.1083492628031364,0.08870631100312325,1236.5762832541411
TTGACTGCTTTGACTTCTCCATCTTTGTTTGATGGTTCTCCAGACTTTGATACATTTGATATTTCTCCAAACTTTGGTCATTCTGATTTGGAGAATCCAGATACTTGGTTCTCTTTGTTT,0.0010448185881997034,0.0006346968448438198,0.00028210073612263873,0.00019710985013647424,0.0001651198747399711,0.00017166076262915237,0.27065687802820515,0.726847615315123,5322.966742777747
TTGACTGTTCCACCAAGACCAACTAGACCAACTACTTTGCCACCAACTCCATTGTTGACTGTCTTGCAAAGACCAACTGAATTGCAACCAACTCCATCTCCACCAAGAATGCATTTGCCA,0.11694093707251113,0.16001357128591098,0.11641204400566159,0.17668768290987638,0.1613280963436361,0.1372015288294554,0.08676532457010534,0.04465081498284291,999.943570836376
TTGACTTCTCCATTTGATGATCCAAATGATTTGTATGAAGCTTCTCCAATGTTTGATCCAAGAGATATGGGTAATCCAGAACAATGGTCTTCTTTGTTTGGTGATGTTTCTAAACCAATT,0.29008664293676556,0.25100219743262325,0.15160669515232938,0.09668292576233267,0.04573652018704688,0.037225297672430484,0.03766564483440429,0.08999407602206741,954.7083782723291
TTGACTTCTCCATTTGATGCTCCAAATGATTTGTATGAAGCTTCTCCAATGTTTGATCCAAGAGATATGGGTAATCCAGAACAATGGTCTTCTTTGTTTGGTGATGTTTCTAAACCAATT,0.14126075409714361,0.1920210003658852,0.2589910750380083,0.1953351165158146,0.10588028763711613,0.07713724170750733,0.01951242925729753,0.009862095381227265,546.853812168436
TTGACTTCTCCATTTGATTCTCCAAATGATTTGTATGAAGCTGATCCAATGTTTGATCCAAGAGATATGGGTAATCCAGAACAATGGTCTTCTTTGTTTGGTGATGTTTCTAAACCAATT,0.00012026137431538748,0.0006533881632771012,9.976455315432279e-05,0.0014845145226267046,7.900422322123126e-05,0.0007740751807379526,0.32739093654414697,0.6693980554385203,5106.000345505718
TTGACTTCTCCATTTGATTCTCCAAATGATTTGTATGAAGCTGCTCCAATGTTTGATCCAAGAGATATGGGTAATCCAGAACAATGGTCTTCTTTGTTTGGTGATGTTTCTAAACCAATT,0.0012121070575421943,0.0009451353841082719,0.0017470924717767177,0.003546072527558553,0.005195718829043932,0.004758885594844712,0.35281027157621236,0.6297847165589132,4931.240670208664
TTGACTTCTCCATTTGATTCTCCAAATGATTTGTATGAAGCTTCTCCAATGTTTGATCCAAGAGATATGGGTAATCCAGAACAATGGTCTTCTTTGTTTGGTGATGTTTCTAAACCAATT,0.05866644503929252,0.09837615906955771,0.09733518692624459,0.11949012203075819,0.0963504896286414,0.12547262074656534,0.2176403436057722,0.18666863295316802,2118.5010314482565
TTGAGAAGGAAGATTAATGGTCATGATGATGATGTTAAAGCTATTAGAGAAATTGATATTTGTAAATGGGAACCATGGGATTTGCCAGACTTCTCTGTTATTAAGACTAAAGATTCTGAA,0.18902093753091329,0.19017842794698478,0.03360107957165338,0.11999762807031085,0.07982676532957234,0.222759786918726,0.10017549643913663,0.06443987819270278,1176.8392676932704
TTGAGAATGAATTATATTAAAGAATTGGATAGAATTATTGCTTGTAAGAGGAAGAATCCAACTTCTTGTTCTAGAAGATTCTATCAATTGACTAAATTGTTGGATTCTGTTCAACCAATT,0.3556289080606434,0.3012503518232153,0.19689456159842023,0.0784745051597313,0.02969618801785552,0.027170926667481627,0.00662161384070387,0.004262944831948821,330.76158908828717
TTGAGAGATGTTTCTTCTCCAGTTACTGTTAATGAACAAGAATCTGATATGGCTGTTAATCAAACTGCATTTCCATTGTTTCAAAGAAGGAAAGATGGTAATGAATCTGCTCCAGCTGCT,0.41807148684747397,0.4076727412725185,0.05999237201641856,0.010086827916555892,0.018517858843660293,0.046513795609893535,0.02780758940544355,0.011337328088035692,404.3496318515769
TTGAGAGCTAGAGAAGAATCTTATAGAACTGTCTTGGCTAACTTCTGTTCTGCTTTGTATAGATATTTGAGAGCTTCTGTTAGACAATTGCATAGACAAGCTCATATGAGAGGTAGAGAT,0.057922816199508675,0.043708134681970684,0.0,0.11261299662368339,0.05707751711651793,0.053092366109838564,0.29546224790455167,0.3801239213639289,3372.203691789326
TTGAGAGCTTCTGATGATTTGCAGAAAGTTGTCTTGTGTAGAATTAGATATAAGAAAGAAGCTAATGTTAATGAATTTGGTTTGGTTAATCATCAAGCTCATCAAACTCAAGATGCTTTG,0.5232304752270887,0.2830430282332759,0.11811120377540854,0.043444092838401366,0.008751152746683885,0.009832021235877727,0.007592928611179208,0.005995097332084697,281.54462856245226
TTGAGATCTAATGTTGGTGCTGGTTCTTTGTTGGATCCATTGCCAGATGATCCATTGAAATTGGATGATCAGAAGAATTTGGCTTTGATGTCTAAACCACAAGATCAACAAGATGATTCT,0.46061725949245924,0.32973626208989987,0.14282625003864538,0.04881969244362047,0.0002565104390593165,0.005786071479913644,0.0002716012733360334,0.011686352743066187,299.33840270173664
TTGAGATCTAATGTTGGTGCTGGTTCTTTGTTGGATCCATTGCCAGCTGCTCCATTGAAATTGGCTGATCAGAAGAATTTGGCTTTGATGTCTAAACCACAAGCTCAACAAGCTGCTTCT,0.029984507211865224,0.09427537695699978,0.10726946705642461,0.1165911960420609,0.13296117163473645,0.09962935944346284,0.15990218546734314,0.25938673618710695,2421.001005817964
TTGAGATCTAATGTTGGTGCTGGTTCTTTGTTGGATCCATTGCCATATTCTCCATTGAAATTGTATGATCAGAAGAATTTGGCTTTGATGTCTAAACCACAATCTCAACAATCTTATTCT,0.0025410134285132426,0.0018593262564232432,0.003449346946153939,0.0038495177945788157,0.0018210407570303786,0.25810736199362644,0.5188932878924292,0.20947910493124486,3033.9143408691557
TTGATTGATGAATTTATTCCAACTTTGGAAGATGATGAAGGTATTTGTTCTAAACATCCAGAGAAATTGCCAGGTGTTAAATCTGATGGTTCTTCTTCTCACTTCTTTCATAGACCATCT,0.17717297954059943,0.06482106097749374,0.080168942184213,0.053681773563797726,0.15871581647677407,0.16239770977537926,0.28382329899993475,0.019218418481808,1296.2094899751607
TTGATTTATCATTATGGTAAGATTCCAAGAGGTGATAGAACTGATTGGGTTATTCATGAATATAGATTGGAAGATAAAGTCTTGGCTCAGAAGAATGTTCCACAAGATACTTATGTCTTG,0.11162230145468456,0.11230583284460006,0.03472420724259157,0.12400859016589819,0.2749833416213853,0.1278920053378108,0.18116681966236875,0.03329690167066057,1183.3877689081987
TTGATTTGTGGTGATGAAGCTTCTGGTTGTCATTATGGTGCTTTGACTTGTGGTTCTTGTAAAGTCTTCTTTAAGAGAGCTGCTGAAGGTAAACAGAAATATTTGTGTGCTTCTAGAAAT,0.15440975430290757,0.11651647451041466,0.07205221858199,0.19298699857109095,0.07607818449145341,0.07076640730090855,0.17900880115573198,0.13818116108550277,1665.190737587674
TTGCAACATGGTTTGCAGAATGGTGCTAAACAAATGTTGCAACAGAAACAACAACAACAGAAACAAAGACAGAATCAGAATCAAGGTCAACAACAACCAACTTGGTTTCAATCTGGTTCT,0.4978608650417315,0.2560047283941899,0.2113714435549259,0.0057077037228855,0.0064481895144472634,0.0055022764787794115,0.014846304679081471,0.0022584886139590415,271.429309667733
TTGCAATCTCCAGTCTTGACTCAAGAACATTCTGTCTTGCATGCTATGATTGAGAATAATAGAAGACAATCTTTGAAGACTATGTCTGTTTCTCAAGAAACTGGTGTTTCTACTGATATG,0.3054464303202654,0.23845321966130392,0.2415231837085341,0.12370611300582265,0.02919290187428426,0.03839106269142451,0.012316770723236049,0.01097031801512919,417.4853009781766
TTGCAATCTGGATTTGATGTTGTTGCTCCAGATCAAATTGCTCAAGTTTGTCAACAAGGTTCTGCTGTTGATATGTCTAATGATGTTTCTGTTACTGGTATTCAAATTAAATCTAGACAA,0.028839067338999404,0.08704699958052799,0.08971448697185432,0.12815690183061093,0.2273456254608165,0.2114723588238007,0.10698695857105445,0.12043760142233577,1624.236453155167
TTGCATAGGAAAGCTTCTTTGTTGCCATGTCATCCAGATGTTATTCCAGATTTGGATTTGTATCATTATGATCCATGGGATTTGCCAGGTAAAGCTTTGGGTGAAGGTAGACAATGGTAT,0.0003997110983537886,0.024179796229533704,0.0008082410990534128,0.028364681909159684,0.16823509694025873,0.3546074787717226,0.33099886858126576,0.09240612537065226,2079.3664813068176
TTGCATCAAGGTCAAGGTGCTGGTGATTCTCCAACTCCAGGTCCATCTAATGCTGCTCCAGTTTGTAGAAATTCTCATACTGCTACTCCAAATGTTTCTCCAATTCATGAACCAGAATCT,0.2066985081129743,0.2004474689820554,0.1735356212413987,0.12173423294808304,0.1006140220506935,0.11413311367574408,0.053122282224219226,0.029714750764831717,754.265631780333
TTGCATTTGAAAGCTGATTCTAATAAGAATAGAGATGCTAGAACTATTGAGAATGATTCTGAAATTAAATCTACTAATAATGCTTCTGGTTCTGGTGCTAATCAATATACTACTTTGACT,0.5687977012756212,0.2641663442040999,0.12123268649771435,0.015156112597727341,0.008639824652510033,0.012330511625123868,0.0002348493603135667,0.009441969786889902,277.25496284226676
TTGCCACAAACTGCTACTGCTCCAGATGCTAAGACTGTCTTGCCAATTCCAGAATTGGATGATGCTGTTGTTGAATCATTCTTCTCTTCTTCTACTGATTCTACTCCAATGTTTGAATAT,0.008854469845710334,0.010854322475142427,0.03181241100959302,0.13842199646881626,0.30139666734907616,0.340341674981922,0.1463328429514308,0.021985614918308874,1298.420100866719
TTGCCACAATTGGAATCTCCATCTTTGCCATTGACTAAGAGACCAGTTTCTTTGACTTCTATTACTTCTTTGGAGAAGAATAAGAATATTTATAAGAGACATTTGATTGAAGAAGATGTT,0.2298045576193543,0.24566252793794685,0.14297825757169316,0.09573940030134785,0.04245954281791654,0.026330012306402115,0.0799244294091646,0.1371012720361745,1332.9210675106524
TTGCCAGATAAATCTTGTTTGGGTACTGGTGATTTGAAATGGTACTTCTTCTGTCCAAGAGAGAAGAAATATCCTAAAGGTGGTAAAGCTAATAGATCTACTGAATGTGGTTATTGGAAA,0.03991516103871983,0.08031917179918767,0.0993365881883458,0.19954975412325326,0.09833164359398956,0.12805258252042634,0.09254810562631241,0.2619469931097652,2310.177002128911
TTGCCAGATTTGCCAGAACCAGCTTTGGATGAAAGAGAAGAAGATATTTGTTCTATTACTAATCAAGAAGTCTTGCATAATAATGAACATACTGCTGATCCAGAAGCTTTGCCATATCAA,0.04086477250599382,0.061672518625060256,0.07627490981247467,0.3177956315103413,0.16107364283805373,0.13109904901613922,0.1136998729463597,0.09751960274557733,1417.7793638983815
TTGCCAGCTGGTGTTAAATTTGATCCAAATGATAAAGAAATCTTGGATCATTTGGCTGCTAAGATTGGTAGAGGTGGTAAACCACATGCTTTGATTGATGAATTTATTCCAACTTTGGAA,0.05223973893328481,0.12263914762613264,0.15167679435198184,0.24181907391139287,0.1544321282406302,0.16759129379713325,0.08882435689367249,0.020777466245771904,914.4450537481516
TTGCCAGGTAAATCATTCTTGCCAAATAGAGATTTGGAATGGTTCTTCTTCTGTCCAAGAGATAAGAAATATGCTAATGGTTCTAGAACTAATAGAGCTACTAAAGCTGGTTATTGGAAA,0.07674063361719957,0.30884225317288383,0.0,0.25576872164305114,0.07562071591497124,0.14068175834102156,0.14234591731087273,0.0,827.4682506606315
TTGCCAGGTGTTAAACAAGATGGTTCTGTTGCTCACTTCTTTCATAGAGCTATTAAAGCTTATAATACTGGTACTAGGAAGAGAAGGAAGATCTTGGGTGATGACTTTGGTGATGTTAGA,0.20313700673580026,0.1635047507583226,0.15166370365650872,0.09027132925064754,0.08006900727357388,0.07447859092296921,0.1883990410336647,0.04847657036851317,1122.428586706637
TTGCCAGGTGTTAAACAAGATGGTTCTGTTTCTCACTTCTTTCATAGAGCTATTAGAGCTTATTCTACTGGTACTAGGAAGAGAAGGAAGATCTTGGATGATGATTTGGGTGATGTTAGA,0.19192928878656593,0.22375611084348201,0.2312447585743752,0.18699663191828614,0.08705908659939503,0.051660052642951156,0.015540072232949127,0.011813998401995362,501.3168808127988
TTGCCAGGTGTTAAAGAAGATGGTACTGTTGAACACTTCTTTCATAAAGCTATTAAAGCTGAAGAAGAAGGTGAAAGGAAGAGAAGGAAGATTCATGATGATGACTTTGGTGATGTTAGA,0.24236855902240442,0.25439771233710856,0.2220358074138234,0.25267080888850885,0.0018073738399997821,0.0009606760215457792,0.025759062476608988,0.0,360.69229452088985
TTGCCAGGTGTTAAAGAAGATGGTGAAGTTGAACACTTCTTTCATAAAGCTATTAAAGCTGAAGAAGAAGGTGAAAGGAAGAGAAGGAAGATTCATGATGATGACTTTGGTGATGTTAGA,0.32823253858479,0.19119303007256017,0.23646238958096452,0.05277904430318374,0.05106986258932261,0.043545485400436734,0.07610466514583324,0.02061298432290898,624.3223169645553
TTGCCAGGTGTTAAAGATGATGGTACTGTTGATCACTTCTTTCATAAAGCTATTAAAGCTGATGATGATGGTGATAGGAAGAGAAGGAAGATTCATGATGATGACTTTGGTGATGTTAGA,0.3312753353006333,0.21854195480941374,0.17521104316341382,0.12126380860331024,0.08228245593661403,0.05352622314625304,0.013666390136275079,0.004232788904086701,415.9179935610181
TTGCCAGGTGTTAAAGATGATGGTGATGTTGATCACTTCTTTCATAAAGCTATTAAAGCTGATGATGATGGTGATAGGAAGAGAAGGAAGATTCATGATGATGACTTTGGTGATGTTAGA,0.14773700787250288,0.11041954234860685,0.11555408251065537,0.12661519151553205,0.1871755734361872,0.1547617590755306,0.11744435536650713,0.04029248787447789,1064.0409723925816
TTGCCAGGTGTTAAAGCTGATGGTACTGTTGCTCACTTCTTTCATAAAGCTATTAAAGCATTTGCTGCTGGTGCTAGGAAGAGAAGGAAGATTCATGATGATGACTTTGGTGATGTTAGA,0.14300290731470117,0.1438786012819901,0.06844045327826032,0.09776700227663612,0.10839691407816701,0.2621544741116309,0.16323419297404207,0.013125454684572347,1073.089156737963
TTGCCAGGTGTTAAAGCTGATGGTACTGTTGCTCACTTCTTTCATAAAGCTATTAAAGCTGCTGCTGCTGGTGCTAGGAAGAGAAGGAAGATTCATGATGATGACTTTGGTGATGTTAGA,0.0009504888131494792,0.08307936483511147,0.0696336704979032,0.33975539588949044,0.1950506598089694,0.28881048375305046,0.015206376820965782,0.007513559581359814,839.4546208116398
TTGCCAGGTGTTAAAGCTGATGGTGCTGTTGCTCACTTCTTTCATAAAGCTATTAAAGCATTTGCTGCTGGTGCTAGGAAGAGAAGGAAGATTCATGATGATGACTTTGGTGATGTTAGA,0.4097661475542871,0.2606586487099558,0.19986842575932479,0.09382429829130984,0.0005982017893973628,0.024254035111737283,0.008345907411845847,0.0026843353721420138,305.3191627414178
TTGCCAGGTGTTAAAGCTGATGGTGCTGTTGCTCACTTCTTTCATAAAGCTATTAAAGCTGCTGCTGCTGGTGCTAGGAAGAGAAGGAAGATTCATGATGATGACTTTGGTGATGTTAGA,0.13874222658188246,0.08171229061697251,0.058951410009836,0.15413790694757964,0.1300483403361148,0.11166310895582031,0.10670711037061756,0.21803760618117676,2049.4595890170594
TTGCCAGGTGTTAAATCTGATGGTACTGTTTCTCACTTCTTTCATAAAGCTATTAAAGCTTATTCTACTGGTACTAGGAAGAGAAGGAAGATTCATGATGATGACTTTGGTGATGTTAGA,0.5110100367226104,0.29794825194897584,0.0867233362751516,0.05324924131351732,0.01390389111845592,0.006505752149123974,0.016476603151710234,0.014182887320454793,352.1772444396033
TTGCCAGGTGTTGAAGAAGATGGTACTGAAGAACACTTCTTTCATAAAGCTATTGAAGAAGAAGAAGAAGAAGAAGAGAAGAGAAGGAAGATTCATGATGATGACTTTGGTGATGTTAGA,0.1369224947288033,0.41328286387074675,0.113586025281655,0.15211624659261969,0.04497477015851023,0.0,0.08465900959278479,0.054458589774880134,829.5376741466505
TTGCCAGGTGTTGATGATGATGGTACTGATGATCACTTCTTTCATAAAGCTATTGATGATGATGATGATGATGATGATAAGAGAAGGAAGATTCATGATGATGACTTTGGTGATGTTAGA,0.10984209404015753,0.1381434051687108,0.09396862335021423,0.12965776762889825,0.1961833846396147,0.21394894514968799,0.10187284687723136,0.016382933145485164,954.7706416246745
TTGCCAGGTTTGAAACAAGATGGTTCTGTTTCTCACTTCTTTCATAGAACTTATAAAGCTTATAATACTGGTACTAGGAAGAGAAGAAGAATTAATACTGGTGATTTGGCTGATGTTAGA,0.3160241711239261,0.26516579118049827,0.22311925661738394,0.12621514126486869,0.0344010290401826,0.022150901327873722,0.00760528627948287,0.005318423165783744,354.22935471286524
TTGCCAGGTTTGTCTATGTTGAAGACTGGTGATAGACAATGGTTCTTCTTTACTCCAAGAAATAGGAAATATCCAAATGCTGCTAGATCTTCTAGAGGTACTGCTACTGGTTATTGGAAA,0.19819809853256773,0.09970589314964338,0.06165678147503947,0.0,0.29295852922159626,0.04541736184459813,0.18381845975901542,0.1182448760175396,1590.4008385013162
TTGCCATATCAACAATTTAAACCAGGTGAGAAGAATGCTCAAGAATTGACTACTGCTGATGCTTTGGAAACTATTGCTGCTGAAGAAGATTTGCCAGATTTGCCAGAACCAGCTTTGGAT,0.48725577728974007,0.3109033590478663,0.08311172576327423,0.015913424552664947,0.09182624239308618,0.010178982027229059,0.0005224329122315424,0.00028805601390766947,268.3462186363178
TTGCCATCTACTTTGTCTTTGGATAAATCTGGTGCTTTGGATGAAGCTGCTGCTGATCAATCTAGAGATGATAACTTTCCATTGGCTTTGGCTGGTCCACCACCACCACCACCACCATGA,0.08245033594937282,0.11945553064280416,0.12106421631486458,0.19419099541454105,0.18849325683461382,0.16475224248965492,0.07646841151877494,0.053125010835373715,1081.1298587930814
TTGCCATCTACTTTGTCTTTGGCTAAATCTGGTGCTTTGGATGAAGCTGCTGCTGCTCAATCTAGAGATGCTAACTTTCCATTGGCTTTGGCTGGTCCACCACCACCACCACCACCATGA,0.3626332703639082,0.2713595418330844,0.19026625368814468,0.08220263610717143,0.03881284073645821,0.03624463402994558,0.011330878175783555,0.007149945065503985,374.31695433948846
TTGCCATCTACTTTGTCTTTGTATAAATCTGGTGCTTTGGATGAAGCTGCTGCTTATCAATCTAGAGATTATTATAACTTTCCATTGGCTTTGGCTGGTCCACCACCACCACCACCACCA,0.3219651287847467,0.40521157952330866,0.11245424033183628,0.08332459646480164,0.016170798783479448,0.030507219305788046,0.0008574471298229484,0.029508989676216315,464.4817241132173
TTGCCATCTGGTGTTAGATCTGTTACTGAACCATTGAATTATGTTTCTAAACAGAAACAGAATGTCTTTGCTCAAGATTTGATGTTTAAACAAGAATTGGAAGGTTCTGATATTGGTTTG,0.02340421575923006,0.07427820713205331,0.1739076268997851,0.35277759365061645,0.17195654751600914,0.20076621461974822,0.0025779330880269583,0.00033166133453069624,665.049724109758
TTGCCATGGATGGCTAAGATGGGTGAGAAAGAATGGTACTTCTTCTGTGTTAGAGATAGGAAATATCCAACTGGTTTGAGAACTAATAGAGCTACTGAAGCTGGTTATTGGAAAGCTACT,0.32495624532644296,0.2518180988880212,0.17895000848097736,0.15208732377768694,0.05177928228184205,0.02281455185512043,0.007694810258629508,0.009899679131279556,393.99211165495353
TTGCCTAAATTGGCTAGGATTCAATCTGAAGATTTGGAATGGTACTTCTTCTCTCCAATTGAATATACTAATCCAAATAAGATGAAGATGAAGAGAACTACTGGTTCTGGATTCTGGAAA,0.0016477061229346686,0.0007112479749618586,0.011759562822532073,0.060372575039719795,0.19096863388196492,0.31905253564108854,0.3273520175424696,0.08813572097432865,2025.6160261131954
TTGGAAACTCAAATTTCTCCAAGGAAATCTTCTGCTCCAGATGTCTTGACTTCTGCTACTAATTCTAAATTTGCTTCTTCTGGTTTGTTTGGTGTTGATGTTTATTCTGTTTGGAAGAGA,0.09741860281755038,0.08019421879336956,0.08816182193467424,0.09838978439626975,0.04363496376904064,0.04870604585450711,0.20534250665898193,0.33815205577560636,2892.109149045101
TTGGAAATTGAATTGGAAGTTATTCCAGTTATTGATTTGTATAAATTTGATCCATGGGAATTGCCAGGTAAATCATTCTTGCCAAATAGAGATTTGGAATGGTTCTTCTTCTGTCCAAGA,0.09803244985310276,0.1874022483664314,0.2561713215998562,0.19603930692210206,0.14490271368691124,0.06289995103523006,0.054552008536366096,0.0,577.8456083936828
TTGGAACATGGTGCTGAGAATGGTGCTAAAGAAATGGCTGATGATAAAGAAGAACAAGAGAAAGATAGAGATAATGAGAATCAAGGTGAAGAAGATCCAACTTGGTTTGATTCTGGTTCT,0.21038256568889585,0.2515508846774376,0.2048782115932619,0.13549443091030622,0.10816295935519765,0.04751076127657274,0.03110591498639397,0.010914271511934097,522.3396029131559
TTGGAACATGGTGCTGAGAATGGTGCTAAAGAAATGTTGGATGATAAAGAAGAACAAGAGAAAGATAGAGATAATGAGAATCAAGGTGAAGAAGATCCAACTGCATTTGATTCTGGTTCT,0.1542636573384471,0.27365675312404203,0.16669989451849532,0.18491182337642204,0.10000816058599611,0.09302559298373271,0.0225902437208241,0.0048438743520404955,525.7088826630869
TTGGAACATGGTGCTGAGAATGGTGCTAAAGAAATGTTGGATGATAAAGAAGAACAAGAGAAAGATAGAGATAATGAGAATCAAGGTGAAGAAGATCCAACTTGGGCTGATTCTGGTTCT,0.15821155304235693,0.09096021646725368,0.0,0.10043866751691524,0.02227181228723922,0.0828671793462794,0.1676948710069,0.3775557003330556,3058.268786087935
TTGGAACATGGTGCTGAGAATGGTGCTAAAGAAATGTTGGATGATAAAGAAGAACAAGAGAAAGATAGAGATAATGAGAATCAAGGTGAAGAAGATCCAACTTGGTTTGATTCTGGTTCT,0.04348310169690476,0.0687490182236418,0.06956749137438481,0.03450589345370357,0.07345462148907317,0.028469175587679894,0.20740279994853264,0.4743678982260795,3711.312764616712
TTGGAACATGGTGCTGCTGCTGCTGCTAAAGAAATGGCTGCTGCTGCTGAAGAACAAGAGAAAGATAGAGATAATGAGAATCAAGGTGAAGAAGATCCAACTTGGTTTGATTCTGGTTCT,0.11587765315329014,0.0582936213277288,0.10814397097465842,0.1501921651318985,0.2283731753821372,0.2124281652319093,0.08060288625685456,0.04608836254152311,1107.9481990934632
TTGGAACATGGTGCTGCTGCTGCTGCTAAAGAAATGTTGGATGATAAAGAAGAACAAGAAGCTGCTGCTGCTAATGAGAATCAAGGTGAAGAAGATCCAACTTGGTTTGATTCTGGTTCT,0.08358637592376218,0.0588687583768699,0.03120312628291978,0.08357546520962511,0.18120642009772925,0.2758166047277901,0.25582269798034263,0.02992055140096103,1446.9781003815838
TTGGAACATGGTGCTGCTGCTGCTGCTAAAGAAATGTTGGATGATAAAGAAGAACAAGAGAAAGATAGAGATAATGAGAATCAAGCTGCTGCTGCTCCAACTTGGTTTGATTCTGGTTCT,0.39279858746152746,0.12350122894952514,0.030548598662312576,0.13637059534546536,0.14514984921025972,0.06750774494383881,0.0455375403934756,0.0585858550335953,857.7774009785173
TTGGAACATGGTGCTGCTGCTGCTGCTAAAGAAATGTTGGATGATAAAGAAGAACAAGAGAAAGATAGAGATAATGAGAATCAAGGTGAAGAAGATCCAACTTGGTTTGATTCTGGTTCT,0.103096459610361,0.12258737881453047,0.17493780932336203,0.23948576269137253,0.12006317468361855,0.09449877159646637,0.07823178057823561,0.06709886270205344,1069.0709236159307
TTGGAACATGGTGCTGCTGCTGCTGCTAAAGAAATGTTGGATGATAAAGAAGAACAAGAGAAAGATAGAGATAATGAGAATCAAGGTGAAGAAGATCCAACTTGGTTTGCTGCTGCTGCT,0.4224609851092215,0.2523130230391177,0.19630302489504825,0.08113633727516723,0.01600542849711024,0.009062218155387228,0.013426646838499668,0.00929233619044808,344.2969702761593
TTGGAACATGGTGCTGCTGCTGCTGCTAAAGAAATGTTGGATGATAAAGAAGAACAAGAGAAAGATAGAGATAATGAGAATCAAGGTGAAGAAGATGCTGCTGCTGCTGATTCTGGTTCT,0.1697049581325587,0.11382944335529187,0.0,0.188536451299788,0.13935696800384573,0.10370165401712703,0.18362464098504339,0.10124588420634524,1511.9828265236702
TTGGAACATGGTGCTGCTGCTGCTGCTAAAGAAATGTTGGATGATAAAGAAGAACAAGAGAAAGATAGAGATGCTGCTGCTGCTGGTGAAGAAGATCCAACTTGGTTTGATTCTGGTTCT,0.07142374712161359,0.0615952442235211,0.12696556485688235,0.10202060574608403,0.1709263096697182,0.17769720766501848,0.17979923144934173,0.10957208926782042,1653.9346814547314
TTGGAACATGGTGCTGCTGCTGCTGCTAAAGAAATGTTGGATGATAAAGCTGCTGCTGCTAAAGATAGAGATAATGAGAATCAAGGTGAAGAAGATCCAACTTGGTTTGATTCTGGTTCT,0.28476102464130115,0.41129682477369867,0.14596795927890618,0.05422146707156424,0.06810224405867633,0.022535958793053652,0.007714292872846927,0.005400228509952843,351.4679091333275
TTGGAACATGGTGCTGCTGCTGCTGCTGCTGCTGCTTTGGATGATAAAGAAGAACAAGAGAAAGATAGAGATAATGAGAATCAAGGTGAAGAAGATCCAACTTGGTTTGATTCTGGTTCT,0.33787762471606453,0.17444630998822894,0.11064128065312033,0.0740862984219218,0.08323669830552534,0.10187514978394523,0.07009457399713075,0.04774206413406319,851.8106744009183
TTGGAACATGGTTTGGAAAGAGGTGCTAAAGAAATGTTGGATGATAAAGAAGAAAGAGAGAAAGATAGAGATAGAGAAAGAAGAGGTGAAGAAGATCCAACTTGGTTTGATTCTGGTTCT,0.05163131720281871,0.0,0.04818543970318983,0.0717008022958696,0.11447512510085464,0.09465108831115533,0.20351282082792052,0.4158434065581914,3447.077588973344
TTGGAACATGGTTTGGAAGAAGGTGCTAAAGAAATGTTGGATGATAAAGAAGAAGAAGAGAAAGATAGAGATGAAGAAGAAGAAGGTGAAGAAGATCCAACTTGGTTTGATTCTGGTTCT,0.12439104628381066,0.0,0.0,0.2763884649910875,0.12257574025666938,0.11401750473144241,0.2884156142893729,0.07421162944761711,1621.631972877551
TTGGAACATGGTTTGGAAGATGGTGCTAAAGAAATGTTGGATGATAAAGAAGAAGATGAGAAAGATAGAGATGATGAAGATGATGGTGAAGAAGATCCAACTTGGTTTGATTCTGGTTCT,0.14925109538134,0.19998017770157792,0.2664529495803946,0.17990195275484377,0.12331302872566126,0.07126725406081602,0.007381954778184242,0.002451587017182198,471.8927418159967
TTGGAACATGGTTTGGAAGCTGGTGCTAAAGAAATGTTGGATGATAAAGAAGAAGCTGAGAAAGATAGAGATGCTGAAGCTGCTGGTGAAGAAGATCCAACTTGGTTTGATTCTGGTTCT,0.10660236375830537,0.11428827992853915,0.17614218393938835,0.17085215823406064,0.1653193300352418,0.15377673799907138,0.07131474198292714,0.041704204122466185,971.4756303271109
TTGGAACATGGTTTGGAGAAAGGTGCTAAAGAAATGTTGGATGATAAAGAAGAGAAAGAGAAAGATAGAGATAAAGAGAAGAAAGGTGAAGAAGATCCAACTTGGTTTGATTCTGGTTCT,0.09023753968511392,0.13090668341675035,0.1044528128528129,0.20749593564367685,0.21713183029149696,0.180812751595144,0.056442524121650704,0.012519922393354442,820.0050453938243
TTGGAACATGGTTTGGAGAATGGTGCTAAAGAAATGGCTGATGATAAAGAAGAACAAGAGAAAGATAGAGATAATGAGAATCAAGGTGAAGAAGATCCAACTGCATTTGATTCTGGTTCT,0.31512675442705207,0.277330990276204,0.22726028909121973,0.11835512936367529,0.02513084938844362,0.022904911538763034,0.008491574959214267,0.005399500955428072,351.2032623459035
TTGGAACATGGTTTGGAGAATGGTGCTAAAGAAATGGCTGATGATAAAGAAGAACAAGAGAAAGATAGAGATAATGAGAATCAAGGTGAAGAAGATCCAACTTGGGCTGATTCTGGTTCT,0.22048759461182363,0.30940531713461367,0.11552125646190896,0.18693876030713558,0.06861154721604369,0.04520660575529693,0.029597354318569497,0.024231564194608056,579.7099729601985
TTGGAACATGGTTTGGAGAATGGTGCTAAAGAAATGGCTGATGATAAAGAAGAACAAGAGAAAGATAGAGATAATGAGAATCAAGGTGAAGAAGATCCAACTTGGTTTGATTCTGGTTCT,0.10632475360451013,0.1426344598398384,0.1764064579002603,0.15749759229592197,0.1047730987883572,0.1949156866083771,0.03287023199943625,0.08457771896329853,1153.8187776380357
TTGGAACATGGTTTGGAGAATGGTGCTAAAGAAATGGCTGCTGCTGCTGAAGAACAAGAAGCTGCTGCTGCTAATGAGAATCAAGGTGAAGAAGATCCAACTTGGTTTGATTCTGGTTCT,0.45529338601741526,0.30275407352667044,0.16699005792419291,0.04121326164428897,0.009520552512318831,0.01109395045488724,0.007027025066867602,0.006107692853358867,292.9660139436117
TTGGAACATGGTTTGGAGAATGGTGCTAAAGAAATGGCTGCTGCTGCTGAAGAACAAGAGAAAGATAGAGATAATGAGAATCAAGCTGCTGCTGCTCCAACTTGGTTTGATTCTGGTTCT,0.4425466440624715,0.3284543529712772,0.07162041363906387,0.11819095408700143,0.011565756212477105,0.020482025021181773,0.003279604915183006,0.003860249091344179,293.20092778946884
TTGGAACATGGTTTGGAGAATGGTGCTAAAGAAATGGCTGCTGCTGCTGAAGAACAAGAGAAAGATAGAGATAATGAGAATCAAGGTGAAGAAGATCCAACTTGGTTTGATTCTGGTTCT,0.05918735230202185,0.04962482711428897,0.15957408862439965,0.17534704132234202,0.21385319691123456,0.11754480124802343,0.11893526748659639,0.10593342499109308,1465.8942674546076
TTGGAACATGGTTTGGAGAATGGTGCTAAAGAAATGGCTGCTGCTGCTGAAGAACAAGAGAAAGATAGAGATAATGAGAATCAAGGTGAAGAAGATCCAACTTGGTTTGCTGCTGCTGCT,0.46004468984460634,0.2638037403843768,0.16019463895844022,0.07593512010791865,0.014754896678885347,0.020800617323914746,0.004366716998711991,9.957970314584415e-05,271.16250018197263
TTGGAACATGGTTTGGAGAATGGTGCTAAAGAAATGGCTGCTGCTGCTGAAGAACAAGAGAAAGATAGAGATAATGAGAATCAAGGTGAAGAAGATGCTGCTGCTGCTGATTCTGGTTCT,0.3245474829747504,0.16473356538606648,0.18901435485606333,0.2048231345058507,0.050602308620763946,0.053854495553931174,0.002270481398743211,0.010154176703830781,431.07922545156384
TTGGAACATGGTTTGGAGAATGGTGCTAAAGAAATGGCTGCTGCTGCTGAAGAACAAGAGAAAGATAGAGATGCTGCTGCTGCTGGTGAAGAAGATCCAACTTGGTTTGATTCTGGTTCT,0.10838017680238783,0.040891445507571365,0.05900234473444065,0.18813546822690694,0.20692214428064418,0.22972804039647382,0.15077549166006074,0.01616488839151446,1103.404886609444
TTGGAACATGGTTTGGAGAATGGTGCTAAAGAAATGGCTGCTGCTGCTGCTGCTGCTGCTAAAGATAGAGATAATGAGAATCAAGGTGAAGAAGATCCAACTTGGTTTGATTCTGGTTCT,0.1491235152510102,0.07943118852252726,0.13098447252088413,0.08770826460554494,0.10372748815451159,0.16884916506869546,0.1545754257437135,0.12560048013311298,1636.2207248108834
TTGGAACATGGTTTGGAGAATGGTGCTAAAGAAATGTTGGAAGAGAAAGAAGAACAAGAGAAAGAAAGAGAGAATGAGAATCAAGGTGAAGAAGAACCAACTTGGTTTGAATCTGGTTCT,0.05922789056576205,0.21849878981841336,0.14740004602983345,0.13160035426329245,0.07781806109929694,0.07238480576174208,0.1281718608709634,0.16489819159069624,1712.3828293462743
TTGGAACATGGTTTGGAGAATGGTGCTAAAGAAATGTTGGATGATAAAGAAGAACAAGAAGAAGGTCAGAATGAGAATGATAGAGATAAAGAAGATCCAACTTGGTTTGATTCTGGTTCT,0.06858300014707398,0.08625371957620598,0.042670510809929896,0.0952417331342941,0.08447766402002851,0.1728747577722877,0.28623229464419747,0.16366631989598235,2174.277685920447
TTGGAACATGGTTTGGAGAATGGTGCTAAAGAAATGTTGGATGATAAAGAAGAACAAGAAGCTGCTGCTGCTAATGAGAATCAAGCTGCTGCTGCTCCAACTTGGTTTGATTCTGGTTCT,0.1287073444073907,0.15234764462270575,0.11305167792208165,0.24392325324547787,0.14175011280578403,0.124913484952294,0.07723901603908295,0.018067466005183122,805.5711927493046
TTGGAACATGGTTTGGAGAATGGTGCTAAAGAAATGTTGGATGATAAAGAAGAACAAGAAGCTGCTGCTGCTAATGAGAATCAAGGTGAAGAAGATCCAACTTGGTTTGATTCTGGTTCT,0.0916291702585904,0.08297124436764518,0.18242951129647944,0.1730547294347635,0.15349635930767067,0.14277924683117935,0.11897382618142645,0.05466591232224515,1146.7670759242624
TTGGAACATGGTTTGGAGAATGGTGCTAAAGAAATGTTGGATGATAAAGAAGAACAAGAAGCTGCTGCTGCTAATGAGAATCAAGGTGAAGAAGATCCAACTTGGTTTGCTGCTGCTGCT,0.030198688740529635,0.0658311630577386,0.03131469585721272,0.08387429677509796,0.13887058682631515,0.25373591073902607,0.29408103895707294,0.10209361904700694,1936.0139907557195
TTGGAACATGGTTTGGAGAATGGTGCTAAAGAAATGTTGGATGATAAAGAAGAACAAGAAGCTGCTGCTGCTAATGAGAATCAAGGTGAAGAAGATGCTGCTGCTGCTGATTCTGGTTCT,0.1605520241816067,0.09692110925300217,0.08790423930801021,0.22117613671632708,0.15820900138475985,0.18248193690246195,0.0774299124344574,0.015325639819374634,852.1342480398233
TTGGAACATGGTTTGGAGAATGGTGCTAAAGAAATGTTGGATGATAAAGAAGAACAAGAAGCTGCTGCTGCTGCTGCTGCTGCTGGTGAAGAAGATCCAACTTGGTTTGATTCTGGTTCT,0.10023949607205074,0.06723554907089895,0.062366337015760484,0.09280223295313403,0.08231387226720255,0.22970015847434688,0.18593387031870565,0.17940848382790084,2095.663432223312
TTGGAACATGGTTTGGAGAATGGTGCTAAAGAAATGTTGGATGATAAAGAAGAACAAGAGAAAGATAGAGATAATGAGAATCAAGCTGCTGCTGCTCCAACTTGGTTTGATTCTGGTTCT,0.04153170565878457,0.10446507401928419,0.18087942551759617,0.13842094811192726,0.2250908601972745,0.11420455703020264,0.09629625891829764,0.09911117054663314,1367.645396936594
TTGGAACATGGTTTGGAGAATGGTGCTAAAGAAATGTTGGATGATAAAGAAGAACAAGAGAAAGATAGAGATAATGAGAATCAAGCTGCTGCTGCTCCAACTTGGTTTGCTGCTGCTGCT,0.12854174550148556,0.12932888496035494,0.05331682709695911,0.09520367901017347,0.08444391071245795,0.15709607739734302,0.19869300670860404,0.15337586861262184,1882.8794817518103
TTGGAACATGGTTTGGAGAATGGTGCTAAAGAAATGTTGGATGATAAAGAAGAACAAGAGAAAGATAGAGATAATGAGAATCAAGCTGCTGCTGCTGCTGCTGCTGCTGATTCTGGTTCT,0.28210706787047735,0.08454647105597848,0.06722022731257722,0.06668327276885469,0.041402784778665325,0.14304473204811874,0.20040485983283207,0.11459058433249614,1590.8263783274333
TTGGAACATGGTTTGGAGAATGGTGCTAAAGAAATGTTGGATGATAAAGAAGAACAAGAGAAAGATAGAGATAATGAGAATCAAGGTGAAGAAGATCCAACTGCATTTGATTCTGGTTCT,0.174353225949614,0.15036076888040215,0.12397476586950744,0.1383575136811166,0.2454411353249782,0.06849133217455805,0.06930153291514767,0.029719725204675917,821.3957643645531
TTGGAACATGGTTTGGAGAATGGTGCTAAAGAAATGTTGGATGATAAAGAAGAACAAGAGAAAGATAGAGATAATGAGAATCAAGGTGAAGAAGATCCAACTGCTTGGGATTCTGGTTCT,0.12929429461008102,0.14336012834358994,0.1411864748487949,0.1700247214817493,0.14560849465124906,0.18381429582604542,0.07096936479186214,0.015742225446628188,829.4487931419559
TTGGAACATGGTTTGGAGAATGGTGCTAAAGAAATGTTGGATGATAAAGAAGAACAAGAGAAAGATAGAGATAATGAGAATCAAGGTGAAGAAGATCCAACTGGATTTGATTCTGGTTCT,0.1487809908974223,0.22453810138868036,0.18513511706359476,0.0,0.14660974917569966,0.06818672983460279,0.13798665471904287,0.08876265692095724,1264.9187623812163
TTGGAACATGGTTTGGAGAATGGTGCTAAAGAAATGTTGGATGATAAAGAAGAACAAGAGAAAGATAGAGATAATGAGAATCAAGGTGAAGAAGATCCAACTGGTTGGGATTCTGGTTCT,0.04093936181747724,0.054920077978679406,0.10188550965913518,0.09854485793682556,0.21179503536820513,0.22515144067892387,0.1487124468568627,0.1180512697038909,1707.688571679361
TTGGAACATGGTTTGGAGAATGGTGCTAAAGAAATGTTGGATGATAAAGAAGAACAAGAGAAAGATAGAGATAATGAGAATCAAGGTGAAGAAGATCCAACTTGGGGTGATTCTGGTTCT,0.07193982654280025,0.10857053692624132,0.1790361541242669,0.1198840601307659,0.07088996962290038,0.06594043348191055,0.23352160656018453,0.15021741261093016,1858.5728638534383
TTGGAACATGGTTTGGAGAATGGTGCTAAAGAAATGTTGGATGATAAAGAAGAACAAGAGAAAGATAGAGATAATGAGAATCAAGGTGAAGAAGATCCAACTTGGTTTGATTCTAAGACT,0.5769780814715743,0.21652066763755579,0.11999496532183612,0.052804676949283515,0.01172554011119306,0.006122439912306189,0.015589723352686572,0.00026390524356460104,260.3134263431575
TTGGAACATGGTTTGGAGAATGGTGCTAAAGAAATGTTGGATGATAAAGAAGAACAAGAGAAAGATAGAGATAATGAGAATCAAGGTGAAGAAGATCCAACTTGGTTTGATTCTACTCCA,0.16056091219983654,0.01633592270561663,0.37938301450277434,0.3968403353090863,0.015999548733234347,0.01653606731979771,0.010039005905705643,0.004305193323948492,432.92322952623783
TTGGAACATGGTTTGGAGAATGGTGCTAAAGAAATGTTGGATGATAAAGAAGAACAAGAGAAAGATAGAGATAATGAGAATCAAGGTGAAGAAGATCCAACTTGGTTTGATTCTACTGAT,0.09535587328728115,0.18432119803980726,0.19000477319895528,0.21140293213811726,0.18835223836919046,0.11246619610405234,0.012082689635771686,0.006014099226824496,591.7204663682049
TTGGAACATGGTTTGGAGAATGGTGCTAAAGAAATGTTGGATGATAAAGAAGAACAAGAGAAAGATAGAGATAATGAGAATCAAGGTGAAGAAGATCCAACTTGGTTTGATTCTCCAACT,0.3234211617930864,0.13016066668177934,0.0,0.07186198775888848,0.0637402602611908,0.05928991667271016,0.11998254323213416,0.2315434636002106,2026.0273461814068
TTGGAACATGGTTTGGAGAATGGTGCTAAAGAAATGTTGGATGATAAAGAAGAACAAGAGAAAGATAGAGATAATGAGAATCAAGGTGAAGAAGATCCAACTTGGTTTGATTCTGGTACT,0.0161871568637974,0.0,0.0,0.10790029278989643,0.20736207571683848,0.23739576626383926,0.3152677223284739,0.11588698603715458,2093.0674687733735
TTGGAACATGGTTTGGAGAATGGTGCTAAAGAAATGTTGGATGATAAAGAAGAACAAGAGAAAGATAGAGATAATGAGAATCAAGGTGAAGAAGATCCAACTTGGTTTGATTCTGGTGAA,0.29230647160780127,0.15835962277991258,0.055958547385281616,0.1748613857600243,0.15509883021010418,0.04121995235713524,0.04170755326759359,0.08048763663214717,979.5348953585337
TTGGAACATGGTTTGGAGAATGGTGCTAAAGAAATGTTGGATGATAAAGAAGAACAAGAGAAAGATAGAGATAATGAGAATCAAGGTGAAGAAGATCCAACTTGGTTTGATTCTGGTTAT,0.4140775379585945,0.06943553118663069,0.11450132619013777,0.1277850270072942,0.022668593321566666,0.12651523576613644,0.04267060515710746,0.08234614341253227,1000.7659006898809
TTGGAACATGGTTTGGAGAATGGTGCTAAAGAAATGTTGGATGATAAAGAAGAACAAGAGAAAGATAGAGATAATGAGAATCAAGGTGAAGAAGATCCAACTTGGTTTGATTCTGGTTCT,0.0006031902964375064,0.0007002507672581542,0.025000013813838654,0.07587865105266842,0.3243527482993469,0.4500504110993814,0.10990603138399202,0.013508703287077041,1281.4961718090449
TTGGAACATGGTTTGGAGAATGGTGCTAAAGAAATGTTGGATGATAAAGAAGAACAAGAGAAAGATAGAGATAATGAGAATCAAGGTGAAGAAGATCCAACTTGGTTTGATTCTTCTCCA,0.1325309449368427,0.10371084320755362,0.12826677730358582,0.16359709306183245,0.11608608795762863,0.10798095981511639,0.17754472617597064,0.07028256754146979,1309.7537325894991
TTGGAACATGGTTTGGAGAATGGTGCTAAAGAAATGTTGGATGATAAAGAAGAACAAGAGAAAGATAGAGATAATGAGAATCAAGGTGAAGAAGATCCAACTTGGTTTGATTCTTCTGAA,0.032005544467396126,0.034501643490843,0.0938755473182362,0.19048432567283172,0.31538470192282775,0.25983717186283567,0.06572771234956412,0.00818335291546541,957.4706704685896
TTGGAACATGGTTTGGAGAATGGTGCTAAAGAAATGTTGGATGATAAAGAAGAACAAGAGAAAGATAGAGATAATGAGAATCAAGGTGAAGAAGATCCAACTTGGTTTGATTCTTCTGGT,0.14062072237776688,0.1945375145651481,0.08019958597123668,0.09764053253090536,0.09237904525461922,0.05370571394954102,0.152154833575961,0.1887620517748218,1879.6288812941923
TTGGAACATGGTTTGGAGAATGGTGCTAAAGAAATGTTGGATGATAAAGAAGAACAAGAGAAAGATAGAGATAATGAGAATCAAGGTGAAGAAGATCCAACTTGGTTTGCTGCTGCTGCT,0.11567970989770074,0.17070252799990154,0.16313840479146746,0.30843895991958725,0.12919040421264308,0.04948190182086393,0.0357623109676655,0.027605780390170462,696.2514901293493
TTGGAACATGGTTTGGAGAATGGTGCTAAAGAAATGTTGGATGATAAAGAAGAACAAGAGAAAGATAGAGATAATGAGAATCAAGGTGAAGAAGATCCAACTTGGTTTGCTTCTGGTTCT,0.23293986795453853,0.15624420050125337,0.09661930927783366,0.15095983635148952,0.11477022503963973,0.08896414201459296,0.09001652063620368,0.06948589822444856,1061.3871494094167
TTGGAACATGGTTTGGAGAATGGTGCTAAAGAAATGTTGGATGATAAAGAAGAACAAGAGAAAGATAGAGATAATGAGAATCAAGGTGAAGAAGATCCAACTTTGTTGGATTCTGGTTCT,0.10278018381333552,0.09796696060482993,0.06731272112160008,0.10817554493588524,0.1972299738215098,0.17850101967101092,0.17057852128081483,0.07745507475101358,1443.8006632641898
TTGGAACATGGTTTGGAGAATGGTGCTAAAGAAATGTTGGATGATAAAGAAGAACAAGAGAAAGATAGAGATAATGAGAATCAAGGTGAAGAAGATCCAGAATGGTTTGATGAAGGTGAA,0.28513176550887276,0.2071895230223859,0.098556315837174,0.12318900163032989,0.09365689431857949,0.07259814332442112,0.04407415472387204,0.07560420163436468,949.4133193698156
TTGGAACATGGTTTGGAGAATGGTGCTAAAGAAATGTTGGATGATAAAGAAGAACAAGAGAAAGATAGAGATAATGAGAATCAAGGTGAAGAAGATCCAGAATGGTTTGATGAAGGTGCT,0.2568580371356283,0.3101171225542974,0.1406329847265965,0.13697307140752885,0.030373148212876542,0.018834997109101154,0.05717340270677138,0.049037236147199854,732.8902119752172
TTGGAACATGGTTTGGAGAATGGTGCTAAAGAAATGTTGGATGATAAAGAAGAACAAGAGAAAGATAGAGATAATGAGAATCAAGGTGAAGAAGATCCAGATTGGTTTGATGATGGTGCT,0.3966211981159396,0.34200995840510345,0.2019650167565487,0.03293105066094303,0.00082596810521084,0.009987887390335822,0.015477076963584151,0.00018184360233437457,277.2561660023012
TTGGAACATGGTTTGGAGAATGGTGCTAAAGAAATGTTGGATGATAAAGAAGAACAAGAGAAAGATAGAGATAATGAGAATCAAGGTGAAGAAGATCCAGCTTGGTTTGATGCTGAAGAA,0.037804646601397186,0.047545184369914145,0.1528867686900919,0.20999839931908745,0.17695147869198302,0.18192270189834472,0.11395101100729149,0.07893980942189008,1351.460736287189
TTGGAACATGGTTTGGAGAATGGTGCTAAAGAAATGTTGGATGATAAAGAAGAACAAGAGAAAGATAGAGATAATGAGAATCAAGGTGAAGAAGATCCAGCTTGGTTTGATGCTGATGAT,0.19817290585031913,0.14953982951016662,0.07706118046005707,0.16512253158626744,0.12205053819747667,0.06811738336117643,0.16082070799591813,0.059114923038618504,1149.8997867643063
TTGGAACATGGTTTGGAGAATGGTGCTAAAGAAATGTTGGATGATAAAGAAGAACAAGAGAAAGATAGAGATAATGAGAATCAAGGTGAAGAAGATCCAGCTTGGTTTGATGCTGGTGAA,0.33607725167460895,0.5855197917073997,0.07489193740088722,0.0007132195325674934,0.0009489188939863532,0.00014711089956611175,0.0007442555521094783,0.0009575143388746033,221.92223506510558
TTGGAACATGGTTTGGAGAATGGTGCTAAAGAAATGTTGGATGATAAAGAAGAACAAGAGAAAGATAGAGATAATGAGAATCAAGGTGAAGAAGATCCAGCTTGGTTTGATGCTGGTGAT,0.021976996513094323,0.03537852009371695,0.09024510142144644,0.25148168490499895,0.27503468334705633,0.21755772373304716,0.0978361188102504,0.010489171176389377,993.3766637064042
TTGGAACATGGTTTGGAGAATGGTGCTAAAGAAATGTTGGATGATAAAGAAGAACAAGAGAAAGATAGAGATAATGAGAATCAAGGTGAAGAAGATGAAGAATGGGAAGATGAAGAAGAA,0.1305692483779782,0.16719665896538408,0.22155463303558406,0.2505547366495178,0.12866378049567537,0.06528026079984633,0.022017492330270262,0.014163189345743876,589.0313439610651
TTGGAACATGGTTTGGAGAATGGTGCTAAAGAAATGTTGGATGATAAAGAAGAACAAGAGAAAGATAGAGATAATGAGAATCAAGGTGAAGAAGATGAAGAATGGGAAGATGAAGGTGCT,0.019108793571436952,0.009612904181011682,0.05944490478005918,0.08491688559304922,0.2259591429518136,0.3503044674891571,0.23925260575239102,0.011400295681081111,1411.5332837166195
TTGGAACATGGTTTGGAGAATGGTGCTAAAGAAATGTTGGATGATAAAGAAGAACAAGAGAAAGATAGAGATAATGAGAATCAAGGTGAAGAAGATGATGATTGGGATGATGATGATGAT,0.08805947773173828,0.17719743917909223,0.15653787125135105,0.29349327711249795,0.1239633971375356,0.08071579280729592,0.035001685579826136,0.04503105920066288,831.7025149932149
TTGGAACATGGTTTGGAGAATGGTGCTAAAGAAATGTTGGATGATAAAGAAGAACAAGAGAAAGATAGAGATAATGAGAATCAAGGTGAAGAAGATGATGATTGGGATGATGATGGTGCT,0.16863662696049844,0.0,0.0,0.18734957161041643,0.11078374744598309,0.25762207150737615,0.20853563686260312,0.06707234561312278,1519.3787559886966
TTGGAACATGGTTTGGAGAATGGTGCTAAAGAAATGTTGGATGATAAAGAAGAACAAGAGAAAGATAGAGATAATGAGAATCAAGGTGAAGAAGATGCTGCTGCTGCTGATTCTGGTTCT,0.05299632269488031,0.07464919207486831,0.09232410999298823,0.09420338660961432,0.09400125348807462,0.08743808800905781,0.13762375598865262,0.36676389114186386,2981.938194037836
TTGGAACATGGTTTGGAGAATGGTGCTAAAGAAATGTTGGATGATAAAGAAGAACAAGAGAAAGATAGAGATAATGAGAATCAAGGTGAAGAAGATGCTGCTGCTGCTGCTGCTGCTGCT,0.06045313390081385,0.04561749396615824,0.11283697555124546,0.0671613809109073,0.05957090851877678,0.05541166897849016,0.23828537551567558,0.36066306265793246,3121.604813657268
TTGGAACATGGTTTGGAGAATGGTGCTAAAGAAATGTTGGATGATAAAGAAGAACAAGAGAAAGATAGAGATAATGAGAATCAAGGTGAAGAAGCTCCAACTTGGTTTGATTCTGGTTCT,0.43962080169670587,0.2937263532517589,0.14074916113157213,0.07676263561825987,0.022607933877509787,0.0034424918996598703,0.01495304411216882,0.008137578412364859,330.19030005278444
TTGGAACATGGTTTGGAGAATGGTGCTAAAGAAATGTTGGATGATAAAGAAGAACAAGAGAAAGATAGAGATAATGAGAATCAAGGTGAAGAAGCTCCAACTTGGTTTGCTTCTGGTTCT,0.10236363232183655,0.07922343633625754,0.06858698845791672,0.1924535002189322,0.19398035441861433,0.23817637837203884,0.08763411820978828,0.037581591664615555,1090.8335262560338
TTGGAACATGGTTTGGAGAATGGTGCTAAAGAAATGTTGGATGATAAAGAAGAACAAGAGAAAGATAGAGATAATGAGAATCAAGGTGAAGCTGATCCAACTTGGTTTGATTCTGGTTCT,0.28641069723925794,0.057632912903369526,0.1069182514012437,0.254554054594485,0.11289238021659762,0.052505118339635566,0.026563107121017657,0.102523478184393,1093.6293046771848
TTGGAACATGGTTTGGAGAATGGTGCTAAAGAAATGTTGGATGATAAAGAAGAACAAGAGAAAGATAGAGATAATGAGAATCAAGGTGAAGCTGATCCAACTTGGTTTGCTTCTGGTTCT,0.004345734032581689,0.00601762761094197,0.009645057740375537,0.024512378992091535,0.07981729798203609,0.14980401071358598,0.44131266555447773,0.2845452273739095,3236.099981458335
TTGGAACATGGTTTGGAGAATGGTGCTAAAGAAATGTTGGATGATAAAGAAGAACAAGAGAAAGATAGAGATAATGAGAATCAAGGTGAAGCTGCTCCAACTTGGTTTGATTCTGGTTCT,0.2521394676472166,0.2615662602996549,0.2385590011601834,0.15357019710261227,0.053696330530968873,0.02645082445059463,0.008933653063109876,0.005084265745659506,385.1649836794754
TTGGAACATGGTTTGGAGAATGGTGCTAAAGAAATGTTGGATGATAAAGAAGAACAAGAGAAAGATAGAGATAATGAGAATCAAGGTGAATCTGGTTCTGACTTCTGGACTCCAGATGAA,0.00413746109940914,0.008325594591326663,0.025742177826779473,0.05975552595248646,0.032616647078351886,0.10998015639043371,0.4336127124467962,0.32582972461441656,3410.5069766196675
TTGGAACATGGTTTGGAGAATGGTGCTAAAGAAATGTTGGATGATAAAGAAGAACAAGAGAAAGATAGAGATAATGAGAATCAAGGTGCTGAAGATCCAACTTGGTTTGATTCTGGTTCT,0.16730043010908874,0.12993502026708773,0.09495916956574783,0.12064927689168622,0.1272595204066614,0.12106458762237078,0.14427387965828026,0.09455811547907704,1383.874869991412
TTGGAACATGGTTTGGAGAATGGTGCTAAAGAAATGTTGGATGATAAAGAAGAACAAGAGAAAGATAGAGATAATGAGAATCAAGGTGCTGAAGATCCAACTTGGTTTGCTTCTGGTTCT,0.07411791621830018,0.1491435707940809,0.1844567509977842,0.20585622623085212,0.10955440988105533,0.05095266168006668,0.1374810485132577,0.08843741568460294,1279.713165748532
TTGGAACATGGTTTGGAGAATGGTGCTAAAGAAATGTTGGATGATAAAGAAGAACAAGAGAAAGATAGAGATAATGAGAATCAAGGTGCTGAAGCTCCAACTTGGTTTGATTCTGGTTCT,0.10205974241524414,0.1437586029983764,0.12699769134185757,0.24944680525552437,0.19108362552060362,0.11225821322061877,0.037862047704941705,0.03653327154283339,843.2720851617271
TTGGAACATGGTTTGGAGAATGGTGCTAAAGAAATGTTGGATGATAAAGAAGAACAAGAGAAAGATAGAGATAATGAGAATCAAGGTGCTGCTGATCCAACTTGGTTTGATTCTGGTTCT,0.05694004184510776,0.08593308064272355,0.035426573142895525,0.11070229593066475,0.08416362738221678,0.11743098711669984,0.23764021404008465,0.2717631798996072,2662.923601556002
TTGGAACATGGTTTGGAGAATGGTGCTAAAGAAATGTTGGATGATAAAGAAGAACAAGAGAAAGATAGAGATAATGAGAATCAAGGTGCTGCTGCTCCAACTTGGTTTGCTTCTGGTTCT,0.5502155081794489,0.2343453555840008,0.17490172135610124,0.03196604856610203,0.0007088324156720777,0.004879128963240112,0.002468422687278653,0.0005149822481561072,226.0804643112802
TTGGAACATGGTTTGGAGAATGGTGCTAAAGAAATGTTGGATGATAAAGAAGAACAAGAGAAAGATAGAGATAATGCTAATCAAGGTGAAGAAGATCCAACTTGGTTTGATTCTGGTTCT,0.08104023716871639,0.2038412398451458,0.050421070946610205,0.3151153398076861,0.03992878650954922,0.14856383800710762,0.11274092702063146,0.04834856069455314,1062.2344286262287
TTGGAACATGGTTTGGAGAATGGTGCTAAAGAAATGTTGGATGATAAAGAAGAACAAGAGAAAGATAGAGATAATGCTAATCAAGGTGAAGAAGATCCAACTTGGTTTGCTTCTGGTTCT,0.15552155549987223,0.20341608141477882,0.1935227155680951,0.14686229632086367,0.11493895879634496,0.06414835391219076,0.09375481627690747,0.027835222210946996,802.5582445212267
TTGGAACATGGTTTGGAGAATGGTGCTAAAGAAATGTTGGATGATAAAGAAGAACAAGAGAAAGATAGAGATAATGCTAATCAAGGTGAAGAAGCTCCAACTTGGTTTGATTCTGGTTCT,0.166937172161041,0.1679594302208439,0.07789788716592841,0.09273076749083513,0.061687862788293656,0.11476163509368076,0.19353196429711098,0.12449328078226611,1632.1956626303215
TTGGAACATGGTTTGGAGAATGGTGCTAAAGAAATGTTGGATGATAAAGAAGAACAAGAGAAAGATAGAGATAATGCTAATCAAGGTGAAGCTGATCCAACTTGGTTTGATTCTGGTTCT,0.0930088700226484,0.12477122670173259,0.07715684616129284,0.2755458647986954,0.06110102741345113,0.11366991001027388,0.1437681740143803,0.11097808087752534,1482.372566239329
TTGGAACATGGTTTGGAGAATGGTGCTAAAGAAATGTTGGATGATAAAGAAGAACAAGAGAAAGATAGAGATAATGCTAATCAAGGTGCTGAAGATCCAACTTGGTTTGATTCTGGTTCT,0.43749405286119947,0.2530399498171142,0.18350748450579835,0.07299229820000301,0.020209568062466585,0.012800499067726307,0.006851320340535618,0.013104827145156485,354.04937125569273
TTGGAACATGGTTTGGAGAATGGTGCTAAAGAAATGTTGGATGATAAAGAAGAACAAGAGAAAGATAGAGATAATGCTAATCAAGGTGCTGCTGCTCCAACTTGGTTTGATTCTGGTTCT,0.03844344362247834,0.1289295208684801,0.14351090268545613,0.1850739006274495,0.15152967036837636,0.19967898543385407,0.10696290196783097,0.04587067442607452,1131.8587215714663
TTGGAACATGGTTTGGAGAATGGTGCTAAAGAAATGTTGGATGATAAAGAAGAACAAGAGAAAGATAGAGATGCTGCTGCTGCTGCTGCTGCTGCTCCAACTTGGTTTGATTCTGGTTCT,0.2091236102721188,0.16258506487793617,0.23656568096233896,0.1953677671088635,0.08430208198641764,0.05663385899253776,0.044079842137827,0.011342093661960276,570.7542189055262
TTGGAACATGGTTTGGAGAATGGTGCTAAAGAAATGTTGGATGATAAAGAAGAACAAGAGAAAGATAGAGATGCTGCTGCTGCTGGTGAAGAAGATCCAACTTGGTTTGATTCTGGTTCT,0.04311506182044372,0.08233172634809945,0.135767548591837,0.20430548046482844,0.21676459352600308,0.1863062071416103,0.09466306489660628,0.03674631721057176,1070.7200176556375
TTGGAACATGGTTTGGAGAATGGTGCTAAAGAAATGTTGGATGATAAAGAAGAACAAGAGAAAGATAGAGATGCTGCTGCTGCTGGTGAAGAAGATCCAACTTGGTTTGCTGCTGCTGCT,0.2305199722072292,0.2628971490760077,0.23484597343291036,0.16258703504533178,0.05798915653819195,0.0361563236232668,0.008835446332989829,0.006168943744072449,408.66035857840893
TTGGAACATGGTTTGGAGAATGGTGCTAAAGAAATGTTGGATGATAAAGAAGAACAAGAGAAAGATAGAGATGCTGCTGCTGCTGGTGAAGAAGATGCTGCTGCTGCTGATTCTGGTTCT,0.06868905666815368,0.09214624217435814,0.11396399025208044,0.2543707056814062,0.11281106666124856,0.2518430410430215,0.10617589751973153,0.0,898.7136153693855
TTGGAACATGGTTTGGAGAATGGTGCTAAAGAAATGTTGGATGATAAAGAAGAACAAGAGAAAGATAGAGCTAATGAGAATCAAGGTGAAGAAGATCCAACTTGGTTTGATTCTGGTTCT,0.17225555454593092,0.10398622818170171,0.2572147320435776,0.19137007738689113,0.033948347156138654,0.06315614858853087,0.09585485720398615,0.082214054893243,1110.9433116240593
TTGGAACATGGTTTGGAGAATGGTGCTAAAGAAATGTTGGATGATAAAGAAGAACAAGAGAAAGATAGAGCTAATGAGAATCAAGGTGAAGAAGATCCAACTTGGTTTGCTTCTGGTTCT,0.08917627702272334,0.06901719824870939,0.07682275055995194,0.1371763640714739,0.12167290970208544,0.16976656467988657,0.19722288975312105,0.13914504596204832,1842.7878862851423
TTGGAACATGGTTTGGAGAATGGTGCTAAAGAAATGTTGGATGATAAAGAAGAACAAGAGAAAGATAGAGCTAATGAGAATCAAGGTGAAGAAGCTCCAACTTGGTTTGATTCTGGTTCT,0.3258805472149934,0.17427649219910504,0.09863716478929689,0.048924626022206874,0.03760921029339352,0.010764103398986449,0.1252514980613289,0.1786563580206889,1649.398919594935
TTGGAACATGGTTTGGAGAATGGTGCTAAAGAAATGTTGGATGATAAAGAAGAACAAGAGAAAGATAGAGCTAATGAGAATCAAGGTGAAGCTGATCCAACTTGGTTTGATTCTGGTTCT,0.13933743573942484,0.19950212693193975,0.06668617750302439,0.04763051203979452,0.03696646394585604,0.06877093247041609,0.1789314188692487,0.2621749325002956,2365.6297432946512
TTGGAACATGGTTTGGAGAATGGTGCTAAAGAAATGTTGGATGATAAAGAAGAACAAGAGAAAGATAGAGCTAATGAGAATCAAGGTGCTGAAGATCCAACTTGGTTTGATTCTGGTTCT,0.17937911474102533,0.10313003565662318,0.2550969003386812,0.08540747618536257,0.1262580985692518,0.04697710434661419,0.14259842405333756,0.061152846109104146,1096.7368668927902
TTGGAACATGGTTTGGAGAATGGTGCTAAAGAAATGTTGGATGATAAAGAAGAACAAGAGAAAGATAGAGCTAATGCTAATCAAGGTGAAGAAGATCCAACTTGGTTTGATTCTGGTTCT,0.29836467191075,0.279724121980186,0.1603207299480324,0.10546869090813775,0.10691289977270602,0.018646545643169404,0.006289040065928829,0.024273299771089652,492.8682553063102
TTGGAACATGGTTTGGAGAATGGTGCTAAAGAAATGTTGGATGATAAAGAAGAACAAGAGAAAGATAGAGCTAATGCTAATCAAGGTGCTGCTGATCCAACTTGGTTTGATTCTGGTTCT,0.3538104358233257,0.21910896621551346,0.2252046953266231,0.03502069450274599,0.04850486471202315,0.08622600056621166,0.027022277789997454,0.005102065063559483,452.77050965078445
TTGGAACATGGTTTGGAGAATGGTGCTAAAGAAATGTTGGATGATAAAGAAGAACAAGAGAAAGCTAGAGATAATGAGAATCAAGGTGAAGAAGATCCAACTTGGTTTGCTTCTGGTTCT,0.2280533437834862,0.2898313937871195,0.19416348297716107,0.12001240814588106,0.04731057633824277,0.02200367646239591,0.055659908348936624,0.04296521015677701,708.3462798600967
TTGGAACATGGTTTGGAGAATGGTGCTAAAGAAATGTTGGATGATAAAGAAGAACAAGAGAAAGCTAGAGATAATGAGAATCAAGGTGAAGAAGCTCCAACTTGGTTTGATTCTGGTTCT,0.00932574871311322,0.003753142382755209,0.024369373368983083,0.14194008912771106,0.2940688960777871,0.3932094549425843,0.11330384389049808,0.020029451496568092,1264.4203261165474
TTGGAACATGGTTTGGAGAATGGTGCTAAAGAAATGTTGGATGATAAAGAAGAACAAGAGAAAGCTAGAGATAATGAGAATCAAGGTGAAGCTGATCCAACTTGGTTTGATTCTGGTTCT,0.05383729826614016,0.23928567238929638,0.2082084410079532,0.20291890653386505,0.15764449764438476,0.1147930745513455,0.009062264895955725,0.014249844711059202,624.4833130312074
TTGGAACATGGTTTGGAGAATGGTGCTAAAGAAATGTTGGATGATAAAGAAGAACAAGAGAAAGCTAGAGATAATGAGAATCAAGGTGCTGAAGATCCAACTTGGTTTGATTCTGGTTCT,0.2722473896672143,0.32132280979128575,0.18241467354436455,0.1454123144308493,0.03095473105398376,0.019195648268940865,0.009711359146491783,0.018741074096869655,441.0276161034667
TTGGAACATGGTTTGGAGAATGGTGCTAAAGAAATGTTGGATGATAAAGAAGAACAAGAGAAAGCTAGAGATAATGCTAATCAAGGTGAAGAAGATCCAACTTGGTTTGATTCTGGTTCT,0.5089703445576923,0.26933674739859376,0.14544941652641813,0.0318968605179791,0.01258622528880399,0.012997088943858386,0.010133278824479458,0.008630037942174802,310.31396999430876
TTGGAACATGGTTTGGAGAATGGTGCTAAAGAAATGTTGGATGATAAAGAAGAACAAGAGAAAGCTAGAGCTAATGAGAATCAAGGTGAAGAAGATCCAACTTGGTTTGATTCTGGTTCT,0.001856879402653802,0.0007053169321096066,0.0010929924103455124,0.0022205471476196103,0.0005797732910666475,0.004276100491448679,0.3131737132411172,0.676094677083639,5117.835201351694
TTGGAACATGGTTTGGAGAATGGTGCTAAAGAAATGTTGGATGATAAAGAAGAACAAGAGAAAGCTAGAGCTAATGCTAATCAAGGTGCTGAAGATCCAACTTGGTTTGATTCTGGTTCT,0.15892375807034292,0.13465005904099606,0.16653156606163053,0.2601920687274931,0.06593873576601189,0.1073360656645977,0.04654533011572216,0.05988241655320568,934.8025204423818
TTGGAACATGGTTTGGAGAATGGTGCTAAAGAAATGTTGGATGATAAAGAAGAACAAGCTAAAGATAGAGATAATGAGAATCAAGGTGAAGAAGATCCAACTTGGTTTGATTCTGGTTCT,0.08027187430924354,0.16152685584890009,0.0,0.1783586583207062,0.03955021164785569,0.18394408364356488,0.26056800455502044,0.09578031167470914,1702.0071939055376
TTGGAACATGGTTTGGAGAATGGTGCTAAAGAAATGTTGGATGATAAAGAAGAACAAGCTAAAGATAGAGATAATGAGAATCAAGGTGAAGAAGATCCAACTTGGTTTGCTTCTGGTTCT,0.1547886482260767,0.11680238510162308,0.07222902184092155,0.12897370276848485,0.19066216687685647,0.15961512467003527,0.10766883404442239,0.06926011647157958,1221.516462375958
TTGGAACATGGTTTGGAGAATGGTGCTAAAGAAATGTTGGATGATAAAGAAGAACAAGCTAAAGATAGAGATAATGAGAATCAAGGTGAAGAAGCTCCAACTTGGTTTGATTCTGGTTCT,0.41726140145664403,0.26738315813663727,0.19097666115231346,0.1227415039847631,0.0003375797039727488,0.00047101484454862473,0.00031772439632524256,0.0005109563247956565,251.7635114473576
TTGGAACATGGTTTGGAGAATGGTGCTAAAGAAATGTTGGATGATAAAGAAGAACAAGCTAAAGATAGAGATAATGAGAATCAAGGTGAAGCTGATCCAACTTGGTTTGATTCTGGTTCT,0.15144850000652474,0.15754119662089228,0.16609542357139997,0.23669651000494507,0.14417940344059607,0.10117281450325691,0.021426197965413615,0.02143995388697122,670.4641721727991
TTGGAACATGGTTTGGAGAATGGTGCTAAAGAAATGTTGGATGATAAAGAAGAACAAGCTAAAGATAGAGATAATGAGAATCAAGGTGCTGAAGATCCAACTTGGTTTGATTCTGGTTCT,0.04810860180734498,0.11294080023394985,0.019954591361986938,0.16034107361789374,0.2054282831454077,0.1322898126046054,0.14872744577033747,0.17220939145847394,1937.9328268693307
TTGGAACATGGTTTGGAGAATGGTGCTAAAGAAATGTTGGATGATAAAGAAGAACAAGCTAAAGATAGAGATAATGCTAATCAAGGTGAAGAAGATCCAACTTGGTTTGATTCTGGTTCT,0.11444384071302482,0.13433542512559918,0.07120390084718925,0.19071483684316953,0.13156931626260704,0.1048998423906658,0.07076048554292787,0.1820723522748165,1750.2563502534679
TTGGAACATGGTTTGGAGAATGGTGCTAAAGAAATGTTGGATGATAAAGAAGAACAAGCTAAAGATAGAGCTAATGAGAATCAAGGTGAAGAAGATCCAACTTGGTTTGATTCTGGTTCT,0.13987636579198365,0.18858210481330664,0.19146014500267414,0.15850585507739237,0.06891753704782738,0.0487203442408897,0.0804314075175378,0.12350624050838829,1318.5894817356188
TTGGAACATGGTTTGGAGAATGGTGCTAAAGAAATGTTGGATGATAAAGAAGAACAAGCTAAAGCTAGAGATAATGAGAATCAAGGTGAAGAAGATCCAACTTGGTTTGATTCTGGTTCT,0.05457922174475273,0.0878615097402268,0.040749280721976,0.09701706204173119,0.2796701312585288,0.21011595938468244,0.1518581946584768,0.07814864044962516,1483.168535418662
TTGGAACATGGTTTGGAGAATGGTGCTAAAGAAATGTTGGATGATAAAGAAGAACAAGCTAAAGCTAGAGCTAATGCTAATCAAGGTGAAGAAGATCCAACTTGGTTTGATTCTGGTTCT,0.04871349651951087,0.0735176984271891,0.1666953000673993,0.14882736562005927,0.14400778210546,0.11162763490279656,0.24848583216966103,0.0581248901879239,1429.1809637655351
TTGGAACATGGTTTGGAGAATGGTGCTAAAGAAATGTTGGATGATAAAGAAGCTCAAGAGAAAGATAGAGATAATGAGAATCAAGGTGAAGAAGATCCAACTTGGTTTGATTCTGGTTCT,0.2742819635012212,0.3248909136082788,0.15975830012827172,0.13182833580094375,0.042171225502824615,0.017830377933270646,0.0306702063283103,0.018568677196878845,488.1811589653663
TTGGAACATGGTTTGGAGAATGGTGCTAAAGAAATGTTGGATGATAAAGAAGCTCAAGAGAAAGATAGAGATAATGAGAATCAAGGTGAAGAAGATCCAACTTGGTTTGCTTCTGGTTCT,0.2699576679028954,0.4626883215511888,0.25207418929621966,0.009297804945746335,0.0005286526812179563,0.0004917421624853572,0.004577543728686803,0.00038407773155978896,252.38589444183557
TTGGAACATGGTTTGGAGAATGGTGCTAAAGAAATGTTGGATGATAAAGAAGCTCAAGAGAAAGATAGAGATAATGAGAATCAAGGTGAAGAAGCTCCAACTTGGTTTGATTCTGGTTCT,0.19801815478620982,0.1859486912711748,0.24640321351494066,0.1319948713596064,0.08455562631450679,0.14520360797503232,0.0,0.007875834778529213,532.0330459553019
TTGGAACATGGTTTGGAGAATGGTGCTAAAGAAATGTTGGATGATAAAGAAGCTCAAGAGAAAGATAGAGATAATGAGAATCAAGGTGAAGCTGATCCAACTTGGTTTGATTCTGGTTCT,0.042805312966011026,0.04306743598879517,0.0798969671371193,0.07925875091487368,0.07733115831787826,0.10462821603193871,0.25804810400106787,0.3149640546423159,2954.9934772908605
TTGGAACATGGTTTGGAGAATGGTGCTAAAGAAATGTTGGATGATAAAGAAGCTCAAGAGAAAGATAGAGATAATGAGAATCAAGGTGCTGAAGATCCAACTTGGTTTGATTCTGGTTCT,0.0405598450212828,0.0663133537221055,0.10094100880499715,0.2365682121552777,0.2897675156784392,0.13012080538934226,0.07523430643459447,0.060494952793961,1151.23003049791
TTGGAACATGGTTTGGAGAATGGTGCTAAAGAAATGTTGGATGATAAAGAAGCTCAAGAGAAAGATAGAGATAATGCTAATCAAGGTGAAGAAGATCCAACTTGGTTTGATTCTGGTTCT,0.2732424733605469,0.21443424878989284,0.06120150066012867,0.13356777202629022,0.14001254680311756,0.11020043169650257,0.06082037432135259,0.006520652342168596,633.5465710144056
TTGGAACATGGTTTGGAGAATGGTGCTAAAGAAATGTTGGATGATAAAGAAGCTCAAGAGAAAGATAGAGCTAATGAGAATCAAGGTGAAGAAGATCCAACTTGGTTTGATTCTGGTTCT,0.24306361503344048,0.15445392107681769,0.09551222459342068,0.09948673753351138,0.12606129253915305,0.1407116349950258,0.09491743158875562,0.04579314263987535,978.6467312425364
TTGGAACATGGTTTGGAGAATGGTGCTAAAGAAATGTTGGATGATAAAGAAGCTCAAGAGAAAGCTAGAGATAATGAGAATCAAGGTGAAGAAGATCCAACTTGGTTTGATTCTGGTTCT,0.08290383933644234,0.11121534677039312,0.24070925404283255,0.1688561471978587,0.1565801257061354,0.16464523143008195,0.02562967079866579,0.0494603847175902,926.6283254909025
TTGGAACATGGTTTGGAGAATGGTGCTAAAGAAATGTTGGATGATAAAGAAGCTCAAGCTAAAGATAGAGATAATGAGAATCAAGGTGAAGAAGATCCAACTTGGTTTGATTCTGGTTCT,0.11495211840964616,0.16522291471204154,0.1430402753074201,0.18243986262843406,0.17800287965128456,0.10536573247207233,0.09138182530599379,0.019594391513107618,834.6779565941165
TTGGAACATGGTTTGGAGAATGGTGCTAAAGAAATGTTGGATGATAAAGAAGCTCAAGCTAAAGCTAGAGCTAATGAGAATCAAGGTGAAGAAGATCCAACTTGGTTTGATTCTGGTTCT,0.19399847596500525,0.20970609668618787,0.18763423660235026,0.11608282234075867,0.05124544110230866,0.042659177001303956,0.0912993275437604,0.10737442275832507,1213.3797001047512
TTGGAACATGGTTTGGAGAATGGTGCTAAAGAAATGTTGGATGATAAAGCTGAACAAGAGAAAGATAGAGATAATGAGAATCAAGGTGAAGAAGATCCAACTTGGTTTGATTCTGGTTCT,0.45056212586443106,0.28078311683473356,0.18131447453441615,0.04508059742504805,0.027693248652280678,0.00360694304884422,0.004211088993974481,0.006748404646271694,294.3412709747531
TTGGAACATGGTTTGGAGAATGGTGCTAAAGAAATGTTGGATGATAAAGCTGAACAAGAGAAAGATAGAGATAATGAGAATCAAGGTGAAGAAGATCCAACTTGGTTTGCTTCTGGTTCT,0.29906508841065055,0.21586049404082325,0.20225033679491503,0.07945136615049186,0.07047189918446317,0.0536330885828844,0.048237802241343275,0.031029924594428455,650.2736519759758
TTGGAACATGGTTTGGAGAATGGTGCTAAAGAAATGTTGGATGATAAAGCTGAACAAGAGAAAGATAGAGATAATGAGAATCAAGGTGAAGAAGCTCCAACTTGGTTTGATTCTGGTTCT,0.09440444339079908,0.09498253934083922,0.06712676925058865,0.22474314421532954,0.17276396081098808,0.2101482262972959,0.08755522634669664,0.04827569034746289,1121.6025343250822
TTGGAACATGGTTTGGAGAATGGTGCTAAAGAAATGTTGGATGATAAAGCTGAACAAGAGAAAGATAGAGATAATGAGAATCAAGGTGAAGCTGATCCAACTTGGTTTGATTCTGGTTCT,0.432164405609533,0.2494660851747021,0.18541571553935932,0.06053107672240236,0.04091685952668773,0.01580536486663398,0.0039705096160778395,0.011729982944603616,350.99764048036184
TTGGAACATGGTTTGGAGAATGGTGCTAAAGAAATGTTGGATGATAAAGCTGAACAAGAGAAAGATAGAGATAATGAGAATCAAGGTGCTGAAGATCCAACTTGGTTTGATTCTGGTTCT,0.044911146782992024,0.29083458997959877,0.0965286914022623,0.1623847659253725,0.1874833824355723,0.1863688020973515,0.022719687264546092,0.008768934112304573,700.1953584240007
TTGGAACATGGTTTGGAGAATGGTGCTAAAGAAATGTTGGATGATAAAGCTGAACAAGAGAAAGATAGAGATAATGCTAATCAAGGTGAAGAAGATCCAACTTGGTTTGATTCTGGTTCT,0.014032515528965481,0.0282368903498202,0.10767809495332469,0.18967405923391428,0.2327668121772355,0.1629222071138506,0.16701852555902877,0.09767089508386065,1592.6537453695992
TTGGAACATGGTTTGGAGAATGGTGCTAAAGAAATGTTGGATGATAAAGCTGAACAAGAGAAAGATAGAGCTAATGAGAATCAAGGTGAAGAAGATCCAACTTGGTTTGATTCTGGTTCT,0.4471366116861834,0.2867533940370913,0.1511066308092905,0.07042169829856433,0.010104770977744185,0.013871055488500697,0.009253113426553015,0.011352725276072445,340.18724131571753
TTGGAACATGGTTTGGAGAATGGTGCTAAAGAAATGTTGGATGATAAAGCTGAACAAGAGAAAGCTAGAGATAATGAGAATCAAGGTGAAGAAGATCCAACTTGGTTTGATTCTGGTTCT,0.04520758629834961,0.05116997239315441,0.0703173817016543,0.20717439073984634,0.31740341318093734,0.23308603717836548,0.041927692265018905,0.03371352624267353,1029.2957431426325
TTGGAACATGGTTTGGAGAATGGTGCTAAAGAAATGTTGGATGATAAAGCTGAACAAGCTAAAGATAGAGATAATGAGAATCAAGGTGAAGAAGATCCAACTTGGTTTGATTCTGGTTCT,0.01669790305512674,0.017788398875524376,0.029944733785992984,0.0774768865562103,0.2158406702167966,0.3101591884335213,0.2623585009540302,0.06973371812279741,1767.8667611603876
TTGGAACATGGTTTGGAGAATGGTGCTAAAGAAATGTTGGATGATAAAGCTGCTCAAGAGAAAGATAGAGATAATGAGAATCAAGGTGAAGAAGATCCAACTTGGTTTGATTCTGGTTCT,0.06709845171614119,0.07816870534590493,0.12743779667840852,0.1883219458446099,0.24011726762102203,0.21040432664284694,0.058955054108384704,0.029496452042681875,975.106714760054
TTGGAACATGGTTTGGAGAATGGTGCTAAAGAAATGTTGGATGATAAAGCTGCTCAAGCTAAAGCTAGAGATAATGAGAATCAAGGTGAAGAAGATCCAACTTGGTTTGATTCTGGTTCT,0.07983068955229708,0.03442266065327898,0.028382012986979305,0.08868918786243492,0.02247590771065403,0.04181328064390008,0.29615530125970607,0.4082309593307496,3509.278143798189
TTGGAACATGGTTTGGAGAATGGTGCTAAAGAAATGTTGGATGATAAAGCTGCTGCTGCTAAAGATAGAGATAATGAGAATCAAGCTGCTGCTGCTCCAACTTGGTTTGATTCTGGTTCT,0.4430996173360465,0.32092072985990633,0.1640705113845221,0.031202533031622175,0.009480274443931421,0.024921990759817287,0.006080822615559475,0.00022352056859456995,268.66162066937835
TTGGAACATGGTTTGGAGAATGGTGCTAAAGAAATGTTGGATGATAAAGCTGCTGCTGCTAAAGATAGAGATAATGAGAATCAAGGTGAAGAAGATCCAACTTGGTTTGATTCTGGTTCT,0.21777365635556897,0.22595431773223815,0.20323942823390875,0.16633316171354173,0.060355003284744066,0.06861680010155657,0.02524672183017436,0.03248091074826736,645.3067454815501
TTGGAACATGGTTTGGAGAATGGTGCTAAAGAAATGTTGGATGATAAAGCTGCTGCTGCTAAAGATAGAGATAATGAGAATCAAGGTGAAGAAGATCCAACTTGGTTTGCTGCTGCTGCT,0.43010109532956753,0.3876789479051741,0.09038301649243918,0.08474061500008377,0.0009698498780156316,0.0025259779456104445,0.0013692098342655478,0.0022312876148438926,247.45249075681267
TTGGAACATGGTTTGGAGAATGGTGCTAAAGAAATGTTGGATGATAAAGCTGCTGCTGCTAAAGATAGAGATAATGAGAATCAAGGTGAAGAAGATGCTGCTGCTGCTGATTCTGGTTCT,0.15042453199395966,0.07238271321835632,0.0976592618111685,0.03632968520477991,0.06444752399361187,0.029973899633339456,0.12737956657512137,0.42140281756966297,3188.910363889254
TTGGAACATGGTTTGGAGAATGGTGCTAAAGAAATGTTGGATGATAAAGCTGCTGCTGCTAAAGATAGAGATGCTGCTGCTGCTGGTGAAGAAGATCCAACTTGGTTTGATTCTGGTTCT,0.24050193263025668,0.27360672395726804,0.23225184978827393,0.15294567134282486,0.04799916182220013,0.034221340382628106,0.012091390762864671,0.006381929313683619,406.5422646407571
TTGGAACATGGTTTGGAGAATGGTGCTAAAGAAATGTTGGATGATAAAGCTGCTGCTGCTGCTGCTGCTGCTAATGAGAATCAAGGTGAAGAAGATCCAACTTGGTTTGATTCTGGTTCT,0.06227575264251643,0.11790927947575545,0.17048376348036615,0.24403876744056502,0.21311060727447445,0.15256539637100108,0.022052875686456908,0.017563557628864485,753.623231028381
TTGGAACATGGTTTGGAGAATGGTGCTAAAGAAATGTTGGATGCTAAAGAAGAACAAGAGAAAGATAGAGATAATGAGAATCAAGGTGAAGAAGATCCAACTTGGTTTGATTCTGGTTCT,0.033546343406260705,0.1350070724589223,0.0834865553201693,0.18634424737785577,0.13222713366507036,0.15374379757684073,0.1555624706074711,0.12008237958740971,1633.429170075193
TTGGAACATGGTTTGGAGAATGGTGCTAAAGAAATGTTGGATGCTAAAGAAGAACAAGAGAAAGATAGAGATAATGAGAATCAAGGTGAAGAAGATCCAACTTGGTTTGCTTCTGGTTCT,0.08227770724225479,0.08278154379514285,0.051190991773005234,0.03656309660067961,0.05675388881432252,0.16591561966156812,0.2594482449688262,0.2650689071442007,2694.1187816849856
TTGGAACATGGTTTGGAGAATGGTGCTAAAGAAATGTTGGATGCTAAAGAAGAACAAGAGAAAGATAGAGATAATGAGAATCAAGGTGAAGAAGCTCCAACTTGGTTTGATTCTGGTTCT,0.041200962320449876,0.04145326092631751,0.1367154040547779,0.07628811901463231,0.17593200873562767,0.2517668303120874,0.1783215292607159,0.09832188537539148,1665.1145480641953
TTGGAACATGGTTTGGAGAATGGTGCTAAAGAAATGTTGGATGCTAAAGAAGAACAAGAGAAAGATAGAGATAATGAGAATCAAGGTGAAGCTGATCCAACTTGGTTTGATTCTGGTTCT,0.5771024283164067,0.2502246207702368,0.13140411801643873,0.029742849340110497,0.0003430200451942723,0.007295109441811626,0.002113165668407492,0.0017746884013940787,228.39648136533228
TTGGAACATGGTTTGGAGAATGGTGCTAAAGAAATGTTGGATGCTAAAGAAGAACAAGAGAAAGATAGAGATAATGAGAATCAAGGTGCTGAAGATCCAACTTGGTTTGATTCTGGTTCT,0.0932875500087272,0.13140232915571892,0.06964922623757397,0.0414557213239666,0.12869661584922804,0.08550787208780831,0.2941658431966607,0.15583484214031623,2057.4606100737988
TTGGAACATGGTTTGGAGAATGGTGCTAAAGAAATGTTGGATGCTAAAGAAGAACAAGAGAAAGATAGAGATAATGCTAATCAAGGTGAAGAAGATCCAACTTGGTTTGATTCTGGTTCT,0.12322499642251199,0.09918366254880537,0.12266768220986789,0.08213927439450186,0.21856807294855268,0.146833306271527,0.14857023340825168,0.05881277179598147,1250.6299395094466
TTGGAACATGGTTTGGAGAATGGTGCTAAAGAAATGTTGGATGCTAAAGAAGAACAAGAGAAAGATAGAGCTAATGAGAATCAAGGTGAAGAAGATCCAACTTGGTTTGATTCTGGTTCT,0.3985068234491498,0.2554595883842535,0.21205297533365422,0.11161362638849394,0.010805298678076714,0.005163119670623183,0.006129722693673022,0.00026884540207575776,275.8495334996397
TTGGAACATGGTTTGGAGAATGGTGCTAAAGAAATGTTGGATGCTAAAGAAGAACAAGAGAAAGCTAGAGATAATGAGAATCAAGGTGAAGAAGATCCAACTTGGTTTGATTCTGGTTCT,0.11956648508615393,0.19247786168757125,0.2082950053746931,0.18596803214726235,0.11782158649814971,0.13151434306223156,0.044356686143938194,0.0,607.6298118932198
TTGGAACATGGTTTGGAGAATGGTGCTAAAGAAATGTTGGATGCTAAAGAAGAACAAGCTAAAGATAGAGATAATGAGAATCAAGGTGAAGAAGATCCAACTTGGTTTGATTCTGGTTCT,0.13684270345664099,0.2202890795853194,0.23839164989629147,0.09121656071768418,0.05393827345627761,0.15051691312153465,0.0761487072728686,0.03265611249338321,847.2863075802613
TTGGAACATGGTTTGGAGAATGGTGCTAAAGAAATGTTGGATGCTAAAGAAGCTCAAGAGAAAGATAGAGATAATGAGAATCAAGGTGAAGAAGATCCAACTTGGTTTGATTCTGGTTCT,0.018710637446438732,0.16942692675942203,0.06984755309976089,0.04157376690141254,0.22125099555206923,0.15435244188228645,0.19088460687444136,0.13395307148416885,1814.625683917824
TTGGAACATGGTTTGGAGAATGGTGCTAAAGAAATGTTGGATGCTAAAGCTGAACAAGAGAAAGATAGAGATAATGAGAATCAAGGTGAAGAAGATCCAACTTGGTTTGATTCTGGTTCT,0.030159051348897698,0.010114577867804954,0.012509437458657402,0.0,0.049531539916137964,0.1382197466215981,0.3636224328149862,0.3958432139719177,3696.7938666931323
TTGGAACATGGTTTGGAGAATGGTGCTAAAGAAATGTTGGATGCTAAAGCTGCTCAAGCTAAAGATAGAGATAATGAGAATCAAGGTGAAGAAGATCCAACTTGGTTTGATTCTGGTTCT,0.3384139194723036,0.22129352802686156,0.10582500362478028,0.040812352115785606,0.034362304169686705,0.04546779218556998,0.1350270717466579,0.07879802865835447,1096.1878953823402
TTGGAACATGGTTTGGAGAATGGTGCTAAAGAAATGTTGGATGCTAAAGCTGCTCAAGCTAAAGCTAGAGCTAATGCTAATCAAGGTGCTGCTGCTCCAACTTGGTTTGCTTCTGGTTCT,0.03364823433707489,0.04308726925468076,0.03045095657548234,0.06966654184393867,0.1522216330519166,0.21589507304932154,0.30355892876474544,0.15147136312283999,2221.185596981355
TTGGAACATGGTTTGGAGAATGGTGCTAAAGAAATGTTGGCTGATAAAGAAGAACAAGAGAAAGATAGAGATAATGAGAATCAAGGTGAAGAAGATCCAACTTGGTTTGATTCTGGTTCT,0.22905648568878417,0.21605544203385071,0.1692339822974078,0.159046240583434,0.11285687005893476,0.08529397974503725,0.019916063796554903,0.008540935795996385,527.3182547686092
TTGGAACATGGTTTGGAGAATGGTGCTAAAGAAATGTTGGCTGATAAAGAAGAACAAGAGAAAGATAGAGATAATGAGAATCAAGGTGAAGAAGATCCAACTTGGTTTGCTTCTGGTTCT,0.4322454311152663,0.2987927878009718,0.1233640245049989,0.09931973282148746,0.00047791017001177393,0.015151489946254435,0.01724237528198515,0.013406248359024181,373.6798948434347
TTGGAACATGGTTTGGAGAATGGTGCTAAAGAAATGTTGGCTGATAAAGAAGAACAAGAGAAAGATAGAGATAATGAGAATCAAGGTGAAGAAGCTCCAACTTGGTTTGATTCTGGTTCT,0.10757065823318131,0.0911405296353839,0.05636007603697317,0.08176818820880626,0.16736971777075743,0.20238915801959403,0.13127132623799778,0.16213034585730615,1872.3104404513415
TTGGAACATGGTTTGGAGAATGGTGCTAAAGAAATGTTGGCTGATAAAGAAGAACAAGAGAAAGATAGAGATAATGAGAATCAAGGTGAAGCTGATCCAACTTGGTTTGATTCTGGTTCT,0.47865805095661584,0.23224299966076392,0.22259079556062944,0.04736878538835343,0.0032510153417032867,0.014710109704246296,0.0007779156373264504,0.0004003277503613617,248.63096141516104
TTGGAACATGGTTTGGAGAATGGTGCTAAAGAAATGTTGGCTGATAAAGAAGAACAAGAGAAAGATAGAGATAATGAGAATCAAGGTGCTGAAGATCCAACTTGGTTTGATTCTGGTTCT,0.051692575367698404,0.05200912051529814,0.1286469586509972,0.0,0.1528145927082043,0.14214508116089564,0.28765310026944907,0.18503857132745719,2296.812469351375
TTGGAACATGGTTTGGAGAATGGTGCTAAAGAAATGTTGGCTGATAAAGAAGAACAAGAGAAAGATAGAGATAATGCTAATCAAGGTGAAGAAGATCCAACTTGGTTTGATTCTGGTTCT,0.2823777745390157,0.07102673644317237,0.13176593166431802,0.19607007996170467,0.10434633092635884,0.06470724824337029,0.06547268612848373,0.08423321209357641,1070.7860347488274
TTGGAACATGGTTTGGAGAATGGTGCTAAAGAAATGTTGGCTGATAAAGAAGAACAAGAGAAAGATAGAGCTAATGAGAATCAAGGTGAAGAAGATCCAACTTGGTTTGATTCTGGTTCT,0.026763953282055337,0.06793110432327717,0.12618529555576086,0.22642408247020007,0.2964750352658631,0.2174656063946171,0.029815310900905705,0.00893961180732067,831.9354861687128
TTGGAACATGGTTTGGAGAATGGTGCTAAAGAAATGTTGGCTGATAAAGAAGAACAAGAGAAAGCTAGAGATAATGAGAATCAAGGTGAAGAAGATCCAACTTGGTTTGATTCTGGTTCT,0.24669164337430569,0.07091493904993751,0.08770568643832219,0.1566091696314986,0.17363681312805748,0.14536214514252804,0.09805444636933122,0.02102515686601928,878.3268117789542
TTGGAACATGGTTTGGAGAATGGTGCTAAAGAAATGTTGGCTGATAAAGAAGAACAAGCTAAAGATAGAGATAATGAGAATCAAGGTGAAGAAGATCCAACTTGGTTTGATTCTGGTTCT,0.2335424634150465,0.25470467639064964,0.24368229143524192,0.1375125110316683,0.06981330687950654,0.046559843614257135,0.007053423126306043,0.007131484107323735,422.8396592985277
TTGGAACATGGTTTGGAGAATGGTGCTAAAGAAATGTTGGCTGATAAAGAAGCTCAAGAGAAAGATAGAGATAATGAGAATCAAGGTGAAGAAGATCCAACTTGGTTTGATTCTGGTTCT,0.3953594308662257,0.29190405079684556,0.17187156928778957,0.07708316854727666,0.027022160343691804,0.022023177428538283,0.00853417031283889,0.006202272416793518,333.5816224315802
TTGGAACATGGTTTGGAGAATGGTGCTAAAGAAATGTTGGCTGATAAAGCTGAACAAGAGAAAGATAGAGATAATGAGAATCAAGGTGAAGAAGATCCAACTTGGTTTGATTCTGGTTCT,0.1145148424795025,0.12801787406803175,0.15832905833289732,0.16962947348794385,0.12538185028093382,0.09330215377175691,0.05900365487296516,0.15182109270596866,1524.0219704842464
TTGGAACATGGTTTGGAGAATGGTGCTAAAGAAATGTTGGCTGCTAAAGAAGAACAAGAGAAAGATAGAGATAATGAGAATCAAGGTGAAGAAGATCCAACTTGGTTTGATTCTGGTTCT,0.16063563452582366,0.17490308287592835,0.2053627420987667,0.25424543844441094,0.12142901270192047,0.07059427604355366,0.01020419328887754,0.002625620020718636,489.340289542284
TTGGAACATGGTTTGGAGAATGGTGCTAAAGAAATGTTGGCTGCTAAAGAAGAACAAGAGAAAGCTAGAGCTAATGAGAATCAAGGTGAAGAAGCTCCAACTTGGTTTGCTTCTGGTTCT,0.026552736585236252,0.09795622897964648,0.07709521618522337,0.08849756865974627,0.0784957142819518,0.1622558782530819,0.3529767719565475,0.11616988509856652,2030.9926127325439
TTGGAACATGGTTTGGAGAATGGTGCTAAAGAAATGTTGGCTGCTAAAGCTGCTCAAGAGAAAGATAGAGATAATGAGAATCAAGGTGAAGAAGATCCAACTTGGTTTGATTCTGGTTCT,0.06397870316563724,0.038622290257568206,0.031844672168674065,0.12794070376860475,0.3026161307448519,0.0703718697655073,0.16614340364013028,0.1984822264890264,2114.0428837054096
TTGGAACATGGTTTGGAGAATGGTGCTAAAGAAGCTTTGGATGATAAAGAAGAACAAGAGAAAGATAGAGATAATGAGAATCAAGGTGAAGAAGATCCAACTTGGTTTGATTCTGGTTCT,0.13810223260444546,0.06947395837666641,0.08592352035615718,0.19178361918779321,0.1360868317962834,0.09493893911468039,0.1601033251238475,0.12358757344012632,1593.4345449073467
TTGGAACATGGTTTGGAGAATGGTGCTAAAGCTATGTTGGATGATAAAGAAGAACAAGAGAAAGATAGAGATAATGAGAATCAAGGTGAAGAAGATCCAACTTGGTTTGATTCTGGTTCT,0.10588569268779667,0.17381878711010412,0.11788918374119277,0.16097477491580323,0.13179845725366118,0.16856990126323482,0.08786628031470624,0.05319692271350093,1071.5536841975181
TTGGAACATGGTTTGGAGAATGGTGCTAAAGCTATGTTGGATGATAAAGAAGAACAAGAGAAAGATAGAGATAATGAGAATCAAGGTGAAGAAGATCCAACTTGGTTTGCTTCTGGTTCT,0.10844647641143308,0.21822112057764123,0.06747250097093176,0.15060044535209632,0.0801478936074089,0.17395459530093738,0.20115696777955128,0.0,983.4926979738359
TTGGAACATGGTTTGGAGAATGGTGCTAAAGCTATGTTGGATGATAAAGAAGAACAAGAGAAAGATAGAGATAATGAGAATCAAGGTGAAGAAGCTCCAACTTGGTTTGATTCTGGTTCT,0.06498920791144502,0.049040382333691304,0.04043454927266561,0.0722008052518837,0.20813255170600992,0.26806256510080667,0.18082236188472695,0.1163175765387707,1804.6384146976097
TTGGAACATGGTTTGGAGAATGGTGCTAAAGCTATGTTGGATGATAAAGAAGAACAAGAGAAAGATAGAGATAATGAGAATCAAGGTGAAGCTGATCCAACTTGGTTTGATTCTGGTTCT,0.37466396126745743,0.22230871571058397,0.04183952217563548,0.016009190408275784,0.06626600019588888,0.09686177207137822,0.12473691197280519,0.057313926197974985,1000.1740027071975
TTGGAACATGGTTTGGAGAATGGTGCTAAAGCTATGTTGGATGATAAAGAAGAACAAGAGAAAGATAGAGATAATGCTAATCAAGGTGAAGAAGATCCAACTTGGTTTGATTCTGGTTCT,0.22344176015160735,0.24978892249489726,0.11327514402545553,0.2482362153394278,0.08154850122842308,0.06068382931359282,0.023025627446596086,0.0,454.9514427733687
TTGGAACATGGTTTGGAGAATGGTGCTAAAGCTATGTTGGATGATAAAGAAGAACAAGAGAAAGATAGAGCTAATGAGAATCAAGGTGAAGAAGATCCAACTTGGTTTGATTCTGGTTCT,0.5012311880761948,0.17430305676183272,0.19574408355446174,0.03469652869939651,0.025730070397970015,0.022467077989998075,0.0362063613576203,0.009621633162525766,401.66253259032436
TTGGAACATGGTTTGGAGAATGGTGCTAAAGCTATGTTGGATGATAAAGAAGAACAAGAGAAAGCTAGAGATAATGAGAATCAAGGTGAAGAAGATCCAACTTGGTTTGATTCTGGTTCT,0.10405074215060688,0.23213405746326146,0.2308035907441847,0.23621963905053997,0.09361642337238332,0.04561339971241142,0.025174348247733628,0.03238779925887866,666.7014264620334
TTGGAACATGGTTTGGAGAATGGTGCTAAAGCTATGTTGGATGATAAAGAAGAACAAGCTAAAGATAGAGATAATGAGAATCAAGGTGAAGAAGATCCAACTTGGTTTGATTCTGGTTCT,0.13111771581081508,0.16789898300768985,0.22248529245442653,0.19863727382723287,0.15269592454490905,0.06555447618747089,0.03316496806970299,0.0284453660977529,703.2188130288151
TTGGAACATGGTTTGGAGAATGGTGCTAAAGCTATGTTGGATGATAAAGAAGCTCAAGAGAAAGATAGAGATAATGAGAATCAAGGTGAAGAAGATCCAACTTGGTTTGATTCTGGTTCT,0.10166802498886097,0.06137436016587592,0.05060410364093996,0.203309508074325,0.1402580596758849,0.1491031371342365,0.2451587363161251,0.048524070003751675,1400.4735966175672
TTGGAACATGGTTTGGAGAATGGTGCTAAAGCTATGTTGGATGATAAAGCTGAACAAGAGAAAGATAGAGATAATGAGAATCAAGGTGAAGAAGATCCAACTTGGTTTGATTCTGGTTCT,0.17143308742158314,0.09582382039497808,0.023702463987075675,0.16929452827881805,0.15016113010250934,0.1396768832567588,0.15899529972730767,0.09091278683096932,1434.4469574349716
TTGGAACATGGTTTGGAGAATGGTGCTAAAGCTATGTTGGATGCTAAAGAAGAACAAGAGAAAGATAGAGATAATGAGAATCAAGGTGAAGAAGATCCAACTTGGTTTGATTCTGGTTCT,0.26464941157657396,0.2718173133468249,0.160083967344354,0.13271578942754153,0.03803147237270704,0.04379900051032817,0.049430622260601645,0.0394724231610687,688.4536630295626
TTGGAACATGGTTTGGAGAATGGTGCTAAAGCTATGTTGGCTGATAAAGAAGAACAAGAGAAAGATAGAGATAATGAGAATCAAGGTGAAGAAGATCCAACTTGGTTTGATTCTGGTTCT,0.09432613128190882,0.13444697587882698,0.08803079908779576,0.1397241758278527,0.15491596478532807,0.172919682582225,0.13122389388931038,0.08441237666675241,1375.0795670205612
TTGGAACATGGTTTGGAGAATGGTGCTAAAGCTATGTTGGCTGCTAAAGCTGAACAAGAGAAAGATAGAGATAATGAGAATCAAGGTGAAGAAGATCCAACTTGGTTTGATTCTGGTTCT,0.15276620723341158,0.15370168783721158,0.1425705805337984,0.21214759211556014,0.037634201771876805,0.21003949572422262,0.0,0.0911402347839189,1103.4658006861885
TTGGAACATGGTTTGGAGAATGGTGCTAAAGCTATGTTGGCTGCTAAAGCTGCTCAAGCTAAAGCTAGAGCTAATGCTAATCAAGGTGCTGCTGCTCCAACTTGGTTTGCTTCTGGTTCT,0.539156731337708,0.20311597119323316,0.05750552865068104,0.03963207949350195,0.01517967213246441,0.032698548481847625,0.06917845411271899,0.043533014597844796,677.462164889538
TTGGAACATGGTTTGGAGAATGGTGCTAATGAAATGTTGGATGATAATGAAGAACAAGAGAATGATAATGATAATGAGAATCAAGGTGAAGAAGATCCAACTTGGTTTGATTCTGGTTCT,0.07992900416229853,0.16083691634920538,0.19891876580612383,0.26639523617656613,0.0,0.21979007048774474,0.0741300070180613,0.0,736.2376286736644
TTGGAACATGGTTTGGAGAATGGTGCTCAAGAAATGTTGGATGATCAAGAAGAACAAGAACAAGATCAAGATAATGAGAATCAAGGTGAAGAAGATCCAACTTGGTTTGATTCTGGTTCT,0.3076548887597355,0.36038563327712847,0.1031210126121756,0.19916926198799062,0.011092845745662702,0.013830971069614534,0.0028877706852951336,0.0018576158623974175,307.42827605156424
TTGGAACATGGTTTGGAGAATGGTGCTGAAGAAATGTTGGATGATGAAGAAGAACAAGAAGAAGATGAAGATAATGAGAATCAAGGTGAAGAAGATCCAACTTGGTTTGATTCTGGTTCT,0.024971406680766278,0.08374773941636825,0.05178847413235409,0.1664543140529105,0.20505821162304166,0.25177818829233206,0.14667800450346496,0.06952366129876214,1445.7353818418694
TTGGAACATGGTTTGGAGAATGGTGCTGATGAAATGTTGGATGATGATGAAGAACAAGAAGATGATGATGATAATGAGAATCAAGGTGAAGAAGATCCAACTTGGTTTGATTCTGGTTCT,0.14972923144515823,0.15901534339477771,0.0931575284726838,0.07393070960893959,0.25410381653190045,0.18299016276763896,0.07714783258917529,0.009925375189726044,835.9367146371767
TTGGAACATGGTTTGGAGAATGGTGCTGCTGAAATGTTGGATGATGCTGAAGAACAAGAAGCTGATGCTGATAATGAGAATCAAGGTGAAGAAGATCCAACTTGGTTTGATTCTGGTTCT,0.2652475970861863,0.23547517923689196,0.1359070341415717,0.12133926902766536,0.046125299116068934,0.04290483173255352,0.11576630264997435,0.03723448700908782,829.2071748777264
TTGGAACATGGTTTGGAGAATGGTGCTGCTGCTGCTGCTGCTGCTGCTGAAGAACAAGAGAAAGATAGAGATAATGAGAATCAAGGTGAAGAAGATCCAACTTGGTTTGATTCTGGTTCT,0.13905534783477216,0.15877471589356804,0.19970520875555908,0.19464338584975616,0.1858944371086444,0.10077906034254691,0.021036741571994925,0.00011110264315825218,554.9971030748845
TTGGAACATGGTTTGGAGAATGGTGCTGCTGCTGCTTTGGATGATAAAGAAGAACAAGAAGCTGCTGCTGCTAATGAGAATCAAGGTGAAGAAGATCCAACTTGGTTTGATTCTGGTTCT,0.06117028665872413,0.07795683483881435,0.07611703694852022,0.05889703152300212,0.0924256463986763,0.2653933379932329,0.2269290767141539,0.1411107489248761,2000.0086495512096
TTGGAACATGGTTTGGAGAATGGTGCTGCTGCTGCTTTGGATGATAAAGAAGAACAAGAGAAAGATAGAGATAATGAGAATCAAGCTGCTGCTGCTCCAACTTGGTTTGATTCTGGTTCT,0.45558062606796035,0.2728584442179214,0.1328454943279004,0.09138846198012976,0.02417376495944228,0.014257179450995111,0.006816433942671749,0.0020795950529789056,288.3885253553839
TTGGAACATGGTTTGGAGAATGGTGCTGCTGCTGCTTTGGATGATAAAGAAGAACAAGAGAAAGATAGAGATAATGAGAATCAAGGTGAAGAAGATCCAACTTGGTTTGATTCTGGTTCT,0.4345642821488325,0.2822565133269883,0.21423203042625077,0.03640793673389296,0.004005354376759758,0.01818607615663462,0.003345673400897233,0.007002133429743902,299.93552490780786
TTGGAACATGGTTTGGAGAATGGTGCTGCTGCTGCTTTGGATGATAAAGAAGAACAAGAGAAAGATAGAGATAATGAGAATCAAGGTGAAGAAGATCCAACTTGGTTTGCTGCTGCTGCT,0.08044706143983202,0.1348994797210374,0.11678802998818312,0.119165274825694,0.06606087818787909,0.06144850910610691,0.14922095656310155,0.27196981016816585,2390.7019238761136
TTGGAACATGGTTTGGAGAATGGTGCTGCTGCTGCTTTGGATGATAAAGAAGAACAAGAGAAAGATAGAGATAATGAGAATCAAGGTGAAGAAGATGCTGCTGCTGCTGATTCTGGTTCT,0.11859155676171747,0.059658882574954254,0.07378449898539724,0.08234449773893325,0.14607610728962736,0.0951139536536284,0.1237359598754087,0.3006945431203333,2570.977894682864
TTGGAACATGGTTTGGAGAATGGTGCTGCTGCTGCTTTGGATGATAAAGAAGAACAAGAGAAAGATAGAGATGCTGCTGCTGCTGGTGAAGAAGATCCAACTTGGTTTGATTCTGGTTCT,0.17209139820005273,0.18757398695489194,0.1427608950992518,0.1194923157847319,0.14131664588119497,0.14459491280506817,0.06650243701697078,0.02566740825783775,816.980233160378
TTGGAACATGGTTTGGAGAATGGTGCTGCTGCTGCTTTGGATGATAAAGCTGCTGCTGCTAAAGATAGAGATAATGAGAATCAAGGTGAAGAAGATCCAACTTGGTTTGATTCTGGTTCT,0.051948393558893156,0.07549606312041252,0.08618907442212326,0.0833630819833965,0.051190282466937194,0.06348823740767703,0.2301906648791126,0.3581342021614477,3093.904926176237
TTGGAACATGGTTTGGCTAATGGTGCTAAAGAAATGTTGGATGATAAAGAAGAACAAGAGAAAGATAGAGATAATGAGAATCAAGGTGAAGAAGATCCAACTTGGTTTGATTCTGGTTCT,0.012829264115728272,0.012907825519841383,0.021285401220309433,0.01425287720396347,0.012642039703933131,0.05487707290844586,0.3252250452762649,0.5459804740515136,4417.305575861459
TTGGAACATGGTTTGGCTAATGGTGCTAAAGAAATGTTGGATGATAAAGAAGAACAAGAGAAAGATAGAGATAATGAGAATCAAGGTGAAGAAGATCCAACTTGGTTTGCTTCTGGTTCT,0.046382099872175724,0.13999837722412867,0.20200392558171754,0.20611575784136488,0.2285261036199937,0.10628520801175834,0.04301699270586696,0.027671535142994114,816.0858865231581
TTGGAACATGGTTTGGCTAATGGTGCTAAAGAAATGTTGGATGATAAAGAAGAACAAGAGAAAGATAGAGATAATGAGAATCAAGGTGAAGAAGCTCCAACTTGGTTTGATTCTGGTTCT,0.08458184130557937,0.042549893737897984,0.10524912488557793,0.11745944534881786,0.06251061945396347,0.07752817247995235,0.15689054443494863,0.3532303583532624,2920.405993273108
TTGGAACATGGTTTGGCTAATGGTGCTAAAGAAATGTTGGATGATAAAGAAGAACAAGAGAAAGATAGAGATAATGAGAATCAAGGTGAAGCTGATCCAACTTGGTTTGATTCTGGTTCT,0.2877216336030056,0.2717600472036485,0.20458596029552725,0.04566413915287719,0.02893089343873808,0.04305750253848223,0.07624197049003283,0.042037853277688365,742.2228493293433
TTGGAACATGGTTTGGCTAATGGTGCTAAAGAAATGTTGGATGATAAAGAAGAACAAGAGAAAGATAGAGATAATGAGAATCAAGGTGCTGAAGATCCAACTTGGTTTGATTCTGGTTCT,0.4622278096686515,0.3031344817286348,0.1405051560064487,0.06093269053947384,0.004007005081642094,0.010923622631692467,0.006182303282362705,0.012086931061093983,326.1362366262513
TTGGAACATGGTTTGGCTAATGGTGCTAAAGAAATGTTGGATGATAAAGAAGAACAAGAGAAAGATAGAGATAATGCTAATCAAGGTGAAGAAGATCCAACTTGGTTTGATTCTGGTTCT,0.054371727728263035,0.16411403687644036,0.06765727340034995,0.24162057985171573,0.10715650321197298,0.19934967696531913,0.1008539165556482,0.06487628541029063,1214.8289004905812
TTGGAACATGGTTTGGCTAATGGTGCTAAAGAAATGTTGGATGATAAAGAAGAACAAGAGAAAGATAGAGCTAATGAGAATCAAGGTGAAGAAGATCCAACTTGGTTTGATTCTGGTTCT,0.036983831601999306,0.05074132656269133,0.07112290670305454,0.24279144054081225,0.21866463889047977,0.21572459845942282,0.09978352345676703,0.0641877337847729,1288.8477102565794
TTGGAACATGGTTTGGCTAATGGTGCTAAAGAAATGTTGGATGATAAAGAAGAACAAGAGAAAGCTAGAGATAATGAGAATCAAGGTGAAGAAGATCCAACTTGGTTTGATTCTGGTTCT,0.13470500291269544,0.21082426361645815,0.11174647304456518,0.16628076490290244,0.2212319662010032,0.12347133307251666,0.01388132285637141,0.017858873393487604,676.5341240172137
TTGGAACATGGTTTGGCTAATGGTGCTAAAGAAATGTTGGATGATAAAGAAGCTCAAGAGAAAGATAGAGATAATGAGAATCAAGGTGAAGAAGATCCAACTTGGTTTGATTCTGGTTCT,0.022290755166687302,0.026385005938411824,0.019579358779774538,0.05244198942403844,0.14858983644129495,0.2283557085576252,0.3271280459869679,0.17522929970519988,2429.949398284878
TTGGAACATGGTTTGGCTAATGGTGCTAAAGAAATGTTGGATGATAAAGCTGAACAAGAGAAAGATAGAGATAATGAGAATCAAGGTGAAGAAGATCCAACTTGGTTTGATTCTGGTTCT,0.09101728630722018,0.14022366846443385,0.21235696660984538,0.26227252314082694,0.12051962286428844,0.07560566085843738,0.06067242865205509,0.03733184310289268,834.7201282766151
TTGGAACATGGTTTGGCTAATGGTGCTAAAGAAATGTTGGATGCTAAAGAAGAACAAGAGAAAGATAGAGATAATGAGAATCAAGGTGAAGAAGATCCAACTTGGTTTGATTCTGGTTCT,0.19240063545763694,0.09678941091208516,0.05320290501226745,0.11875032159137866,0.13692815398663766,0.1469628845148287,0.17844161335718972,0.07652407516797577,1381.6939796871904
TTGGAACATGGTTTGGCTAATGGTGCTAAAGAAATGTTGGCTGATAAAGAAGAACAAGAGAAAGATAGAGATAATGAGAATCAAGGTGAAGAAGATCCAACTTGGTTTGATTCTGGTTCT,0.0371071576252013,0.031381991155658776,0.024665610873310158,0.01849919294787322,0.006656677068197957,0.007209168611299106,0.2715219774514575,0.602958224267002,4581.743888920302
TTGGAACATGGTTTGGCTAATGGTGCTAAAGAAATGTTGGCTGCTAAAGCTGCTCAAGCTAAAGCTAGAGCTAATGCTAATCAAGGTGCTGCTGCTCCAACTTGGTTTGCTTCTGGTTCT,0.58375864027829,0.2823131452760497,0.07293321619755704,0.01459486772969591,0.007966387079802956,0.01852543526683931,0.014683252122106343,0.005225056049658723,286.0524734719647
TTGGAACATGGTTTGGCTAATGGTGCTAAAGCTATGTTGGATGATAAAGAAGAACAAGAGAAAGATAGAGATAATGAGAATCAAGGTGAAGAAGATCCAACTTGGTTTGATTCTGGTTCT,0.27440237082608643,0.29861216567924137,0.21780441713852441,0.13204308210975338,0.03704250112368365,0.023123298578695738,0.010032260932191566,0.0069399036118234815,377.10964786837314
TTGGAACATGGTTTGGCTAATGGTGCTAAAGCTATGTTGGATGCTAAAGCTGCTCAAGCTAAAGCTAGAGCTAATGCTAATCAAGGTGCTGCTGCTCCAACTTGGTTTGCTTCTGGTTCT,0.5481563168069042,0.2781238732654791,0.11883813301146906,0.023065210784811618,0.008728924743309925,0.007967231318237695,0.011553073063184155,0.0035672370066041612,266.68553920322756
TTGGAACATGGTTTGGCTAATGGTGCTAAAGCTATGTTGGCTGATAAAGCTGCTCAAGCTAAAGCTAGAGCTAATGCTAATCAAGGTGCTGCTGCTCCAACTTGGTTTGCTTCTGGTTCT,0.12563958992890922,0.16854527696030894,0.15013525766487926,0.17835391160903677,0.10710207056934916,0.08957038733893898,0.09617870906157958,0.08447479686699795,1185.7150330267016
TTGGAACATGGTTTGGCTAATGGTGCTAAAGCTATGTTGGCTGCTAAAGAAGAACAAGAGAAAGATAGAGATAATGAGAATCAAGGTGAAGAAGATCCAACTTGGTTTGATTCTGGTTCT,0.215626953003015,0.09134626032388098,0.2118273642147704,0.11347305617943068,0.13419801592977823,0.09362123502691523,0.03157623451406904,0.10833088080814042,1180.3949766209898
TTGGAACATGGTTTGGCTAATGGTGCTAAAGCTATGTTGGCTGCTAAAGAAGCTCAAGCTAAAGCTAGAGCTAATGCTAATCAAGGTGCTGCTGCTCCAACTTGGTTTGCTTCTGGTTCT,0.008731620411618627,0.02222110859784388,0.03643024902364176,0.1375193357907297,0.2768526317799727,0.31590089598004545,0.16005706267130848,0.042287095744839395,1414.4349094035497
TTGGAACATGGTTTGGCTAATGGTGCTAAAGCTATGTTGGCTGCTAAAGCTGAACAAGCTAAAGCTAGAGCTAATGCTAATCAAGGTGCTGCTGCTCCAACTTGGTTTGCTTCTGGTTCT,0.05064670523877771,0.07754302634838227,0.10138330491779035,0.1394437376867538,0.197460466328469,0.20385771281560425,0.142958848450608,0.08670619821361455,1479.7131948192184
TTGGAACATGGTTTGGCTAATGGTGCTAAAGCTATGTTGGCTGCTAAAGCTGCTCAAGAGAAAGCTAGAGCTAATGCTAATCAAGGTGCTGCTGCTCCAACTTGGTTTGCTTCTGGTTCT,0.29769844384127214,0.3006072195220455,0.2187202252513945,0.11328128696533132,0.026656102783924218,0.02347485463279431,0.013843078570302252,0.005718788432935822,366.7595751918702
TTGGAACATGGTTTGGCTAATGGTGCTAAAGCTATGTTGGCTGCTAAAGCTGCTCAAGCTAAAGATAGAGCTAATGCTAATCAAGGTGCTGCTGCTCCAACTTGGTTTGCTTCTGGTTCT,0.3158335252377016,0.2963688383466533,0.22541236736562947,0.09882198683769897,0.028898465583956104,0.020981147575365407,0.009095917605614361,0.004587751447380773,342.4780715841936
TTGGAACATGGTTTGGCTAATGGTGCTAAAGCTATGTTGGCTGCTAAAGCTGCTCAAGCTAAAGCTAGAGATAATGCTAATCAAGGTGCTGCTGCTCCAACTTGGTTTGCTTCTGGTTCT,0.5914507221051919,0.26277759056811406,0.04352518335273032,0.04869249710050133,0.012510979036171035,0.028484569184171474,0.00621537786208666,0.006343080791033201,291.5501022877022
TTGGAACATGGTTTGGCTAATGGTGCTAAAGCTATGTTGGCTGCTAAAGCTGCTCAAGCTAAAGCTAGAGCTAATGAGAATCAAGGTGCTGCTGCTCCAACTTGGTTTGCTTCTGGTTCT,0.16385933017863097,0.11490433445230223,0.17300419136611841,0.16549286995818227,0.14189615818358947,0.10923225227411999,0.0782881076958281,0.053322755891228715,989.3529782037555
TTGGAACATGGTTTGGCTAATGGTGCTAAAGCTATGTTGGCTGCTAAAGCTGCTCAAGCTAAAGCTAGAGCTAATGCTAATCAAGGTGAAGCTGCTCCAACTTGGTTTGCTTCTGGTTCT,0.01209965310318855,0.014387155136954079,0.013345234453624302,0.010081728090636025,0.006503496164046526,0.20303373268743063,0.5966682537475251,0.14388074661659475,2757.661796756684
TTGGAACATGGTTTGGCTAATGGTGCTAAAGCTATGTTGGCTGCTAAAGCTGCTCAAGCTAAAGCTAGAGCTAATGCTAATCAAGGTGCTGAAGCTCCAACTTGGTTTGCTTCTGGTTCT,0.08291967121028315,0.15778546663892887,0.2255922701512722,0.24516962572908957,0.16735740830430593,0.10272732191826757,0.012251945388287395,0.006196290659565232,583.7256763473043
TTGGAACATGGTTTGGCTAATGGTGCTAAAGCTATGTTGGCTGCTAAAGCTGCTCAAGCTAAAGCTAGAGCTAATGCTAATCAAGGTGCTGCTGATCCAACTTGGTTTGCTTCTGGTTCT,0.013028554609921299,0.032291154263647565,0.10316213210669882,0.2106723335005018,0.33208370793014913,0.2597597229836235,0.04145254742095139,0.0075498471845064745,912.9051763120644
TTGGAACATGGTTTGGCTAATGGTGCTAAAGCTATGTTGGCTGCTAAAGCTGCTCAAGCTAAAGCTAGAGCTAATGCTAATCAAGGTGCTGCTGCTCCAACTTGGTTTGATTCTGGTTCT,0.24658322606434224,0.2506340658889133,0.2755690269378601,0.15204242881167163,0.04612599498118928,0.021347521710249947,0.007180300323502916,0.0005174352822705374,346.8637318996326
TTGGAACATGGTTTGGCTAATGGTGCTAAAGCTATGTTGGCTGCTAAAGCTGCTCAAGCTAAAGCTAGAGCTAATGCTAATCAAGGTGCTGCTGCTCCAACTTGGTTTGCTTCTGGTTCT,0.45958162887856413,0.34151202498276867,0.1519035297050991,0.03419833405984508,0.0007232975920479114,0.004373180304118108,0.006339536990408394,0.0013684674871485417,246.49285598166762
TTGGAACCAACTGATAATACTAATTTGGAATTGGATAATACTGATGAATTTAGATTGGATCAAATTGAATTTGATCAAGATTCATTTATGACTTGGGCTGCTGAGAAGATTACTGATGAT,0.4454130489769287,0.21388527900041074,0.11336895077660722,0.056231680331887864,0.019950586122412343,0.03711527326441629,0.06572005811126823,0.0483151234160686,723.998658325099
TTGGAACCAACTGATAATACTAATTTGGAATTGGATAATACTGATGAATTTAGATTGGATCAAATTGAGTTCTCTCAAGATTCATTTATGACTTGGGCTGCTGAGAAGATTACTGATGAT,0.020784507375361107,0.08364713433192518,0.07758939195464039,0.184727060691012,0.16384950226030337,0.36197264222278563,0.05782965872340569,0.04960010244056647,1223.8443923358375
TTGGAACCAACTGATAATACTAATTTGGAATTGGATAATACTGATGAATTTAGATTGGCTCAAATTGAATTTGCTCAAGATTCATTTATGACTTGGGCTGCTGAGAAGATTACTGATGAT,0.058873922774190394,0.07897925825235864,0.0,0.04360462061563484,0.038676495784619805,0.03597610368809143,0.3458159013709337,0.39807369751417115,3554.3683862986604
TTGGAACCAACTGATAATACTAATTTGGAATTGGATAATACTGATGAATTTAGATTGGCTCAAATTGAGTTCTCTCAAGATTCATTTATGACTTGGGCTGCTGAGAAGATTACTGATGAT,0.03352640695521179,0.0467054440347321,0.03850935674346631,0.057302616545836044,0.13723118823599478,0.1914745644762401,0.2798460368717151,0.21540438613680377,2518.7371247852893
TTGGAACCAACTGATAATACTAATTTGGAATTGGATAATACTGATGAATTTAGATTGTCTCAAATTGAATTTGATCAAGATTCATTTATGACTTGGGCTGCTGAGAAGATTACTGATGAT,0.2025896068338708,0.10191509324135643,0.234085135358406,0.14468797311810352,0.11407606102043859,0.05305563645753497,0.08052486686034503,0.06906562710994456,1009.7599884354929
TTGGAACCAACTGATAATACTAATTTGGAATTGGATTCTACTAATGAATTTAGATTGGATCAAATTGAATTTGATCAAGATTCATTTACTACTTGGGCTGTTGGTAAGATGACTGATGAT,0.09158936641075564,0.09215022392854871,0.0,0.30525803682868824,0.09025275309464806,0.3358052313270802,0.08494438841027911,0.0,930.9016090463206
TTGGAACCAACTGATAATACTAATTTGGAATTGGATTCTACTAATGAATTTAGATTGGATCAAATTGAGTTCTCTCAAGATTCATTTACTACTTGGGCTGTTGGTAAGATGACTGATGAT,0.0003835342565828691,0.0004501966823840317,0.0004374787451468166,0.00039058575213965117,0.003212465631255957,0.08226259953366066,0.5669691274214111,0.34589401197741887,3783.6274225086304
TTGGAACCAACTGATAATACTAATTTGGAATTGGATTCTACTAATGAATTTAGATTGGCTCAAATTGAATTTGCTCAAGATTCATTTACTACTTGGGCTGTTGGTAAGATGACTGATGAT,0.19650957987683657,0.2767980989404529,0.14671561409225548,0.04366309534392198,0.1549134471686828,0.0720486968242409,0.10935146775360946,0.0,665.8699533150746
TTGGAACCAACTGATAATACTAATTTGGAATTGGATTCTACTAATGAATTTAGATTGGCTCAAATTGAGTTCTCTCAAGATTCATTTACTACTTGGGCTGTTGGTAAGATGACTGATGAT,0.004233760621119006,0.006832151524309563,0.01659070044814372,0.0846980329863365,0.2000015654871292,0.33576733330654684,0.28044037468558264,0.07143608094083247,1842.846495916725
TTGGAACCAACTGATAATACTAATTTGGAATTGGATTCTACTAATGAATTTAGATTGTCTCAAATTGAATTTGATCAAGATTCATTTACTACTTGGGCTGTTGGTAAGATGACTGATGAT,0.3187100768402468,0.320661732906854,0.0,0.2655570624253963,0.0,0.0,0.0,0.09507112782750286,855.1597226685026
TTGGAACCAACTGATAATACTAATTTGGAATTGGATTCTACTAATGAATTTAGATTGTCTCAAATTGAATTTGCTCAAGATTCATTTACTACTTGGGCTGTTGGTAAGATGACTGATGAT,0.07563416106198884,0.15219463026423372,0.0,0.16805397415113194,0.07453039071407858,0.1386533609029759,0.21044028819422148,0.1804931947113696,2068.098017648053
TTGGAACCAACTGATAATACTAATTTGGAATTGGATTCTACTAATGAATTTAGATTGTCTCAAATTGAGTTCTCTCAAGATTCATTTACTACTTGGGCTGTTGGTAAGATGACTGATGAT,0.18456792582409678,0.23456608134973211,0.1934033407303969,0.16727657446568595,0.10050955117995707,0.05787598545071067,0.027027975994798243,0.03477256500462229,675.3941350822092
TTGGAAGAAGAAGAAGAAGAACCATTTATTGATGAATTTATTCCAGAAGAGAATCAAGATGATGGTATTTGTTATGAAGAACCTAAGAATTTGCCAGGTGTTGAAGAAGATGGTACTGTT,0.25855489155290845,0.1951036355648175,0.06032473027923886,0.08976428535147374,0.09554312240278998,0.10368435428120147,0.11989812788391933,0.07712685268365066,1163.9504835519863
TTGGAAGAAGAAGAAGAAGAACCATTTATTGATGAATTTATTCCAGCTGTTAATCAAGATGATGGTATTTGTTATGAAGAACCTAAGAATTTGCCAGGTGTTGAAGAAGATGGTACTGTT,0.02783706040879458,0.0,0.0346389508928713,0.0773150743773856,0.08229245724951441,0.051031199779887446,0.2452655866088619,0.48161967068268485,3883.723034834889
TTGGAAGAGAAAGATGATCAAATGGAAGAGAAAGATAGAGATAATGAGAATCAAGGTGAAGAAGATCCAACTTGGTTTGATTCTGGTTCTCAATTTATCTTAAATTCTCAACAATTGGTT,0.07463659665703669,0.1492484064337553,0.19164227628450983,0.20380553444033656,0.21985783500563075,0.1402761737123531,0.012686633896212334,0.007846543570165457,652.8510954641259
TTGGAAGATATGGATAAAGAAGAACAAGAGAAAGATAGAGATAATGAGAATCAAGGTGAAGAAGATCCAACTTGGTTTGATTCTGGTTCTCAATTTATCTTAAATTCTCAACAATTGGTT,0.02791679062606949,0.08174837545026273,0.14859458160595174,0.253219429637767,0.2786653054959273,0.17051483704320086,0.03187522483830461,0.0074654553025161816,773.8450043704763
TTGGAAGATGAGAAAGAAATGATTACTCCACCATCTTCTACTGTTAGGAAGACTATGAAAGAAGTTAATAAGAGACCATCTCATCCATTGTCTCCAGATCATTCTTCTCCAATTGCTCCA,0.16097093002932444,0.13813949827662023,0.06480411433366814,0.07889701869536303,0.10263763135492919,0.03471689969477447,0.13172840401053373,0.2881055036047867,2415.7256014761747
TTGGAAGCTCATCCATTTATTGATGAATTTATTCCAACTGTTGAAGAAGATGATGGTATTTGTTATACTCATCCACAGAATTTGCCAGGTGTTAAACAAGATGGTTCTGCTGCTCACTTT,0.07613668721907964,0.10213722475090221,0.04210685612789776,0.08458527658805753,0.1000341109790826,0.12406630869458257,0.18830087916261135,0.2826326564777863,2621.7391277682705
TTGGAAGGTAAATTCTCTGCTCATAATTTGCCTAAGACTGCTAAGAATGAATGGGTTATTTGTAGAGTCTTTCAGAAATCTGCTGGTGGTAAGAAGATTCCAATTTCTTCTTTGATTAGA,0.0047647780382413536,0.03268606144422234,0.061554165982195666,0.13724619337088576,0.38313183265031264,0.32469792021608096,0.04186078297712626,0.014058265320934989,1033.1764019273805
TTGGAAGGTCAAGAAGATAGAGAACAGAAAGAAGAAGCTGATTTGACTGGATTTGCTGATTCTTTGGAAACTATGTTGGAAGGTCAAGAAGATCATGAACAACCAGAAGATGCTGATTTG,0.295668996997494,0.2595840733301141,0.1476345631409287,0.11088755372645916,0.04639397116373262,0.056964263536855804,0.040172014499225285,0.04269456360519038,696.3510072979134
TTGGAAGGTCATGAAGATAGAGAACAACCAGAAGAAGCTGAATTGACTGTTACTCAACAACAACAACAACAACAACAACAACAACAAAGACAAGAAGATTGTGATGTTACTCAAGAACAA,0.1906949915650182,0.15349018658747296,0.09491626416488004,0.042371133272639236,0.15032966087279295,0.06991682360615889,0.07074388683397015,0.22753705309706757,1957.944749246781
TTGGAAGGTTTGGAAGAACATCCATTTATTGATGAATTTATTCCAGAAGTTAATCAAGATGATGGTATTTGTGAAGAACATCCTAAGAATTTGCCAGGTGTTAAAGAAGATGGTGAAGTT,0.1800137400915474,0.34043786562417205,0.08044905790677882,0.17660258289180486,0.11619622590756847,0.09810491148951961,0.00030907758747792253,0.007886538501130844,493.81269084458967
TTGGAAGGTTTGGAAGAACATCCATTTATTGATGAATTTATTCCAGAAGTTAATCAAGATGATGGTATTTGTTATGAACATCCTAAGAATTTGCCAGGTGTTAAAGAAGATGGTACTGTT,0.1190580229614342,0.11978708780649529,0.05925977743627775,0.07936165470327868,0.04692821785483344,0.15278091745839373,0.3091764006886219,0.11364792109066486,1872.3732101424646
TTGGAAGGTTTGGAAGAACATCCATTTATTGATGAATTTATTCCAGCTGTTAATCAAGATGATGGTATTTGTTATGAACATCCTAAGAATTTGCCAGGTGTTAAAGAAGATGGTACTGTT,0.038265228096473175,0.05964180445193691,0.20717579314230825,0.28727892229774765,0.2010030960903222,0.1815181219276762,0.022237903140556167,0.002879130852979491,706.5651386052629
TTGGAAGTTCCACAAGTTTCTTTGGATGGTGGTGAATTAAATTCTATGTTGGATTTGTTCTCTGTTGATAATGATGATTGTTTGTTGTTTGATGACTTTGATTATCATAATGAAGTTAGA,0.14141291992190153,0.19309276222266328,0.18853573194683365,0.2094732755279177,0.09953514604106635,0.09567179111420261,0.05620849325395861,0.016069879971456334,685.5744282102035
TTGGAATCTATGGCTGCTGAAGCTGATTTGCCAGACTTTACTACTTTGCCAGCTGATAAACATGTTGGTACTATTCAAGAAGTTCAGAATCCAGAACATAATTTGTATCAAGTTAATAGA,0.11216313926737415,0.13541997904425396,0.11165585492196298,0.14953133115365946,0.17684205075457604,0.06168560347792018,0.14563569437003202,0.10706634701022114,1437.129156573445
TTGGAATTTAAAGATTGTCAAGATGAAAGGAAGATTGTCTTGGATCCATCTAATATTGAATTGGATACTCCACCAGAATTTAGATTGTCTCAATTGGAATTTGGTTCTCAAGATTCATTT,0.02385076109009702,0.047104856793528695,0.32481593086284777,0.2949060972502763,0.11881917518789441,0.1813714427967411,0.004915632053790849,0.004216103964823805,643.7371993750783
TTGGACTTCTCTCCAGTTCAAGAGAAGATTACTGAAAGACCAGTTTGTTCTAATTGGGCTTCTTTGGATAGATTGGTTGCTTGGCAATTGAATAATGGTCATCATAATCCATGTCATAGA,0.1650483888490678,0.29304543659535004,0.1570533043958874,0.08628854625808345,0.15307270415351817,0.09788980524860479,0.03601737008230734,0.011584444417180997,606.5162940383423
TTGGAGAAAGACTTTCAAAGAGAATGTGATAAGATTGTCTTGGATCCATCTAATATTGAATTGGATACTCCACCAGAATTTAGATTGTCTCAATTGGAATTTGGTTCTCAAGATTCATTT,0.0013402573848695764,0.0018050425162656463,0.00845972701821397,0.0410557795212653,0.13957878254256934,0.25768906772233563,0.38746647849911015,0.16260486479537048,2521.0468452065093
TTGGATAAAGAAGATATGGAAGAACAAGAGAAAGATAGAGATAATGAGAATCAAGGTGAAGAAGATCCAACTTGGTTTGATTCTGGTTCTCAATTTATCTTAAATTCTCAACAATTGGTT,0.07779268093654204,0.1408842952912139,0.15004163742800444,0.2463113338729641,0.20314213686302682,0.13904512327766239,0.028859471198064927,0.013923321132521253,723.9896137913262
TTGGATACTCCACCAGACTTTAGATTGGATCAATTGGAATTTGAATCTCAAGATTCTTATACTCCATGGGTTGGTACTAAAGTTGGTGCTGAATGGTCTATGGGTGCTAATTTGACTCAA,0.20775605375281325,0.21706781957856947,0.16406110861165418,0.10208900646626201,0.13779510563387093,0.11352576813699339,0.048170741910748084,0.009534395909088604,632.637541699172
TTGGATACTCCACCAGACTTTAGATTGGCTCAATTGGAATTTGAATCTCAAGATTCTTATACTCCATGGGTTGGTACTAAAGTTGGTGCTGAATGGTCTATGGGTGCTAATTTGACTCAA,0.14218952912464566,0.09904170619487869,0.10888187948008483,0.13366501341259213,0.17244859099174129,0.22056132190162092,0.0710087622967865,0.05220319659765,1095.4088415345086
TTGGATACTCCACCAGACTTTAGATTGTCTCAATTGGAATTTGAAGATCAAGATTCTTATACTCCATGGGTTGGTACTAAAGTTGGTGCTGAATGGTCTATGGGTGCTAATTTGACTCAA,0.0014876654270713904,0.0010477427164896616,0.002036288523581852,0.036856231806310154,0.23675175161464926,0.4432388833430997,0.24228103537910187,0.03630040118969618,1665.9923758384002
TTGGATACTCCACCAGACTTTAGATTGTCTCAATTGGAATTTGAAGCTCAAGATTCTTATACTCCATGGGTTGGTACTAAAGTTGGTGCTGAATGGTCTATGGGTGCTAATTTGACTCAA,0.1618548828919951,0.18327810203513165,0.2237502763670605,0.20440834131141353,0.12016163735325695,0.08319628267521144,0.014909176462634706,0.008441300903296192,538.8893888039861
TTGGATACTCCACCAGACTTTAGATTGTCTCAATTGGAATTTGAATCTCAAGATTCTTATACTCCATGGGTTGGTACTAAAGTTGGTGCTGAATGGTCTATGGGTGCTAATTTGACTCAA,0.19892090681561111,0.1751216431807735,0.3094081873931672,0.13812148696569165,0.07350672978650177,0.04558299433844298,0.0,0.05933805151981182,736.1014901638953
TTGGATACTTGGAATGAAGATTTGTTCTCTGCTTTGCCAACTAATGCTGATTTGTATAGAGAATGTAAATTCTTGTCTACTTTGCCATCTGATGTTGTTGAATGGGGTGATGCTTATGTT,0.09760825899987778,0.11866555175443796,0.06072925159093404,0.07681128729781038,0.1322527369881432,0.19757573482840757,0.23386038128044012,0.08249679725994898,1602.295450290369
TTGGATATGGAAGATAAAGAAGAACAAGAGAAAGATAGAGATAATGAGAATCAAGGTGAAGAAGATCCAACTTGGTTTGATTCTGGTTCTCAATTTATCTTAAATTCTCAACAATTGGTT,0.18468439364644515,0.06193844292034029,0.030641519127155317,0.06839269866108007,0.0849282905748252,0.13542617000495616,0.3311513850556703,0.10283710000952741,1847.5248329265796
TTGGATATTAAACAAGTTCCATCTAATATTGAATTGGATACTCCACCAGAATTTAGATTGTCTCAATTGGAATTTGGTTCTCAAGATTCATTCTTGGCTTGGGGTACTGGTAAGACTGAT,0.00047172057361872724,0.0005273435624699143,0.005543736664186081,0.0006405245663953133,0.0273737049619901,0.16103813413161414,0.5418635635378896,0.2625412720018362,3316.7214346413766
TTGGATATTGCTGAAGCTATTGTTGCTAAAGTTGATCCAGTTACTCCTAAATCTGTTACTCCAGATCCACCATGTACTGAAAGATTGCATTCTGATAGAGGTCATGAACAAGAATCTACT,0.12248970255153095,0.14172574891183315,0.16766160658425233,0.15649418972816576,0.21122875176384515,0.1403434034990488,0.04544113919571752,0.014615457765606285,748.590996035425
TTGGATCATGGTTTGGATAATGGTGCTAAAGATATGTTGGATGATAAAGATGATCAAGATAAAGATAGAGATAATGATAATCAAGGTGATGATGATCCAACTTGGTTTGATTCTGGTTCT,0.09270035786520922,0.16321903265652277,0.20186490308986418,0.1029869527587704,0.11418441406004398,0.04248482429912039,0.1719495507580996,0.11060996451236951,1464.174329717869
TTGGATCCATCTGATGGTACTAATTTGGAATTGGAGAATGCTTCTGAATTTAGATTGGATCAAATTGAATTTGATCAAGATTCATTTACTACTGCTTGGGCTGGTGGTAAAGTTATTGAT,0.1852834741800062,0.17310250084200512,0.15644929600208346,0.1470311815231531,0.13693464893640978,0.11524302950739962,0.030685859874839513,0.05527000913410327,885.2194342660342
TTGGATCCATCTGATGGTACTAATTTGGAATTGGAGAATGCTTCTGAATTTAGATTGGCTCAAATTGAATTTGCTCAAGATTCATTTACTACTGCTTGGGCTGGTGGTAAAGTTATTGAT,0.2682411196271119,0.08996124116864078,0.05563081993191139,0.0,0.22027210952783238,0.12293562937187119,0.08292657669095872,0.16003250368167365,1649.7854871641837
TTGGATCCATCTGATGGTACTAATTTGGAATTGGAGAATGCTTCTGAATTTAGATTGGCTCAAATTGAGTTCTCTCAAGATTCATTTACTACTGCTTGGGCTGGTGGTAAAGTTATTGAT,0.1833780504543735,0.13482764363973196,0.12286930372307961,0.10969904239221644,0.1668017677585861,0.21980386859970907,0.04578905519740457,0.016831268234898757,807.3139757083248
TTGGATCCATCTGATGGTACTAATTTGGAATTGGAGAATGCTTCTGAATTTAGATTGTCTCAAATTGAATTTGATCAAGATTCATTTACTACTGCTTGGGCTGGTGGTAAAGTTATTGAT,0.1604735455939483,0.1614562229284506,0.13312313833438097,0.11885377676137228,0.05271055602590332,0.19612122459128742,0.049610297645885565,0.12765123811877155,1411.6459494929652
TTGGATCCATCTGATGGTACTAATTTGGAATTGGAGAATGCTTCTGAATTTAGATTGTCTCAAATTGAATTTGCTCAAGATTCATTTACTACTGCTTGGGCTGGTGGTAAAGTTATTGAT,0.13753620956079748,0.11070274208446054,0.13691416949939136,0.2597567070165118,0.1626348828408106,0.06303321618729651,0.06377885153727826,0.06564322127345348,1011.8886328470778
TTGGATCCATTGCCAGATGATCCATTGAAATTGGATGATCAGAAGAATTTGGCTTTGATGTCTAAACCACAAGATCAACAAGATGATTCTAATTCTCAATTGCCACCACCACCAGATTCT,0.016526934928344922,0.02494220913707551,0.020565234941680725,0.027541296051752137,0.05374296972065763,0.09543667014154338,0.2544427286450798,0.5068019564338659,4081.569527098146
TTGGATCCATTGCCAGCTGCTCCATTGAAATTGGCTGATCAGAAGAATTTGGCTTTGATGTCTAAACCACAAGCTCAACAAGCTGCTTCTAATTCTCAATTGCCACCACCACCAGCTTCT,0.09184869684045996,0.20186476901454,0.26499520380070696,0.2521232176834784,0.10490366674136031,0.07133269636297096,0.012094067512995898,0.0008376820434876074,486.1167975688313
TTGGATCCATTGCCATATTCTCCATTGAAATTGTATGATCAGAAGAATTTGGCTTTGATGTCTAAACCACAATCTCAACAATCTTATTCTAATTCTCAATTGCCACCACCACCATCTTCT,0.13837201776746388,0.154688171083721,0.2678398285998056,0.17080735279330464,0.075751488798914,0.0845550257934408,0.07129603991629846,0.03669007524705166,820.172700105357
TTGGATGATCAACAATTGGCTGAAGGTTTGGCTTTGTGTGATGAGTTCTTGTTGGATCAAGATCAAACTTCTTGTGGTGGTGGTGATGAACCAAGAGTTACTAAACCATGTTTGGCTGCT,0.10455465662047314,0.13324688411655025,0.0867348195322472,0.14713179026201145,0.10302883378997951,0.19805974989031563,0.13575663195593216,0.09148663383249071,1430.183966538271
TTGGATGATCAACAATTGGCTGAAGGTTTGGCTTTGTGTGATGAGTTCTTGTTGTCTCAATCTCAAACTTCTTGTGGTGGTGGTGATGAACCAAGAGTTACTAAACCATGTTTGGCTGCT,0.20883977713720073,0.19236212641203498,0.1354247225904143,0.11764085454656342,0.04927415639954677,0.08088323976850388,0.11730403929996155,0.09827108384577442,1255.0493816284768
TTGGATGATCAGAAGAATTTGGCTTTGATGTCTAAACCACAAGATCAACAAGATGATTCTAATTCTCAATTGCCACCACCACCAGATTCTCATGGTGATGATTTGTTGAAAGATCCTAAA,0.00018541353809285618,0.0002309653520612521,0.017930139115297308,0.056097439714711476,0.23505780331912052,0.2769959331748425,0.2923180755382396,0.12118423024763451,2121.3956602998214
TTGGATGATCCACCAGACTTTAGATTGGATCAATTGGAATTTGAAGATCAAGATTCTTATACTCCATGGGTTGGTACTAAAGTTGGTGCTGAATGGTCTATGGGTGCTAATTTGACTCAA,0.0026723087685887148,0.0013906929020970518,0.007432974966724154,0.03097112914907655,0.13983785820566128,0.250902452849361,0.39052079453985045,0.17627178861864082,2601.6739047411143
TTGGATGATCCACCAGACTTTAGATTGTCTCAATTGGAATTTGAATCTCAAGATTCTTATACTCCATGGGTTGGTACTAAAGTTGGTGCTGAATGGTCTATGGGTGCTAATTTGACTCAA,0.0971609024061857,0.08798029005145089,0.08463128557439757,0.15111945298978244,0.09893441333052536,0.11577567015468844,0.22527924790063442,0.13911873759233515,1839.033216081089
TTGGATGATGAAATGAAAGAAGAACAAGAGAAAGATAGAGATAATGAGAATCAAGGTGAAGAAGATCCAACTTGGTTTGATTCTGGTTCTCAATTTATCTTAAATTCTCAACAATTGGTT,0.05675751192982311,0.10849963826540804,0.1271268284582101,0.11980577352042794,0.1957522656749768,0.1716799983480078,0.15265498332135138,0.06772300048179491,1346.2182865828677
TTGGATGATGATGATGATGATCCATTTATTGATGAATTTATTCCAGATGATAATCAAGATGATGGTATTTGTTATGATGATCCTAAGAATTTGCCAGGTGTTGATGATGATGGTACTGTT,0.05575332364556022,0.08013533604292626,0.18830752764599132,0.12388010231370836,0.08633379094131582,0.08030596753095479,0.2142201698276952,0.17106378205184802,1968.5394451424368
TTGGATGATGATGATGATGATCCATTTATTGATGAATTTATTCCAGCTGTTAATCAAGATGATGGTATTTGTTATGATGATCCTAAGAATTTGCCAGGTGTTGATGATGATGGTACTGTT,0.4675802153969069,0.3043269384317467,0.12850056716524166,0.049744872949483966,0.013364009611176371,0.012511134329112222,0.016899129204330905,0.007073132912001247,323.15476472496766
TTGGATGATTGGGTCTTGTGTAGAATTTATAAGAAACAATCTTCTGCTCAGAAACAAGTTTATGATAATGGTATTGCTAATGCTAGAGAGTTCTCTAATAATGGTACTTCTTCTACTACT,0.04407814522982955,0.10347881268761294,0.054848489231375384,0.081615540022677,0.057913185255687435,0.17507648573240323,0.1498940455313382,0.33309529630907625,2878.2921665284953
TTGGATGCTCAACAATTGGCTGAAGGTTTGGCTTTGTGTGATGAGTTCTTGTTGGCTCAAGCTCAAACTTCTTGTGGTGGTGGTGATGAACCAAGAGTTACTAAACCATGTTTGGCTGCT,0.039155845373445755,0.12795862109450723,0.2653710196348833,0.1533318574720351,0.21216395451862705,0.1320356584001518,0.015455215832117845,0.05452782767423202,929.3692280082646
TTGGATGCTCAACAATTGGCTGAAGGTTTGGCTTTGTGTGATGAGTTCTTGTTGTCTCAATCTCAAACTTCTTGTGGTGGTGGTGATGAACCAAGAGTTACTAAACCATGTTTGGCTGCT,0.0208316829667816,0.05397815935997477,0.11854715941726629,0.25792996680345204,0.31942024573317296,0.19767875543742022,0.030488410147609318,0.0011256201343226566,783.3389926167225
TTGGATGCTCCACCAGACTTTAGATTGGCTCAATTGGAATTTGAAGCTCAAGATTCTTATACTCCATGGGTTGGTACTAAAGTTGGTGCTGAATGGTCTATGGGTGCTAATTTGACTCAA,0.04700237476477318,0.05779913205638318,0.11827420503846309,0.1937869626334811,0.3067177821188859,0.2182853279716627,0.040686114473493774,0.017448100942856988,905.4387785193635
TTGGATGCTCCACCAGACTTTAGATTGTCTCAATTGGAATTTGAATCTCAAGATTCTTATACTCCATGGGTTGGTACTAAAGTTGGTGCTGAATGGTCTATGGGTGCTAATTTGACTCAA,0.07261699837873452,0.12176946087112611,0.16566130811938615,0.221856309649515,0.21467177736849397,0.08874817712457911,0.07857325091404244,0.03610271757412277,922.2565893617584
TTGGATGGTCCATCTGAATCTCCATCTTTGTCTTTGAAGAGGAAACATTCTAATATTCAAGATATTGATTGTCATTCTGAAGATGTTGAAGAAGAATCTGGTGATGGTAGGAAAGAAGCT,0.2116424377135071,0.09125933715594668,0.037622363338385284,0.16794826314205202,0.1489670177090984,0.16627937251769695,0.14020527661169985,0.03607593181161381,1081.250517535102
TTGGATGGTTTGGATGATCATCCATTTATTGATGAATTTATTCCAGATGTTAATCAAGATGATGGTATTTGTGATGATCATCCTAAGAATTTGCCAGGTGTTAAAGATGATGGTGATGTT,0.006437580382963819,0.007065819939930383,0.0007282346479500652,0.009752636471799574,0.016147430166527896,0.015020016942647478,0.2898417050799211,0.6550065763682597,4955.730269605206
TTGGATGGTTTGGATGATCATCCATTTATTGATGAATTTATTCCAGATGTTAATCAAGATGATGGTATTTGTTATGATCATCCTAAGAATTTGCCAGGTGTTAAAGATGATGGTACTGTT,0.018415677349913593,0.032571555200730226,0.08582415527047663,0.24395448132738315,0.3248277000909296,0.26577834381649945,0.021777013180022977,0.006851073764044316,871.2322076682303
TTGGATGGTTTGGATGATCATCCATTTATTGATGAATTTATTCCAGCTGTTAATCAAGATGATGGTATTTGTTATGATCATCCTAAGAATTTGCCAGGTGTTAAAGATGATGGTACTGTT,0.09589976866016992,0.14844157138198918,0.11015312222046145,0.18030081319123345,0.203539002811664,0.18932791405148602,0.05473357723137309,0.017604230451622856,842.6970609810186
TTGGATGTTCAGAAGATTCCATCTAATATTGAATTGGATACTCCACCAGAATTTAGATTGTCTCAATTGGAATTTGGTTCTCAAGATTCATTCTTGGCTTGGGGTACTGGTAAGACTGAT,0.22691540488175918,0.23290169010317824,0.2274051606585987,0.1505804241242952,0.09154253839696225,0.04885715430047751,0.01271188222532671,0.009085745309402272,464.714252619032
TTGGATTCTCAACAATTGGCTGAAGGTTTGGCTTTGTGTGATGAGTTCTTGTTGGATCAATCTCAAACTTCTTGTGGTGGTGGTGATGAACCAAGAGTTACTAAACCATGTTTGGCTGCT,0.058407577835418126,0.07719163280176362,0.11240649759071428,0.4115492033710179,0.17842113352488376,0.13651858816967707,0.024146966098213738,0.0013584006083116054,658.6971819410733
TTGGATTCTCAACAATTGGCTGAAGGTTTGGCTTTGTGTGATGAGTTCTTGTTGGCTCAATCTCAAACTTCTTGTGGTGGTGGTGATGAACCAAGAGTTACTAAACCATGTTTGGCTGCT,0.3323652611272495,0.26916357872231517,0.19577237935847847,0.11296632643947757,0.04101975667284901,0.03225577686639872,0.011759230431483032,0.004697690381748611,367.8518433787698
TTGGATTCTCAACAATTGGCTGAAGGTTTGGCTTTGTGTGATGAGTTCTTGTTGTCTCAAGATCAAACTTCTTGTGGTGGTGGTGATGAACCAAGAGTTACTAAACCATGTTTGGCTGCT,0.031178808857572588,0.09270506839709641,0.18044862688077878,0.21290581344162715,0.34446286389891356,0.12530421593934882,0.0052361929685873585,0.007758409616075267,690.1957657239589
TTGGATTCTCAACAATTGGCTGAAGGTTTGGCTTTGTGTGATGAGTTCTTGTTGTCTCAAGCTCAAACTTCTTGTGGTGGTGGTGATGAACCAAGAGTTACTAAACCATGTTTGGCTGCT,0.05280642488899921,0.050647090310724535,0.29395275272216015,0.32153678277498526,0.12471298870339403,0.11102955674108131,0.04394038524634443,0.0013740186123112137,643.1634351744443
TTGGATTCTCAACAATTGGCTGAAGGTTTGGCTTTGTGTGATGAGTTCTTGTTGTCTCAATCTCAAACTTCTTGTGGTGGTGGTGATGAACCAAGAGTTACTAAACCATGTTTGGCTGCT,0.0917188509346351,0.10475083938740366,0.1172146340352572,0.1018965318562058,0.10503662062612402,0.10451945205665492,0.18852127688037984,0.18634179422333946,2023.5258556863519
TTGGATTTGAATAAAGCTGCTGAAACTTTGGAAGTTCAGAAGAGAAGAATTTATGATATTACTAATGTCTTGGAAGGTATTGATTTGATTGAGAAACCATTTAAGAATAGAATCTTGTGG,0.26655498779263165,0.13409363322922851,0.16584339360563072,0.18508346790399166,0.03283312577944936,0.06108143529979985,0.15450995638926832,0.0,724.2700878889062
TTGGATTTGCCAGATGATGATGCTCCAGAAGAAGCTGGTTTGGCTGCTCCAAGATTGTCATTCTTGCCAGCTGGTCATACTAGAAGATTGGATACTGCTCCACCAACTGATGTTTCTTTG,0.3866231912901804,0.2908150898030189,0.21030228753295735,0.05815519073922442,0.02766243972477481,0.008155506350998163,0.009186437479328131,0.009099857079517762,337.3183778022358
TTGGATTTGCCAGATGATGATGCTCCAGAAGAAGCTGGTTTGGCTGCTCCAAGATTGTCATTCTTGCCAGCTGGTCATACTAGAAGATTGGCTACTGCTCCACCAACTGATGTTTCTTTG,0.27263934950370744,0.27430888642494344,0.13462612773518318,0.08654087659925731,0.08955352518504431,0.03966709523792565,0.056190857829755685,0.04647328148418306,755.8538501258432
TTGGATTTGCCAGATGATGATGCTCCAGAAGAAGCTGGTTTGGCTGCTCCAAGATTGTCATTCTTGCCAGCTGGTCATACTAGAAGATTGTCTACTGCTCCACCAACTGATGTTTCTTTG,0.07684718210179875,0.14967016747209042,0.17019411434795875,0.20442911752437284,0.14241991232425624,0.1344148326061045,0.07323338538749681,0.04879128823592174,995.6118717696902
TTGGATTTGGATTTGGATTTGGATTTGGATTTGGATTTGGATTTGGATTTGGATTTGGATTTGGATTTGGATTTGGATTTGGATTTGGATTTGGATTTGGATTTGGATTTGGATTTGGAT,0.23996622939649012,0.2146095012335819,0.2322453440669934,0.2073511533980836,0.04378968000306222,0.03258582839627329,0.00824282353501419,0.021209439970501277,497.5430073718221
TTGGATTTGGGTCAAGAATCTCATCATATTCCACAACATCCACAAACTGATTGTTTGGAAGATTTGCAAGCTGATTGTGAAGATTTGGCTAAAGATGATTTGTTGATTGTTGAAACTGAA,0.03988803878098075,0.037456811052022664,0.026471757122952994,0.035451406317546445,0.11529739756972567,0.2534937027361459,0.34281187993499324,0.1491290064856322,2312.4037768073017
TTGGCTCATGGTTTGGAGAATGGTGCTAAAGAAATGTTGGATGATAAAGAAGAACAAGAGAAAGATAGAGATAATGAGAATCAAGGTGAAGAAGATCCAACTTGGTTTGATTCTGGTTCT,0.2658425446847114,0.2818953685928745,0.22342377526455412,0.14007431734021142,0.04377241480151738,0.030438512861733578,0.008977495241890497,0.0055755712125071305,381.43047806263877
TTGGCTCATGGTTTGGAGAATGGTGCTAAAGAAATGTTGGATGATAAAGAAGAACAAGAGAAAGATAGAGATAATGAGAATCAAGGTGAAGAAGATCCAACTTGGTTTGCTTCTGGTTCT,0.03660612439649225,0.04735322486874017,0.15942746983864076,0.24691384286140955,0.30918781167784865,0.15338684019992965,0.03152526217228702,0.015599423984651853,818.6254967901446
TTGGCTCATGGTTTGGAGAATGGTGCTAAAGAAATGTTGGATGATAAAGAAGAACAAGAGAAAGATAGAGATAATGAGAATCAAGGTGAAGAAGCTCCAACTTGGTTTGATTCTGGTTCT,0.1360469296870102,0.12319202516701278,0.11850267209054169,0.24182963765511475,0.053624609211773144,0.11223121536019401,0.10094117856897608,0.11363173225937741,1383.779992471564
TTGGCTCATGGTTTGGAGAATGGTGCTAAAGAAATGTTGGATGATAAAGAAGAACAAGAGAAAGATAGAGATAATGAGAATCAAGGTGAAGCTGATCCAACTTGGTTTGATTCTGGTTCT,0.25364092863869403,0.25390320306229885,0.26801260316693737,0.140414297504295,0.03269577152373219,0.03140417062298265,0.011937726502233011,0.007991298978827027,403.68939418420075
TTGGCTCATGGTTTGGAGAATGGTGCTAAAGAAATGTTGGATGATAAAGAAGAACAAGAGAAAGATAGAGATAATGAGAATCAAGGTGCTGAAGATCCAACTTGGTTTGATTCTGGTTCT,0.045256280407142024,0.05691676524690955,0.0,0.12569548056936955,0.11148957738308722,0.1762991417655723,0.24134390777518974,0.24299884685272966,2578.102627231576
TTGGCTCATGGTTTGGAGAATGGTGCTAAAGAAATGTTGGATGATAAAGAAGAACAAGAGAAAGATAGAGATAATGCTAATCAAGGTGAAGAAGATCCAACTTGGTTTGATTCTGGTTCT,0.1531137647431291,0.26608873631043684,0.25980898551363785,0.1237121442145228,0.0822977959101366,0.10206902078037941,0.012909552527757499,0.0,467.71417414135
TTGGCTCATGGTTTGGAGAATGGTGCTAAAGAAATGTTGGATGATAAAGAAGAACAAGAGAAAGATAGAGCTAATGAGAATCAAGGTGAAGAAGATCCAACTTGGTTTGATTCTGGTTCT,0.05782615249283929,0.05818025727182867,0.06167637860488399,0.12389700925183572,0.17501695394699296,0.12872342596907368,0.22218456941238668,0.17249525305015895,2086.335112865681
TTGGCTCATGGTTTGGAGAATGGTGCTAAAGAAATGTTGGATGATAAAGAAGAACAAGAGAAAGCTAGAGATAATGAGAATCAAGGTGAAGAAGATCCAACTTGGTTTGATTCTGGTTCT,0.2555062113140173,0.2159394985329185,0.08902271839901026,0.12489784243410895,0.06042659293120286,0.03747173968253748,0.09478750516849516,0.12194789153770941,1297.188194633448
TTGGCTCATGGTTTGGAGAATGGTGCTAAAGAAATGTTGGATGATAAAGAAGAACAAGCTAAAGATAGAGATAATGAGAATCAAGGTGAAGAAGATCCAACTTGGTTTGATTCTGGTTCT,0.022696545341216623,0.11417765061381405,0.11296947421414508,0.07564527570352843,0.11182661170487992,0.22884153622421935,0.2525984277767963,0.08124447842140023,1674.4269431600972
TTGGCTCATGGTTTGGAGAATGGTGCTAAAGAAATGTTGGATGATAAAGAAGCTCAAGAGAAAGATAGAGATAATGAGAATCAAGGTGAAGAAGATCCAACTTGGTTTGATTCTGGTTCT,0.25273124654908075,0.27114331832847327,0.250218488616691,0.145513786326276,0.03791418133343379,0.027842432716618907,0.008913373919042865,0.005723172210383384,381.14936084750906
TTGGCTCATGGTTTGGAGAATGGTGCTAAAGAAATGTTGGATGATAAAGCTGAACAAGAGAAAGATAGAGATAATGAGAATCAAGGTGAAGAAGATCCAACTTGGTTTGATTCTGGTTCT,0.1885435977581386,0.22763779815818916,0.18769086471058893,0.20946554082908783,0.03715841574823606,0.03456401596691062,0.0699457643517795,0.044994002477069334,788.0815992218729
TTGGCTCATGGTTTGGAGAATGGTGCTAAAGAAATGTTGGATGATAAAGCTGCTCAAGCTAAAGCTAGAGCTAATGCTAATCAAGGTGCTGCTGCTCCAACTTGGTTTGCTTCTGGTTCT,0.08389265949572448,0.13811953972195043,0.08541126315661306,0.12709349818441928,0.07515306218136232,0.07689646471147947,0.17683202687071425,0.2366014856777367,2260.26975914985
TTGGCTCATGGTTTGGAGAATGGTGCTAAAGAAATGTTGGCTGATAAAGAAGAACAAGAGAAAGATAGAGATAATGAGAATCAAGGTGAAGAAGATCCAACTTGGTTTGATTCTGGTTCT,0.2867226985096243,0.32053164040129917,0.18830182699911005,0.03539324345221574,0.06278631080178772,0.02920128597193251,0.02954671513456482,0.04751627872946567,664.4491548415472
TTGGCTCATGGTTTGGAGAATGGTGCTAAAGAAATGTTGGCTGCTAAAGCTGCTCAAGCTAAAGCTAGAGCTAATGCTAATCAAGGTGCTGCTGCTCCAACTTGGTTTGCTTCTGGTTCT,0.5885471055972324,0.2480845590398055,0.10627140291205944,0.03130094522604693,0.007636138343965781,0.007083629152457203,0.005835770750365658,0.005240448978067039,259.0456742750912
TTGGCTCATGGTTTGGAGAATGGTGCTAAAGCTATGTTGGATGATAAAGAAGAACAAGAGAAAGATAGAGATAATGAGAATCAAGGTGAAGAAGATCCAACTTGGTTTGATTCTGGTTCT,0.1964329486779255,0.12030006882548716,0.12752904402619425,0.22771861779893024,0.042079629583174905,0.03914163075866832,0.06336743471039165,0.18343062561922802,1625.7503875303062
TTGGCTCATGGTTTGGAGAATGGTGCTAAAGCTATGTTGGATGCTAAAGCTGCTCAAGCTAAAGCTAGAGCTAATGCTAATCAAGGTGCTGCTGCTCCAACTTGGTTTGCTTCTGGTTCT,0.05851650850092742,0.09531445159256693,0.1547914747398064,0.2735555525586181,0.22108006450372714,0.16518385564486895,0.027541977425583966,0.00401611503390113,708.2844032053788
TTGGCTCATGGTTTGGAGAATGGTGCTAAAGCTATGTTGGCTGATAAAGCTGCTCAAGCTAAAGCTAGAGCTAATGCTAATCAAGGTGCTGCTGCTCCAACTTGGTTTGCTTCTGGTTCT,0.24258735775877388,0.2440728680167048,0.1614614702716012,0.12221798449000014,0.11118472038629217,0.06463862851329186,0.0235451716843732,0.030291798878962665,633.7785399126639
TTGGCTCATGGTTTGGAGAATGGTGCTAAAGCTATGTTGGCTGCTAAAGAAGCTCAAGCTAAAGCTAGAGCTAATGCTAATCAAGGTGCTGCTGCTCCAACTTGGTTTGCTTCTGGTTCT,0.06272091867698476,0.07833723777045795,0.06548734394831812,0.05366223519363175,0.04191414136319121,0.05749033275029424,0.28684024815133924,0.3535475421457827,3177.2521861221053
TTGGCTCATGGTTTGGAGAATGGTGCTAAAGCTATGTTGGCTGCTAAAGCTGAACAAGCTAAAGCTAGAGCTAATGCTAATCAAGGTGCTGCTGCTCCAACTTGGTTTGCTTCTGGTTCT,0.06687340058666463,0.05931519448796659,0.04598651137785871,0.05278789851638396,0.025145091346274403,0.033067859523303544,0.23176496980725747,0.48505907435429074,3813.4117965139185
TTGGCTCATGGTTTGGAGAATGGTGCTAAAGCTATGTTGGCTGCTAAAGCTGCTCAAGAGAAAGCTAGAGCTAATGCTAATCAAGGTGCTGCTGCTCCAACTTGGTTTGCTTCTGGTTCT,0.5086677363303322,0.2651132750515446,0.17060534024847254,0.028684808985180745,0.00018370323120390198,0.011296873330474312,0.004869972229774304,0.010578290593017398,302.8431163030991
TTGGCTCATGGTTTGGAGAATGGTGCTAAAGCTATGTTGGCTGCTAAAGCTGCTCAAGCTAAAGATAGAGCTAATGCTAATCAAGGTGCTGCTGCTCCAACTTGGTTTGCTTCTGGTTCT,0.0828314611657432,0.17064588636818506,0.09325475531339697,0.16651770696863682,0.17490569295536337,0.1482321118220492,0.10242918052733793,0.061183204879287356,1156.185332477171
TTGGCTCATGGTTTGGAGAATGGTGCTAAAGCTATGTTGGCTGCTAAAGCTGCTCAAGCTAAAGCTAGAGATAATGCTAATCAAGGTGCTGCTGCTCCAACTTGGTTTGCTTCTGGTTCT,0.5962630316318474,0.2307609611465826,0.09838045545593806,0.044102805211214006,0.0056005856571221665,0.013010592544406,0.005445987438220666,0.006435580914669325,272.7298260978391
TTGGCTCATGGTTTGGAGAATGGTGCTAAAGCTATGTTGGCTGCTAAAGCTGCTCAAGCTAAAGCTAGAGCTAATGAGAATCAAGGTGCTGCTGCTCCAACTTGGTTTGCTTCTGGTTCT,0.09195331185796858,0.19325647589653186,0.18307486248102628,0.2202051104186183,0.09866573282524486,0.0917768935001108,0.045483695435674786,0.07558391758482459,1026.312810194694
TTGGCTCATGGTTTGGAGAATGGTGCTAAAGCTATGTTGGCTGCTAAAGCTGCTCAAGCTAAAGCTAGAGCTAATGCTAATCAAGGTGAAGCTGCTCCAACTTGGTTTGCTTCTGGTTCT,0.5083688913054947,0.2563535251749509,0.12227491791706743,0.07636374710874813,0.008159185437490073,0.013281644752726389,0.013890479491226366,0.0013076088122958957,281.0986146843751
TTGGCTCATGGTTTGGAGAATGGTGCTAAAGCTATGTTGGCTGCTAAAGCTGCTCAAGCTAAAGCTAGAGCTAATGCTAATCAAGGTGCTGAAGCTCCAACTTGGTTTGCTTCTGGTTCT,0.24802854110242545,0.18999629386196518,0.11223035150864273,0.15343197101119224,0.06387960566785078,0.054252617074265666,0.09410465925793442,0.08407596051572352,1094.4584784765775
TTGGCTCATGGTTTGGAGAATGGTGCTAAAGCTATGTTGGCTGCTAAAGCTGCTCAAGCTAAAGCTAGAGCTAATGCTAATCAAGGTGCTGCTGATCCAACTTGGTTTGCTTCTGGTTCT,0.3465687921522619,0.28127921178877635,0.20015140916147559,0.09441226093052733,0.03153505279733102,0.030410293014534795,0.010378722786639729,0.005264257368453314,355.43082950684555
TTGGCTCATGGTTTGGAGAATGGTGCTAAAGCTATGTTGGCTGCTAAAGCTGCTCAAGCTAAAGCTAGAGCTAATGCTAATCAAGGTGCTGCTGCTCCAACTTGGTTTGATTCTGGTTCT,0.4804615216320625,0.38887566793189104,0.08830834128502807,0.016945284159759884,0.00584506032063085,0.0059224010444223546,0.01237786525672085,0.0012638583694845218,252.4572449062828
TTGGCTCATGGTTTGGAGAATGGTGCTAAAGCTATGTTGGCTGCTAAAGCTGCTCAAGCTAAAGCTAGAGCTAATGCTAATCAAGGTGCTGCTGCTCCAACTTGGTTTGCTTCTGGTTCT,0.048339951251233276,0.039989572239980294,0.041437805382810916,0.04535008322386936,0.11114716693650217,0.1801885520944034,0.3656363776117962,0.1679104912594045,2399.3190355876964
TTGGCTCATGGTTTGGCTAATGGTGCTAAAGAAATGTTGGATGATAAAGAAGAACAAGAGAAAGATAGAGATAATGAGAATCAAGGTGAAGAAGATCCAACTTGGTTTGATTCTGGTTCT,0.20132304239129134,0.23631517710970343,0.04175260651679185,0.07455435675933987,0.09919251300263841,0.0,0.1867166831587197,0.16014562106151545,1714.21847416145
TTGGCTCATGGTTTGGCTAATGGTGCTAAAGAAATGTTGGATGATAAAGAAGCTCAAGCTAAAGCTAGAGCTAATGCTAATCAAGGTGCTGCTGCTCCAACTTGGTTTGCTTCTGGTTCT,0.35732437560317193,0.39325540079369464,0.17429612240731984,0.04572544846662638,0.013746771655532007,0.011863308439381437,0.0035631250005904677,0.00022544763368331596,262.66613507723656
TTGGCTCATGGTTTGGCTAATGGTGCTAAAGAAATGTTGGATGCTAAAGCTGCTCAAGCTAAAGCTAGAGCTAATGCTAATCAAGGTGCTGCTGCTCCAACTTGGTTTGCTTCTGGTTCT,0.08619329001007323,0.17344220812589545,0.15015605579585406,0.13406094957062362,0.06794833965163012,0.2054136111670845,0.07993980733680114,0.10284573834203782,1362.0495332372382
TTGGCTCATGGTTTGGCTAATGGTGCTAAAGAAATGTTGGCTGATAAAGCTGCTCAAGCTAAAGCTAGAGCTAATGCTAATCAAGGTGCTGCTGCTCCAACTTGGTTTGCTTCTGGTTCT,0.36947193063283423,0.25310701526039614,0.18296228549790391,0.1100458404096321,0.038100947220651105,0.031184677109949523,0.010860909002676578,0.0042663948659563385,355.0171048257847
TTGGCTCATGGTTTGGCTAATGGTGCTAAAGAAATGTTGGCTGCTAAAGAAGCTCAAGCTAAAGCTAGAGCTAATGCTAATCAAGGTGCTGCTGCTCCAACTTGGTTTGCTTCTGGTTCT,0.5347291370980038,0.297656226042022,0.11936167121176998,0.03495925332624023,0.0018554972793009884,0.010123340045252338,0.00083959766505506,0.00047527733235551894,225.4546889760062
TTGGCTCATGGTTTGGCTAATGGTGCTAAAGAAATGTTGGCTGCTAAAGCTGAACAAGCTAAAGCTAGAGCTAATGCTAATCAAGGTGCTGCTGCTCCAACTTGGTTTGCTTCTGGTTCT,0.12308833818862701,0.13301557074826875,0.11912798532171397,0.16207048058754722,0.1459996817349619,0.13998463288160343,0.11415805150326581,0.06255525903401186,1165.0032363606679
TTGGCTCATGGTTTGGCTAATGGTGCTAAAGAAATGTTGGCTGCTAAAGCTGCTCAAGAGAAAGCTAGAGCTAATGCTAATCAAGGTGCTGCTGCTCCAACTTGGTTTGCTTCTGGTTCT,0.059453789018827446,0.06611447773556998,0.038937431043274025,0.07995664636514833,0.12642273959857248,0.16922337788055877,0.2844078972951314,0.17548364106291758,2257.5162436732912
TTGGCTCATGGTTTGGCTAATGGTGCTAAAGAAATGTTGGCTGCTAAAGCTGCTCAAGCTAAAGATAGAGCTAATGCTAATCAAGGTGCTGCTGCTCCAACTTGGTTTGCTTCTGGTTCT,0.3169959611707534,0.2759343628201891,0.1529058761342629,0.11870958164355198,0.040362398560748414,0.04080901822714059,0.03303340647771587,0.021249394965637727,527.3161427853505
TTGGCTCATGGTTTGGCTAATGGTGCTAAAGAAATGTTGGCTGCTAAAGCTGCTCAAGCTAAAGCTAGAGATAATGCTAATCAAGGTGCTGCTGCTCCAACTTGGTTTGCTTCTGGTTCT,0.02646434585903336,0.03473009110404812,0.04152146647494115,0.10609922642479604,0.216561922808982,0.2478469628451798,0.20595876347044756,0.12081722101257189,1885.079856166375
TTGGCTCATGGTTTGGCTAATGGTGCTAAAGAAATGTTGGCTGCTAAAGCTGCTCAAGCTAAAGCTAGAGCTAATGAGAATCAAGGTGCTGCTGCTCCAACTTGGTTTGCTTCTGGTTCT,0.32521657020418127,0.4618733870638631,0.0701638012864501,0.03416890917346449,0.048828256088049304,0.008352932102509529,0.041202237286436474,0.0101939067950458,417.55640399524316
TTGGCTCATGGTTTGGCTAATGGTGCTAAAGAAATGTTGGCTGCTAAAGCTGCTCAAGCTAAAGCTAGAGCTAATGCTAATCAAGGTGAAGCTGCTCCAACTTGGTTTGCTTCTGGTTCT,0.5936737959284786,0.28088816712761283,0.07835643919847146,0.034933291308299586,0.0006180913142026,0.00947394855604563,0.0015681612908652331,0.0004881052760239231,216.6252948872791
TTGGCTCATGGTTTGGCTAATGGTGCTAAAGAAATGTTGGCTGCTAAAGCTGCTCAAGCTAAAGCTAGAGCTAATGCTAATCAAGGTGCTGAAGCTCCAACTTGGTTTGCTTCTGGTTCT,0.07164368568247916,0.1132723485763719,0.07004609479658268,0.10802002727040579,0.10589722576023905,0.05159706291943422,0.2230680553599447,0.25645549963454256,2473.6991069533346
TTGGCTCATGGTTTGGCTAATGGTGCTAAAGAAATGTTGGCTGCTAAAGCTGCTCAAGCTAAAGCTAGAGCTAATGCTAATCAAGGTGCTGCTGATCCAACTTGGTTTGCTTCTGGTTCT,0.24307735558330984,0.12521172977879783,0.15219094126427948,0.1346116979890095,0.17553377156029387,0.13107331303997322,0.02809649151764871,0.010204699266687567,633.2527105292963
TTGGCTCATGGTTTGGCTAATGGTGCTAAAGAAATGTTGGCTGCTAAAGCTGCTCAAGCTAAAGCTAGAGCTAATGCTAATCAAGGTGCTGCTGCTCCAACTTGGTTTGATTCTGGTTCT,0.6255862490592897,0.3426346301436393,0.024344996542956618,0.0009719115304912569,0.0018808748421453554,0.0020411442350548844,0.0014014463989631119,0.0011387472474598556,196.18287176397905
TTGGCTCATGGTTTGGCTAATGGTGCTAAAGAAATGTTGGCTGCTAAAGCTGCTCAAGCTAAAGCTAGAGCTAATGCTAATCAAGGTGCTGCTGCTCCAACTTGGTTTGCTTCTGGTTCT,0.5404912435775131,0.24694016484063555,0.1438043032569175,0.03641471788410731,0.0035518003483748697,0.02570780054854188,0.0018803786325259585,0.001209590911383739,253.00902160333484
TTGGCTCATGGTTTGGCTAATGGTGCTAAAGCTATGTTGGATGATAAAGAAGAACAAGCTAAAGCTAGAGCTAATGCTAATCAAGGTGCTGCTGCTCCAACTTGGTTTGCTTCTGGTTCT,0.03457018120097129,0.039750714848373586,0.11471276458005969,0.221293434399419,0.2936137162900113,0.21577484341127992,0.04885645804159432,0.03142788722829079,1007.906968373417
TTGGCTCATGGTTTGGCTAATGGTGCTAAAGCTATGTTGGATGATAAAGCTGCTCAAGCTAAAGATAGAGATAATGCTAATCAAGGTGCTGCTGATCCAACTTGGTTTGATTCTGGTTCT,0.09524223575581656,0.09582546201917455,0.18435565594750186,0.14108119048380646,0.10428034903942413,0.18429904493086635,0.1570350850230557,0.03788097680035433,1145.9296960811027
TTGGCTCATGGTTTGGCTAATGGTGCTAAAGCTATGTTGGATGATAAAGCTGCTCAAGCTAAAGCTAGAGCTAATGCTAATCAAGGTGCTGCTGCTCCAACTTGGTTTGCTTCTGGTTCT,0.08156447266599208,0.09904268819685849,0.05949675976536501,0.10311403271595959,0.1579767934348346,0.17788303759633142,0.2034638586877775,0.11745835693688136,1744.1625871493366
TTGGCTCATGGTTTGGCTAATGGTGCTAAAGCTATGTTGGATGCTAAAGAAGCTCAAGCTAAAGCTAGAGCTAATGCTAATCAAGGTGCTGCTGCTCCAACTTGGTTTGCTTCTGGTTCT,0.19008858259960076,0.22312804600006522,0.1182680387452629,0.1257035515326454,0.10703686673177999,0.09541507355979635,0.075555987519422,0.06480385331142745,1001.5018002470165
TTGGCTCATGGTTTGGCTAATGGTGCTAAAGCTATGTTGGATGCTAAAGCTGAACAAGCTAAAGCTAGAGCTAATGCTAATCAAGGTGCTGCTGCTCCAACTTGGTTTGCTTCTGGTTCT,0.19578033934702965,0.2483859941931174,0.20856128544021837,0.15649772681200347,0.07246384009170106,0.06521596127247005,0.03144366843120225,0.021651184412257826,596.3986766685535
TTGGCTCATGGTTTGGCTAATGGTGCTAAAGCTATGTTGGATGCTAAAGCTGCTCAAGAGAAAGCTAGAGCTAATGCTAATCAAGGTGCTGCTGCTCCAACTTGGTTTGCTTCTGGTTCT,0.045815753466777534,0.07580282294728566,0.10261921697441863,0.1255527112820847,0.10434005531494692,0.09892147789586336,0.1699669431203541,0.2769810189982691,2536.482722526747
TTGGCTCATGGTTTGGCTAATGGTGCTAAAGCTATGTTGGATGCTAAAGCTGCTCAAGCTAAAGATAGAGCTAATGCTAATCAAGGTGCTGCTGCTCCAACTTGGTTTGCTTCTGGTTCT,0.5458519547306642,0.2850287956023549,0.11825798124735255,0.016421016393811,0.011655362549434443,0.006668255448535952,0.00997535734832781,0.006141276679519029,277.3572365282518
TTGGCTCATGGTTTGGCTAATGGTGCTAAAGCTATGTTGGATGCTAAAGCTGCTCAAGCTAAAGCTAGAGATAATGCTAATCAAGGTGCTGCTGCTCCAACTTGGTTTGCTTCTGGTTCT,0.10260676290052835,0.10651239099073388,0.1175451700930699,0.11761144641736142,0.15086159481830114,0.18212840285146387,0.1586040873321361,0.06413014459640531,1320.2066666013166
TTGGCTCATGGTTTGGCTAATGGTGCTAAAGCTATGTTGGATGCTAAAGCTGCTCAAGCTAAAGCTAGAGCTAATGAGAATCAAGGTGCTGCTGCTCCAACTTGGTTTGCTTCTGGTTCT,0.27796220818195794,0.0794835493232312,0.08556011671246166,0.10239376190157556,0.0951462095859901,0.1930976799208552,0.08955002817877954,0.07680644619514884,1194.78761476719
TTGGCTCATGGTTTGGCTAATGGTGCTAAAGCTATGTTGGATGCTAAAGCTGCTCAAGCTAAAGCTAGAGCTAATGCTAATCAAGGTGAAGCTGCTCCAACTTGGTTTGCTTCTGGTTCT,0.01590536592555797,0.09307730184032371,0.11615052948056577,0.2917180830541425,0.28871566416342453,0.1883175623519734,0.005437698004122441,0.0006777951798895942,703.038930958659
TTGGCTCATGGTTTGGCTAATGGTGCTAAAGCTATGTTGGATGCTAAAGCTGCTCAAGCTAAAGCTAGAGCTAATGCTAATCAAGGTGCTGAAGCTCCAACTTGGTTTGCTTCTGGTTCT,0.08211081256930554,0.14715552331530607,0.13889320093072752,0.21380232933257784,0.14033266042897743,0.09525500546783387,0.09519190148518757,0.08725856647008415,1236.370299887495
TTGGCTCATGGTTTGGCTAATGGTGCTAAAGCTATGTTGGATGCTAAAGCTGCTCAAGCTAAAGCTAGAGCTAATGCTAATCAAGGTGCTGCTGATCCAACTTGGTTTGCTTCTGGTTCT,0.12919917948716597,0.18766817993167761,0.1703507888974476,0.17300354157192924,0.1256274315149981,0.08862243186491865,0.07141919600189485,0.054109250729968084,950.7462073999369
TTGGCTCATGGTTTGGCTAATGGTGCTAAAGCTATGTTGGATGCTAAAGCTGCTCAAGCTAAAGCTAGAGCTAATGCTAATCAAGGTGCTGCTGCTCCAACTTGGTTTGATTCTGGTTCT,0.31095070929959867,0.230212359039364,0.14097404384289441,0.04499054384882698,0.04642912465869563,0.054133071998130645,0.11202369699285848,0.06028645031963127,951.8248720690353
TTGGCTCATGGTTTGGCTAATGGTGCTAAAGCTATGTTGGATGCTAAAGCTGCTCAAGCTAAAGCTAGAGCTAATGCTAATCAAGGTGCTGCTGCTCCAACTTGGTTTGCTTCTGGTTCT,0.6091935650123255,0.27855382394547823,0.07643415749734826,0.010107195855781645,0.004168990406881282,0.009928036807642954,0.006888749221106225,0.004725481253436122,249.81349956740831
TTGGCTCATGGTTTGGCTAATGGTGCTAAAGCTATGTTGGCTGATAAAGAAGAACAAGAGAAAGATAGAGATAATGAGAATCAAGGTGAAGAAGATCCAACTTGGTTTGATTCTGGTTCT,0.16317855382963117,0.27041048683495855,0.05972078683711081,0.15995809193415694,0.08512792976149383,0.1407720880934128,0.09792565447226728,0.022906408236968576,842.4504282951531
TTGGCTCATGGTTTGGCTAATGGTGCTAAAGCTATGTTGGCTGATAAAGAAGAACAAGAGAAAGCTAGAGCTAATGCTAATCAAGGTGCTGCTGCTCCAACTTGGTTTGCTTCTGGTTCT,0.3209101007478038,0.3048113233878703,0.2224657432721126,0.10108808691229378,0.021397805462204295,0.0150613206663644,0.008095409385652884,0.00617021016569798,338.9105309323577
TTGGCTCATGGTTTGGCTAATGGTGCTAAAGCTATGTTGGCTGATAAAGAAGCTCAAGCTAAAGCTAGAGCTAATGCTAATCAAGGTGCTGCTGCTCCAACTTGGTTTGCTTCTGGTTCT,0.20123346899212738,0.21181031699076197,0.1733567391331753,0.12038037699169835,0.10982589773501086,0.10215785593801613,0.05168315311626526,0.029552191102944724,741.4981582003342
TTGGCTCATGGTTTGGCTAATGGTGCTAAAGCTATGTTGGCTGATAAAGCTGAACAAGCTAAAGCTAGAGCTAATGCTAATCAAGGTGCTGCTGCTCCAACTTGGTTTGCTTCTGGTTCT,0.3848109153589348,0.2749449276868061,0.17349208193510296,0.0867415393232116,0.03480535293200834,0.020447522491868295,0.018103226087323575,0.0066544341847444574,364.7915588027179
TTGGCTCATGGTTTGGCTAATGGTGCTAAAGCTATGTTGGCTGATAAAGCTGCTCAAGAGAAAGCTAGAGCTAATGCTAATCAAGGTGCTGCTGCTCCAACTTGGTTTGCTTCTGGTTCT,0.10619181356275115,0.097684197271051,0.06040659197211534,0.11629013802627358,0.1659324709745109,0.18771940879207766,0.17164947031874345,0.09412590908247698,1542.9045803149645
TTGGCTCATGGTTTGGCTAATGGTGCTAAAGCTATGTTGGCTGATAAAGCTGCTCAAGCTAAAGATAGAGCTAATGCTAATCAAGGTGCTGCTGCTCCAACTTGGTTTGCTTCTGGTTCT,0.5919412650435679,0.22917391017680916,0.09869086445169999,0.06554830876861131,0.001701174586559759,0.01135603711105904,0.0003767334575388599,0.0012117064041539144,230.55320750881873
TTGGCTCATGGTTTGGCTAATGGTGCTAAAGCTATGTTGGCTGATAAAGCTGCTCAAGCTAAAGCTAGAGATAATGCTAATCAAGGTGCTGCTGCTCCAACTTGGTTTGCTTCTGGTTCT,0.026797660328918095,0.0501788287611273,0.1000367308773716,0.19930225714357097,0.24426093467645887,0.25176952168101546,0.07525069481231059,0.05240337171922708,1206.3181367996367
TTGGCTCATGGTTTGGCTAATGGTGCTAAAGCTATGTTGGCTGATAAAGCTGCTCAAGCTAAAGCTAGAGCTAATGAGAATCAAGGTGCTGCTGCTCCAACTTGGTTTGCTTCTGGTTCT,0.6011086377387179,0.2309380043749805,0.08116180784819257,0.03970136917654315,0.009626953793117829,0.009873845360361302,0.01409181739278832,0.013497564315298421,331.8029361061969
TTGGCTCATGGTTTGGCTAATGGTGCTAAAGCTATGTTGGCTGATAAAGCTGCTCAAGCTAAAGCTAGAGCTAATGCTAATCAAGGTGAAGCTGCTCCAACTTGGTTTGCTTCTGGTTCT,0.5359610480422183,0.24275648149536097,0.0020816270964839454,0.19557129737161563,0.0038041258896585085,0.012030974468770887,0.0033416879483733485,0.004452757687518481,287.26364097550817
TTGGCTCATGGTTTGGCTAATGGTGCTAAAGCTATGTTGGCTGATAAAGCTGCTCAAGCTAAAGCTAGAGCTAATGCTAATCAAGGTGCTGAAGCTCCAACTTGGTTTGCTTCTGGTTCT,0.0033275182003547157,0.006623008927211523,0.003150445785582297,0.13260116801687163,0.1936723624741003,0.46002275533057424,0.19093570221710027,0.00966703904820508,1401.2641314071464
TTGGCTCATGGTTTGGCTAATGGTGCTAAAGCTATGTTGGCTGATAAAGCTGCTCAAGCTAAAGCTAGAGCTAATGCTAATCAAGGTGCTGCTGATCCAACTTGGTTTGCTTCTGGTTCT,0.12413333405303897,0.13530126796497166,0.11584866718918588,0.16663874023120168,0.09174134172022791,0.14696749223256067,0.09593935915346977,0.12342979745534347,1473.9952695802547
TTGGCTCATGGTTTGGCTAATGGTGCTAAAGCTATGTTGGCTGATAAAGCTGCTCAAGCTAAAGCTAGAGCTAATGCTAATCAAGGTGCTGCTGCTCCAACTTGGTTTGATTCTGGTTCT,0.08918641549962535,0.06790571978271207,0.09298224708112841,0.2169116119458542,0.19952240699975446,0.21210486499659084,0.07824465300505962,0.04314208068927519,1085.8650758231454
TTGGCTCATGGTTTGGCTAATGGTGCTAAAGCTATGTTGGCTGATAAAGCTGCTCAAGCTAAAGCTAGAGCTAATGCTAATCAAGGTGCTGCTGCTCCAACTTGGTTTGCTTCTGGTTCT,0.5937415128070019,0.22856103671930839,0.11902080325443332,0.024403512555098712,0.005606104983919816,0.012471335300916122,0.008764332697689378,0.0074313616816323955,283.35756439414786
TTGGCTCATGGTTTGGCTAATGGTGCTAAAGCTATGTTGGCTGCTAAAGAAGAACAAGAGAAAGATAGAGCTAATGCTAATCAAGGTGCTGCTGCTCCAACTTGGTTTGCTTCTGGTTCT,0.540964491158683,0.29643979633014567,0.05478281866651776,0.06981409381151163,0.013941911795956807,0.01675798101009457,0.0068165689532428,0.00048233827384784204,255.5019485140773
TTGGCTCATGGTTTGGCTAATGGTGCTAAAGCTATGTTGGCTGCTAAAGAAGAACAAGCTAAAGCTAGAGCTAATGCTAATCAAGGTGCTGCTGCTCCAACTTGGTTTGCTTCTGGTTCT,0.5846252783564155,0.2629334545462078,0.0757697524037329,0.03620043136524679,0.015287762980987461,0.009857666573000261,0.007514687639299041,0.007810966135110176,284.67665912331483
TTGGCTCATGGTTTGGCTAATGGTGCTAAAGCTATGTTGGCTGCTAAAGAAGCTCAAGAGAAAGCTAGAGCTAATGCTAATCAAGGTGCTGCTGCTCCAACTTGGTTTGCTTCTGGTTCT,0.5371083699918913,0.1562279047616311,0.1907388592535516,0.007322629750820556,0.011630649064696177,0.01039709360456651,0.027864004603942796,0.058710488968900035,650.7683256894449
TTGGCTCATGGTTTGGCTAATGGTGCTAAAGCTATGTTGGCTGCTAAAGAAGCTCAAGCTAAAGATAGAGCTAATGCTAATCAAGGTGCTGCTGCTCCAACTTGGTTTGCTTCTGGTTCT,0.5764547664889126,0.22657339791879894,0.12473981366166367,0.03816524172718903,0.013382272457734,0.006223961242543335,0.01296805539026402,0.0014924911128945423,259.55807342864523
TTGGCTCATGGTTTGGCTAATGGTGCTAAAGCTATGTTGGCTGCTAAAGAAGCTCAAGCTAAAGCTAGAGATAATGCTAATCAAGGTGCTGCTGCTCCAACTTGGTTTGCTTCTGGTTCT,0.4431579045279948,0.2575421180057924,0.18694183302554937,0.05322384594374962,0.01756104268632912,0.022654489890829927,0.007992893040895788,0.010925872878858815,348.02484633933875
TTGGCTCATGGTTTGGCTAATGGTGCTAAAGCTATGTTGGCTGCTAAAGAAGCTCAAGCTAAAGCTAGAGCTAATGAGAATCAAGGTGCTGCTGCTCCAACTTGGTTTGCTTCTGGTTCT,0.3427714066682327,0.30157008588902023,0.2084419368533463,0.09317683136261402,0.01736407200019509,0.020068057379060377,0.009041364335221493,0.007566245512309787,347.8966155916971
TTGGCTCATGGTTTGGCTAATGGTGCTAAAGCTATGTTGGCTGCTAAAGAAGCTCAAGCTAAAGCTAGAGCTAATGCTAATCAAGGTGAAGCTGCTCCAACTTGGTTTGCTTCTGGTTCT,0.34011649211472256,0.3068665350747187,0.20976433355610116,0.09383870700827451,0.020910661298995062,0.015441624266062014,0.008264742150422562,0.00479690453070324,326.34564897602843
TTGGCTCATGGTTTGGCTAATGGTGCTAAAGCTATGTTGGCTGCTAAAGAAGCTCAAGCTAAAGCTAGAGCTAATGCTAATCAAGGTGCTGAAGCTCCAACTTGGTTTGCTTCTGGTTCT,0.058978042267041425,0.05584865954751963,0.06907211777797731,0.18115072911447783,0.22221337296114882,0.23849820009496928,0.12870370864416913,0.0455351695926965,1253.0218078844011
TTGGCTCATGGTTTGGCTAATGGTGCTAAAGCTATGTTGGCTGCTAAAGAAGCTCAAGCTAAAGCTAGAGCTAATGCTAATCAAGGTGCTGCTGATCCAACTTGGTTTGCTTCTGGTTCT,0.5784015312713496,0.2478492492446548,0.10100810299759859,0.03759411708326261,0.005841096682050119,0.012158922976319507,0.013370237919105863,0.0037767418256588335,274.5604027170275
TTGGCTCATGGTTTGGCTAATGGTGCTAAAGCTATGTTGGCTGCTAAAGAAGCTCAAGCTAAAGCTAGAGCTAATGCTAATCAAGGTGCTGCTGCTCCAACTTGGTTTGATTCTGGTTCT,0.18572519211253657,0.18945781317983998,0.15407100497634346,0.18913985545612524,0.10167489089905482,0.07566076177799701,0.05502446073474047,0.04924602086336251,852.1507838602279
TTGGCTCATGGTTTGGCTAATGGTGCTAAAGCTATGTTGGCTGCTAAAGAAGCTCAAGCTAAAGCTAGAGCTAATGCTAATCAAGGTGCTGCTGCTCCAACTTGGTTTGCTTCTGGTTCT,0.24218792384062196,0.22650437127777007,0.21596611153618583,0.12707027273815705,0.08676313951166695,0.0770503652623918,0.01795842201610194,0.006499393817104349,482.1904683645942
TTGGCTCATGGTTTGGCTAATGGTGCTAAAGCTATGTTGGCTGCTAAAGCTGAACAAGAGAAAGATAGAGATAATGCTAATCAAGGTGCTGCTGCTCCAACTTGGTTTGCTTCTGGTTCT,0.10218927868455857,0.11833429814154511,0.07437594830224606,0.07711391674902997,0.08359831894897282,0.060088421103364896,0.1645155412090521,0.31978427686123034,2710.9551567354133
TTGGCTCATGGTTTGGCTAATGGTGCTAAAGCTATGTTGGCTGCTAAAGCTGAACAAGAGAAAGCTAGAGCTAATGCTAATCAAGGTGCTGCTGCTCCAACTTGGTTTGCTTCTGGTTCT,0.019521267589493803,0.03474912221753597,0.03550255602785574,0.12345172976203614,0.2485932590431038,0.3041860878748413,0.1963692195625382,0.037626757922594976,1438.4646886526732
TTGGCTCATGGTTTGGCTAATGGTGCTAAAGCTATGTTGGCTGCTAAAGCTGAACAAGCTAAAGATAGAGCTAATGCTAATCAAGGTGCTGCTGCTCCAACTTGGTTTGCTTCTGGTTCT,0.1413280656196608,0.09141010939952374,0.06280753392487853,0.11215049028200245,0.05968525220576686,0.10178305351818175,0.17788675758897282,0.2529487374610131,2371.4815144642525
TTGGCTCATGGTTTGGCTAATGGTGCTAAAGCTATGTTGGCTGCTAAAGCTGAACAAGCTAAAGCTAGAGATAATGCTAATCAAGGTGCTGCTGCTCCAACTTGGTTTGCTTCTGGTTCT,0.02552939552466304,0.038199287162246735,0.05131659505836418,0.1294484112451453,0.27737019020593484,0.3678060010473025,0.09470876256971054,0.015621357186633045,1154.0066316442192
TTGGCTCATGGTTTGGCTAATGGTGCTAAAGCTATGTTGGCTGCTAAAGCTGAACAAGCTAAAGCTAGAGCTAATGAGAATCAAGGTGCTGCTGCTCCAACTTGGTTTGCTTCTGGTTCT,0.39447911676466607,0.29199483490828315,0.1710534559324601,0.07768029828226554,0.02941382110137876,0.020934292032315432,0.008196943404293496,0.006247237574337551,333.2746709756236
TTGGCTCATGGTTTGGCTAATGGTGCTAAAGCTATGTTGGCTGCTAAAGCTGAACAAGCTAAAGCTAGAGCTAATGCTAATCAAGGTGAAGCTGCTCCAACTTGGTTTGCTTCTGGTTCT,0.1287002333916301,0.056182690816534785,0.02249310458351946,0.005403776769041399,0.007595174174785366,0.05384163017495353,0.3343206758982319,0.3914627141913035,3476.5822783558924
TTGGCTCATGGTTTGGCTAATGGTGCTAAAGCTATGTTGGCTGCTAAAGCTGAACAAGCTAAAGCTAGAGCTAATGCTAATCAAGGTGCTGAAGCTCCAACTTGGTTTGCTTCTGGTTCT,0.34785198137524825,0.2971961384907158,0.21929160811981183,0.08428359118863397,0.018793794358730524,0.016065685677761034,0.009738856870697823,0.006778343918400743,339.34699991981705
TTGGCTCATGGTTTGGCTAATGGTGCTAAAGCTATGTTGGCTGCTAAAGCTGAACAAGCTAAAGCTAGAGCTAATGCTAATCAAGGTGCTGCTGATCCAACTTGGTTTGCTTCTGGTTCT,0.3540680704540828,0.3145509980969883,0.18667019353557532,0.09231572497406158,0.020586322965174715,0.020102892579214222,0.009541594818270552,0.0021642025766326063,314.503835705664
TTGGCTCATGGTTTGGCTAATGGTGCTAAAGCTATGTTGGCTGCTAAAGCTGAACAAGCTAAAGCTAGAGCTAATGCTAATCAAGGTGCTGCTGCTCCAACTTGGTTTGATTCTGGTTCT,0.3269854421157146,0.30299539355483557,0.22396847799443134,0.09849425061169245,0.019231973813533434,0.019345504375274915,0.005478322311849954,0.0035006352226676788,319.02070127298504
TTGGCTCATGGTTTGGCTAATGGTGCTAAAGCTATGTTGGCTGCTAAAGCTGAACAAGCTAAAGCTAGAGCTAATGCTAATCAAGGTGCTGCTGCTCCAACTTGGTTTGCTTCTGGTTCT,0.18338950171811316,0.1803754556842478,0.13303144791299698,0.11785828445011182,0.12236633669227145,0.11683789315564204,0.1029658040175029,0.0431752763691137,966.158570325939
TTGGCTCATGGTTTGGCTAATGGTGCTAAAGCTATGTTGGCTGCTAAAGCTGCTCAAGAGAAAGATAGAGATAATGAGAATCAAGGTGCTGCTGCTCCAACTTGGTTTGCTTCTGGTTCT,0.08271923538145994,0.07133637915451956,0.05293614732460583,0.11290358183666493,0.10247231493711532,0.15164179566378325,0.2257695310100183,0.20022101469183282,2245.3955654674182
TTGGCTCATGGTTTGGCTAATGGTGCTAAAGCTATGTTGGCTGCTAAAGCTGCTCAAGAGAAAGATAGAGCTAATGCTAATCAAGGTGCTGCTGCTCCAACTTGGTTTGCTTCTGGTTCT,0.2411942898578496,0.13736109595012888,0.10193070209149603,0.09606065657153044,0.053813074126481904,0.05839848753496228,0.1266199233101867,0.18462177055736423,1771.1592247487679
TTGGCTCATGGTTTGGCTAATGGTGCTAAAGCTATGTTGGCTGCTAAAGCTGCTCAAGAGAAAGCTAGAGATAATGCTAATCAAGGTGCTGCTGCTCCAACTTGGTTTGCTTCTGGTTCT,0.41274438955819515,0.27702904600242734,0.18363529699339523,0.07321653282359795,0.026929806738207076,0.015453775940044783,0.007655120282060311,0.0033360316620720245,305.0891388946454
TTGGCTCATGGTTTGGCTAATGGTGCTAAAGCTATGTTGGCTGCTAAAGCTGCTCAAGAGAAAGCTAGAGCTAATGAGAATCAAGGTGCTGCTGCTCCAACTTGGTTTGCTTCTGGTTCT,0.07227886884079408,0.17691780118811565,0.21012699639628,0.3299606680335268,0.09195148289323685,0.1009261064909119,0.01706976376170421,0.0007683123954304736,539.551821746546
TTGGCTCATGGTTTGGCTAATGGTGCTAAAGCTATGTTGGCTGCTAAAGCTGCTCAAGAGAAAGCTAGAGCTAATGCTAATCAAGGTGAAGCTGCTCCAACTTGGTTTGCTTCTGGTTCT,0.05931227463414999,0.06227006592507078,0.09626742527184623,0.17189719557110386,0.231245632920151,0.1701890646701079,0.11958491166134373,0.0892334293462264,1427.1139576828805
TTGGCTCATGGTTTGGCTAATGGTGCTAAAGCTATGTTGGCTGCTAAAGCTGCTCAAGAGAAAGCTAGAGCTAATGCTAATCAAGGTGCTGAAGCTCCAACTTGGTTTGCTTCTGGTTCT,0.14588175194669362,0.1723753785846229,0.13720098644831802,0.13568624156244555,0.13873818712248212,0.11816762931312645,0.11956546313740089,0.03238436188491047,957.724230242497
TTGGCTCATGGTTTGGCTAATGGTGCTAAAGCTATGTTGGCTGCTAAAGCTGCTCAAGAGAAAGCTAGAGCTAATGCTAATCAAGGTGCTGCTGATCCAACTTGGTTTGCTTCTGGTTCT,0.03800927900432048,0.04063216004952588,0.02956044769027019,0.05806215184189418,0.12640923778646115,0.2634737972809685,0.3503131276238986,0.09353979872266105,2013.123659486119
TTGGCTCATGGTTTGGCTAATGGTGCTAAAGCTATGTTGGCTGCTAAAGCTGCTCAAGAGAAAGCTAGAGCTAATGCTAATCAAGGTGCTGCTGCTCCAACTTGGTTTGATTCTGGTTCT,0.3316250398198738,0.28307455673645865,0.207379296625332,0.11201457840592548,0.03271725893228628,0.01930295787874236,0.008192578315511387,0.005693733285870214,347.3995672834304
TTGGCTCATGGTTTGGCTAATGGTGCTAAAGCTATGTTGGCTGCTAAAGCTGCTCAAGAGAAAGCTAGAGCTAATGCTAATCAAGGTGCTGCTGCTCCAACTTGGTTTGCTTCTGGTTCT,0.5741666920867211,0.24726308590890816,0.12640441246406459,0.02246817877638857,0.015390843228116888,0.001898411334583733,0.009559143639098008,0.002849232562118914,252.54427839499647
TTGGCTCATGGTTTGGCTAATGGTGCTAAAGCTATGTTGGCTGCTAAAGCTGCTCAAGCTAAAGATAGAGATAATGAGAATCAAGGTGAAGCTGCTCCAACTTGGTTTGCTTCTGGTTCT,0.3487766078708111,0.31235229394724934,0.19281243028206962,0.08635699202602201,0.020922517174819855,0.022708914259805032,0.0071900145811724814,0.008880229858050596,352.77919136663115
TTGGCTCATGGTTTGGCTAATGGTGCTAAAGCTATGTTGGCTGCTAAAGCTGCTCAAGCTAAAGATAGAGATAATGCTAATCAAGGTGCTGCTGCTCCAACTTGGTTTGCTTCTGGTTCT,0.36231703715719465,0.31441170502635657,0.1800629183969726,0.09742238847318037,0.01704648502098598,0.015568003446552509,0.006161478829331671,0.007009983649425498,329.06554940054934
TTGGCTCATGGTTTGGCTAATGGTGCTAAAGCTATGTTGGCTGCTAAAGCTGCTCAAGCTAAAGATAGAGCTAATGAGAATCAAGGTGCTGCTGCTCCAACTTGGTTTGCTTCTGGTTCT,0.3502552474186558,0.3031652329012711,0.21816319042028312,0.07948806416244483,0.020313282002829818,0.014986145948520123,0.005803702810387118,0.00782513433560819,334.5839639042616
TTGGCTCATGGTTTGGCTAATGGTGCTAAAGCTATGTTGGCTGCTAAAGCTGCTCAAGCTAAAGATAGAGCTAATGCTAATCAAGGTGAAGCTGCTCCAACTTGGTTTGCTTCTGGTTCT,0.15540464579446456,0.1292946187717227,0.10412620581790179,0.1228466097836059,0.1207424307847884,0.09587626563533896,0.14690147718215604,0.1248077462300217,1545.7754138420917
TTGGCTCATGGTTTGGCTAATGGTGCTAAAGCTATGTTGGCTGCTAAAGCTGCTCAAGCTAAAGATAGAGCTAATGCTAATCAAGGTGCTGAAGCTCCAACTTGGTTTGCTTCTGGTTCT,0.615831938039757,0.09262107483877718,0.13035142298417945,0.04231969430499316,0.018768394900408613,0.01745798597567503,0.07507412825944575,0.007575360696763901,456.5750667590191
TTGGCTCATGGTTTGGCTAATGGTGCTAAAGCTATGTTGGCTGCTAAAGCTGCTCAAGCTAAAGATAGAGCTAATGCTAATCAAGGTGCTGCTGATCCAACTTGGTTTGCTTCTGGTTCT,0.5171587738976204,0.29901599354685154,0.12349687495182177,0.016922520086495415,0.006860129705787704,0.021057813475287734,0.010769675271097562,0.004718219065037848,287.3780494016009
TTGGCTCATGGTTTGGCTAATGGTGCTAAAGCTATGTTGGCTGCTAAAGCTGCTCAAGCTAAAGATAGAGCTAATGCTAATCAAGGTGCTGCTGCTCCAACTTGGTTTGATTCTGGTTCT,0.5081543645777964,0.312223273300668,0.10572845915425123,0.0442880809385879,0.012739816704609485,0.006078010875269599,0.005240159279411077,0.005547835169406286,271.60130169480567
TTGGCTCATGGTTTGGCTAATGGTGCTAAAGCTATGTTGGCTGCTAAAGCTGCTCAAGCTAAAGATAGAGCTAATGCTAATCAAGGTGCTGCTGCTCCAACTTGGTTTGCTTCTGGTTCT,0.6437593279084155,0.17992441091326167,0.004247920182379003,0.008460390962853408,0.04179069251486292,0.005656423410833602,0.02435461544049713,0.09180621866689676,829.0076118876393
TTGGCTCATGGTTTGGCTAATGGTGCTAAAGCTATGTTGGCTGCTAAAGCTGCTCAAGCTAAAGCTAGAGATAATGAGAATCAAGGTGAAGAAGCTCCAACTTGGTTTGCTTCTGGTTCT,0.7171283499228317,0.17365813009791298,0.0609244976880158,0.00696037607095783,0.007088351435626219,0.013931306756068091,0.01624818047997761,0.004060807548609708,261.81828681888135
TTGGCTCATGGTTTGGCTAATGGTGCTAAAGCTATGTTGGCTGCTAAAGCTGCTCAAGCTAAAGCTAGAGATAATGAGAATCAAGGTGCTGCTGCTCCAACTTGGTTTGCTTCTGGTTCT,0.6554339592889289,0.15711937030682654,0.12648403321675536,0.039708974918875935,0.0033887837786615903,0.016019270169113236,0.0008365814729690398,0.0010090268478694965,227.03908227221862
TTGGCTCATGGTTTGGCTAATGGTGCTAAAGCTATGTTGGCTGCTAAAGCTGCTCAAGCTAAAGCTAGAGATAATGCTAATCAAGGTGAAGCTGCTCCAACTTGGTTTGCTTCTGGTTCT,0.186479773084296,0.23176798531952827,0.17744653413530956,0.13405292458478363,0.08647452827319395,0.07038226876220287,0.06104128958978069,0.052354696250905046,859.7808999796314
TTGGCTCATGGTTTGGCTAATGGTGCTAAAGCTATGTTGGCTGCTAAAGCTGCTCAAGCTAAAGCTAGAGATAATGCTAATCAAGGTGCTGAAGCTCCAACTTGGTTTGCTTCTGGTTCT,0.34315165647346524,0.3106637322509016,0.20556770410892397,0.08763881384420134,0.020508751599144132,0.018549693443267925,0.007964104096924524,0.0059555441831713905,333.8188288245949
TTGGCTCATGGTTTGGCTAATGGTGCTAAAGCTATGTTGGCTGCTAAAGCTGCTCAAGCTAAAGCTAGAGATAATGCTAATCAAGGTGCTGCTGATCCAACTTGGTTTGCTTCTGGTTCT,0.42401125750384056,0.3029746316441509,0.1792065021685756,0.026728700582146193,0.020772078309751793,0.019476346430874068,0.021062226742046917,0.00576825661861401,339.88491423419407
TTGGCTCATGGTTTGGCTAATGGTGCTAAAGCTATGTTGGCTGCTAAAGCTGCTCAAGCTAAAGCTAGAGATAATGCTAATCAAGGTGCTGCTGCTCCAACTTGGTTTGATTCTGGTTCT,0.2860670445450361,0.2005187759341017,0.1770448400059655,0.10790403957962483,0.04661142631828049,0.040662673442882186,0.048968137198854685,0.09222306297525448,1004.8300079110918
TTGGCTCATGGTTTGGCTAATGGTGCTAAAGCTATGTTGGCTGCTAAAGCTGCTCAAGCTAAAGCTAGAGATAATGCTAATCAAGGTGCTGCTGCTCCAACTTGGTTTGCTTCTGGTTCT,0.4443108312739669,0.34375174676902565,0.1503135131835327,0.02171766401878956,0.006003543450024406,0.0227392583881739,0.00813012248907543,0.0030333204274113797,282.61314354250874
TTGGCTCATGGTTTGGCTAATGGTGCTAAAGCTATGTTGGCTGCTAAAGCTGCTCAAGCTAAAGCTAGAGCTAATGAGAATCAAGGTGAAGAAGATCCAACTTGGTTTGCTTCTGGTTCT,0.15417454518252316,0.1440387463338776,0.17357546618405667,0.14681373375128953,0.1302210791972825,0.10767026335386742,0.09532593110739429,0.04818023488970883,986.2915424825844
TTGGCTCATGGTTTGGCTAATGGTGCTAAAGCTATGTTGGCTGCTAAAGCTGCTCAAGCTAAAGCTAGAGCTAATGAGAATCAAGGTGAAGCTGCTCCAACTTGGTTTGCTTCTGGTTCT,0.04314899484247876,0.042637986323899923,0.039310436948933825,0.03595280209078802,0.05466766905016795,0.11723928353903362,0.34801763917087963,0.31902518803381824,3179.2232490377887
TTGGCTCATGGTTTGGCTAATGGTGCTAAAGCTATGTTGGCTGCTAAAGCTGCTCAAGCTAAAGCTAGAGCTAATGAGAATCAAGGTGCTGAAGCTCCAACTTGGTTTGCTTCTGGTTCT,0.5530057481082297,0.22067886524680688,0.1615181623544237,0.02687056801321277,0.019261807608938867,0.007964907993905567,0.008738546033246643,0.0019613946412357372,260.4109206377254
TTGGCTCATGGTTTGGCTAATGGTGCTAAAGCTATGTTGGCTGCTAAAGCTGCTCAAGCTAAAGCTAGAGCTAATGAGAATCAAGGTGCTGCTGATCCAACTTGGTTTGCTTCTGGTTCT,0.44970602527492537,0.27537642557147485,0.15552747043413082,0.06684412328432655,0.02032346497497186,0.013787478690700036,0.009923604294002401,0.008511407475468104,329.09272621690366
TTGGCTCATGGTTTGGCTAATGGTGCTAAAGCTATGTTGGCTGCTAAAGCTGCTCAAGCTAAAGCTAGAGCTAATGAGAATCAAGGTGCTGCTGCTCCAACTTGGTTTGATTCTGGTTCT,0.01681756918103722,0.01196108085744389,0.008478996378883665,0.009502941215039971,0.005714531472261236,0.005847097309740113,0.26408051375746017,0.6775972698281337,5017.079062781663
TTGGCTCATGGTTTGGCTAATGGTGCTAAAGCTATGTTGGCTGCTAAAGCTGCTCAAGCTAAAGCTAGAGCTAATGAGAATCAAGGTGCTGCTGCTCCAACTTGGTTTGCTTCTGGTTCT,0.1025472814010172,0.09629689151746396,0.05742196146494975,0.1500032918252787,0.21220658190103744,0.25378755808743975,0.09510728639261838,0.032629147410194875,1094.032638773444
TTGGCTCATGGTTTGGCTAATGGTGCTAAAGCTATGTTGGCTGCTAAAGCTGCTCAAGCTAAAGCTAGAGCTAATGCTAATCAAGGTGAAGAAGATCCAACTTGGTTTGATTCTGGTTCT,0.5176524781358556,0.28687491337320964,0.13157592278629401,0.03793787395539975,0.002932894838872811,0.0097017765153789,0.008869187811355338,0.004454952583633986,272.2604577831434
TTGGCTCATGGTTTGGCTAATGGTGCTAAAGCTATGTTGGCTGCTAAAGCTGCTCAAGCTAAAGCTAGAGCTAATGCTAATCAAGGTGAAGAAGCTCCAACTTGGTTTGCTTCTGGTTCT,0.10822826747368085,0.19125020930537345,0.22422791676190967,0.2429172464705158,0.12451386669432478,0.0770456852920025,0.01936188854690313,0.012454919455289877,583.7511105339202
TTGGCTCATGGTTTGGCTAATGGTGCTAAAGCTATGTTGGCTGCTAAAGCTGCTCAAGCTAAAGCTAGAGCTAATGCTAATCAAGGTGAAGCTGATCCAACTTGGTTTGCTTCTGGTTCT,0.6159444509002118,0.24560595481382225,0.08008752927987416,0.022589643768380234,0.001505482103545507,0.006823618049060412,0.006131462831756435,0.021311858253349393,347.40417496179725
TTGGCTCATGGTTTGGCTAATGGTGCTAAAGCTATGTTGGCTGCTAAAGCTGCTCAAGCTAAAGCTAGAGCTAATGCTAATCAAGGTGAAGCTGCTCCAACTTGGTTTGATTCTGGTTCT,0.4069446939964747,0.3819602197458668,0.11833228209875343,0.044969120521050024,0.017104867732084528,0.003223269367211466,0.017556037172316463,0.009909509366242577,336.9964841584327
TTGGCTCATGGTTTGGCTAATGGTGCTAAAGCTATGTTGGCTGCTAAAGCTGCTCAAGCTAAAGCTAGAGCTAATGCTAATCAAGGTGAAGCTGCTCCAACTTGGTTTGCTTCTGGTTCT,0.14368353004753837,0.13010705269441772,0.10727526545565881,0.11972064559935834,0.22653868534022434,0.12511604455167147,0.11327017047278211,0.03428860583834884,1003.1676053381595
TTGGCTCATGGTTTGGCTAATGGTGCTAAAGCTATGTTGGCTGCTAAAGCTGCTCAAGCTAAAGCTAGAGCTAATGCTAATCAAGGTGCTGAAGATCCAACTTGGTTTGCTTCTGGTTCT,0.11877761432876832,0.16296131190116137,0.09405487513410325,0.19793685004101644,0.14896538129420273,0.14351335809017232,0.09513824973070406,0.03865235947987163,986.3597736865999
TTGGCTCATGGTTTGGCTAATGGTGCTAAAGCTATGTTGGCTGCTAAAGCTGCTCAAGCTAAAGCTAGAGCTAATGCTAATCAAGGTGCTGAAGCTCCAACTTGGTTTGATTCTGGTTCT,0.10943919128507029,0.10093357464733323,0.11915774788656455,0.17730887537527346,0.16625654892640077,0.10449224343755689,0.09727004315157668,0.1251417752902242,1484.1734998603047
TTGGCTCATGGTTTGGCTAATGGTGCTAAAGCTATGTTGGCTGCTAAAGCTGCTCAAGCTAAAGCTAGAGCTAATGCTAATCAAGGTGCTGAAGCTCCAACTTGGTTTGCTTCTGGTTCT,0.35434156243461096,0.314482518761519,0.20496481911641495,0.08000766571023583,0.010051181208746712,0.02090541787626654,0.00756252189672902,0.007684312995476857,337.5192237972935
TTGGCTCATGGTTTGGCTAATGGTGCTAAAGCTATGTTGGCTGCTAAAGCTGCTCAAGCTAAAGCTAGAGCTAATGCTAATCAAGGTGCTGCTGATCCAACTTGGTTTGATTCTGGTTCT,0.584912688908738,0.2743888208271298,0.10179454360013233,0.01576868308907777,0.0014480173912590282,0.006933560594700172,0.012761230485308054,0.0019924551036549333,248.06185563901482
TTGGCTCATGGTTTGGCTAATGGTGCTAAAGCTATGTTGGCTGCTAAAGCTGCTCAAGCTAAAGCTAGAGCTAATGCTAATCAAGGTGCTGCTGATCCAACTTGGTTTGCTTCTGGTTCT,0.5174690087396503,0.2812796355186663,0.11876112226612384,0.0401303443034194,0.011478657897195646,0.010523219911691776,0.014958722327847356,0.005399289035405262,297.2640358221744
TTGGCTCATGGTTTGGCTAATGGTGCTAAAGCTATGTTGGCTGCTAAAGCTGCTCAAGCTAAAGCTAGAGCTAATGCTAATCAAGGTGCTGCTGCTCCAACTTGGTTTGATTCTGGTTCT,0.562267907579794,0.2620176439067492,0.09848771853911238,0.03303824584519699,0.020067346317207097,0.011901820458365178,0.01046399071778776,0.0017553266357874613,262.8338229037954
TTGGCTCATGGTTTGGCTAATGGTGCTAAAGCTATGTTGGCTGCTAAAGCTGCTCAAGCTAAAGCTAGAGCTAATGCTAATCAAGGTGCTGCTGCTCCAACTTGGTTTGCTTCTGGTTCT,0.3503895175577928,0.2985674628426058,0.20838735116905344,0.09088875917250422,0.01883539487914135,0.02050674341703329,0.0076590193576231876,0.0047657516042459835,327.5283677446097
TTGGCTGAAGGTTTGGCTTTGTGTGATGAGTTCTTGTTGGATCAAGATCAAACTTCTTGTGGTGGTGGTGATGAACCAAGAGAAACTAAACCATGTTTGGCTGCTTATGCTCATTTGTCT,0.07998791413173094,0.068980910473445,0.07820425432443023,0.03173709251299759,0.09571073719666107,0.04713258473057698,0.24374954115497752,0.3544969654751806,3093.1377329471443
TTGGCTGAAGGTTTGGCTTTGTGTGATGAGTTCTTGTTGGATCAATCTCAAACTTCTTGTGGTGGTGGTGATGAACCAAGAGAAACTAAACCATGTTTGGCTGCTTATGCTCATTTGTCT,0.05847683782836454,0.08531064436790772,0.11096731599333835,0.12018669858629204,0.07635107602948418,0.06700023165818385,0.19388739028407762,0.2878198052523518,2606.399966635281
TTGGCTGAAGGTTTGGCTTTGTGTGATGAGTTCTTGTTGGCTCAAGCTCAAACTTCTTGTGGTGGTGGTGATGAACCAAGAGAAACTAAACCATGTTTGGCTGCTTATGCTCATTTGTCT,0.029066005363509315,0.014648061281583542,0.13106937392113893,0.28394511469670125,0.25231358428357087,0.23455458440770302,0.04142088683487227,0.012982389210920854,893.8644618991822
TTGGCTGAAGGTTTGGCTTTGTGTGATGAGTTCTTGTTGGCTCAATCTCAAACTTCTTGTGGTGGTGGTGATGAACCAAGAGAAACTAAACCATGTTTGGCTGCTTATGCTCATTTGTCT,0.012998637795923562,0.053605654401041015,0.11900636484203414,0.2214337581684434,0.3223116161945408,0.2346289031988406,0.02946059770989134,0.006554467689285229,849.1222116643298
TTGGCTGAAGGTTTGGCTTTGTGTGATGAGTTCTTGTTGTCTCAAGATCAAACTTCTTGTGGTGGTGGTGATGAACCAAGAGAAACTAAACCATGTTTGGCTGCTTATGCTCATTTGTCT,0.0034477244030371597,0.019047068184829836,0.06662754800589762,0.22406122667308642,0.3309746419900844,0.30751167389831346,0.040463992551432404,0.007866124293318644,966.4626800032454
TTGGCTGAAGGTTTGGCTTTGTGTGATGAGTTCTTGTTGTCTCAAGCTCAAACTTCTTGTGGTGGTGGTGATGAACCAAGAGAAACTAAACCATGTTTGGCTGCTTATGCTCATTTGTCT,0.00882449258942321,0.02629505425850864,0.0858051127953875,0.22625195494109926,0.3422608510888742,0.26337930938819787,0.038973934798532076,0.008209290139977314,923.2521852172457
TTGGCTGATCAGAAGAATTTGGCTTTGATGTCTAAACCACAAGCTCAACAAGCTGCTTCTAATTCTCAATTGCCACCACCACCAGCTTCTCATGGTGCTGATTTGTTGAAAGCTCCTAAA,0.23724337891478733,0.19598211420174516,0.14605274092455217,0.135946294030788,0.10089502589828762,0.06638208741452929,0.057902877053738255,0.05959548156157213,892.8632525909627
TTGGCTGGTCCACCACCACCACCACCACCACCACATCCACATGCTAGAATTAAATTGGAGAATCCATTGGATGCTGGTTCTGCTTGGGCTGCTGCTGCTGCTCAATGTAGATATGGTGAT,0.012278072556484991,0.02470651735741658,0.06111271033615737,0.09548365456446936,0.08469224387515122,0.19132050931009575,0.3985546486058128,0.13185164339441185,2271.9118576734922
TTGGCTGGTTTGGCTGCTCATCCATTTATTGATGAATTTATTCCAGAAGAGAATCAAGATGATGGTATTTGTTATGCTCATCCTAAGAATTTGCCAGGTGTTAAAGCTGATGGTACTGTT,0.405673000201544,0.2298725625660543,0.19335944836706917,0.11807610474083112,0.014167801315848253,0.018141976726614346,0.017144355458337795,0.0035647506237009977,337.5799504959806
TTGGCTGGTTTGGCTGCTCATCCATTTATTGATGAATTTATTCCAGAAGTTAATCAAGATGATGGTATTTGTTATGCTCATCCTAAGAATTTGCCAGGTGTTAAAGCTGATGGTACTGTT,0.013918193093960094,0.12682277141473058,0.21833586233551913,0.2724843178630534,0.19349188817764237,0.14961355707845836,0.025119950234434116,0.0002134598022021353,656.6586210290408
TTGGCTGGTTTGGCTGCTCATCCATTTATTGATGAATTTATTCCAGATGATAATCAAGATGATGGTATTTGTTATGCTCATCCTAAGAATTTGCCAGGTGTTAAAGCTGATGGTACTGTT,0.08831348900317014,0.18578623504699276,0.18981447006542387,0.12487146035145565,0.13449269089435814,0.08094862091034317,0.11913626468357032,0.0766367690446859,1190.8279979746212
TTGGCTGGTTTGGCTGCTCATCCATTTATTGATGAATTTATTCCAGATGTTAATCAAGATGATGGTATTTGTTATGCTCATCCTAAGAATTTGCCAGGTGTTAAAGCTGATGGTACTGTT,0.26070159409775057,0.14123740015867592,0.04990817489087738,0.0,0.07904524132020888,0.11028945642938365,0.16739114612608996,0.19142698697701366,1950.6084352706205
TTGGCTGGTTTGGCTGCTCATCCATTTATTGATGAATTTATTCCAGCTGTTAATCAAGATGATGGTATTTGCTTTGCTCATCCTAAGAATTTGCCAGGTGTTAAAGCTGATGGTGCTGTT,0.1786478766376815,0.1639750178406026,0.1325999249398801,0.14276036746155338,0.04632651874947004,0.063201603249424,0.14533916020726959,0.12714953091411868,1484.9535385164534
TTGGCTGGTTTGGCTGCTCATCCATTTATTGATGAATTTATTCCAGCTGTTAATCAAGATGATGGTATTTGTGCTGCTCATCCTAAGAATTTGCCAGGTGTTAAAGCTGATGGTGCTGTT,0.08176945541630343,0.08227017963346206,0.05814259550002772,0.045421545482672444,0.12661966332582125,0.14990064877409498,0.33043233841577124,0.12544357345184673,2029.2669399183224
TTGGCTGGTTTGGCTGCTCATCCATTTATTGATGAATTTATTCCAGCTGTTAATCAAGATGATGGTATTTGTTATGCTCATCCTAAGAATTTGCCAGGTGTTAAAGCTGATGGTACTGTT,0.17005142113158211,0.16498229429194086,0.188931164430546,0.14169101995354386,0.0897695188291709,0.07793502544074231,0.05069374581957971,0.11594581010289426,1239.3315145975319
TTGGCTGTTTACTTCTTGATTAAGAAAGCTTTGGGTTTGCCAATGAAAGCTTTGACTGTTCCAGATGAATGTAATGATATCTTCTCTACTCATCCAAGAGATTTGCCAGGTTATGGTTCT,0.09966678596470435,0.12220567098380077,0.10764528729413328,0.08593134243511169,0.09519151123146538,0.24833102501862137,0.19017638132836656,0.05085199574379665,1349.4449714519828
TTGGCTTCTTTGCATGGTGCTGGTGCTGCTGGTCCAGGTGATGGTTCTCCATCTGCTGCTGCTTCTTCTTCTTGGCATACTTTGTTTACTGCTGAAGAAGGTCAATTGTATGGTCCATGT,0.008872980511685752,0.02614158959818457,0.12047337037774175,0.2553820390717633,0.2542991239483952,0.25548669906914256,0.0355211039373881,0.04382309348569866,1087.1913067647315
TTGGCTTCTTTGCATGGTGCTGGTGCTGCTGGTCCAGGTGCTGGTTCTCCATCTGCTGCTGCTTCTTCTTCTTGGCATACTTTGTTTACTGCTGAAGAAGGTCAATTGTATGGTCCATGT,0.10639690487483697,0.1658201294144434,0.1557583818960079,0.19237016083043132,0.14184803139230331,0.11090962152538651,0.08706848167100488,0.0398282883955856,939.5288608146632
TTGGCTTCTTTGCATGGTGCTGGTGCTGCTGGTCCAGGTTCTGGTTCTCCATCTGCTGCTGCTTCTTCTTCTTGGCATACTTTGTTTACTGCTGAAGAAGGTCAATTGTATGGTCCATGT,0.22760477105491977,0.27684700089366976,0.15293020414402358,0.19747253996557945,0.04653957541472578,0.07863279464443494,0.0068840847004355485,0.01308902918221115,489.2625186325464
TTGGGATTCTTGCATTCTGGTACTGCTAAATCTGTTACTTGTACTTATTCTCCAGCTTTGAATAAGATGTTCTGTCAATTGGCTAAGACTTGTCCAGTTCAATTGTGGGTTGATTCTACT,0.14940171577744604,0.14029548731265534,0.06196917131487888,0.1659802378241483,0.21592474270513398,0.12781292481638803,0.055424937944198636,0.08319078230515087,1170.1426036248392
TTGGGTACTGAAGATGATGAGAAAGATGGTGACTTTGTTGTTTCTAAAGTCTTGTATCAACAACAATTGAAACCATGTGAGAAGAATGATCAAGATATGCCAGAAGAAACTGCTCCAACT,0.15064581749496098,0.15156831365993292,0.1405917057456922,0.08368119631328072,0.17937389496087788,0.09780862860728073,0.09896563082665223,0.09736481239132233,1292.941991497098
TTGGGTATGTCTCATGTTGTTCCAAATTTGGAATATAATTGTGGTTATTTGAAGACTGAAGAAGAAGTTGAATCTTCTCATGGATTTAATAATTCTGGTGAATTGGCTCAGAAAGGTTAT,0.006472217651262719,0.009116591379011621,0.008053681893769052,0.012942745636815077,0.030613272324275773,0.0806815872252751,0.44899794212918775,0.403121961760403,3872.277251991979
TTGGGTGCTTCTTCTACTGAGAAATCTACTGAGTTCTTGAATCATGGTGAATTTGGTGATGTTAATGAATATGATCAATTGTTTAATGATATTTCTGTCTTTCAAGGTACTTCTACTGAT,0.1696307083078151,0.1807088405625097,0.14899721759940607,0.19953948945536368,0.05899595129924053,0.10060756797583663,0.04627167251564033,0.09524855228418792,1121.7305340169742
TTGGGTTTGCCAATGAAAGCTTTGACTGTTCCAGATGAATGTAATGATATCTTCTCTACTCATCCAAGAGATTTGCCAGGTTATGGTTCTGAAGAACATTGGTACTTCTATTGTAAGAAA,0.07510884876865886,0.06283247377893073,0.04725578377824519,0.05906666432741209,0.14968869691966158,0.33958463398881045,0.24733058258599336,0.01913231585228783,1412.0849230128533
TTGGTCTTCTATAGAGGTAGAGCTCCAAATGGTGAAAGAACTGATTGGGTTATGCATGAATATACTATGGATGAAGAAGAATTGGGTAGATGTAAGAATGCTAAAGAATATTATGCTTTG,0.1782665584630992,0.2511014705653,0.13309522931868778,0.07921923952700523,0.0,0.06536003604841359,0.1653329898008222,0.12762447627667192,1496.8583740801885
TTGGTCTTGGATACTGCTAATGTTGTTCCAGAAACTCCACCATCTGAATTTCAATTGGATCAATTGGACTTCTCTTCTCAAGATTCATTTGTTTCTTGGTGTGCTTCTAAAGCATTTGAT,0.0002449895243476626,0.0020764893630594223,0.0016997801601355124,0.012891200112522328,0.03719974268290412,0.026817755129535766,0.2463768862220946,0.6726931568054005,4987.682678555174
TTGGTCTTGGATACTGCTAATGTTGTTCCAGAAACTCCACCATCTGAATTTCAATTGGCTCAATTGGACTTCTCTTCTCAAGATTCATTTGTTTCTTGGTGTGCTTCTAAAGCATTTGAT,0.2916698120986918,0.2181268067396261,0.1790387758388019,0.10487748578914209,0.09302439924384655,0.045353360453306936,0.03139832284127998,0.03651103699530456,651.7315386577839
TTGGTCTTGGATACTGCTAATGTTGTTCCAGAAACTCCACCATCTGAATTTCAATTGTCTCAATTGGACTTCTCTGATCAAGATTCATTTGTTTCTTGGTGTGCTTCTAAAGCATTTGAT,0.0042068640157088355,0.004232625208323292,0.006208712539269951,0.006738799039709255,0.009158598647319301,0.016141538820268767,0.3448875578715155,0.6084253038578851,4797.759596236054
TTGGTCTTGGATACTGCTAATGTTGTTCCAGAAACTCCACCATCTGAATTTCAATTGTCTCAATTGGACTTCTCTGCTCAAGATTCATTTGTTTCTTGGTGTGCTTCTAAAGCATTTGAT,0.0013675499784295798,0.0007776024417393291,0.0005209304502415258,0.0002003474680018324,0.0019780205054167406,0.023800827614569968,0.3740463489636809,0.5973083725779201,4801.269883651794
TTGGTCTTGGATACTGCTAATGTTGTTCCAGAAACTCCACCATCTGAATTTCAATTGTCTCAATTGGACTTCTCTTCTCAAGATTCATTTGTTTCTTGGTGTGCTTCTAAAGCATTTGAT,0.20716183306718253,0.16136547967292889,0.1746259188514927,0.13363534953282247,0.07243628027260651,0.061253437050549184,0.11775823601884419,0.07176346553357363,1092.0262390607536
TTGGTCTTGGATACTGCTAATGTTGTTCCAGAAGATCCACCATCTGAATTTCAATTGGATCAATTGGACTTCTCTGATCAAGATTCATTTGTTTCTTGGTGTGCTTCTAAAGCATTTGAT,0.002858935245297492,0.004773539063250351,0.002696696418692402,0.008270310415413996,0.039995982573198016,0.12577913184977174,0.45835425826593196,0.35727114616844413,3668.262431687021
TTGGTCTTGGATACTGCTAATGTTGTTCCAGAAGATCCACCATCTGAATTTCAATTGTCTCAATTGGACTTCTCTTCTCAAGATTCATTTGTTTCTTGGTGTGCTTCTAAAGCATTTGAT,0.05232406846179638,0.09212784109642878,0.13564432416018152,0.11141634121944609,0.19335178103309567,0.1718585432597359,0.14962756981306805,0.09364953095624756,1495.8067407735887
TTGGTCTTGGATACTGCTAATGTTGTTCCAGAAGCTCCACCATCTGAATTTCAATTGGCTCAATTGGACTTCTCTGCTCAAGATTCATTTGTTTCTTGGTGTGCTTCTAAAGCATTTGAT,0.0015755376506581954,0.001655638322624036,0.001263442926466105,0.0013225009317664443,0.05634013208949853,0.14367651261523232,0.4115796365548614,0.382586598908893,3740.2915152608225
TTGGTCTTGGATACTGCTAATGTTGTTCCAGAAGCTCCACCATCTGAATTTCAATTGTCTCAATTGGACTTCTCTTCTCAAGATTCATTTGTTTCTTGGTGTGCTTCTAAAGCATTTGAT,0.0005623092931123544,0.0018974063121539255,0.0006468995211268307,0.003220774799516093,0.00934918479650805,0.05080005553196688,0.37186808428367774,0.5616552854619382,4613.172507714961
TTGGTTAAGATTCCATCTCAAGATAATATTGAATTGGATACTCCACCAGAATTTAGATTGTCTCAATTGGAATTTGGTTCTCAAGATTCATTCTTGGCTTGGGGTACTGGTAAGACTGAT,0.06558598365451344,0.06441647311891757,0.040805847199864735,0.1561367204078782,0.26774810036059526,0.299150989452643,0.07820691324035113,0.02794897256523663,1109.9614423323292
TTGGTTAATTCTATTCCAATTAAAGATCAAGAATTGGATACTCCACCAGAATTTAGATTGTCTCAATTGGAATTTGGTTCTCAAGATTCATTCTTGGCTTGGGGTACTGGTAAGACTGAT,0.25656030860667745,0.06453284593992595,0.0,0.07125744978425766,0.25281618482564333,0.17637342321480254,0.17845978762869316,0.0,986.4959160133964
TTGGTTGAAGCTTTGGCTTTGTGTGATGATTTGTTGCAAGTTGGTGATCAAGATGCTAATAATGGTGGTGGTGGTGGTGGTTTGAGAAATAAACAACAACCATGCTTTGGTGATTATGCT,0.05977209531112465,0.14214463848973294,0.12846971311227287,0.19317751313970957,0.20347206639996387,0.17432362604870913,0.08567307512769655,0.012967272370790326,878.4125297730477
TTGGTTGAAGCTTTGGCTTTGTGTGATGATTTGTTGCAAGTTGGTGCTCAAGATGCTAATAATGGTGGTGGTGGTGGTGGTTTGAGAAATAAACAACAACCATGCTTTGGTGATTATGCT,0.1448712312662951,0.12493574238853314,0.09013501052067982,0.10346594350337515,0.10196931913437207,0.1233047705302553,0.16315210296551333,0.148165879690976,1742.6663566391226
TTGGTTGAAGCTTTGGCTTTGTGTGATGATTTGTTGCAAGTTGGTTCTCAAGATGCTAATAATGGTGGTGGTGGTGGTGGTTTGAGAAATAAACAACAACCATGCTTTGGTGATTATGCT,0.018436101497005294,0.040025375687041884,0.11502150731146685,0.21469020916205284,0.3190386713038206,0.24670504915653912,0.039820923687556097,0.006262162194517391,881.0492700517353
TTGGTTGAAGGTTTGTCTTTGTGTGATGAATTGTTGCAAGATCAATCTTCTTCTGGTGATGGTGATGGTAAAGAACAGAAAGAGAAACCAAGATTGTCTGATTATGCTCAAATTGGTGTT,0.11600309061477074,0.29178362061743457,0.14434804897563333,0.0,0.057155097287808675,0.10632905927050607,0.21517370350138648,0.0692073797324602,1320.935118302176
TTGGTTGAAGGTTTGTCTTTGTGTGATGAATTGTTGCAAGCTCAATCTTCTTCTGGTGATGGTGATGGTAAAGAACAGAAAGAGAAACCAAGATTGTCTGATTATGCTCAAATTGGTGTT,0.1399394342821847,0.15050646313243096,0.16812856473742593,0.15546796408773372,0.1664276819572624,0.09288462288836646,0.0402785905021236,0.08636667841247218,1096.1203588182061
TTGGTTGAAGGTTTGTCTTTGTGTGATGAATTGTTGCAATCTCAATCTTCTTCTGGTGATGGTGATGGTAAAGAACAGAAAGAGAAACCAAGATTGTCTGATTATGCTCAAATTGGTGTT,0.054670172539959684,0.07333993510667437,0.049887670932619976,0.03644202421444848,0.07901276687424848,0.04677024367616856,0.27718050200200883,0.3826966846538716,3335.840931587971
TTGGTTGATTCTAAGAGAATTGCTACTAAGATTAAATCTGCTTCTGGTGATCCAGGTGCTGTTAATTGGAAATCTAATCCAACTAAAGCTTGTCCAAATTGTCAATTTATTATTGATAAT,0.2843263753389506,0.2860364436332794,0.21872112624213833,0.13368506505085276,0.04213764181342801,0.013918560810575683,0.014218447273237933,0.006956339837537108,379.0282618185852
TTGGTTGCTGAACAATTCTTTGCTTCTTCTACTGATTCTACTCCAATGTTTGAATTGGAAGCTGTTGAATCTGATCCACAAGGTTGGACTTCTTTGTTTGAAGATGATATTGCTGTTTCT,0.3026476636193864,0.29146656613883415,0.2938281764984652,0.04789481642979159,0.039048946111692094,0.017163402530555663,0.003533867103334005,0.004416561567940816,324.6031864735079
TTGGTTGCTGAACAATTCTTTGCTTCTTCTACTGATTCTGATCCAATGTTTGAATTGGAAGCTGTTGAATCTGATCCACAAGGTTGGACTTCTTTGTTTGAAGATGATATTGCTGTTTCT,0.3601335129797679,0.18959589941601104,0.1354814363676613,0.11165472990928671,0.04126487084109024,0.06141401352684544,0.050489152132285005,0.04996638482705222,760.581755936279
TTGGTTGCTGAACAATTCTTTGCTTCTTCTACTGATTCTGCTCCAATGTTTGAATTGGAAGCTGTTGAATCTGATCCACAAGGTTGGACTTCTTTGTTTGAAGATGATATTGCTGTTTCT,0.4211991469173926,0.2945055088100355,0.1615701234711209,0.07011530167967753,0.020507420542648966,0.015343411668615164,0.008391844671658962,0.008367242238850554,330.4226747765427
TTGGTTTATTATTTGGGTTCTGCTGGTAAAGGTACTAAGACTGATTGGATGATGCATGAATTTAGATTGCCATCTACTACTAAGACTGATTCTCCAGCTCAACAAGCTGAAGTTTGGACT,0.3052950646890472,0.2477133648865194,0.13071582602073523,0.08388136103416588,0.03558319365467231,0.05717061282446399,0.10047092811155149,0.039169648778844594,802.0781598359226
TTGTACTTTGGATTTAATGATAAAGAAGATATGTCTACTGTTAGAATGAAGACTACTTGGATTATTGATGATCAAAGATTTGCTACTAAGATTAAGAATGCTTCTGGTTCTTCTGATCCA,0.0013767458509588754,0.0011998359867115994,0.01682987916212398,0.06474600215383183,0.23688902938972634,0.43329613905418046,0.23112072294204983,0.014541645460417064,1503.6763496000485
TTGTACTTTGGATTTAATGATAAAGAAGATATGTCTACTGTTAGAATGAAGACTACTTGGATTATTGATGCTCAAAGATTTGCTACTAAGATTAAGAATGCTTCTGGTTCTTCTGATCCA,0.029633742689657502,0.02168378775204233,0.02011344345973987,0.00897874985812669,0.01327330972941573,0.024693135064190887,0.3223095470544376,0.5593142843923895,4455.428646521679
TTGTACTTTGGATTTAATGATAAAGAAGATATGTCTACTGTTAGAATGAAGACTACTTGGATTATTGATTCTCAAAGATTTGCTACTAAGATTAAGAATGCTTCTGGTTCTTCTGATCCA,0.21436326930606697,0.2275186177348631,0.17998205994268382,0.2566885070487454,0.06065499689417141,0.02259341238742946,0.03795128977137967,0.00024784691466017743,446.6045584776623
TTGTATAAATTTGATCCATGGGTCTTGCCAAATAAAGCTTTGTTTGGTGAGAAAGAATGGTACTTCTTCTCTCCAAGAGATAGGAAATATCCAAATGGTTCTAGACCAAATAGAGTTGCT,0.3209057064549947,0.27073873702043616,0.250638576455481,0.08774777165097906,0.0017753343553356088,0.04267167339042465,0.025264236827207086,0.0002579638451417734,363.06745631442635
TTGTATGATCAGAAGAATTTGGCTTTGATGTCTAAACCACAATCTCAACAATCTTATTCTAATTCTCAATTGCCACCACCACCATCTTCTCATGGTTCTGATTTGTTGAAGACTCCTAAA,0.23611847569275624,0.22198638136782783,0.17339796442561917,0.1376102904929544,0.08772903976089905,0.08160380010822703,0.04307953640504967,0.01847451174666676,619.4345141058232
TTGTCATTTGATTCTCCATTGCCAGTTACTGAAACTATTCCATCTACTACTGATAATTCTTTGCATTTGAAAGCTGATTCTAATAAGAATAGAGATGCTAGAACTATTGAGAATGATTCT,0.11164654740538815,0.19969818180984655,0.09261799955745482,0.16538070212612524,0.08556895570606787,0.14781841856829805,0.13806184508272387,0.05920734974409545,1176.4275593232585
TTGTCTACTCCACCATTTGATGATCCAGGTTACTTCTCTCATGATCCATCTCCAATGTTGTCTGATGACTTTGGTTCTGAACAATGGGATTCTTTGTTTCCAGCTAATGATCCATTCTCT,0.12122910520379997,0.17076005087230553,0.1910779616458718,0.15263894631993746,0.05574797344590114,0.08148745180629034,0.14991161241549075,0.07714689829040314,1228.5440412646485
TTGTCTACTCCACCATTTGATGCTCCAGGTTACTTCTCTCATGATCCATCTCCAATGTTGTCTGATGACTTTGGTTCTGAACAATGGGATTCTTTGTTTCCAGCTAATGATCCATTCTCT,0.004467262945618557,0.003553507218748341,0.008207793343220117,0.004219426789148228,0.023583651677005272,0.03226252921457585,0.27887021225724934,0.6448356165544343,4890.607772494035
TTGTCTACTCCACCATTTGATTCTCCAGGTTACTTCTCTCATGATCCAGATCCAATGTTGTCTGATGACTTTGGTTCTGAACAATGGGATTCTTTGTTTCCAGCTAATGATCCATTCTCT,0.016874398608323266,0.01856939310253169,0.020341425177509486,0.048038891263123024,0.13874105442392498,0.1928562121673994,0.36826711607192075,0.1963115091852673,2610.0199649544206
TTGTCTACTCCACCATTTGATTCTCCAGGTTACTTCTCTCATGATCCAGCTCCAATGTTGTCTGATGACTTTGGTTCTGAACAATGGGATTCTTTGTTTCCAGCTAATGATCCATTCTCT,0.16801168558433513,0.21552666751960262,0.2247446236775277,0.17732251879531022,0.09105788994575757,0.06545017776235758,0.04285108490408785,0.015035351811021367,602.2314819126774
TTGTCTACTCCACCATTTGATTCTCCAGGTTACTTCTCTCATGATCCATCTCCAATGTTGTCTGATGACTTTGGTTCTGAACAATGGGATTCTTTGTTTCCAGCTAATGATCCATTCTCT,0.001424480178209001,0.003988043516148645,0.0008477398871655391,0.001307323213317808,0.0016325547866743904,0.003122293143138107,0.3058993840399121,0.6817781812354344,5134.545951340839
TTGTCTATTTGTGATGAGTTCTTGCAAGATCAATCTCCAAATAGAGAAGGTCATGAGAATGGTAATGATGGTCATGTTACTTCTAAACCAAGATTGTCTGATTATGCTAATTTGGGTGCT,0.11286331608017457,0.2633111618116161,0.13312799627697416,0.29421380681495324,0.08355991712574803,0.08740025967804768,0.02180263043458668,0.003720911777899562,529.276129105353
TTGTCTATTTGTGATGAGTTCTTGCAAGCTCAATCTCCAAATAGAGAAGGTCATGAGAATGGTAATGATGGTCATGTTACTTCTAAACCAAGATTGTCTGATTATGCTAATTTGGGTGCT,0.18703618287989032,0.2165862770837808,0.14930351636979433,0.1529027039146909,0.1286669152506754,0.08086715812130106,0.07200490487311628,0.012632341506750883,678.9985385800292
TTGTCTATTTGTGATGAGTTCTTGCAATCTCAATCTCCAAATAGAGAAGGTCATGAGAATGGTAATGATGGTCATGTTACTTCTAAACCAAGATTGTCTGATTATGCTAATTTGGGTGCT,0.06618978607923601,0.05756526153756407,0.2554650033948717,0.31158731723337213,0.012160377437538004,0.008226429199046996,0.2861286190313115,0.0026772060870596205,1037.6839480430194
TTGTCTCAAGAATTTGGTTGGTTGCAAATTACTCCACAAGAGTTCTTGTGTATGAAAGCTTTGTTGTTGTTCTCTATTATTCCAGTTGATGGTTTGAAGAATCAGAAATTCTTTGATGAA,0.5635919258372001,0.3235086901654386,0.08002136678067777,0.0007976197578757085,0.0007074740421465349,0.010717273866515234,0.020166130159584347,0.0004895193905617393,256.3781490389745
TTGTCTGAATATACTAATATTGGTGCTGCTCATTTGAAGAAAGATTTGGAATCTTGTCAGAATTTGGATCAATCTGAATTGCCTAAGATTGAATTTGATCAACCAGGTTTGAGATTGAAT,0.20932761107478698,0.15795708872300265,0.09116663386582988,0.11627793726649764,0.14439094577255063,0.1726837368062447,0.05824215167202351,0.049953894819064024,970.4446181754706
TTGTCTGAATATACTAATATTGGTGCTGCTCATTTGAAGAAAGATTTGGAATCTTGTCAGAATTTGGCTCAATCTGAATTGCCTAAGATTGAATTTGATCAACCAGGTTTGAGATTGAAT,0.0689438502710042,0.24278112421554576,0.04289502211857649,0.11489141813009805,0.06793771525831424,0.28437437453852493,0.09591276955103883,0.08226372591689758,1349.4584540977476
TTGTCTGAATATACTAATATTGGTGCTGCTCATTTGAAGAAAGATTTGGAATCTTGTCAGAATTTGTCTCAATCTGAATTGCCTAAGATTGAATTTGATCAACCAGGTTTGAGATTGAAT,0.14742519041527158,0.18128973465476844,0.040766229193697844,0.16378438519975225,0.12913220855606974,0.09008715041732446,0.09115281338033568,0.15636228818277995,1610.439850096907
TTGTCTGATCCACCATTTGATGATCCAGGTTACTTCTCTCATGATCCAGATCCAATGTTGTCTGATGACTTTGGTTCTGAACAATGGGATTCTTTGTTTCCAGCTAATGATCCATTCTCT,0.10570667697333212,0.10952872916154488,0.143315062052221,0.18930067853279317,0.1850077762401623,0.14461389690515913,0.07169903935144782,0.050828140783339644,1030.0387876196628
TTGTCTGATCCACCATTTGATTCTCCAGGTTACTTCTCTCATGATCCATCTCCAATGTTGTCTGATGACTTTGGTTCTGAACAATGGGATTCTTTGTTTCCAGCTAATGATCCATTCTCT,0.0022949661469509053,0.0028761472503734944,0.0021042245178242826,0.0029969329601743713,0.0032136742338081197,0.002989295568529884,0.3528392709735934,0.6306854883487455,4933.558979048396
TTGTCTGCTCCACCATTTGATGCTCCAGGTTACTTCTCTCATGATCCAGCTCCAATGTTGTCTGATGACTTTGGTTCTGAACAATGGGATTCTTTGTTTCCAGCTAATGATCCATTCTCT,0.08557945012136067,0.08984713592184775,0.1250105822641692,0.1157445323145791,0.17966072156277055,0.13983243610476911,0.13113387397288656,0.1331912677376171,1647.8155358939473
TTGTCTGCTCCACCATTTGATTCTCCAGGTTACTTCTCTCATGATCCATCTCCAATGTTGTCTGATGACTTTGGTTCTGAACAATGGGATTCTTTGTTTCCAGCTAATGATCCATTCTCT,0.021513884132218126,0.03531654892144318,0.0760852272993426,0.17988794447214196,0.2711358234065036,0.30202342261241194,0.0829625237094493,0.031074625446489392,1158.522739418815
TTGTCTGGTGCTTCTTCTCATCCAGCTATTGATGAAGCTATTCCAACTGTTAATCAAGATGATGGTATTTGTTATACTCATCCTAAGAATTTGCCAGGTGTTAAATCTGATGGTACTGTT,0.053691113086487045,0.09240245453729266,0.19691472433432652,0.2621416806838473,0.2742839789463325,0.07900072145547918,0.031449930623777086,0.010115396332457722,687.9546361508174
TTGTCTGGTGCTTCTTCTCATCCAGCTATTGATGAATTTATTCCAACTGTTAATCAAGATGATGGTATTTGTTATACTCATCCTAAGAATTTGCCAGGTGTTAAATCTGATGGTACTGTT,0.17178510662186716,0.09306610467504926,0.1808740236526761,0.19084742570304902,0.1302139641218679,0.1211224279720973,0.04902208593331433,0.06306886132007891,993.4369268817902
TTGTCTGGTGCTTCTTCTCATCCATTTATTGATGAAGCTATTCCAACTGTTAATCAAGATGATGGTATTTGTTATACTCATCCTAAGAATTTGCCAGGTGTTAAATCTGATGGTACTGTT,0.18817086661504792,0.10194323543855795,0.10806912653787416,0.12864704564547494,0.1283710064302295,0.19901357591083824,0.09397161957639723,0.051813523845580155,1093.564324816152
TTGTCTGGTGCTTCTTCTCATCCATTTATTGATGAATTTATTCCAACTGTTAATCAAGATGATGGTATTTGTGCTACTCATCCTAAGAATTTGCCAGGTGTTAAATCTGATGGTACTGTT,0.09488135426807556,0.14038583916781308,0.1736254244223848,0.16741582799203317,0.09349669918708861,0.09720038069940998,0.1397607931970483,0.09323368106614653,1345.5372263572906
TTGTCTGGTGCTTCTTCTCATCCATTTATTGATGAATTTATTCCAACTGTTAATCAAGATGATGGTATTTGTTATACTCATCCTAAGAATGCTCCAGGTGTTAAATCTGATGGTACTGTT,0.12405912344847093,0.05547502803563479,0.06861002038828948,0.13782547748585555,0.12224866135135147,0.1263480694091081,0.10227413733001657,0.2631594825512731,2325.742958462632
TTGTCTGGTGCTTCTTCTCATCCATTTATTGATGAATTTATTCCAACTGTTAATCAAGATGATGGTATTTGTTATACTCATCCTAAGAATTTGCCAGGTGTTAAATCTGATGGTACTGTT,0.2510316160605057,0.2767262931414699,0.18731120038998456,0.1557542289301284,0.05259412200218939,0.04047307648718626,0.00027576998262681817,0.03583369300590885,563.9919445574513
TTGTCTGGTTTGTCTTCTCATCCAGCTATTGATGAAGCTATTCCAACTGTTAATCAAGATGATGGTATTTGTGCTACTCATCCTAAGAATTTGCCAGGTGTTAAATCTGATGGTACTGTT,0.5175273278365721,0.2761576261388504,0.1268904440650648,0.04208586977661275,0.014855373385425332,0.011634017800635527,0.005240331997576893,0.00560900899926202,279.9725401198724
TTGTCTGGTTTGTCTTCTCATCCAGCTATTGATGAAGCTATTCCAACTGTTAATCAAGATGATGGTATTTGTTATACTCATCCTAAGAATTTGCCAGGTGTTAAATCTGATGGTACTGTT,0.2177201973332207,0.12381280871890488,0.15312834677755827,0.07361557704576087,0.12126337168672141,0.15618013713217951,0.13168969185002152,0.022589869455632947,939.446155855408
TTGTCTGGTTTGTCTTCTCATCCAGCTATTGATGAATTTATTCCAACTGTTAATCAAGATGATGGTATTTGTGCTACTCATCCTAAGAATTTGCCAGGTGTTAAATCTGATGGTACTGTT,0.22402483092686207,0.13870564401133745,0.12866055323319028,0.09572461045778827,0.18679312809708434,0.18954680285034267,0.015982416533155505,0.02056201389023945,730.0349453627026
TTGTCTGGTTTGTCTTCTCATCCAGCTATTGATGAATTTATTCCAACTGTTAATCAAGATGATGGTATTTGTTATACTCATCCTAAGAATGCTCCAGGTGTTAAATCTGATGGTACTGTT,0.1227972666823447,0.11655587659992692,0.06919352093133427,0.14157165770702493,0.17123380124382642,0.24847408709166782,0.10529276963949612,0.024881020104378797,1039.7178980579238
TTGTCTGGTTTGTCTTCTCATCCAGCTATTGATGAATTTATTCCAACTGTTAATCAAGATGATGGTATTTGTTATACTCATCCTAAGAATTTGCCAGGTGTTAAATCTGATGGTACTGTT,0.21320848093374267,0.10725704321065627,0.154761392270669,0.13817264375194457,0.17508084491216594,0.03257134082381634,0.11534822316695115,0.06360003093005392,1058.089800837649
TTGTCTGGTTTGTCTTCTCATCCATTGATTGATGAATTGATTCCAACTGTTAATCAAGATGATGGTATTTGTTTGACTCATCCTAAGAATTTGCCAGGTGTTAAATCTGATGGTACTGTT,0.21035273708968863,0.3100784621481849,0.2069664674306406,0.1358690434642352,0.0385642689246239,0.031387748441897304,0.0317590418045122,0.035022230696217155,616.0252623103861
TTGTCTGGTTTGTCTTCTCATCCATTTATTAATAACTTTATTCCAACTGTTAATCAGAATAATGGTATTTGTTATACTCATCCTAAGAATTTGCCAGGTGTTAAATCTAATGGTACTGTT,0.21643471051678215,0.2872579675494732,0.1719062499815338,0.1688277338283303,0.05899127867374746,0.03798865999153712,0.02562535810221157,0.03296804135638451,611.7169018104
TTGTCTGGTTTGTCTTCTCATCCATTTATTCAACAATTTATTCCAACTGTTAATCAACAACAAGGTATTTGTTATACTCATCCTAAGAATTTGCCAGGTGTTAAATCTCAAGGTACTGTT,0.11136817396734656,0.12223652637791625,0.06299118468219682,0.10123057893981112,0.14964943333843156,0.19488127840950545,0.11267804387127742,0.14496478041351477,1710.5228847327874
TTGTCTGGTTTGTCTTCTCATCCATTTATTGAAGAATTTATTCCAACTGTTAATCAAGAAGAAGGTATTTGTTATACTCATCCTAAGAATTTGCCAGGTGTTAAATCTGAAGGTACTGTT,0.17110915332993024,0.2986840962194392,0.22006956277682116,0.23129794573059267,0.04634544994969691,0.032048592863764595,0.00028697082758296185,0.0001582283021723113,361.75803578632514
TTGTCTGGTTTGTCTTCTCATCCATTTATTGATCAGAATGTTACTCCAATCTTTGAAGATGATGGTATTTGTTATACTCATCCTAAGAATTTGCCAGGTGTTAAATCTGATGGTACTGTT,0.07182996634336893,0.09291834644198282,0.13620018727434355,0.2698022172260265,0.20223346477989812,0.1567612738806434,0.05392931806831505,0.01632522598542162,822.2253563656567
TTGTCTGGTTTGTCTTCTCATCCATTTATTGATGAAGCTATTCCAACTGTTAATCAAGATGATGGTATTTGTGCTACTCATCCTAAGAATTTGCCAGGTGTTAAATCTGATGGTACTGTT,0.28320900557945444,0.22769513192614035,0.36665097751583897,0.013430660106377874,0.06845859341612287,0.008864800358580602,0.0014949440421420997,0.030195887055342856,484.206348618281
TTGTCTGGTTTGTCTTCTCATCCATTTATTGATGAAGCTATTCCAACTGTTAATCAAGATGATGGTATTTGTTATACTCATCCTAAGAATGCTCCAGGTGTTAAATCTGATGGTACTGTT,0.16604223596002793,0.24805732349147633,0.18156995639264104,0.1760824143490022,0.10412124006070711,0.04842574866937989,0.01866612903199461,0.05703495204477091,785.9838138858577
TTGTCTGGTTTGTCTTCTCATCCATTTATTGATGAAGCTATTCCAACTGTTAATCAAGATGATGGTATTTGTTATACTCATCCTAAGAATTTGCCAGGTGTTAAATCTGATGGTACTGTT,0.17257319544134436,0.1446916385892222,0.10737043269895795,0.09586148282291572,0.1983971980318801,0.07909076141565695,0.13337724233391554,0.06863804866610705,1185.2102260505521
TTGTCTGGTTTGTCTTCTCATCCATTTATTGATGAATTTATTAAGACTGTTAATCAAGATGATGGTATTTGTTATACTCATCCTAAGAATTTGCCAGGTGTTAAATCTGATGGTACTGTT,0.014529837909424243,0.02192821944516245,0.02109351311431596,0.08609150398585114,0.15510945776740342,0.2619231818060216,0.31218638476000204,0.12713790121181906,2150.9134001216617
TTGTCTGGTTTGTCTTCTCATCCATTTATTGATGAATTTATTACTCCAGTTAATCAAGATGATGGTATTTGTTATACTCATCCTAAGAATTTGCCAGGTGTTAAATCTGATGGTACTGTT,0.08423303378255069,0.14831047698546118,0.18342640301566082,0.14037006443122668,0.16600755083937205,0.11581268043119204,0.13671309981986698,0.025126690694669537,976.841569534881
TTGTCTGGTTTGTCTTCTCATCCATTTATTGATGAATTTATTACTGATGTTAATCAAGATGATGGTATTTGTTATACTCATCCTAAGAATTTGCCAGGTGTTAAATCTGATGGTACTGTT,0.2170020718624516,0.17943562542612773,0.09309906151049287,0.17250740405516893,0.17890756883965891,0.1414549002931552,0.011458204283243036,0.006135163729701672,588.8230699878484
TTGTCTGGTTTGTCTTCTCATCCATTTATTGATGAATTTATTCCAACTGCTAATCAAGATGATGGTATTTGTTATACTCATCCTAAGAATTTGCCAGGTGCTAAATCTGATGGTACTGCT,0.09324304919893191,0.09381403322442058,0.17404000394827865,0.15538479662986415,0.14165188347205776,0.13176175204142246,0.07566833177082524,0.13443614971419918,1508.8933201782966
TTGTCTGGTTTGTCTTCTCATCCATTTATTGATGAATTTATTCCAACTGTTAAGAAAGATGATGGTATTTGTTATACTCATCCTAAGAAATTGCCAGGTGTTAAATCTGATGGTACTGTT,0.3681955275928895,0.3564296256285158,0.18008608581807872,0.03822018507289936,0.01845222563123205,0.016565151232035343,0.005250466458122201,0.016800732566227057,373.624471451805
TTGTCTGGTTTGTCTTCTCATCCATTTATTGATGAATTTATTCCAACTGTTAATCAAGATAATAAACCACATACTTATTGTATTGGTGATTTGCCAGGTGTTAAATCTGATGGTACTGTT,0.1021910781501558,0.11995299914626284,0.09537083888573485,0.35005336482939137,0.17622455952963015,0.1483090822632676,0.007898077195557348,0.0,603.507943584336
TTGTCTGGTTTGTCTTCTCATCCATTTATTGATGAATTTATTCCAACTGTTAATCAAGATGATGGTATTTGTGCTACTCATCCTAAGAATTTGCCAGGTGTTAAATCTGATGGTACTGTT,0.07619191702240159,0.06814087695311027,0.10534350144955551,0.22102176923428166,0.23358224412179668,0.17847469102925953,0.06673827177238548,0.05050672841720944,1087.6517942277665
TTGTCTGGTTTGTCTTCTCATCCATTTATTGATGAATTTATTCCAACTGTTAATCAAGATGATGGTATTTGTTATACTCATCCAAATAATTTGCCAGGTGTTAATTCTGATGGTACTGTT,0.11439183351347959,0.08631924332724597,0.12455020087434221,0.07942840395484099,0.12681275785132223,0.11795869384956607,0.2652312358335056,0.08530763079569736,1605.8312347132496
TTGTCTGGTTTGTCTTCTCATCCATTTATTGATGAATTTATTCCAACTGTTAATCAAGATGATGGTATTTGTTATACTCATCCACAGAATTTGCCAGGTGTTCAATCTGATGGTACTGTT,0.25507223209457,0.2146643961041115,0.21648460455660748,0.1667283165563973,0.06632878984980387,0.06156366918773222,0.014779740537040125,0.004378251113737523,441.8878042650106
TTGTCTGGTTTGTCTTCTCATCCATTTATTGATGAATTTATTCCAACTGTTAATCAAGATGATGGTATTTGTTATACTCATCCAGAGAATTTGCCAGGTGTTGAATCTGATGGTACTGTT,0.0757796192606167,0.10165821874660978,0.12572814666018362,0.2525657585988585,0.17423869437868858,0.09261334429575989,0.11713611278097326,0.060280105278309654,1147.113362242542
TTGTCTGGTTTGTCTTCTCATCCATTTATTGATGAATTTATTCCAACTGTTAATCAAGATGATGGTATTTGTTATACTCATCCAGATAATTTGCCAGGTGTTGATTCTGATGGTACTGTT,0.011521527600286699,0.014987594644278818,0.05466492245596533,0.20220308212748841,0.3458478421409738,0.291013135454223,0.06571655964614229,0.01404533593064182,1045.9357463356841
TTGTCTGGTTTGTCTTCTCATCCATTTATTGATGAATTTATTCCAACTGTTAATCAAGATGATGGTATTTGTTATACTCATCCAGCTAATTTGCCAGGTGTTGCTTCTGATGGTACTGTT,0.013909887555347434,0.029365686742304237,0.11817328241630624,0.23053923201258156,0.33330874135396116,0.23948572885573172,0.02353037117103204,0.011687069892735628,880.0478597162083
TTGTCTGGTTTGTCTTCTCATCCATTTATTGATGAATTTATTCCAACTGTTAATCAAGATGATGGTATTTGTTATACTCATCCTAAGAATGCTCCAGGTGTTAAATCTGATGGTACTGTT,0.022594945467170245,0.09093323236303438,0.0843478292934782,0.175715525214973,0.24491725685916357,0.144974543190376,0.20955640366205147,0.02696026394975325,1239.9974327382217
TTGTCTGGTTTGTCTTCTCATCCATTTATTGATGAATTTATTCCAACTGTTAATCAAGATGATGGTATTTGTTATACTCATCCTAAGAATGTTACTGGTGATTCTAAAGTTGGTCCATTG,0.06848704073697401,0.2505247792068376,0.2949794573291486,0.17122200586938055,0.148643513439195,0.06295217530931811,0.0025014191531464885,0.0006896089559996254,461.79356595944824
TTGTCTGGTTTGTCTTCTCATCCATTTATTGATGAATTTATTCCAACTGTTAATCAAGATGATGGTATTTGTTATACTCATCCTAAGAATTTGCCAGGTGTTAAATCTGATGGTACTGTT,0.14785306841643664,0.15938406736769167,0.0788487685280046,0.0899517641023516,0.16997792976608042,0.12584271227578347,0.12733133653591314,0.10081035300773851,1403.3527878130756
TTGTCTGGTTTGTCTTCTCATCCATTTATTGATGAATTTATTCCAACTGTTAATCAAGATGATGGTATTTGTTATACTCATCCTAAGAATTTGCCAGGTGTTAAATCTGCTGGTACTGTT,0.5465050522748865,0.3904588464522619,0.0089084579662944,0.022285738804044802,0.0005587855849952206,0.025403816792712412,0.005456416765439425,0.0004228853593653798,237.95693387523733
TTGTCTGGTTTGTCTTCTCATCCATTTATTGATGAATTTATTCCAACTGTTAATCAAGATGCTGGTATTTGTTATACTCATCCTAAGAATTTGCCAGGTGTTAAATCTGATGGTACTGTT,0.06470793475768605,0.13250983521367274,0.19621985771431583,0.25457857143156715,0.19117753356881587,0.14123691680515524,0.015427038297148836,0.0041423122116382785,636.0828948923752
TTGTCTGGTTTGTCTTCTCATCCATTTATTGATGAATTTATTCCAACTGTTAATCAAGCTGATGGTATTTGTTATACTCATCCTAAGAATTTGCCAGGTGTTAAATCTGATGGTACTGTT,0.10326018412737659,0.12120792737184037,0.06424572843990055,0.11471856149736846,0.20350650447258897,0.12619845649716005,0.1436527000606497,0.12320993753311536,1606.125780574633
TTGTCTGGTTTGTCTTCTCATCCATTTATTGATGAATTTATTCCAACTGTTAATCAAGCTGATGGTATTTGTTATACTCATCCTAAGAATTTGCCAGGTGTTAAATCTGCTGGTACTGTT,0.03761211397376898,0.03311213138945955,0.03393181638405215,0.02089289132306465,0.029650575990390917,0.09308376028596126,0.39156487986606575,0.3601518307872368,3489.0580944375347
TTGTCTGGTTTGTCTTCTCATCCATTTATTGATGAATTTATTCCAACTGTTAATCAAGCTGCTGGTATTTGTTATACTCATCCTAAGAATTTGCCAGGTGTTAAATCTGATGGTACTGTT,0.08461938982080738,0.16191065662836235,0.19969669358352432,0.24333619015479374,0.1759962763172705,0.11132838765916714,0.01663499205595056,0.006477413780124068,607.0780919542501
TTGTCTGGTTTGTCTTCTCATCCATTTATTGATGAATTTATTCCAACTGTTAATCAAGCTGCTGGTATTTGTTATACTCATCCTAAGAATTTGCCAGGTGTTAAATCTGCTGGTACTGTT,0.20953022016048972,0.21918800811612354,0.24593162458958034,0.2327809663537637,0.03451785514479975,0.04604996989671836,0.00969574262566982,0.0023056131128546746,405.76170653061354
TTGTCTGGTTTGTCTTCTCATCCATTTATTGATGAATTTATTCCAACTGTTAGAAGAGATGATGGTATTTGTTATACTCATCCTAAGAGATTGCCAGGTGTTAAATCTGATGGTACTGTT,0.39784803949129277,0.22743426451185247,0.11251382885380648,0.09040820625195166,0.05346027643600811,0.024863840547579816,0.05031592201224999,0.043155621895258844,673.055586690494
TTGTCTGGTTTGTCTTCTCATCCATTTATTGATGAATTTATTCCAACTGTTGAAGAAGATGATGGTATTTGTTATACTCATCCTAAAGAATTGCCAGGTGTTAAATCTGATGGTACTGTT,0.002860272156103427,0.004892238488134918,0.004982837821981279,0.0038131983979544514,0.09301151153845606,0.15389619104503308,0.283314139891037,0.4532296106612998,3902.6903775124847
TTGTCTGGTTTGTCTTCTCATCCATTTATTGATGAATTTATTCCAACTGTTGATGATGATGATGGTATTTGTTATACTCATCCTAAAGATTTGCCAGGTGTTAAATCTGATGGTACTGTT,0.04331783982354589,0.10599327037359584,0.13267624784813148,0.24108267637281777,0.2279965388824379,0.21757403365160444,0.02975574535910599,0.001603647688760754,752.8211568203976
TTGTCTGGTTTGTCTTCTCATCCATTTATTGATGAATTTATTCCAACTGTTGCTGCTGATGATGGTATTTGTTATACTCATCCTAAAGCTTTGCCAGGTGTTAAATCTGATGGTACTGTT,0.1857466660388443,0.2065561172626458,0.06082453380822548,0.13033152288881075,0.12523513337533354,0.12545208208643557,0.07253490599222692,0.09331903854747764,1208.694567122061
TTGTCTGGTTTGTCTTCTCATCCATTTATTGATGAATTTATTCCAGAAGAGAATCAAGATGATGGTATTTGTTATACTCATCCTAAGAATTTGCCAGGTGTTAAATCTGATGGTACTGTT,0.0012295876433384438,0.0006661400081322077,0.0011769485982580403,0.0019965056161059818,0.003168914040558293,0.02158727859468826,0.38343043599882976,0.586744189500089,4757.379905236118
TTGTCTGGTTTGTCTTCTCATCCATTTATTGATGAATTTATTCCAGAAGTTAATCAAGATGATGGTATTTGTTATACTCATCCTAAGAATTTGCCAGGTGTTAAATCTGATGGTACTGTT,0.06894533284177515,0.11098804342337826,0.10295026688282417,0.19914940718199672,0.13587835238625115,0.13903046164783608,0.1278864427497551,0.11517169288618324,1525.3431493175704
TTGTCTGGTTTGTCTTCTCATCCATTTATTGATGAATTTATTCCAGATGATAATCAAGATGATGGTATTTGTTATACTCATCCTAAGAATTTGCCAGGTGTTAAATCTGATGGTACTGTT,0.07610579181382268,0.13330751038739794,0.20929401748620854,0.32157624236493243,0.13545082990161322,0.08919045042658265,0.00983066515313918,0.02524449246630326,680.028911487566
TTGTCTGGTTTGTCTTCTCATCCATTTATTGATGAATTTATTCCAGATGTTAATCAAGATGATGGTATTTGTTATACTCATCCTAAGAATTTGCCAGGTGTTAAATCTGATGGTACTGTT,0.0006700673460682624,0.0004173436904372624,0.000476454862783105,0.0006380760768558479,0.0038045205456454147,0.0806925186875382,0.5803184688027694,0.33298254998790255,3734.63508243496
TTGTCTGGTTTGTCTTCTCATCCATTTATTGATGAATTTATTCCAGCTGTTAATCAAGATGATGGTATTTGTTATACTCATCCTAAGAATTTGCCAGGTGTTAAATCTGATGGTACTGTT,0.05893611528702306,0.11425522796430612,0.13951908216354736,0.2139948124189442,0.18414350525581424,0.16074589527021793,0.06665876960211115,0.06174659203803596,1112.6788500754858
TTGTCTGGTTTGTCTTCTCATCCATTTATTGATGAATTTATTCCATATGTTAATCAAGATGATGGTATTTGTTATACTCATCCTAAGAATTTGCCAGGTGTTAAATCTGATGGTACTGTT,0.21575597262343996,0.08369240595871637,0.1552627700021357,0.22237003123225982,0.15369204481150822,0.10722095218303852,0.04339571803315864,0.01861010515574288,706.432719339526
TTGTCTGGTTTGTCTTCTCATCCATTTATTGATGAATTTATTCCATCTGTTAATCAAGATGATGGTATTTGTTATACTCATCCTAAGAATTTGCCAGGTGTTAAATCTGATGGTACTGTT,0.08225179241098168,0.14343797138728465,0.230884471466211,0.23237049489550302,0.17862628903354777,0.11497512134297797,0.017091963466468966,0.0003618959970250265,576.7042779606643
TTGTCTGGTTTGTCTTCTCATCCATTTATTGATGAATTTATTTCTCCAGTTAATCAAGATGATGGTATTTGTTATACTCATCCTAAGAATTTGCCAGGTGTTAAATCTGATGGTACTGTT,0.0888659105323922,0.09934454518865599,0.16791776528453428,0.20111057970338458,0.2173009562863312,0.18402790301823324,0.033577917305406484,0.00785442268106196,745.8403988875441
TTGTCTGGTTTGTCTTCTCATCCATTTATTGATGAATTTATTTCTGAAGTTAATCAAGATGATGGTATTTGTTATACTCATCCTAAGAATTTGCCAGGTGTTAAATCTGATGGTACTGTT,0.0960328838101159,0.15942457029417753,0.2509461999526293,0.19204069685166622,0.16087342051738565,0.10122789885610807,0.02226638010012409,0.017187949617793186,657.5141542607278
TTGTCTGGTTTGTCTTCTCATCCATTTATTGATGAATTTATTTCTGGTGTTAATCAAGATGATGGTATTTGTTATACTCATCCTAAGAATTTGCCAGGTGTTAAATCTGATGGTACTGTT,0.02462621483884495,0.05230703412174803,0.06809676931504927,0.3252667944122844,0.28311302978790603,0.15048347668042492,0.040603622020474024,0.055503058823268434,1078.6687933218411
TTGTCTGGTTTGTCTTCTCATCCATTTATTGATGAATTTATTTCTTCTGTTAATCAAGATGATGGTATTTGTTATACTCATCCTAAGAATTTGCCAGGTGTTAAATCTGATGGTACTGTT,0.16029912922591788,0.16132266227146677,0.18240896125109654,0.33048150237880924,0.07772755285652798,0.0792136710239966,0.007999612704852789,0.0005469082873322846,474.2127960553463
TTGTCTGGTTTGTCTTCTCATCCATTTATTGATGACTTTATTCCAACTGTTAATCAAGATGATGGTATTTGTTATACTCATCCTAAGAATTTGCCAGGTGTTAAATCTGATGGTACTGTT,0.06704824848408612,0.038632807714304045,0.290723020188612,0.12863182887452054,0.27126445894096385,0.16839701003071617,0.02931129435124694,0.005991331415550287,731.5600233229607
TTGTCTGGTTTGTCTTCTCATCCATTTATTGATGCATTTATTCCAACTGTTAATCAAGATGATGGTATTTGTTATACTCATCCTAAGAATTTGCCAGGTGTTAAATCTGATGGTACTGTT,0.023202696876390615,0.04881181509482081,0.1023650602644831,0.23434008259753014,0.24734785386634564,0.2687466088955412,0.06260159501430398,0.012584287390584613,962.7990471164013
TTGTCTGGTTTGTCTTCTCATCCATTTATTGATGCATTTATTCCAACTGTTAATCAAGATGATGGTATTTGTTATACTCATCCTAAGAATTTGCCAGGTGTTAAATCTGCTGGTACTGTT,0.1268182079368237,0.08256133672769649,0.12067502599044856,0.12431534713356349,0.12496748102281645,0.1230800338685542,0.17296663573510335,0.1246159315849939,1643.4391698131976
TTGTCTGGTTTGTCTTCTCATCCATTTATTGATGCATTTATTCCAACTGTTAATCAAGATGCTGGTATTTGTTATACTCATCCTAAGAATTTGCCAGGTGTTAAATCTGATGGTACTGTT,0.06398888893282925,0.11390437182921052,0.091874255822592,0.060152640986424,0.1406612974168462,0.18498115434506282,0.19173444761394212,0.15270294305309312,1924.977576707426
TTGTCTGGTTTGTCTTCTCATCCATTTATTGATGCATTTATTCCAACTGTTAATCAAGATGCTGGTATTTGTTATACTCATCCTAAGAATTTGCCAGGTGTTAAATCTGCTGGTACTGTT,0.15573286025732003,0.06963844777150008,0.10765869551121128,0.11534261637284793,0.11935790699332235,0.09516372044290783,0.19257887079182492,0.14452688185906565,1770.9336932231456
TTGTCTGGTTTGTCTTCTCATCCATTTATTGATGCATTTATTCCAACTGTTAATCAAGCTGATGGTATTTGTTATACTCATCCTAAGAATTTGCCAGGTGTTAAATCTGATGGTACTGTT,0.1451237980486357,0.2304563635132547,0.3375923194790216,0.1477919816582064,0.025741066990747675,0.056016729317835634,0.02370363942173792,0.033574101570560407,630.1851013957572
TTGTCTGGTTTGTCTTCTCATCCATTTATTGATGCATTTATTCCAACTGTTAATCAAGCTGATGGTATTTGTTATACTCATCCTAAGAATTTGCCAGGTGTTAAATCTGCTGGTACTGTT,0.20758283415228004,0.15389241396093734,0.1835324925854006,0.1274465057322281,0.08074478890611683,0.12517864916098378,0.07599565083354681,0.045626664668506615,909.5165811143872
TTGTCTGGTTTGTCTTCTCATCCATTTATTGATGCATTTATTCCAACTGTTAATCAAGCTGCTGGTATTTGTTATACTCATCCTAAGAATTTGCCAGGTGTTAAATCTGATGGTACTGTT,0.35256883305672815,0.2405705534785836,0.18401918824017685,0.13097409927477846,0.0375568508775631,0.03277765143125716,0.009971012912425864,0.0115618107284867,405.85724116114466
TTGTCTGGTTTGTCTTCTCATCCATTTATTGATGCATTTATTCCAACTGTTAATCAAGCTGCTGGTATTTGTTATACTCATCCTAAGAATTTGCCAGGTGTTAAATCTGCTGGTACTGTT,0.1295797623958819,0.0869155055099381,0.10749475604166951,0.15595528007642828,0.04256291153978809,0.03959116997955641,0.2704016494647732,0.16749896499196443,2003.1279557159621
TTGTCTGGTTTGTCTTCTCATCCATTTATTGCTGAATTTATTCCAACTGTTAATCAAGATGATGGTATTTGTTATACTCATCCTAAGAATTTGCCAGGTGTTAAATCTGATGGTACTGTT,0.08695477963666955,0.17283027528117664,0.2228782467149002,0.24505136430197003,0.13987317253505088,0.10921800339489972,0.01945598061665227,0.003738177518680668,577.4971164515346
TTGTCTGGTTTGTCTTCTCATCCATTTATTGCTGAATTTATTCCAACTGTTAATCAAGATGCTGGTATTTGTTATACTCATCCTAAGAATTTGCCAGGTGTTAAATCTGATGGTACTGTT,0.21389235038805604,0.18937788639012276,0.17033997728552036,0.1425762870316448,0.10117003357004657,0.08626414868614182,0.055544738088948456,0.04083457855951921,801.0873432365786
TTGTCTGGTTTGTCTTCTCATCCATTTATTGCTGAATTTATTCCAACTGTTAATCAAGATGCTGGTATTTGTTATACTCATCCTAAGAATTTGCCAGGTGTTAAATCTGCTGGTACTGTT,0.18984054547800777,0.23570589747832074,0.19099239291866751,0.175007443066936,0.07164386785505515,0.06293937819163932,0.04495334365340557,0.02891713135796794,673.1163185007084
TTGTCTGGTTTGTCTTCTCATCCATTTATTGCTGAATTTATTCCAACTGTTAATCAAGCTGATGGTATTTGTTATACTCATCCTAAGAATTTGCCAGGTGTTAAATCTGATGGTACTGTT,0.3253497987734166,0.21446552290300572,0.11168218182789473,0.09971105904860887,0.04422093691592311,0.051416790074879294,0.07283501662601248,0.08031869383025929,987.2788917369168
TTGTCTGGTTTGTCTTCTCATCCATTTATTGCTGAATTTATTCCAACTGTTAATCAAGCTGATGGTATTTGTTATACTCATCCTAAGAATTTGCCAGGTGTTAAATCTGCTGGTACTGTT,0.033724884412004254,0.046655678349334886,0.02098272227490852,0.02810040185700503,0.09969815662873913,0.13137774745273084,0.3049612960574455,0.33449911296783175,3209.934561649705
TTGTCTGGTTTGTCTTCTCATCCATTTATTGCTGAATTTATTCCAACTGTTAATCAAGCTGCTGGTATTTGTTATACTCATCCTAAGAATTTGCCAGGTGTTAAATCTGATGGTACTGTT,0.03955295589058461,0.037700680498634405,0.05439838381579249,0.15957881368191507,0.25641932990593946,0.30339252735203026,0.12163415224382247,0.02732315661128127,1211.5700613986753
TTGTCTGGTTTGTCTTCTCATCCATTTATTGCTGAATTTATTCCAACTGTTAATCAAGCTGCTGGTATTTGTTATACTCATCCTAAGAATTTGCCAGGTGTTAAATCTGCTGGTACTGTT,0.12891716736488393,0.08286810923597535,0.1559615907522651,0.2148338992041469,0.18349616884032274,0.12144856541513284,0.06974565986367581,0.04272883932359742,954.3065603718901
TTGTCTGGTTTGTCTTCTCATCCATTTATTGCTGCATTTATTCCAACTGTTAATCAAGATGATGGTATTTGTTATACTCATCCTAAGAATTTGCCAGGTGTTAAATCTGCTGGTACTGTT,0.004871133967370606,0.01633654296599102,0.022225055925630302,0.12807606187136247,0.21120206212762613,0.18901442590150316,0.16866170290672183,0.2596130143337944,2583.0397208322697
TTGTCTGGTTTGTCTTCTCATCCATTTATTGCTGCATTTATTCCAACTGTTAATCAAGATGCTGGTATTTGTTATACTCATCCTAAGAATTTGCCAGGTGTTAAATCTGATGGTACTGTT,0.326819791866216,0.325061515386326,0.19989813688750674,0.0794529211462929,0.022968212349115433,0.02454391550931293,0.01073871575963671,0.010516791095593272,375.28853876373216
TTGTCTGGTTTGTCTTCTCATCCATTTATTGCTGCATTTATTCCAACTGTTAATCAAGATGCTGGTATTTGTTATACTCATCCTAAGAATTTGCCAGGTGTTAAATCTGCTGGTACTGTT,0.26923179277638937,0.4159750664041335,0.2092652546638207,0.06827585210060827,0.01344550387296486,0.021454649973842787,0.0019547886415288746,0.0003970915667116763,287.4269451596222
TTGTCTGGTTTGTCTTCTCATCCATTTATTGCTGCATTTATTCCAACTGTTAATCAAGCTGATGGTATTTGTTATACTCATCCTAAGAATTTGCCAGGTGTTAAATCTGATGGTACTGTT,0.3120385819802002,0.2605263467966136,0.19392183044295505,0.14826141020679084,0.06104350072579415,0.014073686682756225,0.0036934152714777,0.006441227893412416,360.1872474669934
TTGTCTGGTTTGTCTTCTCATCCATTTATTGCTGCATTTATTCCAACTGTTAATCAAGCTGATGGTATTTGTTATACTCATCCTAAGAATTTGCCAGGTGTTAAATCTGCTGGTACTGTT,0.1327428190878901,0.16167267044547654,0.08693582780885067,0.13194931940762744,0.21341971391458706,0.1408842771171228,0.09071416564710796,0.04168120657133741,1008.0825542777943
TTGTCTGGTTTGTCTTCTCATCCATTTATTGCTGCATTTATTCCAACTGTTAATCAAGCTGCTGGTATTTGTTATACTCATCCTAAGAATTTGCCAGGTGTTAAATCTGATGGTACTGTT,0.45579846555177284,0.27459536107363636,0.15495936749694886,0.04733944416332854,0.028102039557140142,0.007220808046056879,0.007370034575847362,0.024614479535268886,413.01591961485144
TTGTCTGGTTTGTCTTCTCATCCATTTATTGCTGCATTTATTCCAACTGTTAATCAAGCTGCTGGTATTTGTTATACTCATCCTAAGAATTTGCCAGGTGTTAAATCTGCTGGTACTGTT,0.4039678895593503,0.3090821311343984,0.19045385189357972,0.034371247950883754,0.02135409519187494,0.03847705056917528,0.0016432424197891373,0.00065049128094839,289.3212469619017
TTGTCTTCTTCTCAACAATTTATTAAACCATCTATGATCTTGTCTGATAATGCTTCTGTTATTGCTAAAGTTGCTACTACTGGTTTGTCTAATGATATGCCATTCTTGACTGAAGAAGGT,0.04882490700301108,0.04715893600248872,0.017011429681625372,0.19310442250809365,0.27520280584952445,0.2882104367726875,0.016301725077400422,0.11418533710516864,1492.0119960264121
TTGTCTTCTTTGCCAGATGATACTGAAGAAGAGAAAGGTCCAACATTTCATAATACTCAGAATGTTACTGGTTTGGATCATGTCTTGTTGTATATGGATAGAACTGGTTCTAATATTTGT,0.03327240597913179,0.020723332934422793,0.03351623226264635,0.09153117823514231,0.1951597839680852,0.30497666990408373,0.22629516331817015,0.09452523339831768,1819.9587752871282
TTGTCTTGTTTGTCTAACTTTACTAATAATACTTCTGGTCAAAGACAACAATTGTTGTATGAACAATTTCAATATCAAACTCCAGAGAATCAATTGAATAATTATATGCATCCATCTACT,0.18567877164415295,0.18681579594132047,0.0,0.10314140810237173,0.1829690605889957,0.25529124712275564,0.08610371660040356,0.0,834.5838299323302
TTGTCTTTGAATGATGCATTTATTAAGACTGAGAAATCTTGTGATGGTAAAGGTCACTTCTGGGAAGTTAGACCAGGTGCTGAAACTAAATTCTTTAAAGGTGAGAATAGAGGTTATGAA,0.170377003664271,0.342840651818157,0.13250502604561823,0.04732076777164858,0.10493162475703913,0.0976053009931766,0.07900791840032766,0.02541170654976189,753.7346858673335
TTGTCTTTGTGTGATGAGTTCTTGCAAGATCAATCTCCAAATAGAGATGATATTAATCATCATGTTGAATCTAAGAAGAGAATCTTGTTGTCTGATTATGCTAAATTGGGTCCAGAAGAT,0.04732794623398587,0.02040761318442414,0.042065977138405965,0.04506835086924192,0.0666246626238276,0.09295939518745468,0.2821771039116387,0.40336895085102115,3521.5551635082143
TTGTCTTTGTGTGATGAGTTCTTGCAAGCTCAATCTCCAAATAGAGATGATATTAATCATCATGTTGAATCTAAGAAGAGAATCTTGTTGTCTGATTATGCTAAATTGGGTCCAGAAGAT,0.10404826120610339,0.1251673405913012,0.1576182061352468,0.19600736728114973,0.19837292901301687,0.10366434573785026,0.0503474960011772,0.06477405403415461,1029.3038221144925
TTGTCTTTGTGTGATGAGTTCTTGCAATCTCAATCTCCAAATAGAGATGATATTAATCATCATGTTGAATCTAAGAAGAGAATCTTGTTGTCTGATTATGCTAAATTGGGTCCAGAAGAT,0.2769510645606908,0.3108714882828976,0.23209311474577246,0.09418874609760575,0.03527399986996033,0.025903555235029282,0.01572598483993185,0.008992046368111774,397.05664820176094
TTGTGGGAAGGTGATGATCAATTTGAATTGTTGGATGATCAACAATTGGCTGAAGGTTTGGCTTTGTGTGATGAGTTCTTGTTGGATCAAGATCAAACTTCTTGTGGTGGTGGTGATGAA,0.0021902225901527157,0.0002787730591569218,0.00015597145712178907,0.0002272022676120482,0.00016251953942643236,0.00016931312015500144,0.284231543730605,0.7125844542357702,5267.531802145752
TTGTGGGAAGGTGATGATCAATTTGAATTGTTGGATTCTCAACAATTGGCTGAAGGTTTGGCTTTGTGTGATGAGTTCTTGTTGTCTCAATCTCAAACTTCTTGTGGTGGTGGTGATGAA,0.00013584398967348826,0.00011104912424484365,0.0004067452905052096,0.0001414856850600916,0.0001003961584722254,0.00017509968912368204,0.30553333431168855,0.6933960457512319,5200.426930913397
TTGTGGGAAGGTGATGCTCAATTTGAATTGTTGGATGCTCAACAATTGGCTGAAGGTTTGGCTTTGTGTGATGAGTTCTTGTTGGCTCAAGCTCAAACTTCTTGTGGTGGTGGTGATGAA,0.00013174387464332297,0.0005016531258757592,0.00011601556658131921,0.0007610874718753925,9.087488536184316e-05,9.196121187823315e-05,0.27988776351083766,0.7184189003529464,5293.198119365798
TTGTGGGAAGGTGATGCTCAATTTGAATTGTTGGATTCTCAACAATTGGCTGAAGGTTTGGCTTTGTGTGATGAGTTCTTGTTGTCTCAATCTCAAACTTCTTGTGGTGGTGGTGATGAA,0.00017833201976445322,0.00022082960667290093,0.00023897659557069694,0.0016916470365680469,0.0003784943590517985,0.00023890321182796435,0.24698368710288832,0.7500691300676559,5409.965292277796
TTGTGGGAAGGTGATTCTCAATTTGAATTGTTGGATGATCAACAATTGGCTGAAGGTTTGGCTTTGTGTGATGAGTTCTTGTTGTCTCAATCTCAAACTTCTTGTGGTGGTGGTGATGAA,0.0022097999025004512,0.0017143763695513766,0.0014577024791206723,0.01754003067333329,0.0032007377520237665,0.0019523031551626456,0.2716665311851738,0.7002585184831339,5170.533037149622
TTGTGGGAAGGTGATTCTCAATTTGAATTGTTGGATGCTCAACAATTGGCTGAAGGTTTGGCTTTGTGTGATGAGTTCTTGTTGTCTCAATCTCAAACTTCTTGTGGTGGTGGTGATGAA,0.07102094333994062,0.1455006757271897,0.2106903314237528,0.2521428962429836,0.14960453893799303,0.10849696696038218,0.03675257008550705,0.02579107728225117,759.6757615563474
TTGTGGGAAGGTGATTCTCAATTTGAATTGTTGGATTCTCAACAATTGGCTGAAGGTTTGGCTTTGTGTGATGAGTTCTTGTTGGATCAATCTCAAACTTCTTGTGGTGGTGGTGATGAA,0.09274864571880541,0.0052780883603182815,0.001566671402981597,0.0037299764317091783,0.0024813153233697316,0.002308069941328505,0.3327906048863814,0.5590966279351057,4438.956575807118
TTGTGGGAAGGTGATTCTCAATTTGAATTGTTGGATTCTCAACAATTGGCTGAAGGTTTGGCTTTGTGTGATGAGTTCTTGTTGGCTCAATCTCAAACTTCTTGTGGTGGTGGTGATGAA,0.0014897555115105177,0.0022628446145542885,0.002792283970934629,0.010372010050922875,0.047870335713695165,0.12820142663577205,0.42040609013691743,0.386605253365693,3766.0440330529264
TTGTGGGAAGGTGATTCTCAATTTGAATTGTTGGATTCTCAACAATTGGCTGAAGGTTTGGCTTTGTGTGATGAGTTCTTGTTGTCTCAAGATCAAACTTCTTGTGGTGGTGGTGATGAA,0.003095894808602661,0.002152653372999485,0.0015331481338066418,0.007551437713416678,0.029310328501781432,0.09745766492454502,0.4052076255105019,0.4536912470343462,4095.2074885343486
TTGTGGGAAGGTGATTCTCAATTTGAATTGTTGGATTCTCAACAATTGGCTGAAGGTTTGGCTTTGTGTGATGAGTTCTTGTTGTCTCAAGCTCAAACTTCTTGTGGTGGTGGTGATGAA,0.009253321808802202,0.013235355616637747,0.04704094903698897,0.17172887055894176,0.3118903004985886,0.2436179627391232,0.1017091966584892,0.1015240430824283,1586.3437168533098
TTGTGGGAAGGTGATTCTCAATTTGAATTGTTGGATTCTCAACAATTGGCTGAAGGTTTGGCTTTGTGTGATGAGTTCTTGTTGTCTCAATCTCAAACTTCTTGTGGTGGTGGTGATGAA,0.17032923537576336,0.14598378138678314,0.14129906757772903,0.1658682734795013,0.14297782051555694,0.1137204582488329,0.08971222929300939,0.030109134122823993,876.3539497301092
TTGTGTAGAATCTTTAAGAGAGTTACTTCTCAAAGAAATCCAACTATCTTGCCACCAAATAGGAAACCAGTTATTACTTTGACTGATACTTGTTCTAAGACTTCTTCTTTGGATTCTGAT,0.14761184188481558,0.06600700407457831,0.10204460582736556,0.12754913783914187,0.14545766218895909,0.13530181137088274,0.19774780946638143,0.07828012734787541,1440.1938952418425
TTGTTGATTAAATCTCATATGGTTTCTGTTGACTTTCCAGAAATGATGGCTGAAATTATTTCTGTTCAAGTTCCTAAGATCTTGTCTGGTAAAGTTAAACCAATTTACTTTCATACTCAA,0.059327221142284066,0.16770193118546806,0.14061642795812468,0.2542263301249895,0.15032938324114142,0.08027472329466603,0.07336389530070883,0.07416008775261733,1105.4877055141144
TTGTTGCAAGATCAATCTTCTTCTGGTGATGGTGATGGTAAAGAACAGAAAGAGAAACCAAGATTGTCTGATTATGCTCAAATTGGTGTTGAAGATTTGAAGAGAGATTTGGAAGAATGT,0.2253004236529443,0.3008144397830019,0.19042764551342237,0.16844163921716906,0.05445589434587459,0.03896444998781606,0.01314179000280524,0.008453717496966643,431.7848321000047
TTGTTGCAAGCTCAATCTTCTTCTGGTGATGGTGATGGTAAAGAACAGAAAGAGAAACCAAGATTGTCTGATTATGCTCAAATTGGTGTTGAAGATTTGAAGAGAGATTTGGAAGAATGT,0.2390914469328229,0.14032407059875965,0.07437815602285272,0.08854082881427548,0.17670169179598258,0.12783896495116237,0.12935120337303552,0.023773637511108846,933.4487397730525
TTGTTGCAAGTTGGTGATCAAGATGCTAATAATGGTGGTGGTGGTGGTGGTTTGAGAAATAAACAACAACCATGCTTTGGTGATTATGCTCATTTGGGTGGTACTGATGACTTTAAGAGA,0.4067274612779622,0.31385177132904163,0.09572070451011673,0.06230980211472064,0.07055909139252889,0.02754771855246439,0.00986883595337273,0.01341461486979284,398.7299393104031
TTGTTGCAAGTTGGTGCTCAAGATGCTAATAATGGTGGTGGTGGTGGTGGTTTGAGAAATAAACAACAACCATGCTTTGGTGATTATGCTCATTTGGGTGGTACTGATGACTTTAAGAGA,0.11299122849356032,0.14920912473882034,0.14938776418879474,0.15691177708210605,0.1148217326359499,0.087385812344644,0.14081627341768982,0.08847628709843473,1312.8304705473017
TTGTTGCAAGTTGGTTCTCAAGATGCTAATAATGGTGGTGGTGGTGGTGGTTTGAGAAATAAACAACAACCATGCTTTGGTGATTATGCTCATTTGGGTGGTACTGATGACTTTAAGAGA,0.40271438906887885,0.34445216427501535,0.09069158862573408,0.029443792931520798,0.07922415182541422,0.04902973145797143,0.0023231135965174217,0.002121068218947749,332.53136819349595
TTGTTGCAATCTCAATCTTCTTCTGGTGATGGTGATGGTAAAGAACAGAAAGAGAAACCAAGATTGTCTGATTATGCTCAAATTGGTGTTGAAGATTTGAAGAGAGATTTGGAAGAATGT,0.18768088256202844,0.15977937208090848,0.23354006418518833,0.08019503596674682,0.18494195361599558,0.09263116715308822,0.026779121118014504,0.03445240331802965,739.5943614879004
TTGTTGGATGATCAACAATTGGTTGAAGGTTTGTCTATTTGTGATGAGTTCTTGCAAGATCAATCTCCAAATAGAGAAGGTCATGAGAATGGTAATGATGGTCATGTTACTTCTAAACCA,0.11424826897761468,0.12644266884403196,0.07108222133722265,0.04442408284957294,0.11258098200269588,0.14137278338057538,0.2807922660261655,0.10905672658212096,1792.9146900532926
TTGTTGGATGATCAACAATTGGTTGAAGGTTTGTCTATTTGTGATGAGTTCTTGCAATCTCAATCTCCAAATAGAGAAGGTCATGAGAATGGTAATGATGGTCATGTTACTTCTAAACCA,0.002914991554817879,0.0037046423051470562,0.04963618631874089,0.26333766545372755,0.2912514640884655,0.2967915062377239,0.04916107723760891,0.04320246680376843,1177.82360339132
TTGTTGGATGATCAACAATTGGTTGAAGGTTTGTCTTTGTGTGATGAGTTCTTGCAAGATCAATCTCCAAATAGAGATGATATTAATCATCATGTTGAATCTAAGAAGAGAATCTTGTTG,0.14553561418291233,0.20854728547068155,0.15914562320835646,0.13228783372543088,0.13906592388302844,0.1172291868359055,0.06135306185912546,0.03683547083455923,848.2521235101573
TTGTTGGATGATCAACAATTGGTTGAAGGTTTGTCTTTGTGTGATGAGTTCTTGCAATCTCAATCTCCAAATAGAGATGATATTAATCATCATGTTGAATCTAAGAAGAGAATCTTGTTG,0.3247219149276538,0.2467463048634849,0.1808409975991269,0.10847878566552978,0.04027758946291904,0.05619811356076549,0.021060331410364508,0.021675962510155546,518.4340065266781
TTGTTGGATGATTGTTTGTCTTTGGCTGAAGGTTCTCAAGATAGAGAAGAGAATACTAATTCTGGTTCTTTGAAAGATAAACAACCATGTATTGCTGATTATGCTCATTTGGGTCCAGAA,0.09169848131044483,0.09226000700527848,0.07302700257956544,0.0855740775916012,0.025300877173993545,0.030258476329695187,0.22111852573746288,0.3807625522719584,3155.310623167222
TTGTTGGATGATTGTTTGTCTTTGGCTGAAGTCTTGCAACAATCTAATTTGATCTTTCAATCTGGTTCTGACTTCTGGACTCCAGATGAAGAAGGTCAGAATGAGAATGATAGAGATAAA,0.15910699749234053,0.2110162678170786,0.2429806680565917,0.1928317926118602,0.057012750092354014,0.07954818167684483,0.040244588298910394,0.017258753954019726,613.5783197001518
TTGTTGGATGCTCAACAATTGGTTGAAGGTTTGTCTATTTGTGATGAGTTCTTGCAAGCTCAATCTCCAAATAGAGAAGGTCATGAGAATGGTAATGATGGTCATGTTACTTCTAAACCA,0.03494365267089362,0.07510861018121602,0.16040637698140775,0.24962395362042294,0.2840454232394193,0.168158949422512,0.023128308157540335,0.004584725726588036,735.4471259167693
TTGTTGGATGCTCAACAATTGGTTGAAGGTTTGTCTATTTGTGATGAGTTCTTGCAATCTCAATCTCCAAATAGAGAAGGTCATGAGAATGGTAATGATGGTCATGTTACTTCTAAACCA,0.13313923294699553,0.19305211045788728,0.19247112612116124,0.1696651080252733,0.09839719491414337,0.06640201728049082,0.07445101684178584,0.07242219341226261,1031.141362110719
TTGTTGGATGCTCAACAATTGGTTGAAGGTTTGTCTTTGTGTGATGAGTTCTTGCAAGCTCAATCTCCAAATAGAGATGATATTAATCATCATGTTGAATCTAAGAAGAGAATCTTGTTG,0.03014867308030734,0.066877956001832,0.17773317483588089,0.2987135534062293,0.23762688605092375,0.16590986620860274,0.018539097791501633,0.004450792624722331,710.4066602830273
TTGTTGGATGCTCAACAATTGGTTGAAGGTTTGTCTTTGTGTGATGAGTTCTTGCAATCTCAATCTCCAAATAGAGATGATATTAATCATCATGTTGAATCTAAGAAGAGAATCTTGTTG,0.011447614455865897,0.06126089086866667,0.13852551774576666,0.21251814106324424,0.2349297820102997,0.32984345213573896,0.011078680534565587,0.00039592118585219397,828.133181831023
TTGTTGGATTCTCAACAATTGGTTGAAGGTTTGTCTATTTGTGATGAGTTCTTGCAAGATCAATCTCCAAATAGAGAAGGTCATGAGAATGGTAATGATGGTCATGTTACTTCTAAACCA,0.3720198848750905,0.02935670505024975,0.07488438797443593,0.1276372191220047,0.12219693228488158,0.1337237001459129,0.07272673341604048,0.06745443713138419,1042.2474478548186
TTGTTGGATTCTCAACAATTGGTTGAAGGTTTGTCTATTTGTGATGAGTTCTTGCAAGCTCAATCTCCAAATAGAGAAGGTCATGAGAATGGTAATGATGGTCATGTTACTTCTAAACCA,0.04354811598477635,0.03681914928000971,0.031420483122589625,0.0166689047028596,0.026685142923344715,0.07513682497899302,0.4514022189828855,0.3183191600245415,3350.31917625771
TTGTTGGATTCTCAACAATTGGTTGAAGGTTTGTCTATTTGTGATGAGTTCTTGCAATCTCAATCTCCAAATAGAGAAGGTCATGAGAATGGTAATGATGGTCATGTTACTTCTAAACCA,0.0283726395194455,0.09665704946825723,0.23862112572196942,0.2969613765928277,0.09123326822270536,0.23987587803958516,0.005308995583899947,0.00296966685130964,680.0928661161813
TTGTTGGATTCTCAACAATTGGTTGAAGGTTTGTCTTTGTGTGATGAGTTCTTGCAAGATCAATCTCCAAATAGAGATGATATTAATCATCATGTTGAATCTAAGAAGAGAATCTTGTTG,0.16492910499324448,0.18605289266818253,0.1616955502289011,0.23320263333980285,0.11327305202637146,0.0732969252115102,0.05562297936670299,0.011926862165284394,642.2030035844352
TTGTTGGATTCTCAACAATTGGTTGAAGGTTTGTCTTTGTGTGATGAGTTCTTGCAAGCTCAATCTCCAAATAGAGATGATATTAATCATCATGTTGAATCTAAGAAGAGAATCTTGTTG,0.054014795775885735,0.055930251761092196,0.1694739206333532,0.25372420751810104,0.2737103475276563,0.17638558574814542,0.009022421701367472,0.007738469334398691,725.3550250621895
TTGTTGGATTCTCAACAATTGGTTGAAGGTTTGTCTTTGTGTGATGAGTTCTTGCAATCTCAATCTCCAAATAGAGATGATATTAATCATCATGTTGAATCTAAGAAGAGAATCTTGTTG,0.19914438267057522,0.20453811230169866,0.14971529809531572,0.17515043381391232,0.09811908032395161,0.0798598572315226,0.05386969269263907,0.039603142870384765,788.1607099686154
TTGTTGGGTTATTATTTGAGAAGGAAAGTTGAGAATAAGACTATTAAATTGGAATTGATTAAACAAATTGATATTTATAAATATGATCCATGGGATTTGCCAAGAGTTTCTTCTGTTGGT,0.27245299927731625,0.10279552314844813,0.042378244703241315,0.11350726474415652,0.06711923620967507,0.0,0.1579287687882731,0.2438179631288895,2144.378572357133
TTGTTGTCTCATTTGTTGGCTAAACATGATAAAGCTGGTGCTGAACCACATCCATTTATTGATGAATTTATTCCAACTGTTGAAGAAGATGATGGTATTTGTTATACTCATCCACAGAAA,0.08840908268417717,0.20013854711896464,0.2062716367548035,0.15960667387073174,0.11978846133920006,0.10129530324319631,0.07174548513346202,0.052744809855464675,958.0921903245494
TTGTTGTCTTCTTTGAATGAATTGGGTGAAAGACAATTGGTTCATGTTGTTAAATGGGCTAAAGCTTTGCCAGGATTTAGAAATTTGCATGTTGATGATCAAATGGCTGTTATTCAATAT,0.36463126949434593,0.30316228507250786,0.20325836231861039,0.07575409606901407,0.018186001210736637,0.018677861109589734,0.0100295872787827,0.006300537446412775,334.5915195036155
TTGTTGTTGAATGATGATGATGATGATACTAATTTGTCTAGAAGAAGATTCTCTGATGTTATTACTAATCAATTTCCATCTATGACTAATTCTAGAAATTCTATTTCTCATTCTTTGGAT,0.13136456685954123,0.1982534882613071,0.24519457408692674,0.14594157728076398,0.12944749246313458,0.030102367836986707,0.060916912235319004,0.05877902097602054,890.8802460683563
TTGTTGTTGAATGATGATGATGATGATACTAATTTGTCTAGAAGAAGATTTGCTGATGTTATTACTAATCAATTTCCATCTATGACTAATTCTAGAAATGCTATTTCTCATGCTTTGGAT,0.24986239430019075,0.28270929565429614,0.24968110979336322,0.13678284194391424,0.03573001793732231,0.02842093362481663,0.009899753925703952,0.006913652820392689,388.2954731766828
TTGTTGTTGTTCTCTATTATTCCAGTTGATGGTTTGAAGAATCAGAAATTCTTTGATGAATTGAGAATGAATTATATTAAAGAATTGGATAGAATTATTGCTTGTAAGAGGAAGAATCCA,0.04037769945321006,0.06601555466793793,0.06908529675844854,0.14298568555639016,0.20142900675138747,0.20587044654891182,0.17787905757425354,0.09635725268946042,1624.1919208384104
TTGTTTAAGAAAGAAGAATTGGTCTTGGGTGAAGAAGATTCTAAATCTGATGAAGTTGAAGAACCAGCTGTTTCTTCTCCAACTGTTGAAGTTACTAAATCTGAAGTTTCTGAAGTTATT,0.201876962466685,0.16249054252774597,0.0,0.08971138267608944,0.0,0.0,0.11233824918463667,0.43358286314484296,3158.781895830108
TTGTTTAAGAGAGATGATGAAGAATGTCAGAAGATTGTCTTGGATCCATCTAATATTGAATTGGATACTCCACCAGAATTTAGATTGTCTCAATTGGAATTTGGTTCTCAAGATTCATTT,0.0106736291131851,0.02831188338698254,0.11470553800231942,0.25656486210856944,0.2992810123128442,0.2463664713478067,0.044096603728292535,0.0,852.7409570273563
TTGTTTAATAGATTGTTGGATGATTTGGGATTCTCTGCTGGTCCAGCTTTGTGTACTATGTTGGATACTTGGAATGAAGATTTGTTCTCTGCTTTGCCAACTAATGCTGATTTGTATAGA,0.03088252166704492,0.03107163417130323,0.03476869731608717,0.06535130265254886,0.14636264112231392,0.31002999088902516,0.33415593841368024,0.047377273767996574,1758.7137822497527
TTGTTTGCTAATGAAGAGAATATGGATGGTTTGTCTATTATGAATGATTTGACTATTCCAATGATTGCTCAACAAGAAGATTTGATCTTGTCTGAATGGGAAGGATTTATTGCTGCTACT,0.17306023946739763,0.17411999280056364,0.14643590353662408,0.12304899522301857,0.12960635489887284,0.10786700601061928,0.09630263932889191,0.049558868734012065,986.8034793019267
TTTAAAGAAGAAGATTGGTCTGATAAAGAAGAAGAATATACTCAGAATCATTTGGTTGCTGGTCCATCTAAAGAAACTTCTTTGGCTGCTAAAGCTTCTCATTCTTATGCTCCTAAAGAT,0.22660352761475552,0.31290623371484244,0.20140951743389562,0.1836738925370132,0.03417804786610326,0.024373665267660452,0.008578082547055426,0.008277033018674084,397.24326621903253
TTTAAAGATAGAGATTTGGAAGAATGTCAGAAGATTGTCTTGGATCCATCTAATATTGAATTGGATACTCCACCAGAATTTAGATTGTCTCAATTGGAATTTGGTTCTCAAGATTCATTT,0.20567542174648829,0.2026237540184437,0.15462528575858792,0.0571246040221475,0.02533423609089342,0.027492966989480443,0.14306496700388244,0.18405876437007618,1754.8683283609703
TTTAAAGATGATCAAGCTGCTTTGTATGTTCAACCACCACAATCTTCTTCTGGTGCATTTACTTCTCAATCTACTGGTGTTATGCCAGAATCTATGAATCCAACTATGTCTGTTAATCCA,0.1300766914519269,0.17846349589153598,0.1471458963940608,0.26274689344301577,0.10487324595279608,0.03251699939859306,0.08773773585948796,0.05643904160858344,948.8331116102945
TTTAAAGATGATTTGAGAGAAGAATGTCAGAAGATTGTCTTGGATCCATCTAATATTGAATTGGATACTCCACCAGAATTTAGATTGTCTCAATTGGAATTTGGTTCTCAAGATTCATTT,0.1713617669337711,0.20808238558453496,0.18382192110228437,0.17068292591214212,0.04658234253685095,0.04874620994056451,0.09316536594615361,0.07755708204369845,1054.7719797080338
TTTAAATCTAATCCATCTAGACATTGTCCTAAATGTCAACATGTTATTGATAATTCTGATGTTGTTGATGACTTTCCAGGATTTCCAAGAGGTGTTAAATTTGATCCATCTGATCCAGAA,0.342916574785742,0.33063706392407616,0.1652572583617956,0.07750016193040771,0.04010340608648276,0.025972767375900867,0.0022502254796245426,0.015362542055970247,390.59889691569475
TTTAAGAAGAAATCTAAACCTAAGAAGACTAATTGGGTTATTCATCAATATCATGTTGGTATTCATGAAGATGAAAGAGAAGGTGAATTGGTTATGTCTAAAGTCTTCTTTCAAACTCAA,0.15661761116099213,0.23636501438793042,0.09744329434027584,0.13049763959877378,0.11574900404098667,0.10766741109022078,0.10894103526182168,0.04671899011899874,990.2161294402671
TTTAATCAACCAACTTATACTGGTAATGATAATAATTTGTTGATGTCATTCTGGAATGGTAATGGTGGTGACTTTATTGGTGATTCTGCTTCTTGGGATGAATTGAGATCTGTTATTGAT,0.16012589277805073,0.06904561766676576,0.0569291734026807,0.15248094399223272,0.13524779035540693,0.1048373271393569,0.21215494710973262,0.10917830755577375,1624.1365676515138
TTTAATGAATATAGAATGCATAAATCTAGAATGTATTCTCAATGTGTTAGAATGAGACATTTGTCTCAAGAATTTGGTTGGTTGCAAATTACTCCACAAGAGTTCTTGTGTATGAAAGCT,0.10898710377773209,0.2436766627689261,0.1506863663952275,0.20180162490837958,0.14319546112138073,0.06659877856638015,0.05615549318907187,0.028898509272902027,752.2341319239985
TTTAATGATGATCCATATGGTGATTCTTATGATGTTGATCCAAACTTTGGTGGTAATGACTTTGAAGCTGGTGCTCATGATACTTGGTTTCCATTGTTTGCTCAAGATACTTCTGTTGCT,0.11405670234347912,0.18190814952247564,0.2207738826044612,0.17645976199861554,0.11655488548603124,0.08286158408855383,0.050931918820311124,0.056453115136072214,912.4285085025879
TTTAATGATGATCCATATGGTGATTCTTATGATGTTTCTCCAAACTTTGGTGGTAATGACTTTGAAGCTGGTGCTCATGATACTTGGTTTCCATTGTTTGCTCAAGATACTTCTGTTGCT,0.1993110071769997,0.2169685189749643,0.20328849997110424,0.14156857260804392,0.09337161068627184,0.07187785394815091,0.042424733565724244,0.031189203068740855,694.9194960931968
TTTAATGATGCTCCATATGGTGATTCTTATGATGTTGCTCCAAACTTTGGTGGTAATGACTTTGAAGCTGGTGCTCATGATACTTGGTTTCCATTGTTTGCTCAAGATACTTCTGTTGCT,0.043843712568103904,0.034919581907395046,0.027114135892181118,0.018120991172095348,0.01307126598997863,0.022653224150612834,0.2745784457847594,0.5656986425348737,4381.300242881378
TTTAATGATGCTCCATATGGTGATTCTTATGATGTTTCTCCAAACTTTGGTGGTAATGACTTTGAAGCTGGTGCTCATGATACTTGGTTTCCATTGTTTGCTCAAGATACTTCTGTTGCT,0.03256637528354425,0.039588602592673675,0.0816035288671531,0.14413409145334602,0.27597559912823955,0.3298072535338244,0.07946340111414814,0.016861148027070942,1087.9343362724671
TTTAATGATGGTTATGATGTTGATCCATCATTTGATTCTGGTGACTTTGGTTCTGCTGACTTTGATACTACTGCTGGTGATCCATGGTTTCCATTGTTTCCACAAGAATCTACTACTGCT,0.10711163615593056,0.12797396086644627,0.10829324840444227,0.1413094054246791,0.1781130902666276,0.14113246214369435,0.1241756109558231,0.07189058578235673,1259.6577094729414
TTTAATGATGGTTATGATGTTGCTCCATCATTTGATTCTGGTGACTTTGGTTCTGCTGACTTTGATACTACTGCTGGTGATCCATGGTTTCCATTGTTTCCACAAGAATCTACTACTGCT,0.08309293467056315,0.1149524246171226,0.12278323569657652,0.08654384204833535,0.0818803143926038,0.11424514892737186,0.13004615561694555,0.2664559440304811,2372.1267984875603
TTTAATGATGGTTATGATGTTTCTCCATCATTTGATTCTGGTGACTTTGGTTCTGCTGACTTTGATACTACTGCTGGTGATCCATGGTTTCCATTGTTTCCACAAGAATCTACTACTGCT,0.07145866859236447,0.08011296827148853,0.10416266692319656,0.17692217755242468,0.25752076241001676,0.17778408980282365,0.08331614967198066,0.048722516775704765,1117.3691028183807
TTTAATGATTCTCCATATGGTGATTCTTATGATGTTGATCCAAACTTTGGTGGTAATGACTTTGAAGCTGGTGCTCATGATACTTGGTTTCCATTGTTTGCTCAAGATACTTCTGTTGCT,0.06040643064420627,0.08508687045473408,0.06614655109031452,0.09395329324809273,0.09047782797876046,0.10852296662172363,0.2532277221371736,0.24217833782499473,2510.3889465381435
TTTAATGATTCTCCATATGGTGATTCTTATGATGTTGCTCCAAACTTTGGTGGTAATGACTTTGAAGCTGGTGCTCATGATACTTGGTTTCCATTGTTTGCTCAAGATACTTCTGTTGCT,0.1677569717935912,0.23352341436452909,0.24592208222004827,0.1302053086666012,0.08605115787551708,0.04212793047351467,0.053282840099324,0.0411302945068744,747.9395397819857
TTTAATGATTCTCCATATGGTGATTCTTATGATGTTTCTCCAAACTTTGGTGGTAATGACTTTGAAGCTGGTGCTCATGATACTTGGTTTCCATTGTTTGCTCAAGATACTTCTGTTGCT,0.11703844425471821,0.1550921382285543,0.09235478246653987,0.15539661738333707,0.17440212687234405,0.1517592209865855,0.11648955846359788,0.03746711134432323,1041.9254390460828
TTTAATTATATGGAACCATGTGGTCAACATCATGGTAAGAGATCTATTGAAGTTGGTTTGCCACCAGGTTTGGATGAATTGGATTATCAAGATCATAGAGTTGAAGATTGTGAAAGACCA,0.07533039817240195,0.11368753817580268,0.18747424654148429,0.08368951681029213,0.29692424320458743,0.1380964994931653,0.10479755760226628,0.0,830.8303042459498
TTTAATTCTAACTTTGAAGATTTGGATCCATTGAGATCTAATGTTGGTGCTGGTTCTTTGTTGGATCCATTGCCAGATGATCCATTGAAATTGGATGATCAGAAGAATTTGGCTTTGATG,0.5073060267066726,0.00941720610204493,0.24691527307811717,0.010398520027292038,0.0018446591683342855,0.21791486836348256,0.0017361624937385078,0.004467284060317965,494.6159922250269
TTTAATTCTAACTTTGAAGATTTGGCTCCATTGAGATCTAATGTTGGTGCTGGTTCTTTGTTGGATCCATTGCCAGCTGCTCCATTGAAATTGGCTGATCAGAAGAATTTGGCTTTGATG,0.06034501157775158,0.07806155254233413,0.10727158389238037,0.1819691361259993,0.26334218379807833,0.14223230607423645,0.13591953980554036,0.03085868618367943,1097.5394620182985
TTTAATTCTAACTTTGAAGATTTGTCTCCATTGAGATCTAATGTTGGTGCTGGTTCTTTGTTGGATCCATTGCCATATTCTCCATTGAAATTGTATGATCAGAAGAATTTGGCTTTGATG,0.022500421847095678,0.019155404776489807,0.016152878627618526,0.019228619502025767,0.014497116796846383,0.01269169733329949,0.2720862843336908,0.6236875767829335,4721.049730965932
TTTACTTCTTCTGGATTTACTAATATTCCATCTTCTCCATGTCAAACTCCAAGGAAAGGTGGTAGAGTTAATATTAAATCTAAAGCTAAAGGTAATAAATCTACTCCACAAACTCCAATT,0.5336481914617637,0.23282200164820527,0.04701191515095807,0.05771252571327819,0.032575421390263336,0.012986145503818084,0.043799205996854926,0.039444593134858395,583.7959941467177
TTTAGAGAATTGAATGAAGCTTTGGAATTGAAAGATGCTCAAGCTGGTAAAGAACCAGGTGGTTCTAGAGCTCATTCTTCTCATTTGAAATCTAAGAAAGGTCAATCTACTTCTAGACAT,0.28852131674992715,0.16587891922130563,0.05128864478649097,0.13737316925030554,0.04061582409093161,0.03778002813413365,0.22936162403149485,0.049180473735410554,1154.9606371683258
TTTATTACTTCTTTGGAAGTTGATGATGGTATTTGTTATACTCATCCACAACATTTGCCAGGTGTTAAACAAGATGGTTCTGCTTCTCATTTGTTTCATAGAGCTATTAAAGCTTATAAT,0.030069043513971126,0.08067513225507142,0.05612446715172891,0.12248751995885097,0.12345929019968872,0.1102457906271459,0.17197278575093553,0.3049659705426074,2731.8505604810043
TTTATTGATGAATTTATTCCAACTGTTGATGAAGATGATGGTATTTGTTATACTCATCCACAGAATTTGCCAGGTGTTAAACAAGATGGTTCTGTTTCTCACTTCTTTCATAGAGCTGTT,0.25590874759096055,0.18932046532260005,0.11239029693023203,0.1337910291541481,0.111253293702942,0.09658655174040705,0.055845198693288925,0.044904416865421404,832.3386283089837
TTTCAAGAAGAAGAATGGGTTGATTCTGATTCTGAAGATGCTGATTCTGTTGCTGTTCCAGATTATCCAGTTGTTAGATATGAGAATGGTCCATGTGTTGATGATACTAAATTCTGTAAT,0.2502040765751442,0.2808573862004149,0.20310469954680752,0.15901531763914903,0.06915954636978186,0.02626982528494156,0.008428932760010197,0.0029602156237508222,377.29078378491306
TTTCATAGAGCTATTAAAGCTTATTCTACTGGTACTAGGAAGAGAAGGAAGATTCAAGATGATGATTTGGGTGATGTTAGATGGCATAAGACTGGTAGAACTAAGACTGTTGTCTTGGAT,0.03463922264265947,0.0766729473770611,0.09482703603847245,0.2616844083751364,0.2116290247727538,0.13970219350984356,0.14777998155685745,0.033065185727215715,1129.0291462424855
TTTCATCAAGCTATTAAAGCTTATAATACTGGTACTAGGAAGAGAAGGAAGATTCATGGTGATGTCTTTGGTGATGTTAGATGGCATAAGACTGGTAAGACTAAACCAGTTATCTTGGAT,0.21264678832577094,0.1750491443676509,0.15635827031932553,0.07516834431808235,0.04762352690263716,0.09745659723265446,0.14343190572609354,0.09226542280778495,1288.7874240249369
TTTCATCCAGATGATGATTATCATAGATTTAATCCAGATGATTTGGATAATAATAATGATAGAGACTTTGTTCATGGTTGTGGTGTTGTTGATAGAGAAGAAGATGCTGTTGTTGTTAGA,0.20665297927810983,0.24966104827381436,0.24895850337959555,0.16658764630027523,0.08747319385223642,0.04029683125250442,0.0002441527684871875,0.0001256448949771623,376.4837460282172
TTTCATCCAGCTGATGATTATCATAGATTTAATCCAGCTGCTTTGGCTAATAATAATGATAGAGCATTTGTTCATGGTTGTGGTGTTGTTGATAGAGAAGAAGATGCTGTTGTTGTTAGA,0.3835898111862835,0.27473607029399866,0.17798323263558144,0.07222970628278508,0.025626567929076718,0.041715312646492635,0.02411929902578207,0.0,354.21908546744436
TTTCATCCATCTGATGATTATCATAGATTTAATCCATCTTCTTTGTCTAATAATAATGATAGATCATTTGTTCATGGTTGTGGTGTTGTTGATAGAGAAGAAGATGCTGTTGTTGTTAGA,0.15300386511180936,0.2368320015994776,0.1610990921238657,0.07845327855363776,0.11597768976580274,0.09709211698442272,0.0873250163665303,0.07021693949445389,1064.8323433331125
TTTCCACAACAAGGTCATCATACTATGAACTCTAAGATTGGTTCTTCTTTGAGAAGAAGGAAATCTGCTGTTCCATTGATGGGTACTGTTCCATTGACTAATCAACAGAATAATATTTCT,0.23733835065326078,0.17056551288657987,0.08438033278086933,0.11300350969262306,0.16705338809540698,0.12431177933047936,0.06289114690495053,0.04045597965583006,876.9732227000533
TTTCCAGGTTTGTCTTCTTGTTCTGCTGATTTGAAAGATATCTTGTCTGAAGCTTCTACTATGCAATTGTTGCAACAACAACAACAAGAAGCTGTTTCTGAAGGTTCTTCTTCTGGTAGA,0.11430432320546385,0.20405887320142024,0.28300957488057854,0.23053247062503476,0.07220270397486261,0.06178859172990876,0.020114970888336716,0.013988491494394413,551.4455191106206
TTTGAACATGGATTTGAGAATGGTGCTAAAGAAATGTTTGATGATAAAGAAGAACAAGAGAAAGATAGAGATAATGAGAATCAAGGTGAAGAAGATCCAACATTCTTTGATTCTGGTTCT,0.32370161820293536,0.16872777279943715,0.10191249429759393,0.09965415513351833,0.11529313187828372,0.12869204149443214,0.04340479038921291,0.018613995804586416,664.9527139076375
TTTGAAGATCCAGAATATATGGATGGTTATGATGTTGATCCAAACTTTGGTTCTTCTGGTGAATATGATGTTGCTGGTTCTCAATGGTTCTCTTTGTTTCCAGATCAGAATGCTTCTGTT,0.017256773269590176,0.024958517578298693,0.025499670557105766,0.1282106746821464,0.26570212210241945,0.3460111279829367,0.16404881499723423,0.028312298830268586,1362.1406418463473
TTTGAAGATCCAGAATATATGGATGGTTATGATGTTTCTCCAAACTTTGGTTCTTCTGGTGAATATGATGTTGCTGGTTCTCAATGGTTCTCTTTGTTTCCAGATCAGAATGCTTCTGTT,0.0010707183269216482,0.0007025706442706135,0.0009847765080210668,0.0006206252543160567,0.0004587359797632861,0.00042670704360928775,0.31539678330921317,0.6803390829338849,5144.310577216378
TTTGAAGCTCCAGAATATATGGATGGTTATGATGTTGCTCCAAACTTTGGTTCTTCTGGTGAATATGATGTTGCTGGTTCTCAATGGTTCTCTTTGTTTCCAGATCAGAATGCTTCTGTT,0.17092699520097449,0.1031842112275214,0.1701539374081917,0.15191527442047043,0.14597488951332865,0.15667260680156184,0.07397876520240464,0.02719332022554694,870.7048762055716
TTTGAAGCTCCAGAATATATGGATGGTTATGATGTTTCTCCAAACTTTGGTTCTTCTGGTGAATATGATGTTGCTGGTTCTCAATGGTTCTCTTTGTTTCCAGATCAGAATGCTTCTGTT,0.20381285100280416,0.15949182769435005,0.1268069119645946,0.23900856113387794,0.11157694416048276,0.10378664434005355,0.04200574478857467,0.013510514915262247,647.8843876545895
TTTGAAGGTAAATTTGAAGATACTAATGGTTCTGGTGCTGCTCCACCAGCTTGTTTGCCAATTGCTTCTTCTTCTGGTTCTACTGGTCATCATGATATTGAAGCTTTGACTGTTGATAAT,0.10107209268931217,0.11781276559047231,0.08589082824273854,0.06572936554534768,0.08745110587645558,0.13557545260260861,0.16232872926720107,0.244139660185864,2328.3941602565415
TTTGAAGGTTTGAAATCTCATCCATTTATTGAAGAATTTATTCCAACTGTTGATGAAGATGATGGTATTTGTTATACTCATCCAAGAAATTTGCCAGGTGTTAAACAAGATGGTTCTGTT,0.3513079370233609,0.22492858796387977,0.19870401348098302,0.05676962909461842,0.044059413961212684,0.01756422284330844,0.05331598300945369,0.05335021262318304,733.2798282660085
TTTGAATCTCCAGAATATATGGATGGTTATGATGTTGATCCAAACTTTGGTTCTTCTGGTGAATATGATGTTGCTGGTTCTCAATGGTTCTCTTTGTTTCCAGATCAGAATGCTTCTGTT,0.47243111838641394,0.24814019009072083,0.16012096502671447,0.037261801376249126,0.01558647651396139,0.03935575380673041,0.002904897458190441,0.02419879734101948,425.9192607001929
TTTGAATCTCCAGAATATATGGATGGTTATGATGTTGCTCCAAACTTTGGTTCTTCTGGTGAATATGATGTTGCTGGTTCTCAATGGTTCTCTTTGTTTCCAGATCAGAATGCTTCTGTT,0.0019129259912658231,0.0005604482176106949,0.0014937592097452193,0.001117766682281609,0.0028509174906453205,0.012859573487679006,0.3457409750509889,0.6334636338697834,4944.288127080577
TTTGAATCTCCAGAATATATGGATGGTTATGATGTTTCTCCAAACTTTGGTTCTTCTGGTGAATATGATGTTGCTGGTTCTCAATGGTTCTCTTTGTTTCCAGATCAGAATGCTTCTGTT,0.005744933341818327,0.06110405245882375,0.07461067801559863,0.2903199344248459,0.3571722424372558,0.19833177387759193,0.011909932725044271,0.0008064527190212577,763.9284487094892
TTTGATCCATCTGATCAAGAAATTATTTGGCATTTGTTGGCTAAAGTTGGTGTTGGTAATTTGGAAGCTCATCCATTTATTGATGAATTTATTCCAACTGTTGAAGAAGATGATGGTATT,0.20482769036201007,0.23791577620154514,0.21964978370978896,0.17760516314493352,0.04594698215372077,0.07631958010115644,0.027800057917248145,0.009934966409597032,519.7473509561429
TTTGATCCATCTGATCCAGAAATTATTTGGCATTTGTTGGCTAAGACTGGTTCTTTGGGTTTGACTCCACATCCATTTATTGATGAATTTATTCCAACTGTTGATCAAGATGATGGTATT,0.19318842149605867,0.05831142958700739,0.12019667570860215,0.08585031297111322,0.1142214708277382,0.15936979531916826,0.10750334643653227,0.16135854765377994,1733.6973427513815
TTTGATGATAGATTGAAAGAAGAATGTCAGAAGATTGTCTTGGATCCATCTAATATTGAATTGGATACTCCACCAGAATTTAGATTGTCTCAATTGGAATTTGGTTCTCAAGATTCATTT,0.2900918688162017,0.20602466693024005,0.15925359908667341,0.12322555661097227,0.06726080018456122,0.0625646525750151,0.07121783831769492,0.020361017478641268,654.9763361371487
TTTGATGATCCAGATGTTGCTGAATCATTTGAAACTGATCCATTGTTTGCTAATGCTGATGCTGATTTGGCTGGTCAAGATGCTTGGTTCTCTTTGTTTCCATCTATTTCTGGTGGTGAA,0.1979842093224878,0.24001556012569153,0.20597392874192347,0.1893044483670283,0.06076726964655504,0.07734931606080979,0.015050826934990574,0.013554440800513615,523.2379932227553
TTTGATGATCCAGATGTTGCTGAATCATTTGAAACTTCTCCATTGTTTGCTAATGCTGATGCTGATTTGGCTGGTCAAGATGCTTGGTTCTCTTTGTTTCCATCTATTTCTGGTGGTGAA,0.002606428143053605,0.005736475699701796,0.005270362408303203,0.005067393178235328,0.005457831136453419,0.0044794989572853276,0.2906835667732453,0.680698443703722,5096.929249352389
TTTGATGCTCCAGATGTTGCTGAATCATTTGAAACTGCTCCATTGTTTGCTAATGCTGATGCTGATTTGGCTGGTCAAGATGCTTGGTTCTCTTTGTTTCCATCTATTTCTGGTGGTGAA,0.19119688611152075,0.21098393033421248,0.19954177324290034,0.14731886983295658,0.06381515436418576,0.10458592961091345,0.0457613414847551,0.03679611501855551,759.8233460115451
TTTGATGCTCCAGATGTTGCTGAATCATTTGAAACTTCTCCATTGTTTGCTAATGCTGATGCTGATTTGGCTGGTCAAGATGCTTGGTTCTCTTTGTTTCCATCTATTTCTGGTGGTGAA,0.20873261988361363,0.1589271047157127,0.09827838111043953,0.09401142952884495,0.10562278266892307,0.10341916028910386,0.1569637962924871,0.07404472551087517,1246.657844978801
TTTGATTCTCCAGATGTTGCTGAATCATTTGAAACTGATCCATTGTTTGCTAATGCTGATGCTGATTTGGCTGGTCAAGATGCTTGGTTCTCTTTGTTTCCATCTATTTCTGGTGGTGAA,0.057774126352658904,0.10457404155856867,0.19278514826562204,0.2293169118861345,0.14007331903164616,0.10458337423164898,0.05666621437816261,0.11422686429555816,1332.1586448293801
TTTGATTCTCCAGATGTTGCTGAATCATTTGAAACTGCTCCATTGTTTGCTAATGCTGATGCTGATTTGGCTGGTCAAGATGCTTGGTTCTCTTTGTTTCCATCTATTTCTGGTGGTGAA,0.08090651651018366,0.07143436992523051,0.07396585497493381,0.06236876395774066,0.05369288828605398,0.05145750811181802,0.3047404736377091,0.3014336245963303,2901.3036896733693
TTTGATTCTCCAGATGTTGCTGAATCATTTGAAACTTCTCCATTGTTTGCTAATGCTGATGCTGATTTGGCTGGTCAAGATGCTTGGTTCTCTTTGTTTCCATCTATTTCTGGTGGTGAA,0.09567624866628348,0.07219659949142994,0.0793696084882704,0.0974353109424171,0.16498998820512462,0.17539473235244268,0.09612932311258177,0.21880818874145005,2111.8134290926696
TTTGATTGGGAACCAACTGATTCTGGTTCTCAATTTATCTTAAATTCTCAACAATTGGTTGAAGCTTTGTCTTTGTGTGATGATTTGTTGGGTTCTCAAGATAGAGAAGAGAATACTAAT,0.006789862636314693,0.02522378253755315,0.003899511851214469,0.0025531193075604705,0.00102934992107744,0.0013404730246898877,0.3282318136223228,0.6309320870992671,4873.73257079814
TTTGCTGCTGGTGCTAGGAAGAGAAGGAAGATTCATGATGATGACTTTGGTGATGTTAGATGGCATAAAGCTGGTAGAGCTAAACCAGTTGTCTTGGATGGTGTTCAAAGAGGTTGTAAA,0.06672701143270038,0.06187008264765923,0.055354352274809955,0.11483106342660342,0.17663122018459657,0.25064566375721553,0.1990054568495542,0.07493514942686064,1569.3224487833675
TTTGTTAAAGATTCTTTGCAAGATATTGGTAAATACTTTGAAATTGATTCTACTTTGGATGAATTGGAACAAGTTGAATCTGGTGAAGGTAATGATGATTTGCCAGATGAAGAAGAAAGA,0.05279703387878078,0.039840256724290514,0.04927335637167077,0.1613032121721092,0.15607961435461326,0.13308362747789326,0.17138278983269653,0.2362401091879458,2360.0158542012578
TTTGTTGCTTCTCAATTGATGTCTCAAGAAGATGGTGTTTCTGGATTTGGTGGTCATCATGAAGAAGATAATAATAAGATTGGTCATTATAATAATGAAGAATCTAATAATAAAGGTTCT,0.6337949203174598,0.25164992870696723,0.08087135606468421,0.007651929377154707,4.3507182666527455e-05,0.0031161524329870118,0.0051185294857249404,0.017753676432355633,313.05093521630386
AAAGATAGAGATAATGAGAATCAAGGTGAAGAAGATCCAACTTATTATGATTCTGGTTCTCAATATATTTATAATTCTCAACAATATGTTGAAGCTTATTCTTATTGTGATGATTATTAT,0.0,0.1283997914947763,0.22685914788413228,0.22279652915247883,0.2155815490677376,0.11697562916039264,0.06763392144169199,0.02175343179879041,853.5715826876733
AAAGATAGAGATAATGAGAATCAAGGTGAAGAAGATCCAACTTGGTTTGATTCTGGTTCTCAATTTATCTTAAATTCTCAACAATTGGTTGAAGCTTTGTCTGATTTGGATTGTTTGTTG,0.0,0.035607380727482624,0.02201912467819642,0.029488368758362818,0.0348741869974882,0.03243927201797966,0.2543782818561834,0.5911933849643068,4518.844552543087
AAAGATTTGGAAGAATGTCAAAGATTGGAACCAACTGATAATACTAATTTGGAATTGGATTCTACTAATGAATTTAGATTGGCTCAAATTGAATTTGCTCAAGATTCATTTACTACTTGG,0.0,0.07631541491830544,0.06292323301603168,0.028089271270056015,0.14948799918875938,0.3012766257124046,0.3517390392636805,0.030168416630762265,1682.9136806227946
AAAGATTTGGAAGAATGTCAAAGATTGGAACCAACTGATAATACTAATTTGGAATTGGATTCTACTAATGAATTTAGATTGTCTCAAATTGAATTTGCTCAAGATTCATTTACTACTTGG,0.0,0.05459869105358568,0.20257857124222545,0.060288112655977256,0.0,0.04974086143735613,0.5032925826794197,0.1295011809314358,2304.7324717604606
ACTGCTGATGCTTTGGAAACTATTGCTGCTGAAGCTGATTTGCCAGATTTGCCAGAACCAGCTTTGGATGAACAAGGTGAAGAACATATTTCTTCTATTACTAATCAAGAAGTCTTGCAT,0.0,0.14209514370702614,0.08786972311716136,0.2353531156068036,0.2087538810141566,0.12945245971401761,0.19647567684083464,0.0,1024.2681033367808
ATTGAACATGGTATTGAGAATGGTGCTAAAGAAATGATTGATGATAAAGAAGAACAAGAGAAAGATAGAGATAATGAGAATCAAGGTGAAGAAGATCCAACTATTATTGATTCTGGTTCT,0.0,0.12248719138053704,0.1136166442204142,0.2366890586228334,0.20993883787649065,0.11158909301196684,0.1693636615790543,0.03631551330870368,1165.9257788857904
ATTGCTAATTATGCTCATTTGGGTCCAAATAACTTTAAGAGAAATTTGAATAATTGTCAGAAGATTGTCTTGAATCCATCTAATATTAATTTGAATACTCCACCAAACTTTAGATTGTCT,0.0,0.07637319196921986,0.14168445993648685,0.04216580574081838,0.14960117390908906,0.2783120463852278,0.17600266733471176,0.13586065472444625,1900.937324946279
ATTGCTGATTATGCTCATTTGGGTCCAGAAGACTTTAAGAGAGATTTGGAAGAATGTCAGAAGATTGTCTTGGATCCAGCTAATATTGAATTGGATGAAGAACCAGAATTTAGAGAAGAA,0.0,0.06472183387532214,0.18677451514644483,0.16675430586807255,0.2535565707191993,0.11792662822646763,0.15909548158649486,0.05117066457799865,1252.9829916497363
ATTGCTGATTATGCTCATTTGGGTCCAGAAGACTTTAAGAGAGATTTGGAAGAATGTCAGAAGATTGTCTTGGATCCATCTAATATTGAATTGGATCCAACTCCAGAATTTAGATCTTTG,0.0,0.1327423871597161,0.10944813924285711,0.19543296336424393,0.17334544085042927,0.12093184944846215,0.1631498425461671,0.10494937738812424,1551.5960898347746
ATTGCTGATTATGCTCATTTGGGTCCAGAAGACTTTAAGAGAGATTTGGAAGAATGTCAGAAGATTGTCTTGGATCCATCTAATATTGAATTGGATTCTCCACCAGAATTTAGATCTCCA,0.0,0.08897396470560516,0.2200812058556237,0.09824543966367104,0.34856758566982166,0.1621153022005671,0.08201650190471133,0.0,845.5867477493598
ATTGCTGATTATGCTCATTTGGGTCCAGAAGACTTTAAGAGAGATTTGGAAGAATGTCAGAAGATTGTCTTGGCTCCATCTAATATTGCTTTGGATACTCCACCAGAATTTAGATTGTCT,0.0,0.11484758013597923,0.14204039355534287,0.28533419686004613,0.02812068666693468,0.13078650466988234,0.02646672205217754,0.2724039160596372,2212.5385470160663
CAAAGAATTGCTTCTAAGATTAAGAATGTTTCTGGTTCTATGGATTTGTCTAAACAGAAATGGGTTTCTAATCCAACTAAAGAATGTCCAAGATGTTCTCATATTATTGATAATTCTGAT,0.0,0.06767178561866108,0.1673892832654668,0.0747234806600926,0.1988350553651605,0.2774285941704556,0.09357012164939217,0.12038167927077116,1648.0442029626997
CAAATTGCTGCTTCTGGTATTAATCCAATTACTCAATTTCATGATGTTGATTATATTGAAGATGATATGAGAGCTTTGCCAGAACAAACTGAGAATCAAGATCAAATTATTGAGAATCAA,0.0,0.1843801412060648,0.0,0.30539003344365545,0.09029177928384763,0.4199380460664322,0.0,0.0,834.0633951780023
CAACATACTGCTATTAAAGATAATAGATTGGCTTTGCCAAATGGTGCTAATGCTAATTTGTTTATTGATACTAATCCAAATAATTTGAATGAGAAATTGAGAAATCAATTAAATTCTGAT,0.0,0.12175382488276149,0.0752909255151033,0.13444110415804533,0.35774035353380884,0.16638146490593847,0.0,0.1443923270043427,1541.1648613915918
CAATTTATCTTAAATTCTCAACAATTGGTTGAAGCTTTGTCTTTGTGTGATGATTTGTTGGGTGAACAAGATAGAGAAGAGAATACTAATTCTGGTTCTTTGAAAGATAAACAACCATGT,0.0,0.08220950642604759,0.03389150104547456,0.09077609534524454,0.08051672550742775,0.17475511545204866,0.2778636716540444,0.2599873845697125,2748.355991028082
CAATTTATCTTAAATTCTCAACAATTGGTTGAAGCTTTGTCTTTGTGTGATGATTTGTTGGGTTCTCAAGATAGAGAAGAGAATACTAATTCTGGTTCTTTGAAAGATAAACAACCATGT,0.0,0.11872791156334757,0.11012961220751045,0.06554993874042626,0.2034955614230254,0.18928750573965963,0.13680473857011682,0.17600473175591394,1985.8127127320763
CAATTTATCTTGAATACTCAACAATTGGTTGAAGCTTTGTCTTTGTGTGATGATTTGTTGGGTACTCAAGATAGAGAAGAGAATACTAATTCTGGTTCTTTGAAAGATAAACAACCATGT,0.0,0.1730952637649292,0.0,0.06371084825601517,0.22604139829390396,0.2102591927693845,0.053186600062338114,0.273706696853429,2411.810720492282
CAGAAGATTGTCTTGGATCCAGATGATATTGAATTGGATGATGATCCAGAATTTAGAGATGATCAATTGGAATTTGATGATCAAGATGATGATTTGGCTTGGGGTACTGGTAAGACTGAT,0.0,0.05344051216103752,0.022031261985568103,0.039339497649564556,0.1570203460295905,0.12982861233478557,0.3448315153048198,0.2535082545346338,2843.2480039544985
CAGAAGATTGTCTTGGATCCAGCTAATATTGAATTGGATGCTCCACCAGAATTTAGAGATGATCAATTGGAATTTGGTGCTCAAGATGCATTCTTGGCTTGGGGTACTGGTAAGACTGAT,0.0,0.047732855269781264,0.0196782365520529,0.0351378845703059,0.07791664193361929,0.0,0.36666922997313395,0.4528651517011067,3924.5315088399125
CAGAAGATTGTCTTGGATCCATCTAATATTGAATTGGATAAGACTCCAGAATTTAGATTGAAGACTTTGGAATTTGGTAAGACTGATTCATTCTTGGCTTGGGGTACTGGTAAGACTGAT,0.0,0.12748166869080835,0.0,0.17595726782305987,0.15607085742632626,0.08710439612822918,0.26440432608099523,0.1889814838505813,2241.8132035600784
CAGAAGATTGTCTTGGATCCATCTAATATTGAATTGGATACTCCAAGATTTGAATTGCCATCTCAATTGGAATTTGGTTCTCAAGATTCATTCTTGGCTTGGGGTACTGGTAAGACTGAT,0.0,0.06651759334623056,0.16453433543947935,0.2693130605798369,0.19544377667652077,0.2019976626993983,0.10219357125853404,0.0,892.3786622386651
CATTTGGGTATTGAAGAAGATGAGAAAGAAGGTGATGATGATGTTTCTAAGATCTTCTATCAACAACCACAACAATTGGTTGTTAAGAGAGGTGATAAAGCTGAACAAGAAGATGATGAA,0.0,0.08123494868441707,0.0502345981862263,0.1793999688777166,0.07956223494319366,0.03700360071285041,0.18720662683599873,0.3853580217595972,3169.7042465786994
CCATCTCATTTGTTTGAAGATTTGTATTGTTCTCCATTGTTTAGAGCTATTGAAGATCCAATTAGAGATATTGATGATCCAGGTGGTGATTTGGAAGATCAAATTGATCCAAGGAAAGAT,0.0,0.028158975905114087,0.03482626290377362,0.03109326393884266,0.08273745818782724,0.025653576884095357,0.3633985505802039,0.43413191160014314,3834.1205683627804
CCATTGGGTGATAGAACTAATTGGTTTATGCATGAATATAGATTGTGTGATATTGATGATCATTCTCAGAAATCTCCAAACTTTAAAGGTGCATTTGCTTTGTGTAGAGTTGTTAAGAAA,0.0,0.12713600427548175,0.07861919276384416,0.03509603252607498,0.12451813912261522,0.14478035668838954,0.2636873981671767,0.22616287645641778,2488.407193693098
GAAATGGATCAAGAAGAGAAAGAAGATTTGAAAGATAGAGATAATGAGAATCAAGGTGAAGAAGATCCAACTTGGTTTGATTCTGGTTCTCAATTTATCTTAAATTCTCAACAATTGGTT,0.0,0.03660094814176569,0.022633533385726164,0.020207463240471183,0.08961823951263895,0.06668887677943194,0.28678046229349563,0.47747047664647047,3965.0484891007277
GAAATGTTGGATAAAGAAGAAGAACAAGATAAAGATAGAGATAATGAGAATCAAGGTGAAGAAGATCCAACTTGGTTTGATTCTGGTTCTCAATTTATCTTAAATTCTCAACAATTGGTT,0.0,0.1927057852231686,0.1787499933025267,0.26598321005513287,0.1415533265589984,0.08778005091326303,0.13322763394691023,0.0,808.2108073835213
GAAATGTTGGATGATAAAGAAGAACAAGAGAAAGATAGAGATAATGAACAGAATGAAGGTGAAGATCCAACTTGGTTTGATTCTGGTTCTCAATTTATCTTAAATTCTCAACAATTGGTT,0.0,0.1880427776963835,0.07752208076597401,0.06921255160235772,0.2455610366513811,0.11420798520012754,0.23111795884908726,0.07433560923468897,1521.5998829677167
GAAATGTTGGATGATAAAGAAGAACAAGAGAAAGATAGAGATAATGAGAATCAACCAGAAGAAGATACTGGTTGGTTTGATTCTGGTTCTCAATTTATCTTAAATTCTCAACAATTGGTT,0.0,0.024210735291308495,0.01497159263159936,0.04010039916416438,0.02371221057672758,0.06616987364621423,0.3570806041887391,0.47375458450124686,4075.9292370140056
GAAATGTTGGATGATAAAGAAGAACAAGAGAAAGATAGAGATAATGAGAATCAAGGTCCAACTGACTTCTGGGAAGAAGATTCTGGTTCTCAATTTATCTTAAATTCTCAACAATTGGTT,0.0,0.015755374815741,0.0,0.0,0.01543095494006906,0.04306069800286446,0.2904671569622112,0.6352858152791144,4865.846035516113
GAAATGTTGGATGATAAAGAAGAACAAGAGAAAGATAGAGATAATGAGAATCAAGGTGAAGAAGATCCAACTTGGGATTCATTTGGTTCTCAATTTATCTTAAATTCTCAACAATTGGTT,0.0,0.11109334356179393,0.06869862744261983,0.061334877107303495,0.10880581380589821,0.1012089942467016,0.15360933033586538,0.39524901349981756,3211.928856465261
GAAATGTTGGATGATAAAGAAGAACAAGAGAAAGATAGAGATAATGAGAATCAAGGTGAAGAAGATCCAACTTTGTCTGATTGGGGTCAATTTATCTTCTCTAATTCTCAACAATTGGTT,0.0,0.16195557295091811,0.3004534352381543,0.0894160248067619,0.07931036797683276,0.3688645990273327,0.0,0.0,745.6976564581668
GAAATGTTGGATGATAAAGAAGAACAAGAGAAAGATAGAGATAATGAGAATCAAGGTGAAGATCCAGAAACTTGGTTTGATTCTGGTTCTCAATTTATCTTAAATTCTCAACAATTGGTT,0.0,0.08661854194699936,0.07141831967073027,0.0956445715863776,0.08483497431132146,0.02630393274851573,0.29276597251394343,0.3424136872221121,3127.64810109034
GAAATGTTGGATGATAAAGAAGAACAAGAGAAAGATAGAGATGAACAGAATAATGGTGAAGAAGATCCAACTTGGTTTGATTCTGGTTCTCAATTTATCTTAAATTCTCAACAATTGGTT,0.0,0.030782780384440017,0.07614262721698865,0.10197144084607762,0.1507446514594376,0.028043932633041366,0.2837567117961289,0.32855785566388573,3061.1203935634708
GAAATGTTGGATGATAAAGAAGAACAAGAGAAAGATAGAGATGAGAATAATCAAGGTGAAGAAGATCCAACTTGGTTTGATTCTGGTTCTCAATTTATCTTAAATTCTCAACAATTGGTT,0.0,0.058257018812554705,0.07205071164493745,0.17154041097069006,0.2852872250748189,0.33613340446586976,0.05370151718215713,0.023029711848971898,1085.9727786214644
GAAATGTTGGATGATAAAGAAGAACAAGAGAAAGCTAGAGCTAATGAGAATCAAGGTGAAGAAGATCCAACTTGGTTTGATTCTGGTTCTCAATTTATCTTAAATTCTCAACAATTGGTT,0.0,0.18758356644507573,0.0,0.20713059174168644,0.2449613625118341,0.1708936241220902,0.11527677776707251,0.0741540774122411,1337.8851797523005
GAAATGTTGGATGATAAAGAAGAAGATCAAGAGAAGAGAGATAATGAGAATCAAGGTGAAGAAGATCCAACTTGGTTTGATTCTGGTTCTCAATTTATCTTAAATTCTCAACAATTGGTT,0.0,0.16845563287954465,0.05208534729790296,0.09300472206017257,0.16498695275519626,0.0,0.2717452022748262,0.2497221427323573,2521.9626166870985
GAAATGTTGGATGATAAAGAAGCTCAAGAGAAAGATAGAGATAATGAGAATCAAGGTGCTGAAGATCCAACTTGGTTTGATTCTGGTTCTCAATTTATCTTAAATTCTCAACAATTGGTT,0.0,0.10582828803103612,0.0,0.23371211389454385,0.2591229283799752,0.24103097114260755,0.09755287420976322,0.06275282434207398,1319.5866466300683
GAACCAGCTGTTTCTTCTCCAACTGTTGAAGTTACTAAATCTGAAGTTTCTGAAGTTATTAAGACTGAAGATGTTAAGAGACATGATATTGCTGAATCTTCTTTGGTTATTTCTGGTGAT,0.0,0.14859538336955408,0.1312705482551521,0.0468799057259946,0.10395403345997019,0.09669596509925847,0.1956796106990445,0.2769245533910261,2581.4832149956965
GAAGATCCAACTTGGTTTGATTCATTTCAAGGTTCTATCTTAAATTCTCAACAATTGGTTGAAGCTTTGTCTTTGTGTGATGATTTGTTGGGTTCTCAAGATAGAGAAGAGAATACTAAT,0.0,0.20278859802019325,0.18810260675858653,0.11196002694268062,0.29791944860140795,0.09237290638797928,0.046732804059053966,0.06012360923009843,1024.9189020058925
GAAGATCCAACTTGGTTTGATTCTGGTGAACAATTTATCTTGAATGAACAAGATTTGGAAGAAGCTTTGTCTTTGTGTGATGATTTGTTGGGTGAACAAGATAGAGAAGAGAATACTAAT,0.0,0.18399431403359914,0.0,0.20316732358345407,0.36041135197174323,0.16762371959841335,0.08480329081279023,0.0,869.8645621658321
GAAGATCCAACTTGGTTTGATTCTGGTGAACAATTTGATTTGAATGAACAACAATTGGATGAAGCTTTGTCTTTGTGTGATGATTTGTTGGGTGAACAAGATAGAGAAGAGAATACTAAT,0.0,0.10420785619325987,0.09666110218250137,0.08630007678642694,0.17860868536732313,0.09493613190297283,0.19211830931081245,0.2471678382567035,2435.6848531202427
GAAGATCCAACTTGGTTTGATTCTGGTGCTCAATTTATCTTGAATGCTGATTATGCTCATTTGGAAGACTTTAAGAGAGATTTGGAAGAATGTGCTCAAGATAGAGAAGAGAATACTAAT,0.0,0.19540715440571957,0.08055810168124679,0.14384628778046238,0.12758900924778202,0.17802112108555074,0.1200846510140307,0.15449367478520784,1777.6595706235153
GAAGATCCAACTTGGTTTGATTCTGGTGCTCAATTTATCTTGGAAGAACAACAATTGGTTGAAGCTTTGTCTTTGTGTGATGATTTGTTGGAAGAACAAGATAGAGAAGAGAATACTAAT,0.0,0.1052305175455698,0.10122487634824416,0.18074932737796726,0.24048198905439674,0.15977967271163818,0.12933579646985238,0.08319782049233153,1414.4274182576223
GAAGATCCAACTTGGTTTGATTCTGGTTCTCAATTTATCTTAAATTCTCAACAATTGGTTGAAGCTGCTTCTTTGTGTGATGATGCTTTGGGTTCTCAAGATAGAGAAGAGAATACTAAT,0.0,0.11600286000731448,0.1434692125813662,0.0,0.2840355952534381,0.1585225416932933,0.1603977436583058,0.13757204680628213,1801.9138090823499
GAAGATCCAACTTGGTTTGATTCTGGTTCTCAATTTATCTTAAATTCTCAACAATTGGTTGAAGCTTTGTCTTTGTGTGATGATGGTTTGTTGGATGAACAATCTAGAGAGAATACTAAT,0.0,0.10577273286980254,0.10465349351871431,0.04671788507842959,0.1864705682347943,0.07708942098064177,0.25350432451251714,0.2257915748051004,2424.5645638779824
GAAGATCCAACTTGGTTTGATTCTGGTTCTCAATTTGAATTAAATTCTCAAGAATTGGTTGAAGCTTTGTCTTTGTGTGATGATTTGTTGGGTTCTCAAGATAGAGAAGAGAATACTAAT,0.0,0.04194524689726385,0.051876751517177994,0.04631612446245538,0.2875708484716972,0.19106618433625186,0.23199162362332962,0.14923322069182404,2083.250042600484
GAAGATGAACAGAATGGTGAATATGTTGTTTCTAAATTGTTCTTTCAACAACAATTTAAACCAGGTGAGAAATATGCTGAAGAATTGACTACTGCTGATGCTTTGGAAACTATTGCTGCT,0.0,0.040849440298597876,0.11114727235217838,0.5322523344673892,0.04000830700294951,0.24561852398195191,0.030124121896933125,0.0,747.7007789496097
GACTTTAAGAGAGATTTGGAAGAACAGAAATGTTTGATTGTTGATCCATCTAATATTGAATTGGATACTCCACCAGAATTTAGATTGTCTCAATTGGAATTTGGTTCTCAAGATTCATTT,0.0,0.13756134321505875,0.1701321639091925,0.2278437522078388,0.06736440463879602,0.1253220467370062,0.19020676787546406,0.08156952141664363,1433.7317566400864
GACTTTAAGAGAGATTTGGAAGAATGTCAGAAGATTGTCTTGGATCCATCTAATATTGAATTGGATACTCCACCAGAAGCTAGAGCTTCTCAAGCTGAATTTGGTTCTCAAGATTCATTT,0.0,0.13332223074527802,0.10992622919475244,0.14721498833788713,0.02176283077150771,0.2834069055891286,0.22531095343161595,0.07905586192983015,1629.1068714022335
GACTTTAAGAGAGATTTGGAAGAATGTCAGAAGATTGTCTTGGATCCATCTAATATTGAATTGGATACTCCACCAGAATTTAGATTGTCTCAATTGGAGTTCTCTGATCAAGGTTCATTT,0.0,0.030688695505393764,0.18977475982189296,0.06777318269693777,0.1502839136013785,0.36345684443744236,0.19802260393695467,0.0,1228.4731557503735
GACTTTAAGAGAGATTTGGAAGAATGTCAGAAGATTGTCTTGGATCCATCTAATATTGAATTGGATCCAGAAACTCCATTTAGATTGTCTCAATTGGAATTTGGTTCTCAAGATTCATTT,0.0,0.09307101528784582,0.0,0.0,0.0,0.028263391093162865,0.40036815934640846,0.478297434272583,4138.900154770994
GACTTTAAGAGAGATTTGGAAGAATGTCAGAAGATTGTCTTGGATCCATCTAATATTGAATTGGATTCTCCACCAACTAGATTGTTCTTGCAAGAAGAATTTGGTTCTCAAGATTCATTT,0.0,0.15346267684470025,0.0632661683403022,0.1412117972605608,0.10020181172319827,0.0466028617013685,0.28292483018782544,0.2123298539420446,2349.9620048239744
GACTTTAAGAGAGATTTGGAAGAATGTCAGAAGATTGTCTTGGATCCATCTAATATTGAATTGGATTCTGAAACTCCACCATTGTTCTTGAGACAAGAATTTGGTTCTCAAGATTCATTT,0.0,0.06469436712401927,0.1600245012777723,0.0,0.1900867244941024,0.23575316468558133,0.11927097330118085,0.23017026911734384,2309.718053345507
GACTTTAAGAGAGATTTGGAGAAACAAGAATTGGTTTGTATTGATCCATCTAATATTGAATTGGATACTCCACCAGAATTTAGATTGTCTCAATTGGAATTTGGTTCTCAAGATTCATTT,0.0,0.012444906625062258,0.0,0.004580573380831369,0.008125768533408295,0.007558427550708398,0.3670962259741845,0.6001940979358052,4788.724449677173
GATATGAAGAGAGATATGGAAGAATGTCAGAAGATTGTTATGGATCCATCTAATATTGAAATGGATACTCCACCAGAAATGAGAATGTCTCAAATGGAAATGGGTTCTCAAGATTCTATG,0.0,0.1330011598929567,0.08224612600520238,0.036715115125803104,0.06513126248303126,0.030291899574800968,0.3371525286009462,0.31546190831725923,3047.628859221446
GATGAATTTATTCCAACTGTTAATCAAGATGATGGTATTTGTTATACTCATCCTAAGAATGCTCCAGGTGTTAAATCTGATGGTACTGTTTCTCACTTCTTTCATAAAGCTATTAAAGCT,0.0,0.009722281603861216,0.012024256006380525,0.01610307858932343,0.08093776088072743,0.1461447476282338,0.4525826210076145,0.2824852542838591,3245.0640497794548
GATGAATTTATTCCAACTGTTAATCAAGCTGATGGTATTTGTTATACTCATCCTAAGAATTTGCCAGGTGTTAAATCTGCTGGTACTGTTTCTCACTTCTTTCATAAAGCTATTAAAGCT,0.0,0.09094813028275892,0.14060274717140786,0.10042532189931269,0.26722623549545393,0.28999658978628207,0.08383629441766254,0.02696468094712196,1108.2407057925145
GATTATGCTAGATTGGGTCCAGAACATTTGAAGAAAGATTTGGAAGAATGTCAGAATTTGGAATTGGATCCAGCTAATATTGAATTGGATGCTCCACCAGAATTTAGATTGTCTCAATTG,0.0,0.1219361026566425,0.2412916596337167,0.10771390085640796,0.047770123596994,0.31104370222735406,0.11240111226786287,0.05784339876102196,1281.179604453525
GCTGCTGCTGCTGATAAAGAAGAACAAGAGAAAGATAGAGATAATGAGAATCAAGGTGAAGAAGATCCAACTTGGTTTGATTCTGGTTCTCAATTTATCTTAAATTCTGCTGCTGCTGCT,0.0,0.05035480121949962,0.04670809633614184,0.05560199100214807,0.1479538273868139,0.2981846711323609,0.37133781000277477,0.02985880292026089,1728.1063045983205
GGTGATAAAGCTGAACAAGAAGAAGAAGAAGATATCTTTGCTGCTGTTGCTCCAGAAGAAGATCCAGAAGAACCTAAATTGGAAGAACCAGAACCAAGAAATGCTGTTAGAATTGAAGAA,0.0,0.04420052480129207,0.07288802464036567,0.27656966887717094,0.21645194560992256,0.17449403873524033,0.16297677364605667,0.05241902368995187,1329.8247201173115
GGTGCTTCTTTGTTGTTGTTGCAACAACAACAACAACAACAACAACAACAACAACAACAACAACAACAACAACAACAACAACAACAACAAGAAACTTCTCCAAGACAACAACAACAACAA,0.0,0.08824433195053942,0.0,0.0,0.08642728757457539,0.0,0.4067196198038733,0.4186087606710121,3803.2946279474118
GGTGTTAAATTTGATCCAGAAGATCCAGAAATTATTTGGCATTTGTTGGCTAAAGAAGAATTGGAAGAAGAAGAAGAAGAACCATTTATTGATGAATTTATTCCAGAAGAGAATCAAGAT,0.0,0.0854021143405012,0.10562303460830992,0.09430138692089857,0.16728718847846966,0.31121440121697835,0.2361718744348423,0.0,1267.2178954912056
GGTGTTAAATTTGATCCATCTGATCCAGAAATTATTTGGCATTTGTTGGCTAAATCTGGTTTGTCTGGTTTGTCTTCTCATCCATTTATTGATGAATTTATTTCTGGTGTTAATCAAGAT,0.0,0.023476823433060016,0.04355325426856511,0.07776963230937328,0.034490116112905846,0.032082016954225766,0.35707675287995577,0.4315514040419142,3796.9822869104305
GGTTCTAAGAAGATTATGGTCTTGTATATGTCTCCAGCTAAAGGTGGTAAAGCTGAGAAGACTAATTGGGTTATGCATCAATATCATTTGGGTATTGGTGAAGATGAAAGAGATGGTGAA,0.0,0.031253031933125154,0.0773058161142412,0.10352920227570345,0.12243799544997673,0.11388937726416443,0.40332810909049627,0.14825646787229277,2321.249618485363
GTCTTGCAACAATCTAATTTGATCTTTCAATCTGGTTCTGACTTCTGGACTCCAGATGAAGAAGGTCAGAATGAGAATGATAGAGATAAAGAACAAGAAGAGAAAGATGATTTGATGGAA,0.0,0.1335256256173791,0.055046965697086433,0.24573262973709223,0.17436825518004687,0.12164540053994873,0.1641124983622786,0.10556862486616804,1566.2684154655328
TCTACTGATTCTACTCCAATGTTTGAATATGAGAATTTGCAGAATAATTCTAAAGAATGGACTTCTTTGTTTGATAATAATATTCCAGTTACTACTAATAATGTTTCTTTGGCTAATAAA,0.0,0.0750753264587964,0.04642557076029578,0.08289850272765724,0.14705889174267497,0.341978107779749,0.17301172528048522,0.13355187525034135,1951.2111950071821
TCTGAAGATCAATATTTGTTGGATTCTCAACAATTGGTTGAAGGTTTGTCTTTGTGTGATGATTTGTTGGCTTCTCAATCTCCAAATAGAGATGGTAATGAGAATGATAAAGAAAATTCT,0.0,0.23096530331810644,0.07141291645433513,0.19127467102276108,0.22620948278934752,0.10520777080450154,0.10645229928884095,0.06847755632210743,1201.0402616549563
TCTGAAGCTCAATATTTGTTGGATGCTCAACAATTGGTTGAAGGTTTGTCTTTGTGTGATGATTTGTTGGCTGCTCAATCTCCAAATAGAGATGGTAATGAGAATGATAAAGAAAATTCT,0.0,0.0859684143272408,0.31897025753382746,0.18985339566949364,0.16839646701739847,0.07831951467194885,0.15849195078009085,0.0,865.9674723876533
TCTTCTACTATTGGTAATGGTTCTACTAGAGATTTGTCTGGTTCTAAAGATCAAACTACTACTAATAATAATTCTAATTTGAAACCAATTAAGAGGAAACAAGGTTCTTCTGATCAATTT,0.0,0.02838496417891272,0.10531727734063055,0.0940284035275485,0.08340146299458435,0.23273512397352647,0.2878189169138067,0.1683138510709907,2285.171002496519
TTGGAACATGGTTTGGCTAATGGTGCTAAAGAAATGTTGGATGATAAAGAAGAACAAGCTAAAGATAGAGATAATGAGAATCAAGGTGAAGAAGATCCAACTTGGTTTGATTCTGGTTCT,0.0,0.08670408856695704,0.08578662500908688,0.17233025856665557,0.16983751887130794,0.28436304057954,0.15984824478997514,0.04113022361647749,1327.6363407762617
TTGGAACCAACTGATAATACTAATTTGGAATTGGATAATACTGATGAATTTAGATTGTCTCAAATTGAATTTGCTCAAGATTCATTTATGACTTGGGCTGCTGAGAAGATTACTGATGAT,0.0,0.010797943770503604,0.0,0.011923136579412127,0.0,0.004918607154609703,0.24883952815600538,0.7235207843394693,5259.440650826725
TTGGATCCATCTGATGGTACTAATTTGGAATTGGAGAATGCTTCTGAATTTAGATTGGATCAAATTGAGTTCTCTCAAGATTCATTTACTACTGCTTGGGCTGGTGGTAAAGTTATTGAT,0.0,0.0708602083927201,0.21909499258927845,0.19561037746370002,0.2776044862251132,0.09683330513249533,0.09797877001164439,0.04201786018504852,1052.36434282904
TTGTTTCATAGAGCTATTAAAGCTTATAATACTGGTTCTAGGAAGAGAAGGAAGATTTGTGGTCAAGACTTTGGTGATGTTAGATGGCATAAGACTGGTAGAACTAAACCAGTTATCTTG,0.0,0.0581455891949293,0.02397096616511609,0.14981076377051708,0.2847415492566693,0.35314786728737513,0.10719760196672572,0.02298566235866737,1220.7026664559683
ATCTTGACTATTATTACTTTGGAAGATTCTTCTGGTAATTTGTTGGGTAGAAATTCATTTGAAGTTAGAGTTTGTGCTTGTCCAGGTAGAGATAGAAGAACTGAAGAAGAGAATTTGAGA,0.0,0.0,0.06969221232702136,0.031110980215611032,0.05518973348127372,0.17967735620466926,0.3636056073019417,0.30072411046948305,3180.1707771501583
CAGAAGATTGTCTTGGATCCATCTAATATTGAATTGGATACTCCACCAGAATTTAGATTGTCTCAAGGATTTGAATTGTCTCAAGATTCATTCTTGGCTTGGGGTACTGGTAAGACTGAT,0.0,0.0,0.03867686629243072,0.03453112426333771,0.030628471550794605,0.15669495782410822,0.3315105854177966,0.4079579946515323,3719.6446015602064
CCAGATGAAGCTGCTGATCATCCACAAAGAAGATATAGAATTATCTTGAGATCTACTATGGGTCCAATTGATGTTTATTTGGTTTCTGAATTTGAAGGTAAATTTGAAGATACTAATGGT,0.0,0.0,0.06141007943134519,0.21931033065936112,0.5835726782745358,0.1357069116347578,0.0,0.0,764.2102518110961
GAAATGGAATTGAAAGAAGATGATCAAGAGAAAGATAGAGATAATGAGAATCAAGGTGAAGAAGATCCAACTTGGTTTGATTCTGGTTCTCAATTTATCTTAAATTCTCAACAATTGGTT,0.0,0.0,0.17555696161009723,0.39184788206578924,0.0695123716017179,0.12931803864935532,0.06542388669810147,0.16834085937493884,1717.4248437793374
CAGAAGATTGTCTTGGATCCATCTAATATTGAATTGGATACTCCACCAGAATTTAGATTGTCATTCTCTCAATCTGATTTGGGTGAACAATTCTTGGCTTGGGGTACTGGTAAGACTGAT,0.0,0.0,0.0,0.15474455324858521,0.27451114019168016,0.12767238916974663,0.19377398568886497,0.24929793170112305,2548.9565255649222
GAGAAATTGAGAAATCAATTAAATTCTGATACTAATTCTTATTCTAATTCTATTTCTAATTCTAATTCTAATTCTACTGGTAATTTAAATTCTTCTTACTTTAATTCTTTGAATATTGAT,0.0,0.0,0.0,0.5767914397199474,0.2192585953241959,0.2039499649558568,0.0,0.0,726.9226875560994
GGTGGTGGTGGTGGTGGTAATGGTGCTGGTGGTATGGGTGGTGGTGGTGGTGGTCAAGGTGGTGGTGGTGGTAATGGTAATCAAGGTGGTGGTGGTCCAACTGCTTGGGATTCTGGTTCT,0.0,0.0,0.0,0.07635792658553155,0.2709123009453454,0.2519972099712545,0.31872268334699244,0.08200987915087624,1938.2990154727156
TTGGCTCATGGTTTGGAGAATGGTGCTAAAGAAATGTTGGATGCTAAAGAAGAACAAGAGAAAGATAGAGATAATGAGAATCAAGGTGAAGAAGATCCAACTTGGTTTGATTCTGGTTCT,0.0,0.0,0.0,0.0,0.0,0.07956754178961112,0.4025438286305097,0.5178886295798792,4444.141749050603
